Task ID,Job ID,Arrival min,Arrival max,Cost min,Cost max,Deadline,Priority
0,0,0,100,10387,17313,100000,100000
0,1,100000,100100,10387,17313,200000,200000
0,2,200000,200100,10387,17313,300000,300000
0,3,300000,300100,10387,17313,400000,400000
0,4,400000,400100,10387,17313,500000,500000
0,5,500000,500100,10387,17313,600000,600000
0,6,600000,600100,10387,17313,700000,700000
0,7,700000,700100,10387,17313,800000,800000
0,8,800000,800100,10387,17313,900000,900000
0,9,900000,900100,10387,17313,1000000,1000000
0,10,1000000,1000100,10387,17313,1100000,1100000
0,11,1100000,1100100,10387,17313,1200000,1200000
0,12,1200000,1200100,10387,17313,1300000,1300000
0,13,1300000,1300100,10387,17313,1400000,1400000
0,14,1400000,1400100,10387,17313,1500000,1500000
0,15,1500000,1500100,10387,17313,1600000,1600000
0,16,1600000,1600100,10387,17313,1700000,1700000
0,17,1700000,1700100,10387,17313,1800000,1800000
0,18,1800000,1800100,10387,17313,1900000,1900000
0,19,1900000,1900100,10387,17313,2000000,2000000
0,20,2000000,2000100,10387,17313,2100000,2100000
0,21,2100000,2100100,10387,17313,2200000,2200000
0,22,2200000,2200100,10387,17313,2300000,2300000
0,23,2300000,2300100,10387,17313,2400000,2400000
0,24,2400000,2400100,10387,17313,2500000,2500000
0,25,2500000,2500100,10387,17313,2600000,2600000
0,26,2600000,2600100,10387,17313,2700000,2700000
0,27,2700000,2700100,10387,17313,2800000,2800000
0,28,2800000,2800100,10387,17313,2900000,2900000
0,29,2900000,2900100,10387,17313,3000000,3000000
0,30,3000000,3000100,10387,17313,3100000,3100000
0,31,3100000,3100100,10387,17313,3200000,3200000
0,32,3200000,3200100,10387,17313,3300000,3300000
0,33,3300000,3300100,10387,17313,3400000,3400000
0,34,3400000,3400100,10387,17313,3500000,3500000
0,35,3500000,3500100,10387,17313,3600000,3600000
0,36,3600000,3600100,10387,17313,3700000,3700000
0,37,3700000,3700100,10387,17313,3800000,3800000
0,38,3800000,3800100,10387,17313,3900000,3900000
0,39,3900000,3900100,10387,17313,4000000,4000000
0,40,4000000,4000100,10387,17313,4100000,4100000
0,41,4100000,4100100,10387,17313,4200000,4200000
0,42,4200000,4200100,10387,17313,4300000,4300000
0,43,4300000,4300100,10387,17313,4400000,4400000
0,44,4400000,4400100,10387,17313,4500000,4500000
0,45,4500000,4500100,10387,17313,4600000,4600000
0,46,4600000,4600100,10387,17313,4700000,4700000
0,47,4700000,4700100,10387,17313,4800000,4800000
0,48,4800000,4800100,10387,17313,4900000,4900000
0,49,4900000,4900100,10387,17313,5000000,5000000
0,50,5000000,5000100,10387,17313,5100000,5100000
0,51,5100000,5100100,10387,17313,5200000,5200000
0,52,5200000,5200100,10387,17313,5300000,5300000
0,53,5300000,5300100,10387,17313,5400000,5400000
0,54,5400000,5400100,10387,17313,5500000,5500000
0,55,5500000,5500100,10387,17313,5600000,5600000
0,56,5600000,5600100,10387,17313,5700000,5700000
0,57,5700000,5700100,10387,17313,5800000,5800000
0,58,5800000,5800100,10387,17313,5900000,5900000
0,59,5900000,5900100,10387,17313,6000000,6000000
0,60,6000000,6000100,10387,17313,6100000,6100000
0,61,6100000,6100100,10387,17313,6200000,6200000
0,62,6200000,6200100,10387,17313,6300000,6300000
0,63,6300000,6300100,10387,17313,6400000,6400000
0,64,6400000,6400100,10387,17313,6500000,6500000
0,65,6500000,6500100,10387,17313,6600000,6600000
0,66,6600000,6600100,10387,17313,6700000,6700000
0,67,6700000,6700100,10387,17313,6800000,6800000
0,68,6800000,6800100,10387,17313,6900000,6900000
0,69,6900000,6900100,10387,17313,7000000,7000000
0,70,7000000,7000100,10387,17313,7100000,7100000
0,71,7100000,7100100,10387,17313,7200000,7200000
0,72,7200000,7200100,10387,17313,7300000,7300000
0,73,7300000,7300100,10387,17313,7400000,7400000
0,74,7400000,7400100,10387,17313,7500000,7500000
0,75,7500000,7500100,10387,17313,7600000,7600000
0,76,7600000,7600100,10387,17313,7700000,7700000
0,77,7700000,7700100,10387,17313,7800000,7800000
0,78,7800000,7800100,10387,17313,7900000,7900000
0,79,7900000,7900100,10387,17313,8000000,8000000
0,80,8000000,8000100,10387,17313,8100000,8100000
0,81,8100000,8100100,10387,17313,8200000,8200000
0,82,8200000,8200100,10387,17313,8300000,8300000
0,83,8300000,8300100,10387,17313,8400000,8400000
0,84,8400000,8400100,10387,17313,8500000,8500000
0,85,8500000,8500100,10387,17313,8600000,8600000
0,86,8600000,8600100,10387,17313,8700000,8700000
0,87,8700000,8700100,10387,17313,8800000,8800000
0,88,8800000,8800100,10387,17313,8900000,8900000
0,89,8900000,8900100,10387,17313,9000000,9000000
0,90,9000000,9000100,10387,17313,9100000,9100000
0,91,9100000,9100100,10387,17313,9200000,9200000
0,92,9200000,9200100,10387,17313,9300000,9300000
0,93,9300000,9300100,10387,17313,9400000,9400000
0,94,9400000,9400100,10387,17313,9500000,9500000
0,95,9500000,9500100,10387,17313,9600000,9600000
0,96,9600000,9600100,10387,17313,9700000,9700000
0,97,9700000,9700100,10387,17313,9800000,9800000
0,98,9800000,9800100,10387,17313,9900000,9900000
0,99,9900000,9900100,10387,17313,10000000,10000000
0,100,10000000,10000100,10387,17313,10100000,10100000
0,101,10100000,10100100,10387,17313,10200000,10200000
0,102,10200000,10200100,10387,17313,10300000,10300000
0,103,10300000,10300100,10387,17313,10400000,10400000
0,104,10400000,10400100,10387,17313,10500000,10500000
0,105,10500000,10500100,10387,17313,10600000,10600000
0,106,10600000,10600100,10387,17313,10700000,10700000
0,107,10700000,10700100,10387,17313,10800000,10800000
0,108,10800000,10800100,10387,17313,10900000,10900000
0,109,10900000,10900100,10387,17313,11000000,11000000
0,110,11000000,11000100,10387,17313,11100000,11100000
0,111,11100000,11100100,10387,17313,11200000,11200000
0,112,11200000,11200100,10387,17313,11300000,11300000
0,113,11300000,11300100,10387,17313,11400000,11400000
0,114,11400000,11400100,10387,17313,11500000,11500000
0,115,11500000,11500100,10387,17313,11600000,11600000
0,116,11600000,11600100,10387,17313,11700000,11700000
0,117,11700000,11700100,10387,17313,11800000,11800000
0,118,11800000,11800100,10387,17313,11900000,11900000
0,119,11900000,11900100,10387,17313,12000000,12000000
0,120,12000000,12000100,10387,17313,12100000,12100000
0,121,12100000,12100100,10387,17313,12200000,12200000
0,122,12200000,12200100,10387,17313,12300000,12300000
0,123,12300000,12300100,10387,17313,12400000,12400000
0,124,12400000,12400100,10387,17313,12500000,12500000
0,125,12500000,12500100,10387,17313,12600000,12600000
0,126,12600000,12600100,10387,17313,12700000,12700000
0,127,12700000,12700100,10387,17313,12800000,12800000
0,128,12800000,12800100,10387,17313,12900000,12900000
0,129,12900000,12900100,10387,17313,13000000,13000000
0,130,13000000,13000100,10387,17313,13100000,13100000
0,131,13100000,13100100,10387,17313,13200000,13200000
0,132,13200000,13200100,10387,17313,13300000,13300000
0,133,13300000,13300100,10387,17313,13400000,13400000
0,134,13400000,13400100,10387,17313,13500000,13500000
0,135,13500000,13500100,10387,17313,13600000,13600000
0,136,13600000,13600100,10387,17313,13700000,13700000
0,137,13700000,13700100,10387,17313,13800000,13800000
0,138,13800000,13800100,10387,17313,13900000,13900000
0,139,13900000,13900100,10387,17313,14000000,14000000
0,140,14000000,14000100,10387,17313,14100000,14100000
0,141,14100000,14100100,10387,17313,14200000,14200000
0,142,14200000,14200100,10387,17313,14300000,14300000
0,143,14300000,14300100,10387,17313,14400000,14400000
0,144,14400000,14400100,10387,17313,14500000,14500000
0,145,14500000,14500100,10387,17313,14600000,14600000
0,146,14600000,14600100,10387,17313,14700000,14700000
0,147,14700000,14700100,10387,17313,14800000,14800000
0,148,14800000,14800100,10387,17313,14900000,14900000
0,149,14900000,14900100,10387,17313,15000000,15000000
0,150,15000000,15000100,10387,17313,15100000,15100000
0,151,15100000,15100100,10387,17313,15200000,15200000
0,152,15200000,15200100,10387,17313,15300000,15300000
0,153,15300000,15300100,10387,17313,15400000,15400000
0,154,15400000,15400100,10387,17313,15500000,15500000
0,155,15500000,15500100,10387,17313,15600000,15600000
0,156,15600000,15600100,10387,17313,15700000,15700000
0,157,15700000,15700100,10387,17313,15800000,15800000
0,158,15800000,15800100,10387,17313,15900000,15900000
0,159,15900000,15900100,10387,17313,16000000,16000000
0,160,16000000,16000100,10387,17313,16100000,16100000
0,161,16100000,16100100,10387,17313,16200000,16200000
0,162,16200000,16200100,10387,17313,16300000,16300000
0,163,16300000,16300100,10387,17313,16400000,16400000
0,164,16400000,16400100,10387,17313,16500000,16500000
0,165,16500000,16500100,10387,17313,16600000,16600000
0,166,16600000,16600100,10387,17313,16700000,16700000
0,167,16700000,16700100,10387,17313,16800000,16800000
0,168,16800000,16800100,10387,17313,16900000,16900000
0,169,16900000,16900100,10387,17313,17000000,17000000
0,170,17000000,17000100,10387,17313,17100000,17100000
0,171,17100000,17100100,10387,17313,17200000,17200000
0,172,17200000,17200100,10387,17313,17300000,17300000
0,173,17300000,17300100,10387,17313,17400000,17400000
0,174,17400000,17400100,10387,17313,17500000,17500000
0,175,17500000,17500100,10387,17313,17600000,17600000
0,176,17600000,17600100,10387,17313,17700000,17700000
0,177,17700000,17700100,10387,17313,17800000,17800000
0,178,17800000,17800100,10387,17313,17900000,17900000
0,179,17900000,17900100,10387,17313,18000000,18000000
0,180,18000000,18000100,10387,17313,18100000,18100000
0,181,18100000,18100100,10387,17313,18200000,18200000
0,182,18200000,18200100,10387,17313,18300000,18300000
0,183,18300000,18300100,10387,17313,18400000,18400000
0,184,18400000,18400100,10387,17313,18500000,18500000
0,185,18500000,18500100,10387,17313,18600000,18600000
0,186,18600000,18600100,10387,17313,18700000,18700000
0,187,18700000,18700100,10387,17313,18800000,18800000
0,188,18800000,18800100,10387,17313,18900000,18900000
0,189,18900000,18900100,10387,17313,19000000,19000000
0,190,19000000,19000100,10387,17313,19100000,19100000
0,191,19100000,19100100,10387,17313,19200000,19200000
0,192,19200000,19200100,10387,17313,19300000,19300000
0,193,19300000,19300100,10387,17313,19400000,19400000
0,194,19400000,19400100,10387,17313,19500000,19500000
0,195,19500000,19500100,10387,17313,19600000,19600000
0,196,19600000,19600100,10387,17313,19700000,19700000
0,197,19700000,19700100,10387,17313,19800000,19800000
0,198,19800000,19800100,10387,17313,19900000,19900000
0,199,19900000,19900100,10387,17313,20000000,20000000
0,200,20000000,20000100,10387,17313,20100000,20100000
0,201,20100000,20100100,10387,17313,20200000,20200000
0,202,20200000,20200100,10387,17313,20300000,20300000
0,203,20300000,20300100,10387,17313,20400000,20400000
0,204,20400000,20400100,10387,17313,20500000,20500000
0,205,20500000,20500100,10387,17313,20600000,20600000
0,206,20600000,20600100,10387,17313,20700000,20700000
0,207,20700000,20700100,10387,17313,20800000,20800000
0,208,20800000,20800100,10387,17313,20900000,20900000
0,209,20900000,20900100,10387,17313,21000000,21000000
0,210,21000000,21000100,10387,17313,21100000,21100000
0,211,21100000,21100100,10387,17313,21200000,21200000
0,212,21200000,21200100,10387,17313,21300000,21300000
0,213,21300000,21300100,10387,17313,21400000,21400000
0,214,21400000,21400100,10387,17313,21500000,21500000
0,215,21500000,21500100,10387,17313,21600000,21600000
0,216,21600000,21600100,10387,17313,21700000,21700000
0,217,21700000,21700100,10387,17313,21800000,21800000
0,218,21800000,21800100,10387,17313,21900000,21900000
0,219,21900000,21900100,10387,17313,22000000,22000000
0,220,22000000,22000100,10387,17313,22100000,22100000
0,221,22100000,22100100,10387,17313,22200000,22200000
0,222,22200000,22200100,10387,17313,22300000,22300000
0,223,22300000,22300100,10387,17313,22400000,22400000
0,224,22400000,22400100,10387,17313,22500000,22500000
0,225,22500000,22500100,10387,17313,22600000,22600000
0,226,22600000,22600100,10387,17313,22700000,22700000
0,227,22700000,22700100,10387,17313,22800000,22800000
0,228,22800000,22800100,10387,17313,22900000,22900000
0,229,22900000,22900100,10387,17313,23000000,23000000
0,230,23000000,23000100,10387,17313,23100000,23100000
0,231,23100000,23100100,10387,17313,23200000,23200000
0,232,23200000,23200100,10387,17313,23300000,23300000
0,233,23300000,23300100,10387,17313,23400000,23400000
0,234,23400000,23400100,10387,17313,23500000,23500000
0,235,23500000,23500100,10387,17313,23600000,23600000
0,236,23600000,23600100,10387,17313,23700000,23700000
0,237,23700000,23700100,10387,17313,23800000,23800000
0,238,23800000,23800100,10387,17313,23900000,23900000
0,239,23900000,23900100,10387,17313,24000000,24000000
0,240,24000000,24000100,10387,17313,24100000,24100000
0,241,24100000,24100100,10387,17313,24200000,24200000
0,242,24200000,24200100,10387,17313,24300000,24300000
0,243,24300000,24300100,10387,17313,24400000,24400000
0,244,24400000,24400100,10387,17313,24500000,24500000
0,245,24500000,24500100,10387,17313,24600000,24600000
0,246,24600000,24600100,10387,17313,24700000,24700000
0,247,24700000,24700100,10387,17313,24800000,24800000
0,248,24800000,24800100,10387,17313,24900000,24900000
0,249,24900000,24900100,10387,17313,25000000,25000000
0,250,25000000,25000100,10387,17313,25100000,25100000
0,251,25100000,25100100,10387,17313,25200000,25200000
0,252,25200000,25200100,10387,17313,25300000,25300000
0,253,25300000,25300100,10387,17313,25400000,25400000
0,254,25400000,25400100,10387,17313,25500000,25500000
0,255,25500000,25500100,10387,17313,25600000,25600000
0,256,25600000,25600100,10387,17313,25700000,25700000
0,257,25700000,25700100,10387,17313,25800000,25800000
0,258,25800000,25800100,10387,17313,25900000,25900000
0,259,25900000,25900100,10387,17313,26000000,26000000
0,260,26000000,26000100,10387,17313,26100000,26100000
0,261,26100000,26100100,10387,17313,26200000,26200000
0,262,26200000,26200100,10387,17313,26300000,26300000
0,263,26300000,26300100,10387,17313,26400000,26400000
0,264,26400000,26400100,10387,17313,26500000,26500000
0,265,26500000,26500100,10387,17313,26600000,26600000
0,266,26600000,26600100,10387,17313,26700000,26700000
0,267,26700000,26700100,10387,17313,26800000,26800000
0,268,26800000,26800100,10387,17313,26900000,26900000
0,269,26900000,26900100,10387,17313,27000000,27000000
0,270,27000000,27000100,10387,17313,27100000,27100000
0,271,27100000,27100100,10387,17313,27200000,27200000
0,272,27200000,27200100,10387,17313,27300000,27300000
0,273,27300000,27300100,10387,17313,27400000,27400000
0,274,27400000,27400100,10387,17313,27500000,27500000
0,275,27500000,27500100,10387,17313,27600000,27600000
0,276,27600000,27600100,10387,17313,27700000,27700000
0,277,27700000,27700100,10387,17313,27800000,27800000
0,278,27800000,27800100,10387,17313,27900000,27900000
0,279,27900000,27900100,10387,17313,28000000,28000000
0,280,28000000,28000100,10387,17313,28100000,28100000
0,281,28100000,28100100,10387,17313,28200000,28200000
0,282,28200000,28200100,10387,17313,28300000,28300000
0,283,28300000,28300100,10387,17313,28400000,28400000
0,284,28400000,28400100,10387,17313,28500000,28500000
0,285,28500000,28500100,10387,17313,28600000,28600000
0,286,28600000,28600100,10387,17313,28700000,28700000
0,287,28700000,28700100,10387,17313,28800000,28800000
0,288,28800000,28800100,10387,17313,28900000,28900000
0,289,28900000,28900100,10387,17313,29000000,29000000
0,290,29000000,29000100,10387,17313,29100000,29100000
0,291,29100000,29100100,10387,17313,29200000,29200000
0,292,29200000,29200100,10387,17313,29300000,29300000
0,293,29300000,29300100,10387,17313,29400000,29400000
0,294,29400000,29400100,10387,17313,29500000,29500000
0,295,29500000,29500100,10387,17313,29600000,29600000
0,296,29600000,29600100,10387,17313,29700000,29700000
0,297,29700000,29700100,10387,17313,29800000,29800000
0,298,29800000,29800100,10387,17313,29900000,29900000
0,299,29900000,29900100,10387,17313,30000000,30000000
0,300,30000000,30000100,10387,17313,30100000,30100000
0,301,30100000,30100100,10387,17313,30200000,30200000
0,302,30200000,30200100,10387,17313,30300000,30300000
0,303,30300000,30300100,10387,17313,30400000,30400000
0,304,30400000,30400100,10387,17313,30500000,30500000
0,305,30500000,30500100,10387,17313,30600000,30600000
0,306,30600000,30600100,10387,17313,30700000,30700000
0,307,30700000,30700100,10387,17313,30800000,30800000
0,308,30800000,30800100,10387,17313,30900000,30900000
0,309,30900000,30900100,10387,17313,31000000,31000000
0,310,31000000,31000100,10387,17313,31100000,31100000
0,311,31100000,31100100,10387,17313,31200000,31200000
0,312,31200000,31200100,10387,17313,31300000,31300000
0,313,31300000,31300100,10387,17313,31400000,31400000
0,314,31400000,31400100,10387,17313,31500000,31500000
0,315,31500000,31500100,10387,17313,31600000,31600000
0,316,31600000,31600100,10387,17313,31700000,31700000
0,317,31700000,31700100,10387,17313,31800000,31800000
0,318,31800000,31800100,10387,17313,31900000,31900000
0,319,31900000,31900100,10387,17313,32000000,32000000
0,320,32000000,32000100,10387,17313,32100000,32100000
0,321,32100000,32100100,10387,17313,32200000,32200000
0,322,32200000,32200100,10387,17313,32300000,32300000
0,323,32300000,32300100,10387,17313,32400000,32400000
0,324,32400000,32400100,10387,17313,32500000,32500000
0,325,32500000,32500100,10387,17313,32600000,32600000
0,326,32600000,32600100,10387,17313,32700000,32700000
0,327,32700000,32700100,10387,17313,32800000,32800000
0,328,32800000,32800100,10387,17313,32900000,32900000
0,329,32900000,32900100,10387,17313,33000000,33000000
0,330,33000000,33000100,10387,17313,33100000,33100000
0,331,33100000,33100100,10387,17313,33200000,33200000
0,332,33200000,33200100,10387,17313,33300000,33300000
0,333,33300000,33300100,10387,17313,33400000,33400000
0,334,33400000,33400100,10387,17313,33500000,33500000
0,335,33500000,33500100,10387,17313,33600000,33600000
0,336,33600000,33600100,10387,17313,33700000,33700000
0,337,33700000,33700100,10387,17313,33800000,33800000
0,338,33800000,33800100,10387,17313,33900000,33900000
0,339,33900000,33900100,10387,17313,34000000,34000000
0,340,34000000,34000100,10387,17313,34100000,34100000
0,341,34100000,34100100,10387,17313,34200000,34200000
0,342,34200000,34200100,10387,17313,34300000,34300000
0,343,34300000,34300100,10387,17313,34400000,34400000
0,344,34400000,34400100,10387,17313,34500000,34500000
0,345,34500000,34500100,10387,17313,34600000,34600000
0,346,34600000,34600100,10387,17313,34700000,34700000
0,347,34700000,34700100,10387,17313,34800000,34800000
0,348,34800000,34800100,10387,17313,34900000,34900000
0,349,34900000,34900100,10387,17313,35000000,35000000
0,350,35000000,35000100,10387,17313,35100000,35100000
0,351,35100000,35100100,10387,17313,35200000,35200000
0,352,35200000,35200100,10387,17313,35300000,35300000
0,353,35300000,35300100,10387,17313,35400000,35400000
0,354,35400000,35400100,10387,17313,35500000,35500000
0,355,35500000,35500100,10387,17313,35600000,35600000
0,356,35600000,35600100,10387,17313,35700000,35700000
0,357,35700000,35700100,10387,17313,35800000,35800000
0,358,35800000,35800100,10387,17313,35900000,35900000
0,359,35900000,35900100,10387,17313,36000000,36000000
0,360,36000000,36000100,10387,17313,36100000,36100000
0,361,36100000,36100100,10387,17313,36200000,36200000
0,362,36200000,36200100,10387,17313,36300000,36300000
0,363,36300000,36300100,10387,17313,36400000,36400000
0,364,36400000,36400100,10387,17313,36500000,36500000
0,365,36500000,36500100,10387,17313,36600000,36600000
0,366,36600000,36600100,10387,17313,36700000,36700000
0,367,36700000,36700100,10387,17313,36800000,36800000
0,368,36800000,36800100,10387,17313,36900000,36900000
0,369,36900000,36900100,10387,17313,37000000,37000000
0,370,37000000,37000100,10387,17313,37100000,37100000
0,371,37100000,37100100,10387,17313,37200000,37200000
0,372,37200000,37200100,10387,17313,37300000,37300000
0,373,37300000,37300100,10387,17313,37400000,37400000
0,374,37400000,37400100,10387,17313,37500000,37500000
0,375,37500000,37500100,10387,17313,37600000,37600000
0,376,37600000,37600100,10387,17313,37700000,37700000
0,377,37700000,37700100,10387,17313,37800000,37800000
0,378,37800000,37800100,10387,17313,37900000,37900000
0,379,37900000,37900100,10387,17313,38000000,38000000
0,380,38000000,38000100,10387,17313,38100000,38100000
0,381,38100000,38100100,10387,17313,38200000,38200000
0,382,38200000,38200100,10387,17313,38300000,38300000
0,383,38300000,38300100,10387,17313,38400000,38400000
0,384,38400000,38400100,10387,17313,38500000,38500000
0,385,38500000,38500100,10387,17313,38600000,38600000
0,386,38600000,38600100,10387,17313,38700000,38700000
0,387,38700000,38700100,10387,17313,38800000,38800000
0,388,38800000,38800100,10387,17313,38900000,38900000
0,389,38900000,38900100,10387,17313,39000000,39000000
0,390,39000000,39000100,10387,17313,39100000,39100000
0,391,39100000,39100100,10387,17313,39200000,39200000
0,392,39200000,39200100,10387,17313,39300000,39300000
0,393,39300000,39300100,10387,17313,39400000,39400000
0,394,39400000,39400100,10387,17313,39500000,39500000
0,395,39500000,39500100,10387,17313,39600000,39600000
0,396,39600000,39600100,10387,17313,39700000,39700000
0,397,39700000,39700100,10387,17313,39800000,39800000
0,398,39800000,39800100,10387,17313,39900000,39900000
0,399,39900000,39900100,10387,17313,40000000,40000000
0,400,40000000,40000100,10387,17313,40100000,40100000
0,401,40100000,40100100,10387,17313,40200000,40200000
0,402,40200000,40200100,10387,17313,40300000,40300000
0,403,40300000,40300100,10387,17313,40400000,40400000
0,404,40400000,40400100,10387,17313,40500000,40500000
0,405,40500000,40500100,10387,17313,40600000,40600000
0,406,40600000,40600100,10387,17313,40700000,40700000
0,407,40700000,40700100,10387,17313,40800000,40800000
0,408,40800000,40800100,10387,17313,40900000,40900000
0,409,40900000,40900100,10387,17313,41000000,41000000
0,410,41000000,41000100,10387,17313,41100000,41100000
0,411,41100000,41100100,10387,17313,41200000,41200000
0,412,41200000,41200100,10387,17313,41300000,41300000
0,413,41300000,41300100,10387,17313,41400000,41400000
0,414,41400000,41400100,10387,17313,41500000,41500000
0,415,41500000,41500100,10387,17313,41600000,41600000
0,416,41600000,41600100,10387,17313,41700000,41700000
0,417,41700000,41700100,10387,17313,41800000,41800000
0,418,41800000,41800100,10387,17313,41900000,41900000
0,419,41900000,41900100,10387,17313,42000000,42000000
0,420,42000000,42000100,10387,17313,42100000,42100000
0,421,42100000,42100100,10387,17313,42200000,42200000
0,422,42200000,42200100,10387,17313,42300000,42300000
0,423,42300000,42300100,10387,17313,42400000,42400000
0,424,42400000,42400100,10387,17313,42500000,42500000
0,425,42500000,42500100,10387,17313,42600000,42600000
0,426,42600000,42600100,10387,17313,42700000,42700000
0,427,42700000,42700100,10387,17313,42800000,42800000
0,428,42800000,42800100,10387,17313,42900000,42900000
0,429,42900000,42900100,10387,17313,43000000,43000000
0,430,43000000,43000100,10387,17313,43100000,43100000
0,431,43100000,43100100,10387,17313,43200000,43200000
0,432,43200000,43200100,10387,17313,43300000,43300000
0,433,43300000,43300100,10387,17313,43400000,43400000
0,434,43400000,43400100,10387,17313,43500000,43500000
0,435,43500000,43500100,10387,17313,43600000,43600000
0,436,43600000,43600100,10387,17313,43700000,43700000
0,437,43700000,43700100,10387,17313,43800000,43800000
0,438,43800000,43800100,10387,17313,43900000,43900000
0,439,43900000,43900100,10387,17313,44000000,44000000
0,440,44000000,44000100,10387,17313,44100000,44100000
0,441,44100000,44100100,10387,17313,44200000,44200000
0,442,44200000,44200100,10387,17313,44300000,44300000
0,443,44300000,44300100,10387,17313,44400000,44400000
0,444,44400000,44400100,10387,17313,44500000,44500000
0,445,44500000,44500100,10387,17313,44600000,44600000
0,446,44600000,44600100,10387,17313,44700000,44700000
0,447,44700000,44700100,10387,17313,44800000,44800000
0,448,44800000,44800100,10387,17313,44900000,44900000
0,449,44900000,44900100,10387,17313,45000000,45000000
0,450,45000000,45000100,10387,17313,45100000,45100000
0,451,45100000,45100100,10387,17313,45200000,45200000
0,452,45200000,45200100,10387,17313,45300000,45300000
0,453,45300000,45300100,10387,17313,45400000,45400000
0,454,45400000,45400100,10387,17313,45500000,45500000
0,455,45500000,45500100,10387,17313,45600000,45600000
0,456,45600000,45600100,10387,17313,45700000,45700000
0,457,45700000,45700100,10387,17313,45800000,45800000
0,458,45800000,45800100,10387,17313,45900000,45900000
0,459,45900000,45900100,10387,17313,46000000,46000000
0,460,46000000,46000100,10387,17313,46100000,46100000
0,461,46100000,46100100,10387,17313,46200000,46200000
0,462,46200000,46200100,10387,17313,46300000,46300000
0,463,46300000,46300100,10387,17313,46400000,46400000
0,464,46400000,46400100,10387,17313,46500000,46500000
0,465,46500000,46500100,10387,17313,46600000,46600000
0,466,46600000,46600100,10387,17313,46700000,46700000
0,467,46700000,46700100,10387,17313,46800000,46800000
0,468,46800000,46800100,10387,17313,46900000,46900000
0,469,46900000,46900100,10387,17313,47000000,47000000
0,470,47000000,47000100,10387,17313,47100000,47100000
0,471,47100000,47100100,10387,17313,47200000,47200000
0,472,47200000,47200100,10387,17313,47300000,47300000
0,473,47300000,47300100,10387,17313,47400000,47400000
0,474,47400000,47400100,10387,17313,47500000,47500000
0,475,47500000,47500100,10387,17313,47600000,47600000
0,476,47600000,47600100,10387,17313,47700000,47700000
0,477,47700000,47700100,10387,17313,47800000,47800000
0,478,47800000,47800100,10387,17313,47900000,47900000
0,479,47900000,47900100,10387,17313,48000000,48000000
0,480,48000000,48000100,10387,17313,48100000,48100000
0,481,48100000,48100100,10387,17313,48200000,48200000
0,482,48200000,48200100,10387,17313,48300000,48300000
0,483,48300000,48300100,10387,17313,48400000,48400000
0,484,48400000,48400100,10387,17313,48500000,48500000
0,485,48500000,48500100,10387,17313,48600000,48600000
0,486,48600000,48600100,10387,17313,48700000,48700000
0,487,48700000,48700100,10387,17313,48800000,48800000
0,488,48800000,48800100,10387,17313,48900000,48900000
0,489,48900000,48900100,10387,17313,49000000,49000000
0,490,49000000,49000100,10387,17313,49100000,49100000
0,491,49100000,49100100,10387,17313,49200000,49200000
0,492,49200000,49200100,10387,17313,49300000,49300000
0,493,49300000,49300100,10387,17313,49400000,49400000
0,494,49400000,49400100,10387,17313,49500000,49500000
0,495,49500000,49500100,10387,17313,49600000,49600000
0,496,49600000,49600100,10387,17313,49700000,49700000
0,497,49700000,49700100,10387,17313,49800000,49800000
0,498,49800000,49800100,10387,17313,49900000,49900000
0,499,49900000,49900100,10387,17313,50000000,50000000
0,500,50000000,50000100,10387,17313,50100000,50100000
0,501,50100000,50100100,10387,17313,50200000,50200000
0,502,50200000,50200100,10387,17313,50300000,50300000
0,503,50300000,50300100,10387,17313,50400000,50400000
0,504,50400000,50400100,10387,17313,50500000,50500000
0,505,50500000,50500100,10387,17313,50600000,50600000
0,506,50600000,50600100,10387,17313,50700000,50700000
0,507,50700000,50700100,10387,17313,50800000,50800000
0,508,50800000,50800100,10387,17313,50900000,50900000
0,509,50900000,50900100,10387,17313,51000000,51000000
0,510,51000000,51000100,10387,17313,51100000,51100000
0,511,51100000,51100100,10387,17313,51200000,51200000
0,512,51200000,51200100,10387,17313,51300000,51300000
0,513,51300000,51300100,10387,17313,51400000,51400000
0,514,51400000,51400100,10387,17313,51500000,51500000
0,515,51500000,51500100,10387,17313,51600000,51600000
0,516,51600000,51600100,10387,17313,51700000,51700000
0,517,51700000,51700100,10387,17313,51800000,51800000
0,518,51800000,51800100,10387,17313,51900000,51900000
0,519,51900000,51900100,10387,17313,52000000,52000000
0,520,52000000,52000100,10387,17313,52100000,52100000
0,521,52100000,52100100,10387,17313,52200000,52200000
0,522,52200000,52200100,10387,17313,52300000,52300000
0,523,52300000,52300100,10387,17313,52400000,52400000
0,524,52400000,52400100,10387,17313,52500000,52500000
0,525,52500000,52500100,10387,17313,52600000,52600000
0,526,52600000,52600100,10387,17313,52700000,52700000
0,527,52700000,52700100,10387,17313,52800000,52800000
0,528,52800000,52800100,10387,17313,52900000,52900000
0,529,52900000,52900100,10387,17313,53000000,53000000
0,530,53000000,53000100,10387,17313,53100000,53100000
0,531,53100000,53100100,10387,17313,53200000,53200000
0,532,53200000,53200100,10387,17313,53300000,53300000
0,533,53300000,53300100,10387,17313,53400000,53400000
0,534,53400000,53400100,10387,17313,53500000,53500000
0,535,53500000,53500100,10387,17313,53600000,53600000
0,536,53600000,53600100,10387,17313,53700000,53700000
0,537,53700000,53700100,10387,17313,53800000,53800000
0,538,53800000,53800100,10387,17313,53900000,53900000
0,539,53900000,53900100,10387,17313,54000000,54000000
0,540,54000000,54000100,10387,17313,54100000,54100000
0,541,54100000,54100100,10387,17313,54200000,54200000
0,542,54200000,54200100,10387,17313,54300000,54300000
0,543,54300000,54300100,10387,17313,54400000,54400000
0,544,54400000,54400100,10387,17313,54500000,54500000
0,545,54500000,54500100,10387,17313,54600000,54600000
0,546,54600000,54600100,10387,17313,54700000,54700000
0,547,54700000,54700100,10387,17313,54800000,54800000
0,548,54800000,54800100,10387,17313,54900000,54900000
0,549,54900000,54900100,10387,17313,55000000,55000000
0,550,55000000,55000100,10387,17313,55100000,55100000
0,551,55100000,55100100,10387,17313,55200000,55200000
0,552,55200000,55200100,10387,17313,55300000,55300000
0,553,55300000,55300100,10387,17313,55400000,55400000
0,554,55400000,55400100,10387,17313,55500000,55500000
0,555,55500000,55500100,10387,17313,55600000,55600000
0,556,55600000,55600100,10387,17313,55700000,55700000
0,557,55700000,55700100,10387,17313,55800000,55800000
0,558,55800000,55800100,10387,17313,55900000,55900000
0,559,55900000,55900100,10387,17313,56000000,56000000
0,560,56000000,56000100,10387,17313,56100000,56100000
0,561,56100000,56100100,10387,17313,56200000,56200000
0,562,56200000,56200100,10387,17313,56300000,56300000
0,563,56300000,56300100,10387,17313,56400000,56400000
0,564,56400000,56400100,10387,17313,56500000,56500000
0,565,56500000,56500100,10387,17313,56600000,56600000
0,566,56600000,56600100,10387,17313,56700000,56700000
0,567,56700000,56700100,10387,17313,56800000,56800000
0,568,56800000,56800100,10387,17313,56900000,56900000
0,569,56900000,56900100,10387,17313,57000000,57000000
0,570,57000000,57000100,10387,17313,57100000,57100000
0,571,57100000,57100100,10387,17313,57200000,57200000
0,572,57200000,57200100,10387,17313,57300000,57300000
0,573,57300000,57300100,10387,17313,57400000,57400000
0,574,57400000,57400100,10387,17313,57500000,57500000
0,575,57500000,57500100,10387,17313,57600000,57600000
0,576,57600000,57600100,10387,17313,57700000,57700000
0,577,57700000,57700100,10387,17313,57800000,57800000
0,578,57800000,57800100,10387,17313,57900000,57900000
0,579,57900000,57900100,10387,17313,58000000,58000000
0,580,58000000,58000100,10387,17313,58100000,58100000
0,581,58100000,58100100,10387,17313,58200000,58200000
0,582,58200000,58200100,10387,17313,58300000,58300000
0,583,58300000,58300100,10387,17313,58400000,58400000
0,584,58400000,58400100,10387,17313,58500000,58500000
0,585,58500000,58500100,10387,17313,58600000,58600000
0,586,58600000,58600100,10387,17313,58700000,58700000
0,587,58700000,58700100,10387,17313,58800000,58800000
0,588,58800000,58800100,10387,17313,58900000,58900000
0,589,58900000,58900100,10387,17313,59000000,59000000
0,590,59000000,59000100,10387,17313,59100000,59100000
0,591,59100000,59100100,10387,17313,59200000,59200000
0,592,59200000,59200100,10387,17313,59300000,59300000
0,593,59300000,59300100,10387,17313,59400000,59400000
0,594,59400000,59400100,10387,17313,59500000,59500000
0,595,59500000,59500100,10387,17313,59600000,59600000
0,596,59600000,59600100,10387,17313,59700000,59700000
0,597,59700000,59700100,10387,17313,59800000,59800000
0,598,59800000,59800100,10387,17313,59900000,59900000
0,599,59900000,59900100,10387,17313,60000000,60000000
0,600,60000000,60000100,10387,17313,60100000,60100000
0,601,60100000,60100100,10387,17313,60200000,60200000
0,602,60200000,60200100,10387,17313,60300000,60300000
0,603,60300000,60300100,10387,17313,60400000,60400000
0,604,60400000,60400100,10387,17313,60500000,60500000
0,605,60500000,60500100,10387,17313,60600000,60600000
0,606,60600000,60600100,10387,17313,60700000,60700000
0,607,60700000,60700100,10387,17313,60800000,60800000
0,608,60800000,60800100,10387,17313,60900000,60900000
0,609,60900000,60900100,10387,17313,61000000,61000000
0,610,61000000,61000100,10387,17313,61100000,61100000
0,611,61100000,61100100,10387,17313,61200000,61200000
0,612,61200000,61200100,10387,17313,61300000,61300000
0,613,61300000,61300100,10387,17313,61400000,61400000
0,614,61400000,61400100,10387,17313,61500000,61500000
0,615,61500000,61500100,10387,17313,61600000,61600000
0,616,61600000,61600100,10387,17313,61700000,61700000
0,617,61700000,61700100,10387,17313,61800000,61800000
0,618,61800000,61800100,10387,17313,61900000,61900000
0,619,61900000,61900100,10387,17313,62000000,62000000
0,620,62000000,62000100,10387,17313,62100000,62100000
0,621,62100000,62100100,10387,17313,62200000,62200000
0,622,62200000,62200100,10387,17313,62300000,62300000
0,623,62300000,62300100,10387,17313,62400000,62400000
0,624,62400000,62400100,10387,17313,62500000,62500000
0,625,62500000,62500100,10387,17313,62600000,62600000
0,626,62600000,62600100,10387,17313,62700000,62700000
0,627,62700000,62700100,10387,17313,62800000,62800000
0,628,62800000,62800100,10387,17313,62900000,62900000
0,629,62900000,62900100,10387,17313,63000000,63000000
0,630,63000000,63000100,10387,17313,63100000,63100000
0,631,63100000,63100100,10387,17313,63200000,63200000
0,632,63200000,63200100,10387,17313,63300000,63300000
0,633,63300000,63300100,10387,17313,63400000,63400000
0,634,63400000,63400100,10387,17313,63500000,63500000
0,635,63500000,63500100,10387,17313,63600000,63600000
0,636,63600000,63600100,10387,17313,63700000,63700000
0,637,63700000,63700100,10387,17313,63800000,63800000
0,638,63800000,63800100,10387,17313,63900000,63900000
0,639,63900000,63900100,10387,17313,64000000,64000000
0,640,64000000,64000100,10387,17313,64100000,64100000
0,641,64100000,64100100,10387,17313,64200000,64200000
0,642,64200000,64200100,10387,17313,64300000,64300000
0,643,64300000,64300100,10387,17313,64400000,64400000
0,644,64400000,64400100,10387,17313,64500000,64500000
0,645,64500000,64500100,10387,17313,64600000,64600000
0,646,64600000,64600100,10387,17313,64700000,64700000
0,647,64700000,64700100,10387,17313,64800000,64800000
0,648,64800000,64800100,10387,17313,64900000,64900000
0,649,64900000,64900100,10387,17313,65000000,65000000
0,650,65000000,65000100,10387,17313,65100000,65100000
0,651,65100000,65100100,10387,17313,65200000,65200000
0,652,65200000,65200100,10387,17313,65300000,65300000
0,653,65300000,65300100,10387,17313,65400000,65400000
0,654,65400000,65400100,10387,17313,65500000,65500000
0,655,65500000,65500100,10387,17313,65600000,65600000
0,656,65600000,65600100,10387,17313,65700000,65700000
0,657,65700000,65700100,10387,17313,65800000,65800000
0,658,65800000,65800100,10387,17313,65900000,65900000
0,659,65900000,65900100,10387,17313,66000000,66000000
0,660,66000000,66000100,10387,17313,66100000,66100000
0,661,66100000,66100100,10387,17313,66200000,66200000
0,662,66200000,66200100,10387,17313,66300000,66300000
0,663,66300000,66300100,10387,17313,66400000,66400000
0,664,66400000,66400100,10387,17313,66500000,66500000
0,665,66500000,66500100,10387,17313,66600000,66600000
0,666,66600000,66600100,10387,17313,66700000,66700000
0,667,66700000,66700100,10387,17313,66800000,66800000
0,668,66800000,66800100,10387,17313,66900000,66900000
0,669,66900000,66900100,10387,17313,67000000,67000000
0,670,67000000,67000100,10387,17313,67100000,67100000
0,671,67100000,67100100,10387,17313,67200000,67200000
0,672,67200000,67200100,10387,17313,67300000,67300000
0,673,67300000,67300100,10387,17313,67400000,67400000
0,674,67400000,67400100,10387,17313,67500000,67500000
0,675,67500000,67500100,10387,17313,67600000,67600000
0,676,67600000,67600100,10387,17313,67700000,67700000
0,677,67700000,67700100,10387,17313,67800000,67800000
0,678,67800000,67800100,10387,17313,67900000,67900000
0,679,67900000,67900100,10387,17313,68000000,68000000
0,680,68000000,68000100,10387,17313,68100000,68100000
0,681,68100000,68100100,10387,17313,68200000,68200000
0,682,68200000,68200100,10387,17313,68300000,68300000
0,683,68300000,68300100,10387,17313,68400000,68400000
0,684,68400000,68400100,10387,17313,68500000,68500000
0,685,68500000,68500100,10387,17313,68600000,68600000
0,686,68600000,68600100,10387,17313,68700000,68700000
0,687,68700000,68700100,10387,17313,68800000,68800000
0,688,68800000,68800100,10387,17313,68900000,68900000
0,689,68900000,68900100,10387,17313,69000000,69000000
0,690,69000000,69000100,10387,17313,69100000,69100000
0,691,69100000,69100100,10387,17313,69200000,69200000
0,692,69200000,69200100,10387,17313,69300000,69300000
0,693,69300000,69300100,10387,17313,69400000,69400000
0,694,69400000,69400100,10387,17313,69500000,69500000
0,695,69500000,69500100,10387,17313,69600000,69600000
0,696,69600000,69600100,10387,17313,69700000,69700000
0,697,69700000,69700100,10387,17313,69800000,69800000
0,698,69800000,69800100,10387,17313,69900000,69900000
0,699,69900000,69900100,10387,17313,70000000,70000000
0,700,70000000,70000100,10387,17313,70100000,70100000
0,701,70100000,70100100,10387,17313,70200000,70200000
0,702,70200000,70200100,10387,17313,70300000,70300000
0,703,70300000,70300100,10387,17313,70400000,70400000
0,704,70400000,70400100,10387,17313,70500000,70500000
0,705,70500000,70500100,10387,17313,70600000,70600000
0,706,70600000,70600100,10387,17313,70700000,70700000
0,707,70700000,70700100,10387,17313,70800000,70800000
0,708,70800000,70800100,10387,17313,70900000,70900000
0,709,70900000,70900100,10387,17313,71000000,71000000
0,710,71000000,71000100,10387,17313,71100000,71100000
0,711,71100000,71100100,10387,17313,71200000,71200000
0,712,71200000,71200100,10387,17313,71300000,71300000
0,713,71300000,71300100,10387,17313,71400000,71400000
0,714,71400000,71400100,10387,17313,71500000,71500000
0,715,71500000,71500100,10387,17313,71600000,71600000
0,716,71600000,71600100,10387,17313,71700000,71700000
0,717,71700000,71700100,10387,17313,71800000,71800000
0,718,71800000,71800100,10387,17313,71900000,71900000
0,719,71900000,71900100,10387,17313,72000000,72000000
0,720,72000000,72000100,10387,17313,72100000,72100000
0,721,72100000,72100100,10387,17313,72200000,72200000
0,722,72200000,72200100,10387,17313,72300000,72300000
0,723,72300000,72300100,10387,17313,72400000,72400000
0,724,72400000,72400100,10387,17313,72500000,72500000
0,725,72500000,72500100,10387,17313,72600000,72600000
0,726,72600000,72600100,10387,17313,72700000,72700000
0,727,72700000,72700100,10387,17313,72800000,72800000
0,728,72800000,72800100,10387,17313,72900000,72900000
0,729,72900000,72900100,10387,17313,73000000,73000000
0,730,73000000,73000100,10387,17313,73100000,73100000
0,731,73100000,73100100,10387,17313,73200000,73200000
0,732,73200000,73200100,10387,17313,73300000,73300000
0,733,73300000,73300100,10387,17313,73400000,73400000
0,734,73400000,73400100,10387,17313,73500000,73500000
0,735,73500000,73500100,10387,17313,73600000,73600000
0,736,73600000,73600100,10387,17313,73700000,73700000
0,737,73700000,73700100,10387,17313,73800000,73800000
0,738,73800000,73800100,10387,17313,73900000,73900000
0,739,73900000,73900100,10387,17313,74000000,74000000
0,740,74000000,74000100,10387,17313,74100000,74100000
0,741,74100000,74100100,10387,17313,74200000,74200000
0,742,74200000,74200100,10387,17313,74300000,74300000
0,743,74300000,74300100,10387,17313,74400000,74400000
0,744,74400000,74400100,10387,17313,74500000,74500000
0,745,74500000,74500100,10387,17313,74600000,74600000
0,746,74600000,74600100,10387,17313,74700000,74700000
0,747,74700000,74700100,10387,17313,74800000,74800000
0,748,74800000,74800100,10387,17313,74900000,74900000
0,749,74900000,74900100,10387,17313,75000000,75000000
0,750,75000000,75000100,10387,17313,75100000,75100000
0,751,75100000,75100100,10387,17313,75200000,75200000
0,752,75200000,75200100,10387,17313,75300000,75300000
0,753,75300000,75300100,10387,17313,75400000,75400000
0,754,75400000,75400100,10387,17313,75500000,75500000
0,755,75500000,75500100,10387,17313,75600000,75600000
0,756,75600000,75600100,10387,17313,75700000,75700000
0,757,75700000,75700100,10387,17313,75800000,75800000
0,758,75800000,75800100,10387,17313,75900000,75900000
0,759,75900000,75900100,10387,17313,76000000,76000000
0,760,76000000,76000100,10387,17313,76100000,76100000
0,761,76100000,76100100,10387,17313,76200000,76200000
0,762,76200000,76200100,10387,17313,76300000,76300000
0,763,76300000,76300100,10387,17313,76400000,76400000
0,764,76400000,76400100,10387,17313,76500000,76500000
0,765,76500000,76500100,10387,17313,76600000,76600000
0,766,76600000,76600100,10387,17313,76700000,76700000
0,767,76700000,76700100,10387,17313,76800000,76800000
0,768,76800000,76800100,10387,17313,76900000,76900000
0,769,76900000,76900100,10387,17313,77000000,77000000
0,770,77000000,77000100,10387,17313,77100000,77100000
0,771,77100000,77100100,10387,17313,77200000,77200000
0,772,77200000,77200100,10387,17313,77300000,77300000
0,773,77300000,77300100,10387,17313,77400000,77400000
0,774,77400000,77400100,10387,17313,77500000,77500000
0,775,77500000,77500100,10387,17313,77600000,77600000
0,776,77600000,77600100,10387,17313,77700000,77700000
0,777,77700000,77700100,10387,17313,77800000,77800000
0,778,77800000,77800100,10387,17313,77900000,77900000
0,779,77900000,77900100,10387,17313,78000000,78000000
0,780,78000000,78000100,10387,17313,78100000,78100000
0,781,78100000,78100100,10387,17313,78200000,78200000
0,782,78200000,78200100,10387,17313,78300000,78300000
0,783,78300000,78300100,10387,17313,78400000,78400000
0,784,78400000,78400100,10387,17313,78500000,78500000
0,785,78500000,78500100,10387,17313,78600000,78600000
0,786,78600000,78600100,10387,17313,78700000,78700000
0,787,78700000,78700100,10387,17313,78800000,78800000
0,788,78800000,78800100,10387,17313,78900000,78900000
0,789,78900000,78900100,10387,17313,79000000,79000000
0,790,79000000,79000100,10387,17313,79100000,79100000
0,791,79100000,79100100,10387,17313,79200000,79200000
0,792,79200000,79200100,10387,17313,79300000,79300000
0,793,79300000,79300100,10387,17313,79400000,79400000
0,794,79400000,79400100,10387,17313,79500000,79500000
0,795,79500000,79500100,10387,17313,79600000,79600000
0,796,79600000,79600100,10387,17313,79700000,79700000
0,797,79700000,79700100,10387,17313,79800000,79800000
0,798,79800000,79800100,10387,17313,79900000,79900000
0,799,79900000,79900100,10387,17313,80000000,80000000
0,800,80000000,80000100,10387,17313,80100000,80100000
0,801,80100000,80100100,10387,17313,80200000,80200000
0,802,80200000,80200100,10387,17313,80300000,80300000
0,803,80300000,80300100,10387,17313,80400000,80400000
0,804,80400000,80400100,10387,17313,80500000,80500000
0,805,80500000,80500100,10387,17313,80600000,80600000
0,806,80600000,80600100,10387,17313,80700000,80700000
0,807,80700000,80700100,10387,17313,80800000,80800000
0,808,80800000,80800100,10387,17313,80900000,80900000
0,809,80900000,80900100,10387,17313,81000000,81000000
0,810,81000000,81000100,10387,17313,81100000,81100000
0,811,81100000,81100100,10387,17313,81200000,81200000
0,812,81200000,81200100,10387,17313,81300000,81300000
0,813,81300000,81300100,10387,17313,81400000,81400000
0,814,81400000,81400100,10387,17313,81500000,81500000
0,815,81500000,81500100,10387,17313,81600000,81600000
0,816,81600000,81600100,10387,17313,81700000,81700000
0,817,81700000,81700100,10387,17313,81800000,81800000
0,818,81800000,81800100,10387,17313,81900000,81900000
0,819,81900000,81900100,10387,17313,82000000,82000000
0,820,82000000,82000100,10387,17313,82100000,82100000
0,821,82100000,82100100,10387,17313,82200000,82200000
0,822,82200000,82200100,10387,17313,82300000,82300000
0,823,82300000,82300100,10387,17313,82400000,82400000
0,824,82400000,82400100,10387,17313,82500000,82500000
0,825,82500000,82500100,10387,17313,82600000,82600000
0,826,82600000,82600100,10387,17313,82700000,82700000
0,827,82700000,82700100,10387,17313,82800000,82800000
0,828,82800000,82800100,10387,17313,82900000,82900000
0,829,82900000,82900100,10387,17313,83000000,83000000
0,830,83000000,83000100,10387,17313,83100000,83100000
0,831,83100000,83100100,10387,17313,83200000,83200000
0,832,83200000,83200100,10387,17313,83300000,83300000
0,833,83300000,83300100,10387,17313,83400000,83400000
0,834,83400000,83400100,10387,17313,83500000,83500000
0,835,83500000,83500100,10387,17313,83600000,83600000
0,836,83600000,83600100,10387,17313,83700000,83700000
0,837,83700000,83700100,10387,17313,83800000,83800000
0,838,83800000,83800100,10387,17313,83900000,83900000
0,839,83900000,83900100,10387,17313,84000000,84000000
0,840,84000000,84000100,10387,17313,84100000,84100000
0,841,84100000,84100100,10387,17313,84200000,84200000
0,842,84200000,84200100,10387,17313,84300000,84300000
0,843,84300000,84300100,10387,17313,84400000,84400000
0,844,84400000,84400100,10387,17313,84500000,84500000
0,845,84500000,84500100,10387,17313,84600000,84600000
0,846,84600000,84600100,10387,17313,84700000,84700000
0,847,84700000,84700100,10387,17313,84800000,84800000
0,848,84800000,84800100,10387,17313,84900000,84900000
0,849,84900000,84900100,10387,17313,85000000,85000000
0,850,85000000,85000100,10387,17313,85100000,85100000
0,851,85100000,85100100,10387,17313,85200000,85200000
0,852,85200000,85200100,10387,17313,85300000,85300000
0,853,85300000,85300100,10387,17313,85400000,85400000
0,854,85400000,85400100,10387,17313,85500000,85500000
0,855,85500000,85500100,10387,17313,85600000,85600000
0,856,85600000,85600100,10387,17313,85700000,85700000
0,857,85700000,85700100,10387,17313,85800000,85800000
0,858,85800000,85800100,10387,17313,85900000,85900000
0,859,85900000,85900100,10387,17313,86000000,86000000
0,860,86000000,86000100,10387,17313,86100000,86100000
0,861,86100000,86100100,10387,17313,86200000,86200000
0,862,86200000,86200100,10387,17313,86300000,86300000
0,863,86300000,86300100,10387,17313,86400000,86400000
0,864,86400000,86400100,10387,17313,86500000,86500000
0,865,86500000,86500100,10387,17313,86600000,86600000
0,866,86600000,86600100,10387,17313,86700000,86700000
0,867,86700000,86700100,10387,17313,86800000,86800000
0,868,86800000,86800100,10387,17313,86900000,86900000
0,869,86900000,86900100,10387,17313,87000000,87000000
0,870,87000000,87000100,10387,17313,87100000,87100000
0,871,87100000,87100100,10387,17313,87200000,87200000
0,872,87200000,87200100,10387,17313,87300000,87300000
0,873,87300000,87300100,10387,17313,87400000,87400000
0,874,87400000,87400100,10387,17313,87500000,87500000
0,875,87500000,87500100,10387,17313,87600000,87600000
0,876,87600000,87600100,10387,17313,87700000,87700000
0,877,87700000,87700100,10387,17313,87800000,87800000
0,878,87800000,87800100,10387,17313,87900000,87900000
0,879,87900000,87900100,10387,17313,88000000,88000000
0,880,88000000,88000100,10387,17313,88100000,88100000
0,881,88100000,88100100,10387,17313,88200000,88200000
0,882,88200000,88200100,10387,17313,88300000,88300000
0,883,88300000,88300100,10387,17313,88400000,88400000
0,884,88400000,88400100,10387,17313,88500000,88500000
0,885,88500000,88500100,10387,17313,88600000,88600000
0,886,88600000,88600100,10387,17313,88700000,88700000
0,887,88700000,88700100,10387,17313,88800000,88800000
0,888,88800000,88800100,10387,17313,88900000,88900000
0,889,88900000,88900100,10387,17313,89000000,89000000
0,890,89000000,89000100,10387,17313,89100000,89100000
0,891,89100000,89100100,10387,17313,89200000,89200000
0,892,89200000,89200100,10387,17313,89300000,89300000
0,893,89300000,89300100,10387,17313,89400000,89400000
0,894,89400000,89400100,10387,17313,89500000,89500000
0,895,89500000,89500100,10387,17313,89600000,89600000
0,896,89600000,89600100,10387,17313,89700000,89700000
0,897,89700000,89700100,10387,17313,89800000,89800000
0,898,89800000,89800100,10387,17313,89900000,89900000
0,899,89900000,89900100,10387,17313,90000000,90000000
0,900,90000000,90000100,10387,17313,90100000,90100000
0,901,90100000,90100100,10387,17313,90200000,90200000
0,902,90200000,90200100,10387,17313,90300000,90300000
0,903,90300000,90300100,10387,17313,90400000,90400000
0,904,90400000,90400100,10387,17313,90500000,90500000
0,905,90500000,90500100,10387,17313,90600000,90600000
0,906,90600000,90600100,10387,17313,90700000,90700000
0,907,90700000,90700100,10387,17313,90800000,90800000
0,908,90800000,90800100,10387,17313,90900000,90900000
0,909,90900000,90900100,10387,17313,91000000,91000000
0,910,91000000,91000100,10387,17313,91100000,91100000
0,911,91100000,91100100,10387,17313,91200000,91200000
0,912,91200000,91200100,10387,17313,91300000,91300000
0,913,91300000,91300100,10387,17313,91400000,91400000
0,914,91400000,91400100,10387,17313,91500000,91500000
0,915,91500000,91500100,10387,17313,91600000,91600000
0,916,91600000,91600100,10387,17313,91700000,91700000
0,917,91700000,91700100,10387,17313,91800000,91800000
0,918,91800000,91800100,10387,17313,91900000,91900000
0,919,91900000,91900100,10387,17313,92000000,92000000
0,920,92000000,92000100,10387,17313,92100000,92100000
0,921,92100000,92100100,10387,17313,92200000,92200000
0,922,92200000,92200100,10387,17313,92300000,92300000
0,923,92300000,92300100,10387,17313,92400000,92400000
0,924,92400000,92400100,10387,17313,92500000,92500000
0,925,92500000,92500100,10387,17313,92600000,92600000
0,926,92600000,92600100,10387,17313,92700000,92700000
0,927,92700000,92700100,10387,17313,92800000,92800000
0,928,92800000,92800100,10387,17313,92900000,92900000
0,929,92900000,92900100,10387,17313,93000000,93000000
0,930,93000000,93000100,10387,17313,93100000,93100000
0,931,93100000,93100100,10387,17313,93200000,93200000
0,932,93200000,93200100,10387,17313,93300000,93300000
0,933,93300000,93300100,10387,17313,93400000,93400000
0,934,93400000,93400100,10387,17313,93500000,93500000
0,935,93500000,93500100,10387,17313,93600000,93600000
0,936,93600000,93600100,10387,17313,93700000,93700000
0,937,93700000,93700100,10387,17313,93800000,93800000
0,938,93800000,93800100,10387,17313,93900000,93900000
0,939,93900000,93900100,10387,17313,94000000,94000000
0,940,94000000,94000100,10387,17313,94100000,94100000
0,941,94100000,94100100,10387,17313,94200000,94200000
0,942,94200000,94200100,10387,17313,94300000,94300000
0,943,94300000,94300100,10387,17313,94400000,94400000
0,944,94400000,94400100,10387,17313,94500000,94500000
0,945,94500000,94500100,10387,17313,94600000,94600000
0,946,94600000,94600100,10387,17313,94700000,94700000
0,947,94700000,94700100,10387,17313,94800000,94800000
0,948,94800000,94800100,10387,17313,94900000,94900000
0,949,94900000,94900100,10387,17313,95000000,95000000
0,950,95000000,95000100,10387,17313,95100000,95100000
0,951,95100000,95100100,10387,17313,95200000,95200000
0,952,95200000,95200100,10387,17313,95300000,95300000
0,953,95300000,95300100,10387,17313,95400000,95400000
0,954,95400000,95400100,10387,17313,95500000,95500000
0,955,95500000,95500100,10387,17313,95600000,95600000
0,956,95600000,95600100,10387,17313,95700000,95700000
0,957,95700000,95700100,10387,17313,95800000,95800000
0,958,95800000,95800100,10387,17313,95900000,95900000
0,959,95900000,95900100,10387,17313,96000000,96000000
0,960,96000000,96000100,10387,17313,96100000,96100000
0,961,96100000,96100100,10387,17313,96200000,96200000
0,962,96200000,96200100,10387,17313,96300000,96300000
0,963,96300000,96300100,10387,17313,96400000,96400000
0,964,96400000,96400100,10387,17313,96500000,96500000
0,965,96500000,96500100,10387,17313,96600000,96600000
0,966,96600000,96600100,10387,17313,96700000,96700000
0,967,96700000,96700100,10387,17313,96800000,96800000
0,968,96800000,96800100,10387,17313,96900000,96900000
0,969,96900000,96900100,10387,17313,97000000,97000000
0,970,97000000,97000100,10387,17313,97100000,97100000
0,971,97100000,97100100,10387,17313,97200000,97200000
0,972,97200000,97200100,10387,17313,97300000,97300000
0,973,97300000,97300100,10387,17313,97400000,97400000
0,974,97400000,97400100,10387,17313,97500000,97500000
0,975,97500000,97500100,10387,17313,97600000,97600000
0,976,97600000,97600100,10387,17313,97700000,97700000
0,977,97700000,97700100,10387,17313,97800000,97800000
0,978,97800000,97800100,10387,17313,97900000,97900000
0,979,97900000,97900100,10387,17313,98000000,98000000
0,980,98000000,98000100,10387,17313,98100000,98100000
0,981,98100000,98100100,10387,17313,98200000,98200000
0,982,98200000,98200100,10387,17313,98300000,98300000
0,983,98300000,98300100,10387,17313,98400000,98400000
0,984,98400000,98400100,10387,17313,98500000,98500000
0,985,98500000,98500100,10387,17313,98600000,98600000
0,986,98600000,98600100,10387,17313,98700000,98700000
0,987,98700000,98700100,10387,17313,98800000,98800000
0,988,98800000,98800100,10387,17313,98900000,98900000
0,989,98900000,98900100,10387,17313,99000000,99000000
0,990,99000000,99000100,10387,17313,99100000,99100000
0,991,99100000,99100100,10387,17313,99200000,99200000
0,992,99200000,99200100,10387,17313,99300000,99300000
0,993,99300000,99300100,10387,17313,99400000,99400000
0,994,99400000,99400100,10387,17313,99500000,99500000
0,995,99500000,99500100,10387,17313,99600000,99600000
0,996,99600000,99600100,10387,17313,99700000,99700000
0,997,99700000,99700100,10387,17313,99800000,99800000
0,998,99800000,99800100,10387,17313,99900000,99900000
0,999,99900000,99900100,10387,17313,100000000,100000000
0,1000,100000000,100000100,10387,17313,100100000,100100000
0,1001,100100000,100100100,10387,17313,100200000,100200000
0,1002,100200000,100200100,10387,17313,100300000,100300000
0,1003,100300000,100300100,10387,17313,100400000,100400000
0,1004,100400000,100400100,10387,17313,100500000,100500000
0,1005,100500000,100500100,10387,17313,100600000,100600000
0,1006,100600000,100600100,10387,17313,100700000,100700000
0,1007,100700000,100700100,10387,17313,100800000,100800000
0,1008,100800000,100800100,10387,17313,100900000,100900000
0,1009,100900000,100900100,10387,17313,101000000,101000000
0,1010,101000000,101000100,10387,17313,101100000,101100000
0,1011,101100000,101100100,10387,17313,101200000,101200000
0,1012,101200000,101200100,10387,17313,101300000,101300000
0,1013,101300000,101300100,10387,17313,101400000,101400000
0,1014,101400000,101400100,10387,17313,101500000,101500000
0,1015,101500000,101500100,10387,17313,101600000,101600000
0,1016,101600000,101600100,10387,17313,101700000,101700000
0,1017,101700000,101700100,10387,17313,101800000,101800000
0,1018,101800000,101800100,10387,17313,101900000,101900000
0,1019,101900000,101900100,10387,17313,102000000,102000000
0,1020,102000000,102000100,10387,17313,102100000,102100000
0,1021,102100000,102100100,10387,17313,102200000,102200000
0,1022,102200000,102200100,10387,17313,102300000,102300000
0,1023,102300000,102300100,10387,17313,102400000,102400000
0,1024,102400000,102400100,10387,17313,102500000,102500000
0,1025,102500000,102500100,10387,17313,102600000,102600000
0,1026,102600000,102600100,10387,17313,102700000,102700000
0,1027,102700000,102700100,10387,17313,102800000,102800000
0,1028,102800000,102800100,10387,17313,102900000,102900000
0,1029,102900000,102900100,10387,17313,103000000,103000000
0,1030,103000000,103000100,10387,17313,103100000,103100000
0,1031,103100000,103100100,10387,17313,103200000,103200000
0,1032,103200000,103200100,10387,17313,103300000,103300000
0,1033,103300000,103300100,10387,17313,103400000,103400000
0,1034,103400000,103400100,10387,17313,103500000,103500000
0,1035,103500000,103500100,10387,17313,103600000,103600000
0,1036,103600000,103600100,10387,17313,103700000,103700000
0,1037,103700000,103700100,10387,17313,103800000,103800000
0,1038,103800000,103800100,10387,17313,103900000,103900000
0,1039,103900000,103900100,10387,17313,104000000,104000000
0,1040,104000000,104000100,10387,17313,104100000,104100000
0,1041,104100000,104100100,10387,17313,104200000,104200000
0,1042,104200000,104200100,10387,17313,104300000,104300000
0,1043,104300000,104300100,10387,17313,104400000,104400000
0,1044,104400000,104400100,10387,17313,104500000,104500000
0,1045,104500000,104500100,10387,17313,104600000,104600000
0,1046,104600000,104600100,10387,17313,104700000,104700000
0,1047,104700000,104700100,10387,17313,104800000,104800000
0,1048,104800000,104800100,10387,17313,104900000,104900000
0,1049,104900000,104900100,10387,17313,105000000,105000000
0,1050,105000000,105000100,10387,17313,105100000,105100000
0,1051,105100000,105100100,10387,17313,105200000,105200000
0,1052,105200000,105200100,10387,17313,105300000,105300000
0,1053,105300000,105300100,10387,17313,105400000,105400000
0,1054,105400000,105400100,10387,17313,105500000,105500000
0,1055,105500000,105500100,10387,17313,105600000,105600000
0,1056,105600000,105600100,10387,17313,105700000,105700000
0,1057,105700000,105700100,10387,17313,105800000,105800000
0,1058,105800000,105800100,10387,17313,105900000,105900000
0,1059,105900000,105900100,10387,17313,106000000,106000000
0,1060,106000000,106000100,10387,17313,106100000,106100000
0,1061,106100000,106100100,10387,17313,106200000,106200000
0,1062,106200000,106200100,10387,17313,106300000,106300000
0,1063,106300000,106300100,10387,17313,106400000,106400000
0,1064,106400000,106400100,10387,17313,106500000,106500000
0,1065,106500000,106500100,10387,17313,106600000,106600000
0,1066,106600000,106600100,10387,17313,106700000,106700000
0,1067,106700000,106700100,10387,17313,106800000,106800000
0,1068,106800000,106800100,10387,17313,106900000,106900000
0,1069,106900000,106900100,10387,17313,107000000,107000000
0,1070,107000000,107000100,10387,17313,107100000,107100000
0,1071,107100000,107100100,10387,17313,107200000,107200000
0,1072,107200000,107200100,10387,17313,107300000,107300000
0,1073,107300000,107300100,10387,17313,107400000,107400000
0,1074,107400000,107400100,10387,17313,107500000,107500000
0,1075,107500000,107500100,10387,17313,107600000,107600000
0,1076,107600000,107600100,10387,17313,107700000,107700000
0,1077,107700000,107700100,10387,17313,107800000,107800000
0,1078,107800000,107800100,10387,17313,107900000,107900000
0,1079,107900000,107900100,10387,17313,108000000,108000000
0,1080,108000000,108000100,10387,17313,108100000,108100000
0,1081,108100000,108100100,10387,17313,108200000,108200000
0,1082,108200000,108200100,10387,17313,108300000,108300000
0,1083,108300000,108300100,10387,17313,108400000,108400000
0,1084,108400000,108400100,10387,17313,108500000,108500000
0,1085,108500000,108500100,10387,17313,108600000,108600000
0,1086,108600000,108600100,10387,17313,108700000,108700000
0,1087,108700000,108700100,10387,17313,108800000,108800000
0,1088,108800000,108800100,10387,17313,108900000,108900000
0,1089,108900000,108900100,10387,17313,109000000,109000000
0,1090,109000000,109000100,10387,17313,109100000,109100000
0,1091,109100000,109100100,10387,17313,109200000,109200000
0,1092,109200000,109200100,10387,17313,109300000,109300000
0,1093,109300000,109300100,10387,17313,109400000,109400000
0,1094,109400000,109400100,10387,17313,109500000,109500000
0,1095,109500000,109500100,10387,17313,109600000,109600000
0,1096,109600000,109600100,10387,17313,109700000,109700000
0,1097,109700000,109700100,10387,17313,109800000,109800000
0,1098,109800000,109800100,10387,17313,109900000,109900000
0,1099,109900000,109900100,10387,17313,110000000,110000000
0,1100,110000000,110000100,10387,17313,110100000,110100000
0,1101,110100000,110100100,10387,17313,110200000,110200000
0,1102,110200000,110200100,10387,17313,110300000,110300000
0,1103,110300000,110300100,10387,17313,110400000,110400000
0,1104,110400000,110400100,10387,17313,110500000,110500000
0,1105,110500000,110500100,10387,17313,110600000,110600000
0,1106,110600000,110600100,10387,17313,110700000,110700000
0,1107,110700000,110700100,10387,17313,110800000,110800000
0,1108,110800000,110800100,10387,17313,110900000,110900000
0,1109,110900000,110900100,10387,17313,111000000,111000000
0,1110,111000000,111000100,10387,17313,111100000,111100000
0,1111,111100000,111100100,10387,17313,111200000,111200000
0,1112,111200000,111200100,10387,17313,111300000,111300000
0,1113,111300000,111300100,10387,17313,111400000,111400000
0,1114,111400000,111400100,10387,17313,111500000,111500000
0,1115,111500000,111500100,10387,17313,111600000,111600000
0,1116,111600000,111600100,10387,17313,111700000,111700000
0,1117,111700000,111700100,10387,17313,111800000,111800000
0,1118,111800000,111800100,10387,17313,111900000,111900000
0,1119,111900000,111900100,10387,17313,112000000,112000000
0,1120,112000000,112000100,10387,17313,112100000,112100000
0,1121,112100000,112100100,10387,17313,112200000,112200000
0,1122,112200000,112200100,10387,17313,112300000,112300000
0,1123,112300000,112300100,10387,17313,112400000,112400000
0,1124,112400000,112400100,10387,17313,112500000,112500000
0,1125,112500000,112500100,10387,17313,112600000,112600000
0,1126,112600000,112600100,10387,17313,112700000,112700000
0,1127,112700000,112700100,10387,17313,112800000,112800000
0,1128,112800000,112800100,10387,17313,112900000,112900000
0,1129,112900000,112900100,10387,17313,113000000,113000000
0,1130,113000000,113000100,10387,17313,113100000,113100000
0,1131,113100000,113100100,10387,17313,113200000,113200000
0,1132,113200000,113200100,10387,17313,113300000,113300000
0,1133,113300000,113300100,10387,17313,113400000,113400000
0,1134,113400000,113400100,10387,17313,113500000,113500000
0,1135,113500000,113500100,10387,17313,113600000,113600000
0,1136,113600000,113600100,10387,17313,113700000,113700000
0,1137,113700000,113700100,10387,17313,113800000,113800000
0,1138,113800000,113800100,10387,17313,113900000,113900000
0,1139,113900000,113900100,10387,17313,114000000,114000000
0,1140,114000000,114000100,10387,17313,114100000,114100000
0,1141,114100000,114100100,10387,17313,114200000,114200000
0,1142,114200000,114200100,10387,17313,114300000,114300000
0,1143,114300000,114300100,10387,17313,114400000,114400000
0,1144,114400000,114400100,10387,17313,114500000,114500000
0,1145,114500000,114500100,10387,17313,114600000,114600000
0,1146,114600000,114600100,10387,17313,114700000,114700000
0,1147,114700000,114700100,10387,17313,114800000,114800000
0,1148,114800000,114800100,10387,17313,114900000,114900000
0,1149,114900000,114900100,10387,17313,115000000,115000000
0,1150,115000000,115000100,10387,17313,115100000,115100000
0,1151,115100000,115100100,10387,17313,115200000,115200000
0,1152,115200000,115200100,10387,17313,115300000,115300000
0,1153,115300000,115300100,10387,17313,115400000,115400000
0,1154,115400000,115400100,10387,17313,115500000,115500000
0,1155,115500000,115500100,10387,17313,115600000,115600000
0,1156,115600000,115600100,10387,17313,115700000,115700000
0,1157,115700000,115700100,10387,17313,115800000,115800000
0,1158,115800000,115800100,10387,17313,115900000,115900000
0,1159,115900000,115900100,10387,17313,116000000,116000000
0,1160,116000000,116000100,10387,17313,116100000,116100000
0,1161,116100000,116100100,10387,17313,116200000,116200000
0,1162,116200000,116200100,10387,17313,116300000,116300000
0,1163,116300000,116300100,10387,17313,116400000,116400000
0,1164,116400000,116400100,10387,17313,116500000,116500000
0,1165,116500000,116500100,10387,17313,116600000,116600000
0,1166,116600000,116600100,10387,17313,116700000,116700000
0,1167,116700000,116700100,10387,17313,116800000,116800000
0,1168,116800000,116800100,10387,17313,116900000,116900000
0,1169,116900000,116900100,10387,17313,117000000,117000000
0,1170,117000000,117000100,10387,17313,117100000,117100000
0,1171,117100000,117100100,10387,17313,117200000,117200000
0,1172,117200000,117200100,10387,17313,117300000,117300000
0,1173,117300000,117300100,10387,17313,117400000,117400000
0,1174,117400000,117400100,10387,17313,117500000,117500000
0,1175,117500000,117500100,10387,17313,117600000,117600000
0,1176,117600000,117600100,10387,17313,117700000,117700000
0,1177,117700000,117700100,10387,17313,117800000,117800000
0,1178,117800000,117800100,10387,17313,117900000,117900000
0,1179,117900000,117900100,10387,17313,118000000,118000000
0,1180,118000000,118000100,10387,17313,118100000,118100000
0,1181,118100000,118100100,10387,17313,118200000,118200000
0,1182,118200000,118200100,10387,17313,118300000,118300000
0,1183,118300000,118300100,10387,17313,118400000,118400000
0,1184,118400000,118400100,10387,17313,118500000,118500000
0,1185,118500000,118500100,10387,17313,118600000,118600000
0,1186,118600000,118600100,10387,17313,118700000,118700000
0,1187,118700000,118700100,10387,17313,118800000,118800000
0,1188,118800000,118800100,10387,17313,118900000,118900000
0,1189,118900000,118900100,10387,17313,119000000,119000000
0,1190,119000000,119000100,10387,17313,119100000,119100000
0,1191,119100000,119100100,10387,17313,119200000,119200000
0,1192,119200000,119200100,10387,17313,119300000,119300000
0,1193,119300000,119300100,10387,17313,119400000,119400000
0,1194,119400000,119400100,10387,17313,119500000,119500000
0,1195,119500000,119500100,10387,17313,119600000,119600000
0,1196,119600000,119600100,10387,17313,119700000,119700000
0,1197,119700000,119700100,10387,17313,119800000,119800000
0,1198,119800000,119800100,10387,17313,119900000,119900000
0,1199,119900000,119900100,10387,17313,120000000,120000000
0,1200,120000000,120000100,10387,17313,120100000,120100000
0,1201,120100000,120100100,10387,17313,120200000,120200000
0,1202,120200000,120200100,10387,17313,120300000,120300000
0,1203,120300000,120300100,10387,17313,120400000,120400000
0,1204,120400000,120400100,10387,17313,120500000,120500000
0,1205,120500000,120500100,10387,17313,120600000,120600000
0,1206,120600000,120600100,10387,17313,120700000,120700000
0,1207,120700000,120700100,10387,17313,120800000,120800000
0,1208,120800000,120800100,10387,17313,120900000,120900000
0,1209,120900000,120900100,10387,17313,121000000,121000000
0,1210,121000000,121000100,10387,17313,121100000,121100000
0,1211,121100000,121100100,10387,17313,121200000,121200000
0,1212,121200000,121200100,10387,17313,121300000,121300000
0,1213,121300000,121300100,10387,17313,121400000,121400000
0,1214,121400000,121400100,10387,17313,121500000,121500000
0,1215,121500000,121500100,10387,17313,121600000,121600000
0,1216,121600000,121600100,10387,17313,121700000,121700000
0,1217,121700000,121700100,10387,17313,121800000,121800000
0,1218,121800000,121800100,10387,17313,121900000,121900000
0,1219,121900000,121900100,10387,17313,122000000,122000000
0,1220,122000000,122000100,10387,17313,122100000,122100000
0,1221,122100000,122100100,10387,17313,122200000,122200000
0,1222,122200000,122200100,10387,17313,122300000,122300000
0,1223,122300000,122300100,10387,17313,122400000,122400000
0,1224,122400000,122400100,10387,17313,122500000,122500000
0,1225,122500000,122500100,10387,17313,122600000,122600000
0,1226,122600000,122600100,10387,17313,122700000,122700000
0,1227,122700000,122700100,10387,17313,122800000,122800000
0,1228,122800000,122800100,10387,17313,122900000,122900000
0,1229,122900000,122900100,10387,17313,123000000,123000000
0,1230,123000000,123000100,10387,17313,123100000,123100000
0,1231,123100000,123100100,10387,17313,123200000,123200000
0,1232,123200000,123200100,10387,17313,123300000,123300000
0,1233,123300000,123300100,10387,17313,123400000,123400000
0,1234,123400000,123400100,10387,17313,123500000,123500000
0,1235,123500000,123500100,10387,17313,123600000,123600000
0,1236,123600000,123600100,10387,17313,123700000,123700000
0,1237,123700000,123700100,10387,17313,123800000,123800000
0,1238,123800000,123800100,10387,17313,123900000,123900000
0,1239,123900000,123900100,10387,17313,124000000,124000000
0,1240,124000000,124000100,10387,17313,124100000,124100000
0,1241,124100000,124100100,10387,17313,124200000,124200000
0,1242,124200000,124200100,10387,17313,124300000,124300000
0,1243,124300000,124300100,10387,17313,124400000,124400000
0,1244,124400000,124400100,10387,17313,124500000,124500000
0,1245,124500000,124500100,10387,17313,124600000,124600000
0,1246,124600000,124600100,10387,17313,124700000,124700000
0,1247,124700000,124700100,10387,17313,124800000,124800000
0,1248,124800000,124800100,10387,17313,124900000,124900000
0,1249,124900000,124900100,10387,17313,125000000,125000000
0,1250,125000000,125000100,10387,17313,125100000,125100000
0,1251,125100000,125100100,10387,17313,125200000,125200000
0,1252,125200000,125200100,10387,17313,125300000,125300000
0,1253,125300000,125300100,10387,17313,125400000,125400000
0,1254,125400000,125400100,10387,17313,125500000,125500000
0,1255,125500000,125500100,10387,17313,125600000,125600000
0,1256,125600000,125600100,10387,17313,125700000,125700000
0,1257,125700000,125700100,10387,17313,125800000,125800000
0,1258,125800000,125800100,10387,17313,125900000,125900000
0,1259,125900000,125900100,10387,17313,126000000,126000000
0,1260,126000000,126000100,10387,17313,126100000,126100000
0,1261,126100000,126100100,10387,17313,126200000,126200000
0,1262,126200000,126200100,10387,17313,126300000,126300000
0,1263,126300000,126300100,10387,17313,126400000,126400000
0,1264,126400000,126400100,10387,17313,126500000,126500000
0,1265,126500000,126500100,10387,17313,126600000,126600000
0,1266,126600000,126600100,10387,17313,126700000,126700000
0,1267,126700000,126700100,10387,17313,126800000,126800000
0,1268,126800000,126800100,10387,17313,126900000,126900000
0,1269,126900000,126900100,10387,17313,127000000,127000000
0,1270,127000000,127000100,10387,17313,127100000,127100000
0,1271,127100000,127100100,10387,17313,127200000,127200000
0,1272,127200000,127200100,10387,17313,127300000,127300000
0,1273,127300000,127300100,10387,17313,127400000,127400000
0,1274,127400000,127400100,10387,17313,127500000,127500000
0,1275,127500000,127500100,10387,17313,127600000,127600000
0,1276,127600000,127600100,10387,17313,127700000,127700000
0,1277,127700000,127700100,10387,17313,127800000,127800000
0,1278,127800000,127800100,10387,17313,127900000,127900000
0,1279,127900000,127900100,10387,17313,128000000,128000000
0,1280,128000000,128000100,10387,17313,128100000,128100000
0,1281,128100000,128100100,10387,17313,128200000,128200000
0,1282,128200000,128200100,10387,17313,128300000,128300000
0,1283,128300000,128300100,10387,17313,128400000,128400000
0,1284,128400000,128400100,10387,17313,128500000,128500000
0,1285,128500000,128500100,10387,17313,128600000,128600000
0,1286,128600000,128600100,10387,17313,128700000,128700000
0,1287,128700000,128700100,10387,17313,128800000,128800000
0,1288,128800000,128800100,10387,17313,128900000,128900000
0,1289,128900000,128900100,10387,17313,129000000,129000000
0,1290,129000000,129000100,10387,17313,129100000,129100000
0,1291,129100000,129100100,10387,17313,129200000,129200000
0,1292,129200000,129200100,10387,17313,129300000,129300000
0,1293,129300000,129300100,10387,17313,129400000,129400000
0,1294,129400000,129400100,10387,17313,129500000,129500000
0,1295,129500000,129500100,10387,17313,129600000,129600000
0,1296,129600000,129600100,10387,17313,129700000,129700000
0,1297,129700000,129700100,10387,17313,129800000,129800000
0,1298,129800000,129800100,10387,17313,129900000,129900000
0,1299,129900000,129900100,10387,17313,130000000,130000000
0,1300,130000000,130000100,10387,17313,130100000,130100000
0,1301,130100000,130100100,10387,17313,130200000,130200000
0,1302,130200000,130200100,10387,17313,130300000,130300000
0,1303,130300000,130300100,10387,17313,130400000,130400000
0,1304,130400000,130400100,10387,17313,130500000,130500000
0,1305,130500000,130500100,10387,17313,130600000,130600000
0,1306,130600000,130600100,10387,17313,130700000,130700000
0,1307,130700000,130700100,10387,17313,130800000,130800000
0,1308,130800000,130800100,10387,17313,130900000,130900000
0,1309,130900000,130900100,10387,17313,131000000,131000000
0,1310,131000000,131000100,10387,17313,131100000,131100000
0,1311,131100000,131100100,10387,17313,131200000,131200000
0,1312,131200000,131200100,10387,17313,131300000,131300000
0,1313,131300000,131300100,10387,17313,131400000,131400000
0,1314,131400000,131400100,10387,17313,131500000,131500000
0,1315,131500000,131500100,10387,17313,131600000,131600000
0,1316,131600000,131600100,10387,17313,131700000,131700000
0,1317,131700000,131700100,10387,17313,131800000,131800000
0,1318,131800000,131800100,10387,17313,131900000,131900000
0,1319,131900000,131900100,10387,17313,132000000,132000000
0,1320,132000000,132000100,10387,17313,132100000,132100000
0,1321,132100000,132100100,10387,17313,132200000,132200000
0,1322,132200000,132200100,10387,17313,132300000,132300000
0,1323,132300000,132300100,10387,17313,132400000,132400000
0,1324,132400000,132400100,10387,17313,132500000,132500000
0,1325,132500000,132500100,10387,17313,132600000,132600000
0,1326,132600000,132600100,10387,17313,132700000,132700000
0,1327,132700000,132700100,10387,17313,132800000,132800000
0,1328,132800000,132800100,10387,17313,132900000,132900000
0,1329,132900000,132900100,10387,17313,133000000,133000000
0,1330,133000000,133000100,10387,17313,133100000,133100000
0,1331,133100000,133100100,10387,17313,133200000,133200000
0,1332,133200000,133200100,10387,17313,133300000,133300000
0,1333,133300000,133300100,10387,17313,133400000,133400000
0,1334,133400000,133400100,10387,17313,133500000,133500000
0,1335,133500000,133500100,10387,17313,133600000,133600000
0,1336,133600000,133600100,10387,17313,133700000,133700000
0,1337,133700000,133700100,10387,17313,133800000,133800000
0,1338,133800000,133800100,10387,17313,133900000,133900000
0,1339,133900000,133900100,10387,17313,134000000,134000000
0,1340,134000000,134000100,10387,17313,134100000,134100000
0,1341,134100000,134100100,10387,17313,134200000,134200000
0,1342,134200000,134200100,10387,17313,134300000,134300000
0,1343,134300000,134300100,10387,17313,134400000,134400000
0,1344,134400000,134400100,10387,17313,134500000,134500000
0,1345,134500000,134500100,10387,17313,134600000,134600000
0,1346,134600000,134600100,10387,17313,134700000,134700000
0,1347,134700000,134700100,10387,17313,134800000,134800000
0,1348,134800000,134800100,10387,17313,134900000,134900000
0,1349,134900000,134900100,10387,17313,135000000,135000000
0,1350,135000000,135000100,10387,17313,135100000,135100000
0,1351,135100000,135100100,10387,17313,135200000,135200000
0,1352,135200000,135200100,10387,17313,135300000,135300000
0,1353,135300000,135300100,10387,17313,135400000,135400000
0,1354,135400000,135400100,10387,17313,135500000,135500000
0,1355,135500000,135500100,10387,17313,135600000,135600000
0,1356,135600000,135600100,10387,17313,135700000,135700000
0,1357,135700000,135700100,10387,17313,135800000,135800000
0,1358,135800000,135800100,10387,17313,135900000,135900000
0,1359,135900000,135900100,10387,17313,136000000,136000000
0,1360,136000000,136000100,10387,17313,136100000,136100000
0,1361,136100000,136100100,10387,17313,136200000,136200000
0,1362,136200000,136200100,10387,17313,136300000,136300000
0,1363,136300000,136300100,10387,17313,136400000,136400000
0,1364,136400000,136400100,10387,17313,136500000,136500000
0,1365,136500000,136500100,10387,17313,136600000,136600000
0,1366,136600000,136600100,10387,17313,136700000,136700000
0,1367,136700000,136700100,10387,17313,136800000,136800000
0,1368,136800000,136800100,10387,17313,136900000,136900000
0,1369,136900000,136900100,10387,17313,137000000,137000000
0,1370,137000000,137000100,10387,17313,137100000,137100000
0,1371,137100000,137100100,10387,17313,137200000,137200000
0,1372,137200000,137200100,10387,17313,137300000,137300000
0,1373,137300000,137300100,10387,17313,137400000,137400000
0,1374,137400000,137400100,10387,17313,137500000,137500000
0,1375,137500000,137500100,10387,17313,137600000,137600000
0,1376,137600000,137600100,10387,17313,137700000,137700000
0,1377,137700000,137700100,10387,17313,137800000,137800000
0,1378,137800000,137800100,10387,17313,137900000,137900000
0,1379,137900000,137900100,10387,17313,138000000,138000000
0,1380,138000000,138000100,10387,17313,138100000,138100000
0,1381,138100000,138100100,10387,17313,138200000,138200000
0,1382,138200000,138200100,10387,17313,138300000,138300000
0,1383,138300000,138300100,10387,17313,138400000,138400000
0,1384,138400000,138400100,10387,17313,138500000,138500000
0,1385,138500000,138500100,10387,17313,138600000,138600000
0,1386,138600000,138600100,10387,17313,138700000,138700000
0,1387,138700000,138700100,10387,17313,138800000,138800000
0,1388,138800000,138800100,10387,17313,138900000,138900000
0,1389,138900000,138900100,10387,17313,139000000,139000000
0,1390,139000000,139000100,10387,17313,139100000,139100000
0,1391,139100000,139100100,10387,17313,139200000,139200000
0,1392,139200000,139200100,10387,17313,139300000,139300000
0,1393,139300000,139300100,10387,17313,139400000,139400000
0,1394,139400000,139400100,10387,17313,139500000,139500000
0,1395,139500000,139500100,10387,17313,139600000,139600000
0,1396,139600000,139600100,10387,17313,139700000,139700000
0,1397,139700000,139700100,10387,17313,139800000,139800000
0,1398,139800000,139800100,10387,17313,139900000,139900000
0,1399,139900000,139900100,10387,17313,140000000,140000000
0,1400,140000000,140000100,10387,17313,140100000,140100000
0,1401,140100000,140100100,10387,17313,140200000,140200000
0,1402,140200000,140200100,10387,17313,140300000,140300000
0,1403,140300000,140300100,10387,17313,140400000,140400000
0,1404,140400000,140400100,10387,17313,140500000,140500000
0,1405,140500000,140500100,10387,17313,140600000,140600000
0,1406,140600000,140600100,10387,17313,140700000,140700000
0,1407,140700000,140700100,10387,17313,140800000,140800000
0,1408,140800000,140800100,10387,17313,140900000,140900000
0,1409,140900000,140900100,10387,17313,141000000,141000000
0,1410,141000000,141000100,10387,17313,141100000,141100000
0,1411,141100000,141100100,10387,17313,141200000,141200000
0,1412,141200000,141200100,10387,17313,141300000,141300000
0,1413,141300000,141300100,10387,17313,141400000,141400000
0,1414,141400000,141400100,10387,17313,141500000,141500000
0,1415,141500000,141500100,10387,17313,141600000,141600000
0,1416,141600000,141600100,10387,17313,141700000,141700000
0,1417,141700000,141700100,10387,17313,141800000,141800000
0,1418,141800000,141800100,10387,17313,141900000,141900000
0,1419,141900000,141900100,10387,17313,142000000,142000000
0,1420,142000000,142000100,10387,17313,142100000,142100000
0,1421,142100000,142100100,10387,17313,142200000,142200000
0,1422,142200000,142200100,10387,17313,142300000,142300000
0,1423,142300000,142300100,10387,17313,142400000,142400000
0,1424,142400000,142400100,10387,17313,142500000,142500000
0,1425,142500000,142500100,10387,17313,142600000,142600000
0,1426,142600000,142600100,10387,17313,142700000,142700000
0,1427,142700000,142700100,10387,17313,142800000,142800000
0,1428,142800000,142800100,10387,17313,142900000,142900000
0,1429,142900000,142900100,10387,17313,143000000,143000000
0,1430,143000000,143000100,10387,17313,143100000,143100000
0,1431,143100000,143100100,10387,17313,143200000,143200000
0,1432,143200000,143200100,10387,17313,143300000,143300000
0,1433,143300000,143300100,10387,17313,143400000,143400000
0,1434,143400000,143400100,10387,17313,143500000,143500000
0,1435,143500000,143500100,10387,17313,143600000,143600000
0,1436,143600000,143600100,10387,17313,143700000,143700000
0,1437,143700000,143700100,10387,17313,143800000,143800000
0,1438,143800000,143800100,10387,17313,143900000,143900000
0,1439,143900000,143900100,10387,17313,144000000,144000000
0,1440,144000000,144000100,10387,17313,144100000,144100000
0,1441,144100000,144100100,10387,17313,144200000,144200000
0,1442,144200000,144200100,10387,17313,144300000,144300000
0,1443,144300000,144300100,10387,17313,144400000,144400000
0,1444,144400000,144400100,10387,17313,144500000,144500000
0,1445,144500000,144500100,10387,17313,144600000,144600000
0,1446,144600000,144600100,10387,17313,144700000,144700000
0,1447,144700000,144700100,10387,17313,144800000,144800000
0,1448,144800000,144800100,10387,17313,144900000,144900000
0,1449,144900000,144900100,10387,17313,145000000,145000000
0,1450,145000000,145000100,10387,17313,145100000,145100000
0,1451,145100000,145100100,10387,17313,145200000,145200000
0,1452,145200000,145200100,10387,17313,145300000,145300000
0,1453,145300000,145300100,10387,17313,145400000,145400000
0,1454,145400000,145400100,10387,17313,145500000,145500000
0,1455,145500000,145500100,10387,17313,145600000,145600000
0,1456,145600000,145600100,10387,17313,145700000,145700000
0,1457,145700000,145700100,10387,17313,145800000,145800000
0,1458,145800000,145800100,10387,17313,145900000,145900000
0,1459,145900000,145900100,10387,17313,146000000,146000000
0,1460,146000000,146000100,10387,17313,146100000,146100000
0,1461,146100000,146100100,10387,17313,146200000,146200000
0,1462,146200000,146200100,10387,17313,146300000,146300000
0,1463,146300000,146300100,10387,17313,146400000,146400000
0,1464,146400000,146400100,10387,17313,146500000,146500000
0,1465,146500000,146500100,10387,17313,146600000,146600000
0,1466,146600000,146600100,10387,17313,146700000,146700000
0,1467,146700000,146700100,10387,17313,146800000,146800000
0,1468,146800000,146800100,10387,17313,146900000,146900000
0,1469,146900000,146900100,10387,17313,147000000,147000000
0,1470,147000000,147000100,10387,17313,147100000,147100000
0,1471,147100000,147100100,10387,17313,147200000,147200000
0,1472,147200000,147200100,10387,17313,147300000,147300000
0,1473,147300000,147300100,10387,17313,147400000,147400000
0,1474,147400000,147400100,10387,17313,147500000,147500000
0,1475,147500000,147500100,10387,17313,147600000,147600000
0,1476,147600000,147600100,10387,17313,147700000,147700000
0,1477,147700000,147700100,10387,17313,147800000,147800000
0,1478,147800000,147800100,10387,17313,147900000,147900000
0,1479,147900000,147900100,10387,17313,148000000,148000000
0,1480,148000000,148000100,10387,17313,148100000,148100000
0,1481,148100000,148100100,10387,17313,148200000,148200000
0,1482,148200000,148200100,10387,17313,148300000,148300000
0,1483,148300000,148300100,10387,17313,148400000,148400000
0,1484,148400000,148400100,10387,17313,148500000,148500000
0,1485,148500000,148500100,10387,17313,148600000,148600000
0,1486,148600000,148600100,10387,17313,148700000,148700000
0,1487,148700000,148700100,10387,17313,148800000,148800000
0,1488,148800000,148800100,10387,17313,148900000,148900000
0,1489,148900000,148900100,10387,17313,149000000,149000000
0,1490,149000000,149000100,10387,17313,149100000,149100000
0,1491,149100000,149100100,10387,17313,149200000,149200000
0,1492,149200000,149200100,10387,17313,149300000,149300000
0,1493,149300000,149300100,10387,17313,149400000,149400000
0,1494,149400000,149400100,10387,17313,149500000,149500000
0,1495,149500000,149500100,10387,17313,149600000,149600000
0,1496,149600000,149600100,10387,17313,149700000,149700000
0,1497,149700000,149700100,10387,17313,149800000,149800000
0,1498,149800000,149800100,10387,17313,149900000,149900000
0,1499,149900000,149900100,10387,17313,150000000,150000000
0,1500,150000000,150000100,10387,17313,150100000,150100000
0,1501,150100000,150100100,10387,17313,150200000,150200000
0,1502,150200000,150200100,10387,17313,150300000,150300000
0,1503,150300000,150300100,10387,17313,150400000,150400000
0,1504,150400000,150400100,10387,17313,150500000,150500000
0,1505,150500000,150500100,10387,17313,150600000,150600000
0,1506,150600000,150600100,10387,17313,150700000,150700000
0,1507,150700000,150700100,10387,17313,150800000,150800000
0,1508,150800000,150800100,10387,17313,150900000,150900000
0,1509,150900000,150900100,10387,17313,151000000,151000000
0,1510,151000000,151000100,10387,17313,151100000,151100000
0,1511,151100000,151100100,10387,17313,151200000,151200000
0,1512,151200000,151200100,10387,17313,151300000,151300000
0,1513,151300000,151300100,10387,17313,151400000,151400000
0,1514,151400000,151400100,10387,17313,151500000,151500000
0,1515,151500000,151500100,10387,17313,151600000,151600000
0,1516,151600000,151600100,10387,17313,151700000,151700000
0,1517,151700000,151700100,10387,17313,151800000,151800000
0,1518,151800000,151800100,10387,17313,151900000,151900000
0,1519,151900000,151900100,10387,17313,152000000,152000000
0,1520,152000000,152000100,10387,17313,152100000,152100000
0,1521,152100000,152100100,10387,17313,152200000,152200000
0,1522,152200000,152200100,10387,17313,152300000,152300000
0,1523,152300000,152300100,10387,17313,152400000,152400000
0,1524,152400000,152400100,10387,17313,152500000,152500000
0,1525,152500000,152500100,10387,17313,152600000,152600000
0,1526,152600000,152600100,10387,17313,152700000,152700000
0,1527,152700000,152700100,10387,17313,152800000,152800000
0,1528,152800000,152800100,10387,17313,152900000,152900000
0,1529,152900000,152900100,10387,17313,153000000,153000000
0,1530,153000000,153000100,10387,17313,153100000,153100000
0,1531,153100000,153100100,10387,17313,153200000,153200000
0,1532,153200000,153200100,10387,17313,153300000,153300000
0,1533,153300000,153300100,10387,17313,153400000,153400000
0,1534,153400000,153400100,10387,17313,153500000,153500000
0,1535,153500000,153500100,10387,17313,153600000,153600000
0,1536,153600000,153600100,10387,17313,153700000,153700000
0,1537,153700000,153700100,10387,17313,153800000,153800000
0,1538,153800000,153800100,10387,17313,153900000,153900000
0,1539,153900000,153900100,10387,17313,154000000,154000000
0,1540,154000000,154000100,10387,17313,154100000,154100000
0,1541,154100000,154100100,10387,17313,154200000,154200000
0,1542,154200000,154200100,10387,17313,154300000,154300000
0,1543,154300000,154300100,10387,17313,154400000,154400000
0,1544,154400000,154400100,10387,17313,154500000,154500000
0,1545,154500000,154500100,10387,17313,154600000,154600000
0,1546,154600000,154600100,10387,17313,154700000,154700000
0,1547,154700000,154700100,10387,17313,154800000,154800000
0,1548,154800000,154800100,10387,17313,154900000,154900000
0,1549,154900000,154900100,10387,17313,155000000,155000000
0,1550,155000000,155000100,10387,17313,155100000,155100000
0,1551,155100000,155100100,10387,17313,155200000,155200000
0,1552,155200000,155200100,10387,17313,155300000,155300000
0,1553,155300000,155300100,10387,17313,155400000,155400000
0,1554,155400000,155400100,10387,17313,155500000,155500000
0,1555,155500000,155500100,10387,17313,155600000,155600000
0,1556,155600000,155600100,10387,17313,155700000,155700000
0,1557,155700000,155700100,10387,17313,155800000,155800000
0,1558,155800000,155800100,10387,17313,155900000,155900000
0,1559,155900000,155900100,10387,17313,156000000,156000000
0,1560,156000000,156000100,10387,17313,156100000,156100000
0,1561,156100000,156100100,10387,17313,156200000,156200000
0,1562,156200000,156200100,10387,17313,156300000,156300000
0,1563,156300000,156300100,10387,17313,156400000,156400000
0,1564,156400000,156400100,10387,17313,156500000,156500000
0,1565,156500000,156500100,10387,17313,156600000,156600000
0,1566,156600000,156600100,10387,17313,156700000,156700000
0,1567,156700000,156700100,10387,17313,156800000,156800000
0,1568,156800000,156800100,10387,17313,156900000,156900000
0,1569,156900000,156900100,10387,17313,157000000,157000000
0,1570,157000000,157000100,10387,17313,157100000,157100000
0,1571,157100000,157100100,10387,17313,157200000,157200000
0,1572,157200000,157200100,10387,17313,157300000,157300000
0,1573,157300000,157300100,10387,17313,157400000,157400000
0,1574,157400000,157400100,10387,17313,157500000,157500000
0,1575,157500000,157500100,10387,17313,157600000,157600000
0,1576,157600000,157600100,10387,17313,157700000,157700000
0,1577,157700000,157700100,10387,17313,157800000,157800000
0,1578,157800000,157800100,10387,17313,157900000,157900000
0,1579,157900000,157900100,10387,17313,158000000,158000000
0,1580,158000000,158000100,10387,17313,158100000,158100000
0,1581,158100000,158100100,10387,17313,158200000,158200000
0,1582,158200000,158200100,10387,17313,158300000,158300000
0,1583,158300000,158300100,10387,17313,158400000,158400000
0,1584,158400000,158400100,10387,17313,158500000,158500000
0,1585,158500000,158500100,10387,17313,158600000,158600000
0,1586,158600000,158600100,10387,17313,158700000,158700000
0,1587,158700000,158700100,10387,17313,158800000,158800000
0,1588,158800000,158800100,10387,17313,158900000,158900000
0,1589,158900000,158900100,10387,17313,159000000,159000000
0,1590,159000000,159000100,10387,17313,159100000,159100000
0,1591,159100000,159100100,10387,17313,159200000,159200000
0,1592,159200000,159200100,10387,17313,159300000,159300000
0,1593,159300000,159300100,10387,17313,159400000,159400000
0,1594,159400000,159400100,10387,17313,159500000,159500000
0,1595,159500000,159500100,10387,17313,159600000,159600000
0,1596,159600000,159600100,10387,17313,159700000,159700000
0,1597,159700000,159700100,10387,17313,159800000,159800000
0,1598,159800000,159800100,10387,17313,159900000,159900000
0,1599,159900000,159900100,10387,17313,160000000,160000000
0,1600,160000000,160000100,10387,17313,160100000,160100000
0,1601,160100000,160100100,10387,17313,160200000,160200000
0,1602,160200000,160200100,10387,17313,160300000,160300000
0,1603,160300000,160300100,10387,17313,160400000,160400000
0,1604,160400000,160400100,10387,17313,160500000,160500000
0,1605,160500000,160500100,10387,17313,160600000,160600000
0,1606,160600000,160600100,10387,17313,160700000,160700000
0,1607,160700000,160700100,10387,17313,160800000,160800000
0,1608,160800000,160800100,10387,17313,160900000,160900000
0,1609,160900000,160900100,10387,17313,161000000,161000000
0,1610,161000000,161000100,10387,17313,161100000,161100000
0,1611,161100000,161100100,10387,17313,161200000,161200000
0,1612,161200000,161200100,10387,17313,161300000,161300000
0,1613,161300000,161300100,10387,17313,161400000,161400000
0,1614,161400000,161400100,10387,17313,161500000,161500000
0,1615,161500000,161500100,10387,17313,161600000,161600000
0,1616,161600000,161600100,10387,17313,161700000,161700000
0,1617,161700000,161700100,10387,17313,161800000,161800000
0,1618,161800000,161800100,10387,17313,161900000,161900000
0,1619,161900000,161900100,10387,17313,162000000,162000000
0,1620,162000000,162000100,10387,17313,162100000,162100000
0,1621,162100000,162100100,10387,17313,162200000,162200000
0,1622,162200000,162200100,10387,17313,162300000,162300000
0,1623,162300000,162300100,10387,17313,162400000,162400000
0,1624,162400000,162400100,10387,17313,162500000,162500000
0,1625,162500000,162500100,10387,17313,162600000,162600000
0,1626,162600000,162600100,10387,17313,162700000,162700000
0,1627,162700000,162700100,10387,17313,162800000,162800000
0,1628,162800000,162800100,10387,17313,162900000,162900000
0,1629,162900000,162900100,10387,17313,163000000,163000000
0,1630,163000000,163000100,10387,17313,163100000,163100000
0,1631,163100000,163100100,10387,17313,163200000,163200000
0,1632,163200000,163200100,10387,17313,163300000,163300000
0,1633,163300000,163300100,10387,17313,163400000,163400000
0,1634,163400000,163400100,10387,17313,163500000,163500000
0,1635,163500000,163500100,10387,17313,163600000,163600000
0,1636,163600000,163600100,10387,17313,163700000,163700000
0,1637,163700000,163700100,10387,17313,163800000,163800000
0,1638,163800000,163800100,10387,17313,163900000,163900000
0,1639,163900000,163900100,10387,17313,164000000,164000000
0,1640,164000000,164000100,10387,17313,164100000,164100000
0,1641,164100000,164100100,10387,17313,164200000,164200000
0,1642,164200000,164200100,10387,17313,164300000,164300000
0,1643,164300000,164300100,10387,17313,164400000,164400000
0,1644,164400000,164400100,10387,17313,164500000,164500000
0,1645,164500000,164500100,10387,17313,164600000,164600000
0,1646,164600000,164600100,10387,17313,164700000,164700000
0,1647,164700000,164700100,10387,17313,164800000,164800000
0,1648,164800000,164800100,10387,17313,164900000,164900000
0,1649,164900000,164900100,10387,17313,165000000,165000000
0,1650,165000000,165000100,10387,17313,165100000,165100000
0,1651,165100000,165100100,10387,17313,165200000,165200000
0,1652,165200000,165200100,10387,17313,165300000,165300000
0,1653,165300000,165300100,10387,17313,165400000,165400000
0,1654,165400000,165400100,10387,17313,165500000,165500000
0,1655,165500000,165500100,10387,17313,165600000,165600000
0,1656,165600000,165600100,10387,17313,165700000,165700000
0,1657,165700000,165700100,10387,17313,165800000,165800000
0,1658,165800000,165800100,10387,17313,165900000,165900000
0,1659,165900000,165900100,10387,17313,166000000,166000000
0,1660,166000000,166000100,10387,17313,166100000,166100000
0,1661,166100000,166100100,10387,17313,166200000,166200000
0,1662,166200000,166200100,10387,17313,166300000,166300000
0,1663,166300000,166300100,10387,17313,166400000,166400000
0,1664,166400000,166400100,10387,17313,166500000,166500000
0,1665,166500000,166500100,10387,17313,166600000,166600000
0,1666,166600000,166600100,10387,17313,166700000,166700000
0,1667,166700000,166700100,10387,17313,166800000,166800000
0,1668,166800000,166800100,10387,17313,166900000,166900000
0,1669,166900000,166900100,10387,17313,167000000,167000000
0,1670,167000000,167000100,10387,17313,167100000,167100000
0,1671,167100000,167100100,10387,17313,167200000,167200000
0,1672,167200000,167200100,10387,17313,167300000,167300000
0,1673,167300000,167300100,10387,17313,167400000,167400000
0,1674,167400000,167400100,10387,17313,167500000,167500000
0,1675,167500000,167500100,10387,17313,167600000,167600000
0,1676,167600000,167600100,10387,17313,167700000,167700000
0,1677,167700000,167700100,10387,17313,167800000,167800000
0,1678,167800000,167800100,10387,17313,167900000,167900000
0,1679,167900000,167900100,10387,17313,168000000,168000000
0,1680,168000000,168000100,10387,17313,168100000,168100000
0,1681,168100000,168100100,10387,17313,168200000,168200000
0,1682,168200000,168200100,10387,17313,168300000,168300000
0,1683,168300000,168300100,10387,17313,168400000,168400000
0,1684,168400000,168400100,10387,17313,168500000,168500000
0,1685,168500000,168500100,10387,17313,168600000,168600000
0,1686,168600000,168600100,10387,17313,168700000,168700000
0,1687,168700000,168700100,10387,17313,168800000,168800000
0,1688,168800000,168800100,10387,17313,168900000,168900000
0,1689,168900000,168900100,10387,17313,169000000,169000000
0,1690,169000000,169000100,10387,17313,169100000,169100000
0,1691,169100000,169100100,10387,17313,169200000,169200000
0,1692,169200000,169200100,10387,17313,169300000,169300000
0,1693,169300000,169300100,10387,17313,169400000,169400000
0,1694,169400000,169400100,10387,17313,169500000,169500000
0,1695,169500000,169500100,10387,17313,169600000,169600000
0,1696,169600000,169600100,10387,17313,169700000,169700000
0,1697,169700000,169700100,10387,17313,169800000,169800000
0,1698,169800000,169800100,10387,17313,169900000,169900000
0,1699,169900000,169900100,10387,17313,170000000,170000000
0,1700,170000000,170000100,10387,17313,170100000,170100000
0,1701,170100000,170100100,10387,17313,170200000,170200000
0,1702,170200000,170200100,10387,17313,170300000,170300000
0,1703,170300000,170300100,10387,17313,170400000,170400000
0,1704,170400000,170400100,10387,17313,170500000,170500000
0,1705,170500000,170500100,10387,17313,170600000,170600000
0,1706,170600000,170600100,10387,17313,170700000,170700000
0,1707,170700000,170700100,10387,17313,170800000,170800000
0,1708,170800000,170800100,10387,17313,170900000,170900000
0,1709,170900000,170900100,10387,17313,171000000,171000000
0,1710,171000000,171000100,10387,17313,171100000,171100000
0,1711,171100000,171100100,10387,17313,171200000,171200000
0,1712,171200000,171200100,10387,17313,171300000,171300000
0,1713,171300000,171300100,10387,17313,171400000,171400000
0,1714,171400000,171400100,10387,17313,171500000,171500000
0,1715,171500000,171500100,10387,17313,171600000,171600000
0,1716,171600000,171600100,10387,17313,171700000,171700000
0,1717,171700000,171700100,10387,17313,171800000,171800000
0,1718,171800000,171800100,10387,17313,171900000,171900000
0,1719,171900000,171900100,10387,17313,172000000,172000000
0,1720,172000000,172000100,10387,17313,172100000,172100000
0,1721,172100000,172100100,10387,17313,172200000,172200000
0,1722,172200000,172200100,10387,17313,172300000,172300000
0,1723,172300000,172300100,10387,17313,172400000,172400000
0,1724,172400000,172400100,10387,17313,172500000,172500000
0,1725,172500000,172500100,10387,17313,172600000,172600000
0,1726,172600000,172600100,10387,17313,172700000,172700000
0,1727,172700000,172700100,10387,17313,172800000,172800000
0,1728,172800000,172800100,10387,17313,172900000,172900000
0,1729,172900000,172900100,10387,17313,173000000,173000000
0,1730,173000000,173000100,10387,17313,173100000,173100000
0,1731,173100000,173100100,10387,17313,173200000,173200000
0,1732,173200000,173200100,10387,17313,173300000,173300000
0,1733,173300000,173300100,10387,17313,173400000,173400000
0,1734,173400000,173400100,10387,17313,173500000,173500000
0,1735,173500000,173500100,10387,17313,173600000,173600000
0,1736,173600000,173600100,10387,17313,173700000,173700000
0,1737,173700000,173700100,10387,17313,173800000,173800000
0,1738,173800000,173800100,10387,17313,173900000,173900000
0,1739,173900000,173900100,10387,17313,174000000,174000000
0,1740,174000000,174000100,10387,17313,174100000,174100000
0,1741,174100000,174100100,10387,17313,174200000,174200000
0,1742,174200000,174200100,10387,17313,174300000,174300000
0,1743,174300000,174300100,10387,17313,174400000,174400000
0,1744,174400000,174400100,10387,17313,174500000,174500000
0,1745,174500000,174500100,10387,17313,174600000,174600000
0,1746,174600000,174600100,10387,17313,174700000,174700000
0,1747,174700000,174700100,10387,17313,174800000,174800000
0,1748,174800000,174800100,10387,17313,174900000,174900000
0,1749,174900000,174900100,10387,17313,175000000,175000000
0,1750,175000000,175000100,10387,17313,175100000,175100000
0,1751,175100000,175100100,10387,17313,175200000,175200000
0,1752,175200000,175200100,10387,17313,175300000,175300000
0,1753,175300000,175300100,10387,17313,175400000,175400000
0,1754,175400000,175400100,10387,17313,175500000,175500000
0,1755,175500000,175500100,10387,17313,175600000,175600000
0,1756,175600000,175600100,10387,17313,175700000,175700000
0,1757,175700000,175700100,10387,17313,175800000,175800000
0,1758,175800000,175800100,10387,17313,175900000,175900000
0,1759,175900000,175900100,10387,17313,176000000,176000000
0,1760,176000000,176000100,10387,17313,176100000,176100000
0,1761,176100000,176100100,10387,17313,176200000,176200000
0,1762,176200000,176200100,10387,17313,176300000,176300000
0,1763,176300000,176300100,10387,17313,176400000,176400000
0,1764,176400000,176400100,10387,17313,176500000,176500000
0,1765,176500000,176500100,10387,17313,176600000,176600000
0,1766,176600000,176600100,10387,17313,176700000,176700000
0,1767,176700000,176700100,10387,17313,176800000,176800000
0,1768,176800000,176800100,10387,17313,176900000,176900000
0,1769,176900000,176900100,10387,17313,177000000,177000000
0,1770,177000000,177000100,10387,17313,177100000,177100000
0,1771,177100000,177100100,10387,17313,177200000,177200000
0,1772,177200000,177200100,10387,17313,177300000,177300000
0,1773,177300000,177300100,10387,17313,177400000,177400000
0,1774,177400000,177400100,10387,17313,177500000,177500000
0,1775,177500000,177500100,10387,17313,177600000,177600000
0,1776,177600000,177600100,10387,17313,177700000,177700000
0,1777,177700000,177700100,10387,17313,177800000,177800000
0,1778,177800000,177800100,10387,17313,177900000,177900000
0,1779,177900000,177900100,10387,17313,178000000,178000000
0,1780,178000000,178000100,10387,17313,178100000,178100000
0,1781,178100000,178100100,10387,17313,178200000,178200000
0,1782,178200000,178200100,10387,17313,178300000,178300000
0,1783,178300000,178300100,10387,17313,178400000,178400000
0,1784,178400000,178400100,10387,17313,178500000,178500000
0,1785,178500000,178500100,10387,17313,178600000,178600000
0,1786,178600000,178600100,10387,17313,178700000,178700000
0,1787,178700000,178700100,10387,17313,178800000,178800000
0,1788,178800000,178800100,10387,17313,178900000,178900000
0,1789,178900000,178900100,10387,17313,179000000,179000000
0,1790,179000000,179000100,10387,17313,179100000,179100000
0,1791,179100000,179100100,10387,17313,179200000,179200000
0,1792,179200000,179200100,10387,17313,179300000,179300000
0,1793,179300000,179300100,10387,17313,179400000,179400000
0,1794,179400000,179400100,10387,17313,179500000,179500000
0,1795,179500000,179500100,10387,17313,179600000,179600000
0,1796,179600000,179600100,10387,17313,179700000,179700000
0,1797,179700000,179700100,10387,17313,179800000,179800000
0,1798,179800000,179800100,10387,17313,179900000,179900000
0,1799,179900000,179900100,10387,17313,180000000,180000000
0,1800,180000000,180000100,10387,17313,180100000,180100000
0,1801,180100000,180100100,10387,17313,180200000,180200000
0,1802,180200000,180200100,10387,17313,180300000,180300000
0,1803,180300000,180300100,10387,17313,180400000,180400000
0,1804,180400000,180400100,10387,17313,180500000,180500000
0,1805,180500000,180500100,10387,17313,180600000,180600000
0,1806,180600000,180600100,10387,17313,180700000,180700000
0,1807,180700000,180700100,10387,17313,180800000,180800000
0,1808,180800000,180800100,10387,17313,180900000,180900000
0,1809,180900000,180900100,10387,17313,181000000,181000000
0,1810,181000000,181000100,10387,17313,181100000,181100000
0,1811,181100000,181100100,10387,17313,181200000,181200000
0,1812,181200000,181200100,10387,17313,181300000,181300000
0,1813,181300000,181300100,10387,17313,181400000,181400000
0,1814,181400000,181400100,10387,17313,181500000,181500000
0,1815,181500000,181500100,10387,17313,181600000,181600000
0,1816,181600000,181600100,10387,17313,181700000,181700000
0,1817,181700000,181700100,10387,17313,181800000,181800000
0,1818,181800000,181800100,10387,17313,181900000,181900000
0,1819,181900000,181900100,10387,17313,182000000,182000000
0,1820,182000000,182000100,10387,17313,182100000,182100000
0,1821,182100000,182100100,10387,17313,182200000,182200000
0,1822,182200000,182200100,10387,17313,182300000,182300000
0,1823,182300000,182300100,10387,17313,182400000,182400000
0,1824,182400000,182400100,10387,17313,182500000,182500000
0,1825,182500000,182500100,10387,17313,182600000,182600000
0,1826,182600000,182600100,10387,17313,182700000,182700000
0,1827,182700000,182700100,10387,17313,182800000,182800000
0,1828,182800000,182800100,10387,17313,182900000,182900000
0,1829,182900000,182900100,10387,17313,183000000,183000000
0,1830,183000000,183000100,10387,17313,183100000,183100000
0,1831,183100000,183100100,10387,17313,183200000,183200000
0,1832,183200000,183200100,10387,17313,183300000,183300000
0,1833,183300000,183300100,10387,17313,183400000,183400000
0,1834,183400000,183400100,10387,17313,183500000,183500000
0,1835,183500000,183500100,10387,17313,183600000,183600000
0,1836,183600000,183600100,10387,17313,183700000,183700000
0,1837,183700000,183700100,10387,17313,183800000,183800000
0,1838,183800000,183800100,10387,17313,183900000,183900000
0,1839,183900000,183900100,10387,17313,184000000,184000000
0,1840,184000000,184000100,10387,17313,184100000,184100000
0,1841,184100000,184100100,10387,17313,184200000,184200000
0,1842,184200000,184200100,10387,17313,184300000,184300000
0,1843,184300000,184300100,10387,17313,184400000,184400000
0,1844,184400000,184400100,10387,17313,184500000,184500000
0,1845,184500000,184500100,10387,17313,184600000,184600000
0,1846,184600000,184600100,10387,17313,184700000,184700000
0,1847,184700000,184700100,10387,17313,184800000,184800000
0,1848,184800000,184800100,10387,17313,184900000,184900000
0,1849,184900000,184900100,10387,17313,185000000,185000000
0,1850,185000000,185000100,10387,17313,185100000,185100000
0,1851,185100000,185100100,10387,17313,185200000,185200000
0,1852,185200000,185200100,10387,17313,185300000,185300000
0,1853,185300000,185300100,10387,17313,185400000,185400000
0,1854,185400000,185400100,10387,17313,185500000,185500000
0,1855,185500000,185500100,10387,17313,185600000,185600000
0,1856,185600000,185600100,10387,17313,185700000,185700000
0,1857,185700000,185700100,10387,17313,185800000,185800000
0,1858,185800000,185800100,10387,17313,185900000,185900000
0,1859,185900000,185900100,10387,17313,186000000,186000000
0,1860,186000000,186000100,10387,17313,186100000,186100000
0,1861,186100000,186100100,10387,17313,186200000,186200000
0,1862,186200000,186200100,10387,17313,186300000,186300000
0,1863,186300000,186300100,10387,17313,186400000,186400000
0,1864,186400000,186400100,10387,17313,186500000,186500000
0,1865,186500000,186500100,10387,17313,186600000,186600000
0,1866,186600000,186600100,10387,17313,186700000,186700000
0,1867,186700000,186700100,10387,17313,186800000,186800000
0,1868,186800000,186800100,10387,17313,186900000,186900000
0,1869,186900000,186900100,10387,17313,187000000,187000000
0,1870,187000000,187000100,10387,17313,187100000,187100000
0,1871,187100000,187100100,10387,17313,187200000,187200000
0,1872,187200000,187200100,10387,17313,187300000,187300000
0,1873,187300000,187300100,10387,17313,187400000,187400000
0,1874,187400000,187400100,10387,17313,187500000,187500000
0,1875,187500000,187500100,10387,17313,187600000,187600000
0,1876,187600000,187600100,10387,17313,187700000,187700000
0,1877,187700000,187700100,10387,17313,187800000,187800000
0,1878,187800000,187800100,10387,17313,187900000,187900000
0,1879,187900000,187900100,10387,17313,188000000,188000000
0,1880,188000000,188000100,10387,17313,188100000,188100000
0,1881,188100000,188100100,10387,17313,188200000,188200000
0,1882,188200000,188200100,10387,17313,188300000,188300000
0,1883,188300000,188300100,10387,17313,188400000,188400000
0,1884,188400000,188400100,10387,17313,188500000,188500000
0,1885,188500000,188500100,10387,17313,188600000,188600000
0,1886,188600000,188600100,10387,17313,188700000,188700000
0,1887,188700000,188700100,10387,17313,188800000,188800000
0,1888,188800000,188800100,10387,17313,188900000,188900000
0,1889,188900000,188900100,10387,17313,189000000,189000000
0,1890,189000000,189000100,10387,17313,189100000,189100000
0,1891,189100000,189100100,10387,17313,189200000,189200000
0,1892,189200000,189200100,10387,17313,189300000,189300000
0,1893,189300000,189300100,10387,17313,189400000,189400000
0,1894,189400000,189400100,10387,17313,189500000,189500000
0,1895,189500000,189500100,10387,17313,189600000,189600000
0,1896,189600000,189600100,10387,17313,189700000,189700000
0,1897,189700000,189700100,10387,17313,189800000,189800000
0,1898,189800000,189800100,10387,17313,189900000,189900000
0,1899,189900000,189900100,10387,17313,190000000,190000000
0,1900,190000000,190000100,10387,17313,190100000,190100000
0,1901,190100000,190100100,10387,17313,190200000,190200000
0,1902,190200000,190200100,10387,17313,190300000,190300000
0,1903,190300000,190300100,10387,17313,190400000,190400000
0,1904,190400000,190400100,10387,17313,190500000,190500000
0,1905,190500000,190500100,10387,17313,190600000,190600000
0,1906,190600000,190600100,10387,17313,190700000,190700000
0,1907,190700000,190700100,10387,17313,190800000,190800000
0,1908,190800000,190800100,10387,17313,190900000,190900000
0,1909,190900000,190900100,10387,17313,191000000,191000000
0,1910,191000000,191000100,10387,17313,191100000,191100000
0,1911,191100000,191100100,10387,17313,191200000,191200000
0,1912,191200000,191200100,10387,17313,191300000,191300000
0,1913,191300000,191300100,10387,17313,191400000,191400000
0,1914,191400000,191400100,10387,17313,191500000,191500000
0,1915,191500000,191500100,10387,17313,191600000,191600000
0,1916,191600000,191600100,10387,17313,191700000,191700000
0,1917,191700000,191700100,10387,17313,191800000,191800000
0,1918,191800000,191800100,10387,17313,191900000,191900000
0,1919,191900000,191900100,10387,17313,192000000,192000000
0,1920,192000000,192000100,10387,17313,192100000,192100000
0,1921,192100000,192100100,10387,17313,192200000,192200000
0,1922,192200000,192200100,10387,17313,192300000,192300000
0,1923,192300000,192300100,10387,17313,192400000,192400000
0,1924,192400000,192400100,10387,17313,192500000,192500000
0,1925,192500000,192500100,10387,17313,192600000,192600000
0,1926,192600000,192600100,10387,17313,192700000,192700000
0,1927,192700000,192700100,10387,17313,192800000,192800000
0,1928,192800000,192800100,10387,17313,192900000,192900000
0,1929,192900000,192900100,10387,17313,193000000,193000000
0,1930,193000000,193000100,10387,17313,193100000,193100000
0,1931,193100000,193100100,10387,17313,193200000,193200000
0,1932,193200000,193200100,10387,17313,193300000,193300000
0,1933,193300000,193300100,10387,17313,193400000,193400000
0,1934,193400000,193400100,10387,17313,193500000,193500000
0,1935,193500000,193500100,10387,17313,193600000,193600000
0,1936,193600000,193600100,10387,17313,193700000,193700000
0,1937,193700000,193700100,10387,17313,193800000,193800000
0,1938,193800000,193800100,10387,17313,193900000,193900000
0,1939,193900000,193900100,10387,17313,194000000,194000000
0,1940,194000000,194000100,10387,17313,194100000,194100000
0,1941,194100000,194100100,10387,17313,194200000,194200000
0,1942,194200000,194200100,10387,17313,194300000,194300000
0,1943,194300000,194300100,10387,17313,194400000,194400000
0,1944,194400000,194400100,10387,17313,194500000,194500000
0,1945,194500000,194500100,10387,17313,194600000,194600000
0,1946,194600000,194600100,10387,17313,194700000,194700000
0,1947,194700000,194700100,10387,17313,194800000,194800000
0,1948,194800000,194800100,10387,17313,194900000,194900000
0,1949,194900000,194900100,10387,17313,195000000,195000000
0,1950,195000000,195000100,10387,17313,195100000,195100000
0,1951,195100000,195100100,10387,17313,195200000,195200000
0,1952,195200000,195200100,10387,17313,195300000,195300000
0,1953,195300000,195300100,10387,17313,195400000,195400000
0,1954,195400000,195400100,10387,17313,195500000,195500000
0,1955,195500000,195500100,10387,17313,195600000,195600000
0,1956,195600000,195600100,10387,17313,195700000,195700000
0,1957,195700000,195700100,10387,17313,195800000,195800000
0,1958,195800000,195800100,10387,17313,195900000,195900000
0,1959,195900000,195900100,10387,17313,196000000,196000000
0,1960,196000000,196000100,10387,17313,196100000,196100000
0,1961,196100000,196100100,10387,17313,196200000,196200000
0,1962,196200000,196200100,10387,17313,196300000,196300000
0,1963,196300000,196300100,10387,17313,196400000,196400000
0,1964,196400000,196400100,10387,17313,196500000,196500000
0,1965,196500000,196500100,10387,17313,196600000,196600000
0,1966,196600000,196600100,10387,17313,196700000,196700000
0,1967,196700000,196700100,10387,17313,196800000,196800000
0,1968,196800000,196800100,10387,17313,196900000,196900000
0,1969,196900000,196900100,10387,17313,197000000,197000000
0,1970,197000000,197000100,10387,17313,197100000,197100000
0,1971,197100000,197100100,10387,17313,197200000,197200000
0,1972,197200000,197200100,10387,17313,197300000,197300000
0,1973,197300000,197300100,10387,17313,197400000,197400000
0,1974,197400000,197400100,10387,17313,197500000,197500000
0,1975,197500000,197500100,10387,17313,197600000,197600000
0,1976,197600000,197600100,10387,17313,197700000,197700000
0,1977,197700000,197700100,10387,17313,197800000,197800000
0,1978,197800000,197800100,10387,17313,197900000,197900000
0,1979,197900000,197900100,10387,17313,198000000,198000000
0,1980,198000000,198000100,10387,17313,198100000,198100000
0,1981,198100000,198100100,10387,17313,198200000,198200000
0,1982,198200000,198200100,10387,17313,198300000,198300000
0,1983,198300000,198300100,10387,17313,198400000,198400000
0,1984,198400000,198400100,10387,17313,198500000,198500000
0,1985,198500000,198500100,10387,17313,198600000,198600000
0,1986,198600000,198600100,10387,17313,198700000,198700000
0,1987,198700000,198700100,10387,17313,198800000,198800000
0,1988,198800000,198800100,10387,17313,198900000,198900000
0,1989,198900000,198900100,10387,17313,199000000,199000000
0,1990,199000000,199000100,10387,17313,199100000,199100000
0,1991,199100000,199100100,10387,17313,199200000,199200000
0,1992,199200000,199200100,10387,17313,199300000,199300000
0,1993,199300000,199300100,10387,17313,199400000,199400000
0,1994,199400000,199400100,10387,17313,199500000,199500000
0,1995,199500000,199500100,10387,17313,199600000,199600000
0,1996,199600000,199600100,10387,17313,199700000,199700000
0,1997,199700000,199700100,10387,17313,199800000,199800000
0,1998,199800000,199800100,10387,17313,199900000,199900000
0,1999,199900000,199900100,10387,17313,200000000,200000000
0,2000,200000000,200000100,10387,17313,200100000,200100000
0,2001,200100000,200100100,10387,17313,200200000,200200000
0,2002,200200000,200200100,10387,17313,200300000,200300000
0,2003,200300000,200300100,10387,17313,200400000,200400000
0,2004,200400000,200400100,10387,17313,200500000,200500000
0,2005,200500000,200500100,10387,17313,200600000,200600000
0,2006,200600000,200600100,10387,17313,200700000,200700000
0,2007,200700000,200700100,10387,17313,200800000,200800000
0,2008,200800000,200800100,10387,17313,200900000,200900000
0,2009,200900000,200900100,10387,17313,201000000,201000000
0,2010,201000000,201000100,10387,17313,201100000,201100000
0,2011,201100000,201100100,10387,17313,201200000,201200000
0,2012,201200000,201200100,10387,17313,201300000,201300000
0,2013,201300000,201300100,10387,17313,201400000,201400000
0,2014,201400000,201400100,10387,17313,201500000,201500000
0,2015,201500000,201500100,10387,17313,201600000,201600000
0,2016,201600000,201600100,10387,17313,201700000,201700000
0,2017,201700000,201700100,10387,17313,201800000,201800000
0,2018,201800000,201800100,10387,17313,201900000,201900000
0,2019,201900000,201900100,10387,17313,202000000,202000000
0,2020,202000000,202000100,10387,17313,202100000,202100000
0,2021,202100000,202100100,10387,17313,202200000,202200000
0,2022,202200000,202200100,10387,17313,202300000,202300000
0,2023,202300000,202300100,10387,17313,202400000,202400000
0,2024,202400000,202400100,10387,17313,202500000,202500000
0,2025,202500000,202500100,10387,17313,202600000,202600000
0,2026,202600000,202600100,10387,17313,202700000,202700000
0,2027,202700000,202700100,10387,17313,202800000,202800000
0,2028,202800000,202800100,10387,17313,202900000,202900000
0,2029,202900000,202900100,10387,17313,203000000,203000000
0,2030,203000000,203000100,10387,17313,203100000,203100000
0,2031,203100000,203100100,10387,17313,203200000,203200000
0,2032,203200000,203200100,10387,17313,203300000,203300000
0,2033,203300000,203300100,10387,17313,203400000,203400000
0,2034,203400000,203400100,10387,17313,203500000,203500000
0,2035,203500000,203500100,10387,17313,203600000,203600000
0,2036,203600000,203600100,10387,17313,203700000,203700000
0,2037,203700000,203700100,10387,17313,203800000,203800000
0,2038,203800000,203800100,10387,17313,203900000,203900000
0,2039,203900000,203900100,10387,17313,204000000,204000000
0,2040,204000000,204000100,10387,17313,204100000,204100000
0,2041,204100000,204100100,10387,17313,204200000,204200000
0,2042,204200000,204200100,10387,17313,204300000,204300000
0,2043,204300000,204300100,10387,17313,204400000,204400000
0,2044,204400000,204400100,10387,17313,204500000,204500000
0,2045,204500000,204500100,10387,17313,204600000,204600000
0,2046,204600000,204600100,10387,17313,204700000,204700000
0,2047,204700000,204700100,10387,17313,204800000,204800000
0,2048,204800000,204800100,10387,17313,204900000,204900000
0,2049,204900000,204900100,10387,17313,205000000,205000000
0,2050,205000000,205000100,10387,17313,205100000,205100000
0,2051,205100000,205100100,10387,17313,205200000,205200000
0,2052,205200000,205200100,10387,17313,205300000,205300000
0,2053,205300000,205300100,10387,17313,205400000,205400000
0,2054,205400000,205400100,10387,17313,205500000,205500000
0,2055,205500000,205500100,10387,17313,205600000,205600000
0,2056,205600000,205600100,10387,17313,205700000,205700000
0,2057,205700000,205700100,10387,17313,205800000,205800000
0,2058,205800000,205800100,10387,17313,205900000,205900000
0,2059,205900000,205900100,10387,17313,206000000,206000000
0,2060,206000000,206000100,10387,17313,206100000,206100000
0,2061,206100000,206100100,10387,17313,206200000,206200000
0,2062,206200000,206200100,10387,17313,206300000,206300000
0,2063,206300000,206300100,10387,17313,206400000,206400000
0,2064,206400000,206400100,10387,17313,206500000,206500000
0,2065,206500000,206500100,10387,17313,206600000,206600000
0,2066,206600000,206600100,10387,17313,206700000,206700000
0,2067,206700000,206700100,10387,17313,206800000,206800000
0,2068,206800000,206800100,10387,17313,206900000,206900000
0,2069,206900000,206900100,10387,17313,207000000,207000000
0,2070,207000000,207000100,10387,17313,207100000,207100000
0,2071,207100000,207100100,10387,17313,207200000,207200000
0,2072,207200000,207200100,10387,17313,207300000,207300000
0,2073,207300000,207300100,10387,17313,207400000,207400000
0,2074,207400000,207400100,10387,17313,207500000,207500000
0,2075,207500000,207500100,10387,17313,207600000,207600000
0,2076,207600000,207600100,10387,17313,207700000,207700000
0,2077,207700000,207700100,10387,17313,207800000,207800000
0,2078,207800000,207800100,10387,17313,207900000,207900000
0,2079,207900000,207900100,10387,17313,208000000,208000000
0,2080,208000000,208000100,10387,17313,208100000,208100000
0,2081,208100000,208100100,10387,17313,208200000,208200000
0,2082,208200000,208200100,10387,17313,208300000,208300000
0,2083,208300000,208300100,10387,17313,208400000,208400000
0,2084,208400000,208400100,10387,17313,208500000,208500000
0,2085,208500000,208500100,10387,17313,208600000,208600000
0,2086,208600000,208600100,10387,17313,208700000,208700000
0,2087,208700000,208700100,10387,17313,208800000,208800000
0,2088,208800000,208800100,10387,17313,208900000,208900000
0,2089,208900000,208900100,10387,17313,209000000,209000000
0,2090,209000000,209000100,10387,17313,209100000,209100000
0,2091,209100000,209100100,10387,17313,209200000,209200000
0,2092,209200000,209200100,10387,17313,209300000,209300000
0,2093,209300000,209300100,10387,17313,209400000,209400000
0,2094,209400000,209400100,10387,17313,209500000,209500000
0,2095,209500000,209500100,10387,17313,209600000,209600000
0,2096,209600000,209600100,10387,17313,209700000,209700000
0,2097,209700000,209700100,10387,17313,209800000,209800000
0,2098,209800000,209800100,10387,17313,209900000,209900000
0,2099,209900000,209900100,10387,17313,210000000,210000000
0,2100,210000000,210000100,10387,17313,210100000,210100000
0,2101,210100000,210100100,10387,17313,210200000,210200000
0,2102,210200000,210200100,10387,17313,210300000,210300000
0,2103,210300000,210300100,10387,17313,210400000,210400000
0,2104,210400000,210400100,10387,17313,210500000,210500000
0,2105,210500000,210500100,10387,17313,210600000,210600000
0,2106,210600000,210600100,10387,17313,210700000,210700000
0,2107,210700000,210700100,10387,17313,210800000,210800000
0,2108,210800000,210800100,10387,17313,210900000,210900000
0,2109,210900000,210900100,10387,17313,211000000,211000000
0,2110,211000000,211000100,10387,17313,211100000,211100000
0,2111,211100000,211100100,10387,17313,211200000,211200000
0,2112,211200000,211200100,10387,17313,211300000,211300000
0,2113,211300000,211300100,10387,17313,211400000,211400000
0,2114,211400000,211400100,10387,17313,211500000,211500000
0,2115,211500000,211500100,10387,17313,211600000,211600000
0,2116,211600000,211600100,10387,17313,211700000,211700000
0,2117,211700000,211700100,10387,17313,211800000,211800000
0,2118,211800000,211800100,10387,17313,211900000,211900000
0,2119,211900000,211900100,10387,17313,212000000,212000000
0,2120,212000000,212000100,10387,17313,212100000,212100000
0,2121,212100000,212100100,10387,17313,212200000,212200000
0,2122,212200000,212200100,10387,17313,212300000,212300000
0,2123,212300000,212300100,10387,17313,212400000,212400000
0,2124,212400000,212400100,10387,17313,212500000,212500000
0,2125,212500000,212500100,10387,17313,212600000,212600000
0,2126,212600000,212600100,10387,17313,212700000,212700000
0,2127,212700000,212700100,10387,17313,212800000,212800000
0,2128,212800000,212800100,10387,17313,212900000,212900000
0,2129,212900000,212900100,10387,17313,213000000,213000000
0,2130,213000000,213000100,10387,17313,213100000,213100000
0,2131,213100000,213100100,10387,17313,213200000,213200000
0,2132,213200000,213200100,10387,17313,213300000,213300000
0,2133,213300000,213300100,10387,17313,213400000,213400000
0,2134,213400000,213400100,10387,17313,213500000,213500000
0,2135,213500000,213500100,10387,17313,213600000,213600000
0,2136,213600000,213600100,10387,17313,213700000,213700000
0,2137,213700000,213700100,10387,17313,213800000,213800000
0,2138,213800000,213800100,10387,17313,213900000,213900000
0,2139,213900000,213900100,10387,17313,214000000,214000000
0,2140,214000000,214000100,10387,17313,214100000,214100000
0,2141,214100000,214100100,10387,17313,214200000,214200000
0,2142,214200000,214200100,10387,17313,214300000,214300000
0,2143,214300000,214300100,10387,17313,214400000,214400000
0,2144,214400000,214400100,10387,17313,214500000,214500000
0,2145,214500000,214500100,10387,17313,214600000,214600000
0,2146,214600000,214600100,10387,17313,214700000,214700000
0,2147,214700000,214700100,10387,17313,214800000,214800000
0,2148,214800000,214800100,10387,17313,214900000,214900000
0,2149,214900000,214900100,10387,17313,215000000,215000000
0,2150,215000000,215000100,10387,17313,215100000,215100000
0,2151,215100000,215100100,10387,17313,215200000,215200000
0,2152,215200000,215200100,10387,17313,215300000,215300000
0,2153,215300000,215300100,10387,17313,215400000,215400000
0,2154,215400000,215400100,10387,17313,215500000,215500000
0,2155,215500000,215500100,10387,17313,215600000,215600000
0,2156,215600000,215600100,10387,17313,215700000,215700000
0,2157,215700000,215700100,10387,17313,215800000,215800000
0,2158,215800000,215800100,10387,17313,215900000,215900000
0,2159,215900000,215900100,10387,17313,216000000,216000000
0,2160,216000000,216000100,10387,17313,216100000,216100000
0,2161,216100000,216100100,10387,17313,216200000,216200000
0,2162,216200000,216200100,10387,17313,216300000,216300000
0,2163,216300000,216300100,10387,17313,216400000,216400000
0,2164,216400000,216400100,10387,17313,216500000,216500000
0,2165,216500000,216500100,10387,17313,216600000,216600000
0,2166,216600000,216600100,10387,17313,216700000,216700000
0,2167,216700000,216700100,10387,17313,216800000,216800000
0,2168,216800000,216800100,10387,17313,216900000,216900000
0,2169,216900000,216900100,10387,17313,217000000,217000000
0,2170,217000000,217000100,10387,17313,217100000,217100000
0,2171,217100000,217100100,10387,17313,217200000,217200000
0,2172,217200000,217200100,10387,17313,217300000,217300000
0,2173,217300000,217300100,10387,17313,217400000,217400000
0,2174,217400000,217400100,10387,17313,217500000,217500000
0,2175,217500000,217500100,10387,17313,217600000,217600000
0,2176,217600000,217600100,10387,17313,217700000,217700000
0,2177,217700000,217700100,10387,17313,217800000,217800000
0,2178,217800000,217800100,10387,17313,217900000,217900000
0,2179,217900000,217900100,10387,17313,218000000,218000000
0,2180,218000000,218000100,10387,17313,218100000,218100000
0,2181,218100000,218100100,10387,17313,218200000,218200000
0,2182,218200000,218200100,10387,17313,218300000,218300000
0,2183,218300000,218300100,10387,17313,218400000,218400000
0,2184,218400000,218400100,10387,17313,218500000,218500000
0,2185,218500000,218500100,10387,17313,218600000,218600000
0,2186,218600000,218600100,10387,17313,218700000,218700000
0,2187,218700000,218700100,10387,17313,218800000,218800000
0,2188,218800000,218800100,10387,17313,218900000,218900000
0,2189,218900000,218900100,10387,17313,219000000,219000000
0,2190,219000000,219000100,10387,17313,219100000,219100000
0,2191,219100000,219100100,10387,17313,219200000,219200000
0,2192,219200000,219200100,10387,17313,219300000,219300000
0,2193,219300000,219300100,10387,17313,219400000,219400000
0,2194,219400000,219400100,10387,17313,219500000,219500000
0,2195,219500000,219500100,10387,17313,219600000,219600000
0,2196,219600000,219600100,10387,17313,219700000,219700000
0,2197,219700000,219700100,10387,17313,219800000,219800000
0,2198,219800000,219800100,10387,17313,219900000,219900000
0,2199,219900000,219900100,10387,17313,220000000,220000000
0,2200,220000000,220000100,10387,17313,220100000,220100000
0,2201,220100000,220100100,10387,17313,220200000,220200000
0,2202,220200000,220200100,10387,17313,220300000,220300000
0,2203,220300000,220300100,10387,17313,220400000,220400000
0,2204,220400000,220400100,10387,17313,220500000,220500000
0,2205,220500000,220500100,10387,17313,220600000,220600000
0,2206,220600000,220600100,10387,17313,220700000,220700000
0,2207,220700000,220700100,10387,17313,220800000,220800000
0,2208,220800000,220800100,10387,17313,220900000,220900000
0,2209,220900000,220900100,10387,17313,221000000,221000000
0,2210,221000000,221000100,10387,17313,221100000,221100000
0,2211,221100000,221100100,10387,17313,221200000,221200000
0,2212,221200000,221200100,10387,17313,221300000,221300000
0,2213,221300000,221300100,10387,17313,221400000,221400000
0,2214,221400000,221400100,10387,17313,221500000,221500000
0,2215,221500000,221500100,10387,17313,221600000,221600000
0,2216,221600000,221600100,10387,17313,221700000,221700000
0,2217,221700000,221700100,10387,17313,221800000,221800000
0,2218,221800000,221800100,10387,17313,221900000,221900000
0,2219,221900000,221900100,10387,17313,222000000,222000000
0,2220,222000000,222000100,10387,17313,222100000,222100000
0,2221,222100000,222100100,10387,17313,222200000,222200000
0,2222,222200000,222200100,10387,17313,222300000,222300000
0,2223,222300000,222300100,10387,17313,222400000,222400000
0,2224,222400000,222400100,10387,17313,222500000,222500000
0,2225,222500000,222500100,10387,17313,222600000,222600000
0,2226,222600000,222600100,10387,17313,222700000,222700000
0,2227,222700000,222700100,10387,17313,222800000,222800000
0,2228,222800000,222800100,10387,17313,222900000,222900000
0,2229,222900000,222900100,10387,17313,223000000,223000000
0,2230,223000000,223000100,10387,17313,223100000,223100000
0,2231,223100000,223100100,10387,17313,223200000,223200000
0,2232,223200000,223200100,10387,17313,223300000,223300000
0,2233,223300000,223300100,10387,17313,223400000,223400000
0,2234,223400000,223400100,10387,17313,223500000,223500000
0,2235,223500000,223500100,10387,17313,223600000,223600000
0,2236,223600000,223600100,10387,17313,223700000,223700000
0,2237,223700000,223700100,10387,17313,223800000,223800000
0,2238,223800000,223800100,10387,17313,223900000,223900000
0,2239,223900000,223900100,10387,17313,224000000,224000000
0,2240,224000000,224000100,10387,17313,224100000,224100000
0,2241,224100000,224100100,10387,17313,224200000,224200000
0,2242,224200000,224200100,10387,17313,224300000,224300000
0,2243,224300000,224300100,10387,17313,224400000,224400000
0,2244,224400000,224400100,10387,17313,224500000,224500000
0,2245,224500000,224500100,10387,17313,224600000,224600000
0,2246,224600000,224600100,10387,17313,224700000,224700000
0,2247,224700000,224700100,10387,17313,224800000,224800000
0,2248,224800000,224800100,10387,17313,224900000,224900000
0,2249,224900000,224900100,10387,17313,225000000,225000000
0,2250,225000000,225000100,10387,17313,225100000,225100000
0,2251,225100000,225100100,10387,17313,225200000,225200000
0,2252,225200000,225200100,10387,17313,225300000,225300000
0,2253,225300000,225300100,10387,17313,225400000,225400000
0,2254,225400000,225400100,10387,17313,225500000,225500000
0,2255,225500000,225500100,10387,17313,225600000,225600000
0,2256,225600000,225600100,10387,17313,225700000,225700000
0,2257,225700000,225700100,10387,17313,225800000,225800000
0,2258,225800000,225800100,10387,17313,225900000,225900000
0,2259,225900000,225900100,10387,17313,226000000,226000000
0,2260,226000000,226000100,10387,17313,226100000,226100000
0,2261,226100000,226100100,10387,17313,226200000,226200000
0,2262,226200000,226200100,10387,17313,226300000,226300000
0,2263,226300000,226300100,10387,17313,226400000,226400000
0,2264,226400000,226400100,10387,17313,226500000,226500000
0,2265,226500000,226500100,10387,17313,226600000,226600000
0,2266,226600000,226600100,10387,17313,226700000,226700000
0,2267,226700000,226700100,10387,17313,226800000,226800000
0,2268,226800000,226800100,10387,17313,226900000,226900000
0,2269,226900000,226900100,10387,17313,227000000,227000000
0,2270,227000000,227000100,10387,17313,227100000,227100000
0,2271,227100000,227100100,10387,17313,227200000,227200000
0,2272,227200000,227200100,10387,17313,227300000,227300000
0,2273,227300000,227300100,10387,17313,227400000,227400000
0,2274,227400000,227400100,10387,17313,227500000,227500000
0,2275,227500000,227500100,10387,17313,227600000,227600000
0,2276,227600000,227600100,10387,17313,227700000,227700000
0,2277,227700000,227700100,10387,17313,227800000,227800000
0,2278,227800000,227800100,10387,17313,227900000,227900000
0,2279,227900000,227900100,10387,17313,228000000,228000000
0,2280,228000000,228000100,10387,17313,228100000,228100000
0,2281,228100000,228100100,10387,17313,228200000,228200000
0,2282,228200000,228200100,10387,17313,228300000,228300000
0,2283,228300000,228300100,10387,17313,228400000,228400000
0,2284,228400000,228400100,10387,17313,228500000,228500000
0,2285,228500000,228500100,10387,17313,228600000,228600000
0,2286,228600000,228600100,10387,17313,228700000,228700000
0,2287,228700000,228700100,10387,17313,228800000,228800000
0,2288,228800000,228800100,10387,17313,228900000,228900000
0,2289,228900000,228900100,10387,17313,229000000,229000000
0,2290,229000000,229000100,10387,17313,229100000,229100000
0,2291,229100000,229100100,10387,17313,229200000,229200000
0,2292,229200000,229200100,10387,17313,229300000,229300000
0,2293,229300000,229300100,10387,17313,229400000,229400000
0,2294,229400000,229400100,10387,17313,229500000,229500000
0,2295,229500000,229500100,10387,17313,229600000,229600000
0,2296,229600000,229600100,10387,17313,229700000,229700000
0,2297,229700000,229700100,10387,17313,229800000,229800000
0,2298,229800000,229800100,10387,17313,229900000,229900000
0,2299,229900000,229900100,10387,17313,230000000,230000000
0,2300,230000000,230000100,10387,17313,230100000,230100000
0,2301,230100000,230100100,10387,17313,230200000,230200000
0,2302,230200000,230200100,10387,17313,230300000,230300000
0,2303,230300000,230300100,10387,17313,230400000,230400000
0,2304,230400000,230400100,10387,17313,230500000,230500000
0,2305,230500000,230500100,10387,17313,230600000,230600000
0,2306,230600000,230600100,10387,17313,230700000,230700000
0,2307,230700000,230700100,10387,17313,230800000,230800000
0,2308,230800000,230800100,10387,17313,230900000,230900000
0,2309,230900000,230900100,10387,17313,231000000,231000000
0,2310,231000000,231000100,10387,17313,231100000,231100000
0,2311,231100000,231100100,10387,17313,231200000,231200000
0,2312,231200000,231200100,10387,17313,231300000,231300000
0,2313,231300000,231300100,10387,17313,231400000,231400000
0,2314,231400000,231400100,10387,17313,231500000,231500000
0,2315,231500000,231500100,10387,17313,231600000,231600000
0,2316,231600000,231600100,10387,17313,231700000,231700000
0,2317,231700000,231700100,10387,17313,231800000,231800000
0,2318,231800000,231800100,10387,17313,231900000,231900000
0,2319,231900000,231900100,10387,17313,232000000,232000000
0,2320,232000000,232000100,10387,17313,232100000,232100000
0,2321,232100000,232100100,10387,17313,232200000,232200000
0,2322,232200000,232200100,10387,17313,232300000,232300000
0,2323,232300000,232300100,10387,17313,232400000,232400000
0,2324,232400000,232400100,10387,17313,232500000,232500000
0,2325,232500000,232500100,10387,17313,232600000,232600000
0,2326,232600000,232600100,10387,17313,232700000,232700000
0,2327,232700000,232700100,10387,17313,232800000,232800000
0,2328,232800000,232800100,10387,17313,232900000,232900000
0,2329,232900000,232900100,10387,17313,233000000,233000000
0,2330,233000000,233000100,10387,17313,233100000,233100000
0,2331,233100000,233100100,10387,17313,233200000,233200000
0,2332,233200000,233200100,10387,17313,233300000,233300000
0,2333,233300000,233300100,10387,17313,233400000,233400000
0,2334,233400000,233400100,10387,17313,233500000,233500000
0,2335,233500000,233500100,10387,17313,233600000,233600000
0,2336,233600000,233600100,10387,17313,233700000,233700000
0,2337,233700000,233700100,10387,17313,233800000,233800000
0,2338,233800000,233800100,10387,17313,233900000,233900000
0,2339,233900000,233900100,10387,17313,234000000,234000000
0,2340,234000000,234000100,10387,17313,234100000,234100000
0,2341,234100000,234100100,10387,17313,234200000,234200000
0,2342,234200000,234200100,10387,17313,234300000,234300000
0,2343,234300000,234300100,10387,17313,234400000,234400000
0,2344,234400000,234400100,10387,17313,234500000,234500000
0,2345,234500000,234500100,10387,17313,234600000,234600000
0,2346,234600000,234600100,10387,17313,234700000,234700000
0,2347,234700000,234700100,10387,17313,234800000,234800000
0,2348,234800000,234800100,10387,17313,234900000,234900000
0,2349,234900000,234900100,10387,17313,235000000,235000000
0,2350,235000000,235000100,10387,17313,235100000,235100000
0,2351,235100000,235100100,10387,17313,235200000,235200000
0,2352,235200000,235200100,10387,17313,235300000,235300000
0,2353,235300000,235300100,10387,17313,235400000,235400000
0,2354,235400000,235400100,10387,17313,235500000,235500000
0,2355,235500000,235500100,10387,17313,235600000,235600000
0,2356,235600000,235600100,10387,17313,235700000,235700000
0,2357,235700000,235700100,10387,17313,235800000,235800000
0,2358,235800000,235800100,10387,17313,235900000,235900000
0,2359,235900000,235900100,10387,17313,236000000,236000000
0,2360,236000000,236000100,10387,17313,236100000,236100000
0,2361,236100000,236100100,10387,17313,236200000,236200000
0,2362,236200000,236200100,10387,17313,236300000,236300000
0,2363,236300000,236300100,10387,17313,236400000,236400000
0,2364,236400000,236400100,10387,17313,236500000,236500000
0,2365,236500000,236500100,10387,17313,236600000,236600000
0,2366,236600000,236600100,10387,17313,236700000,236700000
0,2367,236700000,236700100,10387,17313,236800000,236800000
0,2368,236800000,236800100,10387,17313,236900000,236900000
0,2369,236900000,236900100,10387,17313,237000000,237000000
0,2370,237000000,237000100,10387,17313,237100000,237100000
0,2371,237100000,237100100,10387,17313,237200000,237200000
0,2372,237200000,237200100,10387,17313,237300000,237300000
0,2373,237300000,237300100,10387,17313,237400000,237400000
0,2374,237400000,237400100,10387,17313,237500000,237500000
0,2375,237500000,237500100,10387,17313,237600000,237600000
0,2376,237600000,237600100,10387,17313,237700000,237700000
0,2377,237700000,237700100,10387,17313,237800000,237800000
0,2378,237800000,237800100,10387,17313,237900000,237900000
0,2379,237900000,237900100,10387,17313,238000000,238000000
0,2380,238000000,238000100,10387,17313,238100000,238100000
0,2381,238100000,238100100,10387,17313,238200000,238200000
0,2382,238200000,238200100,10387,17313,238300000,238300000
0,2383,238300000,238300100,10387,17313,238400000,238400000
0,2384,238400000,238400100,10387,17313,238500000,238500000
0,2385,238500000,238500100,10387,17313,238600000,238600000
0,2386,238600000,238600100,10387,17313,238700000,238700000
0,2387,238700000,238700100,10387,17313,238800000,238800000
0,2388,238800000,238800100,10387,17313,238900000,238900000
0,2389,238900000,238900100,10387,17313,239000000,239000000
0,2390,239000000,239000100,10387,17313,239100000,239100000
0,2391,239100000,239100100,10387,17313,239200000,239200000
0,2392,239200000,239200100,10387,17313,239300000,239300000
0,2393,239300000,239300100,10387,17313,239400000,239400000
0,2394,239400000,239400100,10387,17313,239500000,239500000
0,2395,239500000,239500100,10387,17313,239600000,239600000
0,2396,239600000,239600100,10387,17313,239700000,239700000
0,2397,239700000,239700100,10387,17313,239800000,239800000
0,2398,239800000,239800100,10387,17313,239900000,239900000
0,2399,239900000,239900100,10387,17313,240000000,240000000
0,2400,240000000,240000100,10387,17313,240100000,240100000
0,2401,240100000,240100100,10387,17313,240200000,240200000
0,2402,240200000,240200100,10387,17313,240300000,240300000
0,2403,240300000,240300100,10387,17313,240400000,240400000
0,2404,240400000,240400100,10387,17313,240500000,240500000
0,2405,240500000,240500100,10387,17313,240600000,240600000
0,2406,240600000,240600100,10387,17313,240700000,240700000
0,2407,240700000,240700100,10387,17313,240800000,240800000
0,2408,240800000,240800100,10387,17313,240900000,240900000
0,2409,240900000,240900100,10387,17313,241000000,241000000
0,2410,241000000,241000100,10387,17313,241100000,241100000
0,2411,241100000,241100100,10387,17313,241200000,241200000
0,2412,241200000,241200100,10387,17313,241300000,241300000
0,2413,241300000,241300100,10387,17313,241400000,241400000
0,2414,241400000,241400100,10387,17313,241500000,241500000
0,2415,241500000,241500100,10387,17313,241600000,241600000
0,2416,241600000,241600100,10387,17313,241700000,241700000
0,2417,241700000,241700100,10387,17313,241800000,241800000
0,2418,241800000,241800100,10387,17313,241900000,241900000
0,2419,241900000,241900100,10387,17313,242000000,242000000
0,2420,242000000,242000100,10387,17313,242100000,242100000
0,2421,242100000,242100100,10387,17313,242200000,242200000
0,2422,242200000,242200100,10387,17313,242300000,242300000
0,2423,242300000,242300100,10387,17313,242400000,242400000
0,2424,242400000,242400100,10387,17313,242500000,242500000
0,2425,242500000,242500100,10387,17313,242600000,242600000
0,2426,242600000,242600100,10387,17313,242700000,242700000
0,2427,242700000,242700100,10387,17313,242800000,242800000
0,2428,242800000,242800100,10387,17313,242900000,242900000
0,2429,242900000,242900100,10387,17313,243000000,243000000
0,2430,243000000,243000100,10387,17313,243100000,243100000
0,2431,243100000,243100100,10387,17313,243200000,243200000
0,2432,243200000,243200100,10387,17313,243300000,243300000
0,2433,243300000,243300100,10387,17313,243400000,243400000
0,2434,243400000,243400100,10387,17313,243500000,243500000
0,2435,243500000,243500100,10387,17313,243600000,243600000
0,2436,243600000,243600100,10387,17313,243700000,243700000
0,2437,243700000,243700100,10387,17313,243800000,243800000
0,2438,243800000,243800100,10387,17313,243900000,243900000
0,2439,243900000,243900100,10387,17313,244000000,244000000
0,2440,244000000,244000100,10387,17313,244100000,244100000
0,2441,244100000,244100100,10387,17313,244200000,244200000
0,2442,244200000,244200100,10387,17313,244300000,244300000
0,2443,244300000,244300100,10387,17313,244400000,244400000
0,2444,244400000,244400100,10387,17313,244500000,244500000
0,2445,244500000,244500100,10387,17313,244600000,244600000
0,2446,244600000,244600100,10387,17313,244700000,244700000
0,2447,244700000,244700100,10387,17313,244800000,244800000
0,2448,244800000,244800100,10387,17313,244900000,244900000
0,2449,244900000,244900100,10387,17313,245000000,245000000
0,2450,245000000,245000100,10387,17313,245100000,245100000
0,2451,245100000,245100100,10387,17313,245200000,245200000
0,2452,245200000,245200100,10387,17313,245300000,245300000
0,2453,245300000,245300100,10387,17313,245400000,245400000
0,2454,245400000,245400100,10387,17313,245500000,245500000
0,2455,245500000,245500100,10387,17313,245600000,245600000
0,2456,245600000,245600100,10387,17313,245700000,245700000
0,2457,245700000,245700100,10387,17313,245800000,245800000
0,2458,245800000,245800100,10387,17313,245900000,245900000
0,2459,245900000,245900100,10387,17313,246000000,246000000
0,2460,246000000,246000100,10387,17313,246100000,246100000
0,2461,246100000,246100100,10387,17313,246200000,246200000
0,2462,246200000,246200100,10387,17313,246300000,246300000
0,2463,246300000,246300100,10387,17313,246400000,246400000
0,2464,246400000,246400100,10387,17313,246500000,246500000
0,2465,246500000,246500100,10387,17313,246600000,246600000
0,2466,246600000,246600100,10387,17313,246700000,246700000
0,2467,246700000,246700100,10387,17313,246800000,246800000
0,2468,246800000,246800100,10387,17313,246900000,246900000
0,2469,246900000,246900100,10387,17313,247000000,247000000
0,2470,247000000,247000100,10387,17313,247100000,247100000
0,2471,247100000,247100100,10387,17313,247200000,247200000
0,2472,247200000,247200100,10387,17313,247300000,247300000
0,2473,247300000,247300100,10387,17313,247400000,247400000
0,2474,247400000,247400100,10387,17313,247500000,247500000
0,2475,247500000,247500100,10387,17313,247600000,247600000
0,2476,247600000,247600100,10387,17313,247700000,247700000
0,2477,247700000,247700100,10387,17313,247800000,247800000
0,2478,247800000,247800100,10387,17313,247900000,247900000
0,2479,247900000,247900100,10387,17313,248000000,248000000
0,2480,248000000,248000100,10387,17313,248100000,248100000
0,2481,248100000,248100100,10387,17313,248200000,248200000
0,2482,248200000,248200100,10387,17313,248300000,248300000
0,2483,248300000,248300100,10387,17313,248400000,248400000
0,2484,248400000,248400100,10387,17313,248500000,248500000
0,2485,248500000,248500100,10387,17313,248600000,248600000
0,2486,248600000,248600100,10387,17313,248700000,248700000
0,2487,248700000,248700100,10387,17313,248800000,248800000
0,2488,248800000,248800100,10387,17313,248900000,248900000
0,2489,248900000,248900100,10387,17313,249000000,249000000
0,2490,249000000,249000100,10387,17313,249100000,249100000
0,2491,249100000,249100100,10387,17313,249200000,249200000
0,2492,249200000,249200100,10387,17313,249300000,249300000
0,2493,249300000,249300100,10387,17313,249400000,249400000
0,2494,249400000,249400100,10387,17313,249500000,249500000
0,2495,249500000,249500100,10387,17313,249600000,249600000
0,2496,249600000,249600100,10387,17313,249700000,249700000
0,2497,249700000,249700100,10387,17313,249800000,249800000
0,2498,249800000,249800100,10387,17313,249900000,249900000
0,2499,249900000,249900100,10387,17313,250000000,250000000
0,2500,250000000,250000100,10387,17313,250100000,250100000
0,2501,250100000,250100100,10387,17313,250200000,250200000
0,2502,250200000,250200100,10387,17313,250300000,250300000
0,2503,250300000,250300100,10387,17313,250400000,250400000
0,2504,250400000,250400100,10387,17313,250500000,250500000
0,2505,250500000,250500100,10387,17313,250600000,250600000
0,2506,250600000,250600100,10387,17313,250700000,250700000
0,2507,250700000,250700100,10387,17313,250800000,250800000
0,2508,250800000,250800100,10387,17313,250900000,250900000
0,2509,250900000,250900100,10387,17313,251000000,251000000
0,2510,251000000,251000100,10387,17313,251100000,251100000
0,2511,251100000,251100100,10387,17313,251200000,251200000
0,2512,251200000,251200100,10387,17313,251300000,251300000
0,2513,251300000,251300100,10387,17313,251400000,251400000
0,2514,251400000,251400100,10387,17313,251500000,251500000
0,2515,251500000,251500100,10387,17313,251600000,251600000
0,2516,251600000,251600100,10387,17313,251700000,251700000
0,2517,251700000,251700100,10387,17313,251800000,251800000
0,2518,251800000,251800100,10387,17313,251900000,251900000
0,2519,251900000,251900100,10387,17313,252000000,252000000
0,2520,252000000,252000100,10387,17313,252100000,252100000
0,2521,252100000,252100100,10387,17313,252200000,252200000
0,2522,252200000,252200100,10387,17313,252300000,252300000
0,2523,252300000,252300100,10387,17313,252400000,252400000
0,2524,252400000,252400100,10387,17313,252500000,252500000
0,2525,252500000,252500100,10387,17313,252600000,252600000
0,2526,252600000,252600100,10387,17313,252700000,252700000
0,2527,252700000,252700100,10387,17313,252800000,252800000
0,2528,252800000,252800100,10387,17313,252900000,252900000
0,2529,252900000,252900100,10387,17313,253000000,253000000
0,2530,253000000,253000100,10387,17313,253100000,253100000
0,2531,253100000,253100100,10387,17313,253200000,253200000
0,2532,253200000,253200100,10387,17313,253300000,253300000
0,2533,253300000,253300100,10387,17313,253400000,253400000
0,2534,253400000,253400100,10387,17313,253500000,253500000
0,2535,253500000,253500100,10387,17313,253600000,253600000
0,2536,253600000,253600100,10387,17313,253700000,253700000
0,2537,253700000,253700100,10387,17313,253800000,253800000
0,2538,253800000,253800100,10387,17313,253900000,253900000
0,2539,253900000,253900100,10387,17313,254000000,254000000
0,2540,254000000,254000100,10387,17313,254100000,254100000
0,2541,254100000,254100100,10387,17313,254200000,254200000
0,2542,254200000,254200100,10387,17313,254300000,254300000
0,2543,254300000,254300100,10387,17313,254400000,254400000
0,2544,254400000,254400100,10387,17313,254500000,254500000
0,2545,254500000,254500100,10387,17313,254600000,254600000
0,2546,254600000,254600100,10387,17313,254700000,254700000
0,2547,254700000,254700100,10387,17313,254800000,254800000
0,2548,254800000,254800100,10387,17313,254900000,254900000
0,2549,254900000,254900100,10387,17313,255000000,255000000
0,2550,255000000,255000100,10387,17313,255100000,255100000
0,2551,255100000,255100100,10387,17313,255200000,255200000
0,2552,255200000,255200100,10387,17313,255300000,255300000
0,2553,255300000,255300100,10387,17313,255400000,255400000
0,2554,255400000,255400100,10387,17313,255500000,255500000
0,2555,255500000,255500100,10387,17313,255600000,255600000
0,2556,255600000,255600100,10387,17313,255700000,255700000
0,2557,255700000,255700100,10387,17313,255800000,255800000
0,2558,255800000,255800100,10387,17313,255900000,255900000
0,2559,255900000,255900100,10387,17313,256000000,256000000
0,2560,256000000,256000100,10387,17313,256100000,256100000
0,2561,256100000,256100100,10387,17313,256200000,256200000
0,2562,256200000,256200100,10387,17313,256300000,256300000
0,2563,256300000,256300100,10387,17313,256400000,256400000
0,2564,256400000,256400100,10387,17313,256500000,256500000
0,2565,256500000,256500100,10387,17313,256600000,256600000
0,2566,256600000,256600100,10387,17313,256700000,256700000
0,2567,256700000,256700100,10387,17313,256800000,256800000
0,2568,256800000,256800100,10387,17313,256900000,256900000
0,2569,256900000,256900100,10387,17313,257000000,257000000
0,2570,257000000,257000100,10387,17313,257100000,257100000
0,2571,257100000,257100100,10387,17313,257200000,257200000
0,2572,257200000,257200100,10387,17313,257300000,257300000
0,2573,257300000,257300100,10387,17313,257400000,257400000
0,2574,257400000,257400100,10387,17313,257500000,257500000
0,2575,257500000,257500100,10387,17313,257600000,257600000
0,2576,257600000,257600100,10387,17313,257700000,257700000
0,2577,257700000,257700100,10387,17313,257800000,257800000
0,2578,257800000,257800100,10387,17313,257900000,257900000
0,2579,257900000,257900100,10387,17313,258000000,258000000
0,2580,258000000,258000100,10387,17313,258100000,258100000
0,2581,258100000,258100100,10387,17313,258200000,258200000
0,2582,258200000,258200100,10387,17313,258300000,258300000
0,2583,258300000,258300100,10387,17313,258400000,258400000
0,2584,258400000,258400100,10387,17313,258500000,258500000
0,2585,258500000,258500100,10387,17313,258600000,258600000
0,2586,258600000,258600100,10387,17313,258700000,258700000
0,2587,258700000,258700100,10387,17313,258800000,258800000
0,2588,258800000,258800100,10387,17313,258900000,258900000
0,2589,258900000,258900100,10387,17313,259000000,259000000
0,2590,259000000,259000100,10387,17313,259100000,259100000
0,2591,259100000,259100100,10387,17313,259200000,259200000
0,2592,259200000,259200100,10387,17313,259300000,259300000
0,2593,259300000,259300100,10387,17313,259400000,259400000
0,2594,259400000,259400100,10387,17313,259500000,259500000
0,2595,259500000,259500100,10387,17313,259600000,259600000
0,2596,259600000,259600100,10387,17313,259700000,259700000
0,2597,259700000,259700100,10387,17313,259800000,259800000
0,2598,259800000,259800100,10387,17313,259900000,259900000
0,2599,259900000,259900100,10387,17313,260000000,260000000
0,2600,260000000,260000100,10387,17313,260100000,260100000
0,2601,260100000,260100100,10387,17313,260200000,260200000
0,2602,260200000,260200100,10387,17313,260300000,260300000
0,2603,260300000,260300100,10387,17313,260400000,260400000
0,2604,260400000,260400100,10387,17313,260500000,260500000
0,2605,260500000,260500100,10387,17313,260600000,260600000
0,2606,260600000,260600100,10387,17313,260700000,260700000
0,2607,260700000,260700100,10387,17313,260800000,260800000
0,2608,260800000,260800100,10387,17313,260900000,260900000
0,2609,260900000,260900100,10387,17313,261000000,261000000
0,2610,261000000,261000100,10387,17313,261100000,261100000
0,2611,261100000,261100100,10387,17313,261200000,261200000
0,2612,261200000,261200100,10387,17313,261300000,261300000
0,2613,261300000,261300100,10387,17313,261400000,261400000
0,2614,261400000,261400100,10387,17313,261500000,261500000
0,2615,261500000,261500100,10387,17313,261600000,261600000
0,2616,261600000,261600100,10387,17313,261700000,261700000
0,2617,261700000,261700100,10387,17313,261800000,261800000
0,2618,261800000,261800100,10387,17313,261900000,261900000
0,2619,261900000,261900100,10387,17313,262000000,262000000
0,2620,262000000,262000100,10387,17313,262100000,262100000
0,2621,262100000,262100100,10387,17313,262200000,262200000
0,2622,262200000,262200100,10387,17313,262300000,262300000
0,2623,262300000,262300100,10387,17313,262400000,262400000
0,2624,262400000,262400100,10387,17313,262500000,262500000
0,2625,262500000,262500100,10387,17313,262600000,262600000
0,2626,262600000,262600100,10387,17313,262700000,262700000
0,2627,262700000,262700100,10387,17313,262800000,262800000
0,2628,262800000,262800100,10387,17313,262900000,262900000
0,2629,262900000,262900100,10387,17313,263000000,263000000
0,2630,263000000,263000100,10387,17313,263100000,263100000
0,2631,263100000,263100100,10387,17313,263200000,263200000
0,2632,263200000,263200100,10387,17313,263300000,263300000
0,2633,263300000,263300100,10387,17313,263400000,263400000
0,2634,263400000,263400100,10387,17313,263500000,263500000
0,2635,263500000,263500100,10387,17313,263600000,263600000
0,2636,263600000,263600100,10387,17313,263700000,263700000
0,2637,263700000,263700100,10387,17313,263800000,263800000
0,2638,263800000,263800100,10387,17313,263900000,263900000
0,2639,263900000,263900100,10387,17313,264000000,264000000
0,2640,264000000,264000100,10387,17313,264100000,264100000
0,2641,264100000,264100100,10387,17313,264200000,264200000
0,2642,264200000,264200100,10387,17313,264300000,264300000
0,2643,264300000,264300100,10387,17313,264400000,264400000
0,2644,264400000,264400100,10387,17313,264500000,264500000
0,2645,264500000,264500100,10387,17313,264600000,264600000
0,2646,264600000,264600100,10387,17313,264700000,264700000
0,2647,264700000,264700100,10387,17313,264800000,264800000
0,2648,264800000,264800100,10387,17313,264900000,264900000
0,2649,264900000,264900100,10387,17313,265000000,265000000
0,2650,265000000,265000100,10387,17313,265100000,265100000
0,2651,265100000,265100100,10387,17313,265200000,265200000
0,2652,265200000,265200100,10387,17313,265300000,265300000
0,2653,265300000,265300100,10387,17313,265400000,265400000
0,2654,265400000,265400100,10387,17313,265500000,265500000
0,2655,265500000,265500100,10387,17313,265600000,265600000
0,2656,265600000,265600100,10387,17313,265700000,265700000
0,2657,265700000,265700100,10387,17313,265800000,265800000
0,2658,265800000,265800100,10387,17313,265900000,265900000
0,2659,265900000,265900100,10387,17313,266000000,266000000
0,2660,266000000,266000100,10387,17313,266100000,266100000
0,2661,266100000,266100100,10387,17313,266200000,266200000
0,2662,266200000,266200100,10387,17313,266300000,266300000
0,2663,266300000,266300100,10387,17313,266400000,266400000
0,2664,266400000,266400100,10387,17313,266500000,266500000
0,2665,266500000,266500100,10387,17313,266600000,266600000
0,2666,266600000,266600100,10387,17313,266700000,266700000
0,2667,266700000,266700100,10387,17313,266800000,266800000
0,2668,266800000,266800100,10387,17313,266900000,266900000
0,2669,266900000,266900100,10387,17313,267000000,267000000
0,2670,267000000,267000100,10387,17313,267100000,267100000
0,2671,267100000,267100100,10387,17313,267200000,267200000
0,2672,267200000,267200100,10387,17313,267300000,267300000
0,2673,267300000,267300100,10387,17313,267400000,267400000
0,2674,267400000,267400100,10387,17313,267500000,267500000
0,2675,267500000,267500100,10387,17313,267600000,267600000
0,2676,267600000,267600100,10387,17313,267700000,267700000
0,2677,267700000,267700100,10387,17313,267800000,267800000
0,2678,267800000,267800100,10387,17313,267900000,267900000
0,2679,267900000,267900100,10387,17313,268000000,268000000
0,2680,268000000,268000100,10387,17313,268100000,268100000
0,2681,268100000,268100100,10387,17313,268200000,268200000
0,2682,268200000,268200100,10387,17313,268300000,268300000
0,2683,268300000,268300100,10387,17313,268400000,268400000
0,2684,268400000,268400100,10387,17313,268500000,268500000
0,2685,268500000,268500100,10387,17313,268600000,268600000
0,2686,268600000,268600100,10387,17313,268700000,268700000
0,2687,268700000,268700100,10387,17313,268800000,268800000
0,2688,268800000,268800100,10387,17313,268900000,268900000
0,2689,268900000,268900100,10387,17313,269000000,269000000
0,2690,269000000,269000100,10387,17313,269100000,269100000
0,2691,269100000,269100100,10387,17313,269200000,269200000
0,2692,269200000,269200100,10387,17313,269300000,269300000
0,2693,269300000,269300100,10387,17313,269400000,269400000
0,2694,269400000,269400100,10387,17313,269500000,269500000
0,2695,269500000,269500100,10387,17313,269600000,269600000
0,2696,269600000,269600100,10387,17313,269700000,269700000
0,2697,269700000,269700100,10387,17313,269800000,269800000
0,2698,269800000,269800100,10387,17313,269900000,269900000
0,2699,269900000,269900100,10387,17313,270000000,270000000
0,2700,270000000,270000100,10387,17313,270100000,270100000
0,2701,270100000,270100100,10387,17313,270200000,270200000
0,2702,270200000,270200100,10387,17313,270300000,270300000
0,2703,270300000,270300100,10387,17313,270400000,270400000
0,2704,270400000,270400100,10387,17313,270500000,270500000
0,2705,270500000,270500100,10387,17313,270600000,270600000
0,2706,270600000,270600100,10387,17313,270700000,270700000
0,2707,270700000,270700100,10387,17313,270800000,270800000
0,2708,270800000,270800100,10387,17313,270900000,270900000
0,2709,270900000,270900100,10387,17313,271000000,271000000
0,2710,271000000,271000100,10387,17313,271100000,271100000
0,2711,271100000,271100100,10387,17313,271200000,271200000
0,2712,271200000,271200100,10387,17313,271300000,271300000
0,2713,271300000,271300100,10387,17313,271400000,271400000
0,2714,271400000,271400100,10387,17313,271500000,271500000
0,2715,271500000,271500100,10387,17313,271600000,271600000
0,2716,271600000,271600100,10387,17313,271700000,271700000
0,2717,271700000,271700100,10387,17313,271800000,271800000
0,2718,271800000,271800100,10387,17313,271900000,271900000
0,2719,271900000,271900100,10387,17313,272000000,272000000
0,2720,272000000,272000100,10387,17313,272100000,272100000
0,2721,272100000,272100100,10387,17313,272200000,272200000
0,2722,272200000,272200100,10387,17313,272300000,272300000
0,2723,272300000,272300100,10387,17313,272400000,272400000
0,2724,272400000,272400100,10387,17313,272500000,272500000
0,2725,272500000,272500100,10387,17313,272600000,272600000
0,2726,272600000,272600100,10387,17313,272700000,272700000
0,2727,272700000,272700100,10387,17313,272800000,272800000
0,2728,272800000,272800100,10387,17313,272900000,272900000
0,2729,272900000,272900100,10387,17313,273000000,273000000
0,2730,273000000,273000100,10387,17313,273100000,273100000
0,2731,273100000,273100100,10387,17313,273200000,273200000
0,2732,273200000,273200100,10387,17313,273300000,273300000
0,2733,273300000,273300100,10387,17313,273400000,273400000
0,2734,273400000,273400100,10387,17313,273500000,273500000
0,2735,273500000,273500100,10387,17313,273600000,273600000
0,2736,273600000,273600100,10387,17313,273700000,273700000
0,2737,273700000,273700100,10387,17313,273800000,273800000
0,2738,273800000,273800100,10387,17313,273900000,273900000
0,2739,273900000,273900100,10387,17313,274000000,274000000
0,2740,274000000,274000100,10387,17313,274100000,274100000
0,2741,274100000,274100100,10387,17313,274200000,274200000
0,2742,274200000,274200100,10387,17313,274300000,274300000
0,2743,274300000,274300100,10387,17313,274400000,274400000
0,2744,274400000,274400100,10387,17313,274500000,274500000
0,2745,274500000,274500100,10387,17313,274600000,274600000
0,2746,274600000,274600100,10387,17313,274700000,274700000
0,2747,274700000,274700100,10387,17313,274800000,274800000
0,2748,274800000,274800100,10387,17313,274900000,274900000
0,2749,274900000,274900100,10387,17313,275000000,275000000
0,2750,275000000,275000100,10387,17313,275100000,275100000
0,2751,275100000,275100100,10387,17313,275200000,275200000
0,2752,275200000,275200100,10387,17313,275300000,275300000
0,2753,275300000,275300100,10387,17313,275400000,275400000
0,2754,275400000,275400100,10387,17313,275500000,275500000
0,2755,275500000,275500100,10387,17313,275600000,275600000
0,2756,275600000,275600100,10387,17313,275700000,275700000
0,2757,275700000,275700100,10387,17313,275800000,275800000
0,2758,275800000,275800100,10387,17313,275900000,275900000
0,2759,275900000,275900100,10387,17313,276000000,276000000
0,2760,276000000,276000100,10387,17313,276100000,276100000
0,2761,276100000,276100100,10387,17313,276200000,276200000
0,2762,276200000,276200100,10387,17313,276300000,276300000
0,2763,276300000,276300100,10387,17313,276400000,276400000
0,2764,276400000,276400100,10387,17313,276500000,276500000
0,2765,276500000,276500100,10387,17313,276600000,276600000
0,2766,276600000,276600100,10387,17313,276700000,276700000
0,2767,276700000,276700100,10387,17313,276800000,276800000
0,2768,276800000,276800100,10387,17313,276900000,276900000
0,2769,276900000,276900100,10387,17313,277000000,277000000
0,2770,277000000,277000100,10387,17313,277100000,277100000
0,2771,277100000,277100100,10387,17313,277200000,277200000
0,2772,277200000,277200100,10387,17313,277300000,277300000
0,2773,277300000,277300100,10387,17313,277400000,277400000
0,2774,277400000,277400100,10387,17313,277500000,277500000
0,2775,277500000,277500100,10387,17313,277600000,277600000
0,2776,277600000,277600100,10387,17313,277700000,277700000
0,2777,277700000,277700100,10387,17313,277800000,277800000
0,2778,277800000,277800100,10387,17313,277900000,277900000
0,2779,277900000,277900100,10387,17313,278000000,278000000
0,2780,278000000,278000100,10387,17313,278100000,278100000
0,2781,278100000,278100100,10387,17313,278200000,278200000
0,2782,278200000,278200100,10387,17313,278300000,278300000
0,2783,278300000,278300100,10387,17313,278400000,278400000
0,2784,278400000,278400100,10387,17313,278500000,278500000
0,2785,278500000,278500100,10387,17313,278600000,278600000
0,2786,278600000,278600100,10387,17313,278700000,278700000
0,2787,278700000,278700100,10387,17313,278800000,278800000
0,2788,278800000,278800100,10387,17313,278900000,278900000
0,2789,278900000,278900100,10387,17313,279000000,279000000
0,2790,279000000,279000100,10387,17313,279100000,279100000
0,2791,279100000,279100100,10387,17313,279200000,279200000
0,2792,279200000,279200100,10387,17313,279300000,279300000
0,2793,279300000,279300100,10387,17313,279400000,279400000
0,2794,279400000,279400100,10387,17313,279500000,279500000
0,2795,279500000,279500100,10387,17313,279600000,279600000
0,2796,279600000,279600100,10387,17313,279700000,279700000
0,2797,279700000,279700100,10387,17313,279800000,279800000
0,2798,279800000,279800100,10387,17313,279900000,279900000
0,2799,279900000,279900100,10387,17313,280000000,280000000
0,2800,280000000,280000100,10387,17313,280100000,280100000
0,2801,280100000,280100100,10387,17313,280200000,280200000
0,2802,280200000,280200100,10387,17313,280300000,280300000
0,2803,280300000,280300100,10387,17313,280400000,280400000
0,2804,280400000,280400100,10387,17313,280500000,280500000
0,2805,280500000,280500100,10387,17313,280600000,280600000
0,2806,280600000,280600100,10387,17313,280700000,280700000
0,2807,280700000,280700100,10387,17313,280800000,280800000
0,2808,280800000,280800100,10387,17313,280900000,280900000
0,2809,280900000,280900100,10387,17313,281000000,281000000
0,2810,281000000,281000100,10387,17313,281100000,281100000
0,2811,281100000,281100100,10387,17313,281200000,281200000
0,2812,281200000,281200100,10387,17313,281300000,281300000
0,2813,281300000,281300100,10387,17313,281400000,281400000
0,2814,281400000,281400100,10387,17313,281500000,281500000
0,2815,281500000,281500100,10387,17313,281600000,281600000
0,2816,281600000,281600100,10387,17313,281700000,281700000
0,2817,281700000,281700100,10387,17313,281800000,281800000
0,2818,281800000,281800100,10387,17313,281900000,281900000
0,2819,281900000,281900100,10387,17313,282000000,282000000
0,2820,282000000,282000100,10387,17313,282100000,282100000
0,2821,282100000,282100100,10387,17313,282200000,282200000
0,2822,282200000,282200100,10387,17313,282300000,282300000
0,2823,282300000,282300100,10387,17313,282400000,282400000
0,2824,282400000,282400100,10387,17313,282500000,282500000
0,2825,282500000,282500100,10387,17313,282600000,282600000
0,2826,282600000,282600100,10387,17313,282700000,282700000
0,2827,282700000,282700100,10387,17313,282800000,282800000
0,2828,282800000,282800100,10387,17313,282900000,282900000
0,2829,282900000,282900100,10387,17313,283000000,283000000
0,2830,283000000,283000100,10387,17313,283100000,283100000
0,2831,283100000,283100100,10387,17313,283200000,283200000
0,2832,283200000,283200100,10387,17313,283300000,283300000
0,2833,283300000,283300100,10387,17313,283400000,283400000
0,2834,283400000,283400100,10387,17313,283500000,283500000
0,2835,283500000,283500100,10387,17313,283600000,283600000
0,2836,283600000,283600100,10387,17313,283700000,283700000
0,2837,283700000,283700100,10387,17313,283800000,283800000
0,2838,283800000,283800100,10387,17313,283900000,283900000
0,2839,283900000,283900100,10387,17313,284000000,284000000
0,2840,284000000,284000100,10387,17313,284100000,284100000
0,2841,284100000,284100100,10387,17313,284200000,284200000
0,2842,284200000,284200100,10387,17313,284300000,284300000
0,2843,284300000,284300100,10387,17313,284400000,284400000
0,2844,284400000,284400100,10387,17313,284500000,284500000
0,2845,284500000,284500100,10387,17313,284600000,284600000
0,2846,284600000,284600100,10387,17313,284700000,284700000
0,2847,284700000,284700100,10387,17313,284800000,284800000
0,2848,284800000,284800100,10387,17313,284900000,284900000
0,2849,284900000,284900100,10387,17313,285000000,285000000
0,2850,285000000,285000100,10387,17313,285100000,285100000
0,2851,285100000,285100100,10387,17313,285200000,285200000
0,2852,285200000,285200100,10387,17313,285300000,285300000
0,2853,285300000,285300100,10387,17313,285400000,285400000
0,2854,285400000,285400100,10387,17313,285500000,285500000
0,2855,285500000,285500100,10387,17313,285600000,285600000
0,2856,285600000,285600100,10387,17313,285700000,285700000
0,2857,285700000,285700100,10387,17313,285800000,285800000
0,2858,285800000,285800100,10387,17313,285900000,285900000
0,2859,285900000,285900100,10387,17313,286000000,286000000
0,2860,286000000,286000100,10387,17313,286100000,286100000
0,2861,286100000,286100100,10387,17313,286200000,286200000
0,2862,286200000,286200100,10387,17313,286300000,286300000
0,2863,286300000,286300100,10387,17313,286400000,286400000
0,2864,286400000,286400100,10387,17313,286500000,286500000
0,2865,286500000,286500100,10387,17313,286600000,286600000
0,2866,286600000,286600100,10387,17313,286700000,286700000
0,2867,286700000,286700100,10387,17313,286800000,286800000
0,2868,286800000,286800100,10387,17313,286900000,286900000
0,2869,286900000,286900100,10387,17313,287000000,287000000
0,2870,287000000,287000100,10387,17313,287100000,287100000
0,2871,287100000,287100100,10387,17313,287200000,287200000
0,2872,287200000,287200100,10387,17313,287300000,287300000
0,2873,287300000,287300100,10387,17313,287400000,287400000
0,2874,287400000,287400100,10387,17313,287500000,287500000
0,2875,287500000,287500100,10387,17313,287600000,287600000
0,2876,287600000,287600100,10387,17313,287700000,287700000
0,2877,287700000,287700100,10387,17313,287800000,287800000
0,2878,287800000,287800100,10387,17313,287900000,287900000
0,2879,287900000,287900100,10387,17313,288000000,288000000
0,2880,288000000,288000100,10387,17313,288100000,288100000
0,2881,288100000,288100100,10387,17313,288200000,288200000
0,2882,288200000,288200100,10387,17313,288300000,288300000
0,2883,288300000,288300100,10387,17313,288400000,288400000
0,2884,288400000,288400100,10387,17313,288500000,288500000
0,2885,288500000,288500100,10387,17313,288600000,288600000
0,2886,288600000,288600100,10387,17313,288700000,288700000
0,2887,288700000,288700100,10387,17313,288800000,288800000
0,2888,288800000,288800100,10387,17313,288900000,288900000
0,2889,288900000,288900100,10387,17313,289000000,289000000
0,2890,289000000,289000100,10387,17313,289100000,289100000
0,2891,289100000,289100100,10387,17313,289200000,289200000
0,2892,289200000,289200100,10387,17313,289300000,289300000
0,2893,289300000,289300100,10387,17313,289400000,289400000
0,2894,289400000,289400100,10387,17313,289500000,289500000
0,2895,289500000,289500100,10387,17313,289600000,289600000
0,2896,289600000,289600100,10387,17313,289700000,289700000
0,2897,289700000,289700100,10387,17313,289800000,289800000
0,2898,289800000,289800100,10387,17313,289900000,289900000
0,2899,289900000,289900100,10387,17313,290000000,290000000
0,2900,290000000,290000100,10387,17313,290100000,290100000
0,2901,290100000,290100100,10387,17313,290200000,290200000
0,2902,290200000,290200100,10387,17313,290300000,290300000
0,2903,290300000,290300100,10387,17313,290400000,290400000
0,2904,290400000,290400100,10387,17313,290500000,290500000
0,2905,290500000,290500100,10387,17313,290600000,290600000
0,2906,290600000,290600100,10387,17313,290700000,290700000
0,2907,290700000,290700100,10387,17313,290800000,290800000
0,2908,290800000,290800100,10387,17313,290900000,290900000
0,2909,290900000,290900100,10387,17313,291000000,291000000
0,2910,291000000,291000100,10387,17313,291100000,291100000
0,2911,291100000,291100100,10387,17313,291200000,291200000
0,2912,291200000,291200100,10387,17313,291300000,291300000
0,2913,291300000,291300100,10387,17313,291400000,291400000
0,2914,291400000,291400100,10387,17313,291500000,291500000
0,2915,291500000,291500100,10387,17313,291600000,291600000
0,2916,291600000,291600100,10387,17313,291700000,291700000
0,2917,291700000,291700100,10387,17313,291800000,291800000
0,2918,291800000,291800100,10387,17313,291900000,291900000
0,2919,291900000,291900100,10387,17313,292000000,292000000
0,2920,292000000,292000100,10387,17313,292100000,292100000
0,2921,292100000,292100100,10387,17313,292200000,292200000
0,2922,292200000,292200100,10387,17313,292300000,292300000
0,2923,292300000,292300100,10387,17313,292400000,292400000
0,2924,292400000,292400100,10387,17313,292500000,292500000
0,2925,292500000,292500100,10387,17313,292600000,292600000
0,2926,292600000,292600100,10387,17313,292700000,292700000
0,2927,292700000,292700100,10387,17313,292800000,292800000
0,2928,292800000,292800100,10387,17313,292900000,292900000
0,2929,292900000,292900100,10387,17313,293000000,293000000
0,2930,293000000,293000100,10387,17313,293100000,293100000
0,2931,293100000,293100100,10387,17313,293200000,293200000
0,2932,293200000,293200100,10387,17313,293300000,293300000
0,2933,293300000,293300100,10387,17313,293400000,293400000
0,2934,293400000,293400100,10387,17313,293500000,293500000
0,2935,293500000,293500100,10387,17313,293600000,293600000
0,2936,293600000,293600100,10387,17313,293700000,293700000
0,2937,293700000,293700100,10387,17313,293800000,293800000
0,2938,293800000,293800100,10387,17313,293900000,293900000
0,2939,293900000,293900100,10387,17313,294000000,294000000
0,2940,294000000,294000100,10387,17313,294100000,294100000
0,2941,294100000,294100100,10387,17313,294200000,294200000
0,2942,294200000,294200100,10387,17313,294300000,294300000
0,2943,294300000,294300100,10387,17313,294400000,294400000
0,2944,294400000,294400100,10387,17313,294500000,294500000
0,2945,294500000,294500100,10387,17313,294600000,294600000
0,2946,294600000,294600100,10387,17313,294700000,294700000
0,2947,294700000,294700100,10387,17313,294800000,294800000
0,2948,294800000,294800100,10387,17313,294900000,294900000
0,2949,294900000,294900100,10387,17313,295000000,295000000
0,2950,295000000,295000100,10387,17313,295100000,295100000
0,2951,295100000,295100100,10387,17313,295200000,295200000
0,2952,295200000,295200100,10387,17313,295300000,295300000
0,2953,295300000,295300100,10387,17313,295400000,295400000
0,2954,295400000,295400100,10387,17313,295500000,295500000
0,2955,295500000,295500100,10387,17313,295600000,295600000
0,2956,295600000,295600100,10387,17313,295700000,295700000
0,2957,295700000,295700100,10387,17313,295800000,295800000
0,2958,295800000,295800100,10387,17313,295900000,295900000
0,2959,295900000,295900100,10387,17313,296000000,296000000
0,2960,296000000,296000100,10387,17313,296100000,296100000
0,2961,296100000,296100100,10387,17313,296200000,296200000
0,2962,296200000,296200100,10387,17313,296300000,296300000
0,2963,296300000,296300100,10387,17313,296400000,296400000
0,2964,296400000,296400100,10387,17313,296500000,296500000
0,2965,296500000,296500100,10387,17313,296600000,296600000
0,2966,296600000,296600100,10387,17313,296700000,296700000
0,2967,296700000,296700100,10387,17313,296800000,296800000
0,2968,296800000,296800100,10387,17313,296900000,296900000
0,2969,296900000,296900100,10387,17313,297000000,297000000
0,2970,297000000,297000100,10387,17313,297100000,297100000
0,2971,297100000,297100100,10387,17313,297200000,297200000
0,2972,297200000,297200100,10387,17313,297300000,297300000
0,2973,297300000,297300100,10387,17313,297400000,297400000
0,2974,297400000,297400100,10387,17313,297500000,297500000
0,2975,297500000,297500100,10387,17313,297600000,297600000
0,2976,297600000,297600100,10387,17313,297700000,297700000
0,2977,297700000,297700100,10387,17313,297800000,297800000
0,2978,297800000,297800100,10387,17313,297900000,297900000
0,2979,297900000,297900100,10387,17313,298000000,298000000
0,2980,298000000,298000100,10387,17313,298100000,298100000
0,2981,298100000,298100100,10387,17313,298200000,298200000
0,2982,298200000,298200100,10387,17313,298300000,298300000
0,2983,298300000,298300100,10387,17313,298400000,298400000
0,2984,298400000,298400100,10387,17313,298500000,298500000
0,2985,298500000,298500100,10387,17313,298600000,298600000
0,2986,298600000,298600100,10387,17313,298700000,298700000
0,2987,298700000,298700100,10387,17313,298800000,298800000
0,2988,298800000,298800100,10387,17313,298900000,298900000
0,2989,298900000,298900100,10387,17313,299000000,299000000
0,2990,299000000,299000100,10387,17313,299100000,299100000
0,2991,299100000,299100100,10387,17313,299200000,299200000
0,2992,299200000,299200100,10387,17313,299300000,299300000
0,2993,299300000,299300100,10387,17313,299400000,299400000
0,2994,299400000,299400100,10387,17313,299500000,299500000
0,2995,299500000,299500100,10387,17313,299600000,299600000
0,2996,299600000,299600100,10387,17313,299700000,299700000
0,2997,299700000,299700100,10387,17313,299800000,299800000
0,2998,299800000,299800100,10387,17313,299900000,299900000
0,2999,299900000,299900100,10387,17313,300000000,300000000
0,3000,300000000,300000100,10387,17313,300100000,300100000
0,3001,300100000,300100100,10387,17313,300200000,300200000
0,3002,300200000,300200100,10387,17313,300300000,300300000
0,3003,300300000,300300100,10387,17313,300400000,300400000
0,3004,300400000,300400100,10387,17313,300500000,300500000
0,3005,300500000,300500100,10387,17313,300600000,300600000
0,3006,300600000,300600100,10387,17313,300700000,300700000
0,3007,300700000,300700100,10387,17313,300800000,300800000
0,3008,300800000,300800100,10387,17313,300900000,300900000
0,3009,300900000,300900100,10387,17313,301000000,301000000
0,3010,301000000,301000100,10387,17313,301100000,301100000
0,3011,301100000,301100100,10387,17313,301200000,301200000
0,3012,301200000,301200100,10387,17313,301300000,301300000
0,3013,301300000,301300100,10387,17313,301400000,301400000
0,3014,301400000,301400100,10387,17313,301500000,301500000
0,3015,301500000,301500100,10387,17313,301600000,301600000
0,3016,301600000,301600100,10387,17313,301700000,301700000
0,3017,301700000,301700100,10387,17313,301800000,301800000
0,3018,301800000,301800100,10387,17313,301900000,301900000
0,3019,301900000,301900100,10387,17313,302000000,302000000
0,3020,302000000,302000100,10387,17313,302100000,302100000
0,3021,302100000,302100100,10387,17313,302200000,302200000
0,3022,302200000,302200100,10387,17313,302300000,302300000
0,3023,302300000,302300100,10387,17313,302400000,302400000
0,3024,302400000,302400100,10387,17313,302500000,302500000
0,3025,302500000,302500100,10387,17313,302600000,302600000
0,3026,302600000,302600100,10387,17313,302700000,302700000
0,3027,302700000,302700100,10387,17313,302800000,302800000
0,3028,302800000,302800100,10387,17313,302900000,302900000
0,3029,302900000,302900100,10387,17313,303000000,303000000
0,3030,303000000,303000100,10387,17313,303100000,303100000
0,3031,303100000,303100100,10387,17313,303200000,303200000
0,3032,303200000,303200100,10387,17313,303300000,303300000
0,3033,303300000,303300100,10387,17313,303400000,303400000
0,3034,303400000,303400100,10387,17313,303500000,303500000
0,3035,303500000,303500100,10387,17313,303600000,303600000
0,3036,303600000,303600100,10387,17313,303700000,303700000
0,3037,303700000,303700100,10387,17313,303800000,303800000
0,3038,303800000,303800100,10387,17313,303900000,303900000
0,3039,303900000,303900100,10387,17313,304000000,304000000
0,3040,304000000,304000100,10387,17313,304100000,304100000
0,3041,304100000,304100100,10387,17313,304200000,304200000
0,3042,304200000,304200100,10387,17313,304300000,304300000
0,3043,304300000,304300100,10387,17313,304400000,304400000
0,3044,304400000,304400100,10387,17313,304500000,304500000
0,3045,304500000,304500100,10387,17313,304600000,304600000
0,3046,304600000,304600100,10387,17313,304700000,304700000
0,3047,304700000,304700100,10387,17313,304800000,304800000
0,3048,304800000,304800100,10387,17313,304900000,304900000
0,3049,304900000,304900100,10387,17313,305000000,305000000
0,3050,305000000,305000100,10387,17313,305100000,305100000
0,3051,305100000,305100100,10387,17313,305200000,305200000
0,3052,305200000,305200100,10387,17313,305300000,305300000
0,3053,305300000,305300100,10387,17313,305400000,305400000
0,3054,305400000,305400100,10387,17313,305500000,305500000
0,3055,305500000,305500100,10387,17313,305600000,305600000
0,3056,305600000,305600100,10387,17313,305700000,305700000
0,3057,305700000,305700100,10387,17313,305800000,305800000
0,3058,305800000,305800100,10387,17313,305900000,305900000
0,3059,305900000,305900100,10387,17313,306000000,306000000
0,3060,306000000,306000100,10387,17313,306100000,306100000
0,3061,306100000,306100100,10387,17313,306200000,306200000
0,3062,306200000,306200100,10387,17313,306300000,306300000
0,3063,306300000,306300100,10387,17313,306400000,306400000
0,3064,306400000,306400100,10387,17313,306500000,306500000
0,3065,306500000,306500100,10387,17313,306600000,306600000
0,3066,306600000,306600100,10387,17313,306700000,306700000
0,3067,306700000,306700100,10387,17313,306800000,306800000
0,3068,306800000,306800100,10387,17313,306900000,306900000
0,3069,306900000,306900100,10387,17313,307000000,307000000
0,3070,307000000,307000100,10387,17313,307100000,307100000
0,3071,307100000,307100100,10387,17313,307200000,307200000
0,3072,307200000,307200100,10387,17313,307300000,307300000
0,3073,307300000,307300100,10387,17313,307400000,307400000
0,3074,307400000,307400100,10387,17313,307500000,307500000
0,3075,307500000,307500100,10387,17313,307600000,307600000
0,3076,307600000,307600100,10387,17313,307700000,307700000
0,3077,307700000,307700100,10387,17313,307800000,307800000
0,3078,307800000,307800100,10387,17313,307900000,307900000
0,3079,307900000,307900100,10387,17313,308000000,308000000
0,3080,308000000,308000100,10387,17313,308100000,308100000
0,3081,308100000,308100100,10387,17313,308200000,308200000
0,3082,308200000,308200100,10387,17313,308300000,308300000
0,3083,308300000,308300100,10387,17313,308400000,308400000
0,3084,308400000,308400100,10387,17313,308500000,308500000
0,3085,308500000,308500100,10387,17313,308600000,308600000
0,3086,308600000,308600100,10387,17313,308700000,308700000
0,3087,308700000,308700100,10387,17313,308800000,308800000
0,3088,308800000,308800100,10387,17313,308900000,308900000
0,3089,308900000,308900100,10387,17313,309000000,309000000
0,3090,309000000,309000100,10387,17313,309100000,309100000
0,3091,309100000,309100100,10387,17313,309200000,309200000
0,3092,309200000,309200100,10387,17313,309300000,309300000
0,3093,309300000,309300100,10387,17313,309400000,309400000
0,3094,309400000,309400100,10387,17313,309500000,309500000
0,3095,309500000,309500100,10387,17313,309600000,309600000
0,3096,309600000,309600100,10387,17313,309700000,309700000
0,3097,309700000,309700100,10387,17313,309800000,309800000
0,3098,309800000,309800100,10387,17313,309900000,309900000
0,3099,309900000,309900100,10387,17313,310000000,310000000
0,3100,310000000,310000100,10387,17313,310100000,310100000
0,3101,310100000,310100100,10387,17313,310200000,310200000
0,3102,310200000,310200100,10387,17313,310300000,310300000
0,3103,310300000,310300100,10387,17313,310400000,310400000
0,3104,310400000,310400100,10387,17313,310500000,310500000
0,3105,310500000,310500100,10387,17313,310600000,310600000
0,3106,310600000,310600100,10387,17313,310700000,310700000
0,3107,310700000,310700100,10387,17313,310800000,310800000
0,3108,310800000,310800100,10387,17313,310900000,310900000
0,3109,310900000,310900100,10387,17313,311000000,311000000
0,3110,311000000,311000100,10387,17313,311100000,311100000
0,3111,311100000,311100100,10387,17313,311200000,311200000
0,3112,311200000,311200100,10387,17313,311300000,311300000
0,3113,311300000,311300100,10387,17313,311400000,311400000
0,3114,311400000,311400100,10387,17313,311500000,311500000
0,3115,311500000,311500100,10387,17313,311600000,311600000
0,3116,311600000,311600100,10387,17313,311700000,311700000
0,3117,311700000,311700100,10387,17313,311800000,311800000
0,3118,311800000,311800100,10387,17313,311900000,311900000
0,3119,311900000,311900100,10387,17313,312000000,312000000
0,3120,312000000,312000100,10387,17313,312100000,312100000
0,3121,312100000,312100100,10387,17313,312200000,312200000
0,3122,312200000,312200100,10387,17313,312300000,312300000
0,3123,312300000,312300100,10387,17313,312400000,312400000
0,3124,312400000,312400100,10387,17313,312500000,312500000
0,3125,312500000,312500100,10387,17313,312600000,312600000
0,3126,312600000,312600100,10387,17313,312700000,312700000
0,3127,312700000,312700100,10387,17313,312800000,312800000
0,3128,312800000,312800100,10387,17313,312900000,312900000
0,3129,312900000,312900100,10387,17313,313000000,313000000
0,3130,313000000,313000100,10387,17313,313100000,313100000
0,3131,313100000,313100100,10387,17313,313200000,313200000
0,3132,313200000,313200100,10387,17313,313300000,313300000
0,3133,313300000,313300100,10387,17313,313400000,313400000
0,3134,313400000,313400100,10387,17313,313500000,313500000
0,3135,313500000,313500100,10387,17313,313600000,313600000
0,3136,313600000,313600100,10387,17313,313700000,313700000
0,3137,313700000,313700100,10387,17313,313800000,313800000
0,3138,313800000,313800100,10387,17313,313900000,313900000
0,3139,313900000,313900100,10387,17313,314000000,314000000
0,3140,314000000,314000100,10387,17313,314100000,314100000
0,3141,314100000,314100100,10387,17313,314200000,314200000
0,3142,314200000,314200100,10387,17313,314300000,314300000
0,3143,314300000,314300100,10387,17313,314400000,314400000
0,3144,314400000,314400100,10387,17313,314500000,314500000
0,3145,314500000,314500100,10387,17313,314600000,314600000
0,3146,314600000,314600100,10387,17313,314700000,314700000
0,3147,314700000,314700100,10387,17313,314800000,314800000
0,3148,314800000,314800100,10387,17313,314900000,314900000
0,3149,314900000,314900100,10387,17313,315000000,315000000
0,3150,315000000,315000100,10387,17313,315100000,315100000
0,3151,315100000,315100100,10387,17313,315200000,315200000
0,3152,315200000,315200100,10387,17313,315300000,315300000
0,3153,315300000,315300100,10387,17313,315400000,315400000
0,3154,315400000,315400100,10387,17313,315500000,315500000
0,3155,315500000,315500100,10387,17313,315600000,315600000
0,3156,315600000,315600100,10387,17313,315700000,315700000
0,3157,315700000,315700100,10387,17313,315800000,315800000
0,3158,315800000,315800100,10387,17313,315900000,315900000
0,3159,315900000,315900100,10387,17313,316000000,316000000
0,3160,316000000,316000100,10387,17313,316100000,316100000
0,3161,316100000,316100100,10387,17313,316200000,316200000
0,3162,316200000,316200100,10387,17313,316300000,316300000
0,3163,316300000,316300100,10387,17313,316400000,316400000
0,3164,316400000,316400100,10387,17313,316500000,316500000
0,3165,316500000,316500100,10387,17313,316600000,316600000
0,3166,316600000,316600100,10387,17313,316700000,316700000
0,3167,316700000,316700100,10387,17313,316800000,316800000
0,3168,316800000,316800100,10387,17313,316900000,316900000
0,3169,316900000,316900100,10387,17313,317000000,317000000
0,3170,317000000,317000100,10387,17313,317100000,317100000
0,3171,317100000,317100100,10387,17313,317200000,317200000
0,3172,317200000,317200100,10387,17313,317300000,317300000
0,3173,317300000,317300100,10387,17313,317400000,317400000
0,3174,317400000,317400100,10387,17313,317500000,317500000
0,3175,317500000,317500100,10387,17313,317600000,317600000
0,3176,317600000,317600100,10387,17313,317700000,317700000
0,3177,317700000,317700100,10387,17313,317800000,317800000
0,3178,317800000,317800100,10387,17313,317900000,317900000
0,3179,317900000,317900100,10387,17313,318000000,318000000
0,3180,318000000,318000100,10387,17313,318100000,318100000
0,3181,318100000,318100100,10387,17313,318200000,318200000
0,3182,318200000,318200100,10387,17313,318300000,318300000
0,3183,318300000,318300100,10387,17313,318400000,318400000
0,3184,318400000,318400100,10387,17313,318500000,318500000
0,3185,318500000,318500100,10387,17313,318600000,318600000
0,3186,318600000,318600100,10387,17313,318700000,318700000
0,3187,318700000,318700100,10387,17313,318800000,318800000
0,3188,318800000,318800100,10387,17313,318900000,318900000
0,3189,318900000,318900100,10387,17313,319000000,319000000
0,3190,319000000,319000100,10387,17313,319100000,319100000
0,3191,319100000,319100100,10387,17313,319200000,319200000
0,3192,319200000,319200100,10387,17313,319300000,319300000
0,3193,319300000,319300100,10387,17313,319400000,319400000
0,3194,319400000,319400100,10387,17313,319500000,319500000
0,3195,319500000,319500100,10387,17313,319600000,319600000
0,3196,319600000,319600100,10387,17313,319700000,319700000
0,3197,319700000,319700100,10387,17313,319800000,319800000
0,3198,319800000,319800100,10387,17313,319900000,319900000
0,3199,319900000,319900100,10387,17313,320000000,320000000
0,3200,320000000,320000100,10387,17313,320100000,320100000
0,3201,320100000,320100100,10387,17313,320200000,320200000
0,3202,320200000,320200100,10387,17313,320300000,320300000
0,3203,320300000,320300100,10387,17313,320400000,320400000
0,3204,320400000,320400100,10387,17313,320500000,320500000
0,3205,320500000,320500100,10387,17313,320600000,320600000
0,3206,320600000,320600100,10387,17313,320700000,320700000
0,3207,320700000,320700100,10387,17313,320800000,320800000
0,3208,320800000,320800100,10387,17313,320900000,320900000
0,3209,320900000,320900100,10387,17313,321000000,321000000
0,3210,321000000,321000100,10387,17313,321100000,321100000
0,3211,321100000,321100100,10387,17313,321200000,321200000
0,3212,321200000,321200100,10387,17313,321300000,321300000
0,3213,321300000,321300100,10387,17313,321400000,321400000
0,3214,321400000,321400100,10387,17313,321500000,321500000
0,3215,321500000,321500100,10387,17313,321600000,321600000
0,3216,321600000,321600100,10387,17313,321700000,321700000
0,3217,321700000,321700100,10387,17313,321800000,321800000
0,3218,321800000,321800100,10387,17313,321900000,321900000
0,3219,321900000,321900100,10387,17313,322000000,322000000
0,3220,322000000,322000100,10387,17313,322100000,322100000
0,3221,322100000,322100100,10387,17313,322200000,322200000
0,3222,322200000,322200100,10387,17313,322300000,322300000
0,3223,322300000,322300100,10387,17313,322400000,322400000
0,3224,322400000,322400100,10387,17313,322500000,322500000
0,3225,322500000,322500100,10387,17313,322600000,322600000
0,3226,322600000,322600100,10387,17313,322700000,322700000
0,3227,322700000,322700100,10387,17313,322800000,322800000
0,3228,322800000,322800100,10387,17313,322900000,322900000
0,3229,322900000,322900100,10387,17313,323000000,323000000
0,3230,323000000,323000100,10387,17313,323100000,323100000
0,3231,323100000,323100100,10387,17313,323200000,323200000
0,3232,323200000,323200100,10387,17313,323300000,323300000
0,3233,323300000,323300100,10387,17313,323400000,323400000
0,3234,323400000,323400100,10387,17313,323500000,323500000
0,3235,323500000,323500100,10387,17313,323600000,323600000
0,3236,323600000,323600100,10387,17313,323700000,323700000
0,3237,323700000,323700100,10387,17313,323800000,323800000
0,3238,323800000,323800100,10387,17313,323900000,323900000
0,3239,323900000,323900100,10387,17313,324000000,324000000
0,3240,324000000,324000100,10387,17313,324100000,324100000
0,3241,324100000,324100100,10387,17313,324200000,324200000
0,3242,324200000,324200100,10387,17313,324300000,324300000
0,3243,324300000,324300100,10387,17313,324400000,324400000
0,3244,324400000,324400100,10387,17313,324500000,324500000
0,3245,324500000,324500100,10387,17313,324600000,324600000
0,3246,324600000,324600100,10387,17313,324700000,324700000
0,3247,324700000,324700100,10387,17313,324800000,324800000
0,3248,324800000,324800100,10387,17313,324900000,324900000
0,3249,324900000,324900100,10387,17313,325000000,325000000
0,3250,325000000,325000100,10387,17313,325100000,325100000
0,3251,325100000,325100100,10387,17313,325200000,325200000
0,3252,325200000,325200100,10387,17313,325300000,325300000
0,3253,325300000,325300100,10387,17313,325400000,325400000
0,3254,325400000,325400100,10387,17313,325500000,325500000
0,3255,325500000,325500100,10387,17313,325600000,325600000
0,3256,325600000,325600100,10387,17313,325700000,325700000
0,3257,325700000,325700100,10387,17313,325800000,325800000
0,3258,325800000,325800100,10387,17313,325900000,325900000
0,3259,325900000,325900100,10387,17313,326000000,326000000
0,3260,326000000,326000100,10387,17313,326100000,326100000
0,3261,326100000,326100100,10387,17313,326200000,326200000
0,3262,326200000,326200100,10387,17313,326300000,326300000
0,3263,326300000,326300100,10387,17313,326400000,326400000
0,3264,326400000,326400100,10387,17313,326500000,326500000
0,3265,326500000,326500100,10387,17313,326600000,326600000
0,3266,326600000,326600100,10387,17313,326700000,326700000
0,3267,326700000,326700100,10387,17313,326800000,326800000
0,3268,326800000,326800100,10387,17313,326900000,326900000
0,3269,326900000,326900100,10387,17313,327000000,327000000
0,3270,327000000,327000100,10387,17313,327100000,327100000
0,3271,327100000,327100100,10387,17313,327200000,327200000
0,3272,327200000,327200100,10387,17313,327300000,327300000
0,3273,327300000,327300100,10387,17313,327400000,327400000
0,3274,327400000,327400100,10387,17313,327500000,327500000
0,3275,327500000,327500100,10387,17313,327600000,327600000
0,3276,327600000,327600100,10387,17313,327700000,327700000
0,3277,327700000,327700100,10387,17313,327800000,327800000
0,3278,327800000,327800100,10387,17313,327900000,327900000
0,3279,327900000,327900100,10387,17313,328000000,328000000
0,3280,328000000,328000100,10387,17313,328100000,328100000
0,3281,328100000,328100100,10387,17313,328200000,328200000
0,3282,328200000,328200100,10387,17313,328300000,328300000
0,3283,328300000,328300100,10387,17313,328400000,328400000
0,3284,328400000,328400100,10387,17313,328500000,328500000
0,3285,328500000,328500100,10387,17313,328600000,328600000
0,3286,328600000,328600100,10387,17313,328700000,328700000
0,3287,328700000,328700100,10387,17313,328800000,328800000
0,3288,328800000,328800100,10387,17313,328900000,328900000
0,3289,328900000,328900100,10387,17313,329000000,329000000
0,3290,329000000,329000100,10387,17313,329100000,329100000
0,3291,329100000,329100100,10387,17313,329200000,329200000
0,3292,329200000,329200100,10387,17313,329300000,329300000
0,3293,329300000,329300100,10387,17313,329400000,329400000
0,3294,329400000,329400100,10387,17313,329500000,329500000
0,3295,329500000,329500100,10387,17313,329600000,329600000
0,3296,329600000,329600100,10387,17313,329700000,329700000
0,3297,329700000,329700100,10387,17313,329800000,329800000
0,3298,329800000,329800100,10387,17313,329900000,329900000
0,3299,329900000,329900100,10387,17313,330000000,330000000
0,3300,330000000,330000100,10387,17313,330100000,330100000
0,3301,330100000,330100100,10387,17313,330200000,330200000
0,3302,330200000,330200100,10387,17313,330300000,330300000
0,3303,330300000,330300100,10387,17313,330400000,330400000
0,3304,330400000,330400100,10387,17313,330500000,330500000
0,3305,330500000,330500100,10387,17313,330600000,330600000
0,3306,330600000,330600100,10387,17313,330700000,330700000
0,3307,330700000,330700100,10387,17313,330800000,330800000
0,3308,330800000,330800100,10387,17313,330900000,330900000
0,3309,330900000,330900100,10387,17313,331000000,331000000
0,3310,331000000,331000100,10387,17313,331100000,331100000
0,3311,331100000,331100100,10387,17313,331200000,331200000
0,3312,331200000,331200100,10387,17313,331300000,331300000
0,3313,331300000,331300100,10387,17313,331400000,331400000
0,3314,331400000,331400100,10387,17313,331500000,331500000
0,3315,331500000,331500100,10387,17313,331600000,331600000
0,3316,331600000,331600100,10387,17313,331700000,331700000
0,3317,331700000,331700100,10387,17313,331800000,331800000
0,3318,331800000,331800100,10387,17313,331900000,331900000
0,3319,331900000,331900100,10387,17313,332000000,332000000
0,3320,332000000,332000100,10387,17313,332100000,332100000
0,3321,332100000,332100100,10387,17313,332200000,332200000
0,3322,332200000,332200100,10387,17313,332300000,332300000
0,3323,332300000,332300100,10387,17313,332400000,332400000
0,3324,332400000,332400100,10387,17313,332500000,332500000
0,3325,332500000,332500100,10387,17313,332600000,332600000
0,3326,332600000,332600100,10387,17313,332700000,332700000
0,3327,332700000,332700100,10387,17313,332800000,332800000
0,3328,332800000,332800100,10387,17313,332900000,332900000
0,3329,332900000,332900100,10387,17313,333000000,333000000
0,3330,333000000,333000100,10387,17313,333100000,333100000
0,3331,333100000,333100100,10387,17313,333200000,333200000
0,3332,333200000,333200100,10387,17313,333300000,333300000
0,3333,333300000,333300100,10387,17313,333400000,333400000
0,3334,333400000,333400100,10387,17313,333500000,333500000
0,3335,333500000,333500100,10387,17313,333600000,333600000
0,3336,333600000,333600100,10387,17313,333700000,333700000
0,3337,333700000,333700100,10387,17313,333800000,333800000
0,3338,333800000,333800100,10387,17313,333900000,333900000
0,3339,333900000,333900100,10387,17313,334000000,334000000
0,3340,334000000,334000100,10387,17313,334100000,334100000
0,3341,334100000,334100100,10387,17313,334200000,334200000
0,3342,334200000,334200100,10387,17313,334300000,334300000
0,3343,334300000,334300100,10387,17313,334400000,334400000
0,3344,334400000,334400100,10387,17313,334500000,334500000
0,3345,334500000,334500100,10387,17313,334600000,334600000
0,3346,334600000,334600100,10387,17313,334700000,334700000
0,3347,334700000,334700100,10387,17313,334800000,334800000
0,3348,334800000,334800100,10387,17313,334900000,334900000
0,3349,334900000,334900100,10387,17313,335000000,335000000
0,3350,335000000,335000100,10387,17313,335100000,335100000
0,3351,335100000,335100100,10387,17313,335200000,335200000
0,3352,335200000,335200100,10387,17313,335300000,335300000
0,3353,335300000,335300100,10387,17313,335400000,335400000
0,3354,335400000,335400100,10387,17313,335500000,335500000
0,3355,335500000,335500100,10387,17313,335600000,335600000
0,3356,335600000,335600100,10387,17313,335700000,335700000
0,3357,335700000,335700100,10387,17313,335800000,335800000
0,3358,335800000,335800100,10387,17313,335900000,335900000
0,3359,335900000,335900100,10387,17313,336000000,336000000
0,3360,336000000,336000100,10387,17313,336100000,336100000
0,3361,336100000,336100100,10387,17313,336200000,336200000
0,3362,336200000,336200100,10387,17313,336300000,336300000
0,3363,336300000,336300100,10387,17313,336400000,336400000
0,3364,336400000,336400100,10387,17313,336500000,336500000
0,3365,336500000,336500100,10387,17313,336600000,336600000
0,3366,336600000,336600100,10387,17313,336700000,336700000
0,3367,336700000,336700100,10387,17313,336800000,336800000
0,3368,336800000,336800100,10387,17313,336900000,336900000
0,3369,336900000,336900100,10387,17313,337000000,337000000
0,3370,337000000,337000100,10387,17313,337100000,337100000
0,3371,337100000,337100100,10387,17313,337200000,337200000
0,3372,337200000,337200100,10387,17313,337300000,337300000
0,3373,337300000,337300100,10387,17313,337400000,337400000
0,3374,337400000,337400100,10387,17313,337500000,337500000
0,3375,337500000,337500100,10387,17313,337600000,337600000
0,3376,337600000,337600100,10387,17313,337700000,337700000
0,3377,337700000,337700100,10387,17313,337800000,337800000
0,3378,337800000,337800100,10387,17313,337900000,337900000
0,3379,337900000,337900100,10387,17313,338000000,338000000
0,3380,338000000,338000100,10387,17313,338100000,338100000
0,3381,338100000,338100100,10387,17313,338200000,338200000
0,3382,338200000,338200100,10387,17313,338300000,338300000
0,3383,338300000,338300100,10387,17313,338400000,338400000
0,3384,338400000,338400100,10387,17313,338500000,338500000
0,3385,338500000,338500100,10387,17313,338600000,338600000
0,3386,338600000,338600100,10387,17313,338700000,338700000
0,3387,338700000,338700100,10387,17313,338800000,338800000
0,3388,338800000,338800100,10387,17313,338900000,338900000
0,3389,338900000,338900100,10387,17313,339000000,339000000
0,3390,339000000,339000100,10387,17313,339100000,339100000
0,3391,339100000,339100100,10387,17313,339200000,339200000
0,3392,339200000,339200100,10387,17313,339300000,339300000
0,3393,339300000,339300100,10387,17313,339400000,339400000
0,3394,339400000,339400100,10387,17313,339500000,339500000
0,3395,339500000,339500100,10387,17313,339600000,339600000
0,3396,339600000,339600100,10387,17313,339700000,339700000
0,3397,339700000,339700100,10387,17313,339800000,339800000
0,3398,339800000,339800100,10387,17313,339900000,339900000
0,3399,339900000,339900100,10387,17313,340000000,340000000
0,3400,340000000,340000100,10387,17313,340100000,340100000
0,3401,340100000,340100100,10387,17313,340200000,340200000
0,3402,340200000,340200100,10387,17313,340300000,340300000
0,3403,340300000,340300100,10387,17313,340400000,340400000
0,3404,340400000,340400100,10387,17313,340500000,340500000
0,3405,340500000,340500100,10387,17313,340600000,340600000
0,3406,340600000,340600100,10387,17313,340700000,340700000
0,3407,340700000,340700100,10387,17313,340800000,340800000
0,3408,340800000,340800100,10387,17313,340900000,340900000
0,3409,340900000,340900100,10387,17313,341000000,341000000
0,3410,341000000,341000100,10387,17313,341100000,341100000
0,3411,341100000,341100100,10387,17313,341200000,341200000
0,3412,341200000,341200100,10387,17313,341300000,341300000
0,3413,341300000,341300100,10387,17313,341400000,341400000
0,3414,341400000,341400100,10387,17313,341500000,341500000
0,3415,341500000,341500100,10387,17313,341600000,341600000
0,3416,341600000,341600100,10387,17313,341700000,341700000
0,3417,341700000,341700100,10387,17313,341800000,341800000
0,3418,341800000,341800100,10387,17313,341900000,341900000
0,3419,341900000,341900100,10387,17313,342000000,342000000
0,3420,342000000,342000100,10387,17313,342100000,342100000
0,3421,342100000,342100100,10387,17313,342200000,342200000
0,3422,342200000,342200100,10387,17313,342300000,342300000
0,3423,342300000,342300100,10387,17313,342400000,342400000
0,3424,342400000,342400100,10387,17313,342500000,342500000
0,3425,342500000,342500100,10387,17313,342600000,342600000
0,3426,342600000,342600100,10387,17313,342700000,342700000
0,3427,342700000,342700100,10387,17313,342800000,342800000
0,3428,342800000,342800100,10387,17313,342900000,342900000
0,3429,342900000,342900100,10387,17313,343000000,343000000
0,3430,343000000,343000100,10387,17313,343100000,343100000
0,3431,343100000,343100100,10387,17313,343200000,343200000
0,3432,343200000,343200100,10387,17313,343300000,343300000
0,3433,343300000,343300100,10387,17313,343400000,343400000
0,3434,343400000,343400100,10387,17313,343500000,343500000
0,3435,343500000,343500100,10387,17313,343600000,343600000
0,3436,343600000,343600100,10387,17313,343700000,343700000
0,3437,343700000,343700100,10387,17313,343800000,343800000
0,3438,343800000,343800100,10387,17313,343900000,343900000
0,3439,343900000,343900100,10387,17313,344000000,344000000
0,3440,344000000,344000100,10387,17313,344100000,344100000
0,3441,344100000,344100100,10387,17313,344200000,344200000
0,3442,344200000,344200100,10387,17313,344300000,344300000
0,3443,344300000,344300100,10387,17313,344400000,344400000
0,3444,344400000,344400100,10387,17313,344500000,344500000
0,3445,344500000,344500100,10387,17313,344600000,344600000
0,3446,344600000,344600100,10387,17313,344700000,344700000
0,3447,344700000,344700100,10387,17313,344800000,344800000
0,3448,344800000,344800100,10387,17313,344900000,344900000
0,3449,344900000,344900100,10387,17313,345000000,345000000
0,3450,345000000,345000100,10387,17313,345100000,345100000
0,3451,345100000,345100100,10387,17313,345200000,345200000
0,3452,345200000,345200100,10387,17313,345300000,345300000
0,3453,345300000,345300100,10387,17313,345400000,345400000
0,3454,345400000,345400100,10387,17313,345500000,345500000
0,3455,345500000,345500100,10387,17313,345600000,345600000
0,3456,345600000,345600100,10387,17313,345700000,345700000
0,3457,345700000,345700100,10387,17313,345800000,345800000
0,3458,345800000,345800100,10387,17313,345900000,345900000
0,3459,345900000,345900100,10387,17313,346000000,346000000
0,3460,346000000,346000100,10387,17313,346100000,346100000
0,3461,346100000,346100100,10387,17313,346200000,346200000
0,3462,346200000,346200100,10387,17313,346300000,346300000
0,3463,346300000,346300100,10387,17313,346400000,346400000
0,3464,346400000,346400100,10387,17313,346500000,346500000
0,3465,346500000,346500100,10387,17313,346600000,346600000
0,3466,346600000,346600100,10387,17313,346700000,346700000
0,3467,346700000,346700100,10387,17313,346800000,346800000
0,3468,346800000,346800100,10387,17313,346900000,346900000
0,3469,346900000,346900100,10387,17313,347000000,347000000
0,3470,347000000,347000100,10387,17313,347100000,347100000
0,3471,347100000,347100100,10387,17313,347200000,347200000
0,3472,347200000,347200100,10387,17313,347300000,347300000
0,3473,347300000,347300100,10387,17313,347400000,347400000
0,3474,347400000,347400100,10387,17313,347500000,347500000
0,3475,347500000,347500100,10387,17313,347600000,347600000
0,3476,347600000,347600100,10387,17313,347700000,347700000
0,3477,347700000,347700100,10387,17313,347800000,347800000
0,3478,347800000,347800100,10387,17313,347900000,347900000
0,3479,347900000,347900100,10387,17313,348000000,348000000
0,3480,348000000,348000100,10387,17313,348100000,348100000
0,3481,348100000,348100100,10387,17313,348200000,348200000
0,3482,348200000,348200100,10387,17313,348300000,348300000
0,3483,348300000,348300100,10387,17313,348400000,348400000
0,3484,348400000,348400100,10387,17313,348500000,348500000
0,3485,348500000,348500100,10387,17313,348600000,348600000
0,3486,348600000,348600100,10387,17313,348700000,348700000
0,3487,348700000,348700100,10387,17313,348800000,348800000
0,3488,348800000,348800100,10387,17313,348900000,348900000
0,3489,348900000,348900100,10387,17313,349000000,349000000
0,3490,349000000,349000100,10387,17313,349100000,349100000
0,3491,349100000,349100100,10387,17313,349200000,349200000
0,3492,349200000,349200100,10387,17313,349300000,349300000
0,3493,349300000,349300100,10387,17313,349400000,349400000
0,3494,349400000,349400100,10387,17313,349500000,349500000
0,3495,349500000,349500100,10387,17313,349600000,349600000
0,3496,349600000,349600100,10387,17313,349700000,349700000
0,3497,349700000,349700100,10387,17313,349800000,349800000
0,3498,349800000,349800100,10387,17313,349900000,349900000
0,3499,349900000,349900100,10387,17313,350000000,350000000
0,3500,350000000,350000100,10387,17313,350100000,350100000
0,3501,350100000,350100100,10387,17313,350200000,350200000
0,3502,350200000,350200100,10387,17313,350300000,350300000
0,3503,350300000,350300100,10387,17313,350400000,350400000
0,3504,350400000,350400100,10387,17313,350500000,350500000
0,3505,350500000,350500100,10387,17313,350600000,350600000
0,3506,350600000,350600100,10387,17313,350700000,350700000
0,3507,350700000,350700100,10387,17313,350800000,350800000
0,3508,350800000,350800100,10387,17313,350900000,350900000
0,3509,350900000,350900100,10387,17313,351000000,351000000
0,3510,351000000,351000100,10387,17313,351100000,351100000
0,3511,351100000,351100100,10387,17313,351200000,351200000
0,3512,351200000,351200100,10387,17313,351300000,351300000
0,3513,351300000,351300100,10387,17313,351400000,351400000
0,3514,351400000,351400100,10387,17313,351500000,351500000
0,3515,351500000,351500100,10387,17313,351600000,351600000
0,3516,351600000,351600100,10387,17313,351700000,351700000
0,3517,351700000,351700100,10387,17313,351800000,351800000
0,3518,351800000,351800100,10387,17313,351900000,351900000
0,3519,351900000,351900100,10387,17313,352000000,352000000
0,3520,352000000,352000100,10387,17313,352100000,352100000
0,3521,352100000,352100100,10387,17313,352200000,352200000
0,3522,352200000,352200100,10387,17313,352300000,352300000
0,3523,352300000,352300100,10387,17313,352400000,352400000
0,3524,352400000,352400100,10387,17313,352500000,352500000
0,3525,352500000,352500100,10387,17313,352600000,352600000
0,3526,352600000,352600100,10387,17313,352700000,352700000
0,3527,352700000,352700100,10387,17313,352800000,352800000
0,3528,352800000,352800100,10387,17313,352900000,352900000
0,3529,352900000,352900100,10387,17313,353000000,353000000
0,3530,353000000,353000100,10387,17313,353100000,353100000
0,3531,353100000,353100100,10387,17313,353200000,353200000
0,3532,353200000,353200100,10387,17313,353300000,353300000
0,3533,353300000,353300100,10387,17313,353400000,353400000
0,3534,353400000,353400100,10387,17313,353500000,353500000
0,3535,353500000,353500100,10387,17313,353600000,353600000
0,3536,353600000,353600100,10387,17313,353700000,353700000
0,3537,353700000,353700100,10387,17313,353800000,353800000
0,3538,353800000,353800100,10387,17313,353900000,353900000
0,3539,353900000,353900100,10387,17313,354000000,354000000
0,3540,354000000,354000100,10387,17313,354100000,354100000
0,3541,354100000,354100100,10387,17313,354200000,354200000
0,3542,354200000,354200100,10387,17313,354300000,354300000
0,3543,354300000,354300100,10387,17313,354400000,354400000
0,3544,354400000,354400100,10387,17313,354500000,354500000
0,3545,354500000,354500100,10387,17313,354600000,354600000
0,3546,354600000,354600100,10387,17313,354700000,354700000
0,3547,354700000,354700100,10387,17313,354800000,354800000
0,3548,354800000,354800100,10387,17313,354900000,354900000
0,3549,354900000,354900100,10387,17313,355000000,355000000
0,3550,355000000,355000100,10387,17313,355100000,355100000
0,3551,355100000,355100100,10387,17313,355200000,355200000
0,3552,355200000,355200100,10387,17313,355300000,355300000
0,3553,355300000,355300100,10387,17313,355400000,355400000
0,3554,355400000,355400100,10387,17313,355500000,355500000
0,3555,355500000,355500100,10387,17313,355600000,355600000
0,3556,355600000,355600100,10387,17313,355700000,355700000
0,3557,355700000,355700100,10387,17313,355800000,355800000
0,3558,355800000,355800100,10387,17313,355900000,355900000
0,3559,355900000,355900100,10387,17313,356000000,356000000
0,3560,356000000,356000100,10387,17313,356100000,356100000
0,3561,356100000,356100100,10387,17313,356200000,356200000
0,3562,356200000,356200100,10387,17313,356300000,356300000
0,3563,356300000,356300100,10387,17313,356400000,356400000
0,3564,356400000,356400100,10387,17313,356500000,356500000
0,3565,356500000,356500100,10387,17313,356600000,356600000
0,3566,356600000,356600100,10387,17313,356700000,356700000
0,3567,356700000,356700100,10387,17313,356800000,356800000
0,3568,356800000,356800100,10387,17313,356900000,356900000
0,3569,356900000,356900100,10387,17313,357000000,357000000
0,3570,357000000,357000100,10387,17313,357100000,357100000
0,3571,357100000,357100100,10387,17313,357200000,357200000
0,3572,357200000,357200100,10387,17313,357300000,357300000
0,3573,357300000,357300100,10387,17313,357400000,357400000
0,3574,357400000,357400100,10387,17313,357500000,357500000
0,3575,357500000,357500100,10387,17313,357600000,357600000
0,3576,357600000,357600100,10387,17313,357700000,357700000
0,3577,357700000,357700100,10387,17313,357800000,357800000
0,3578,357800000,357800100,10387,17313,357900000,357900000
0,3579,357900000,357900100,10387,17313,358000000,358000000
0,3580,358000000,358000100,10387,17313,358100000,358100000
0,3581,358100000,358100100,10387,17313,358200000,358200000
0,3582,358200000,358200100,10387,17313,358300000,358300000
0,3583,358300000,358300100,10387,17313,358400000,358400000
0,3584,358400000,358400100,10387,17313,358500000,358500000
0,3585,358500000,358500100,10387,17313,358600000,358600000
0,3586,358600000,358600100,10387,17313,358700000,358700000
0,3587,358700000,358700100,10387,17313,358800000,358800000
0,3588,358800000,358800100,10387,17313,358900000,358900000
0,3589,358900000,358900100,10387,17313,359000000,359000000
0,3590,359000000,359000100,10387,17313,359100000,359100000
0,3591,359100000,359100100,10387,17313,359200000,359200000
0,3592,359200000,359200100,10387,17313,359300000,359300000
0,3593,359300000,359300100,10387,17313,359400000,359400000
0,3594,359400000,359400100,10387,17313,359500000,359500000
0,3595,359500000,359500100,10387,17313,359600000,359600000
0,3596,359600000,359600100,10387,17313,359700000,359700000
0,3597,359700000,359700100,10387,17313,359800000,359800000
0,3598,359800000,359800100,10387,17313,359900000,359900000
0,3599,359900000,359900100,10387,17313,360000000,360000000
0,3600,360000000,360000100,10387,17313,360100000,360100000
0,3601,360100000,360100100,10387,17313,360200000,360200000
0,3602,360200000,360200100,10387,17313,360300000,360300000
0,3603,360300000,360300100,10387,17313,360400000,360400000
0,3604,360400000,360400100,10387,17313,360500000,360500000
0,3605,360500000,360500100,10387,17313,360600000,360600000
0,3606,360600000,360600100,10387,17313,360700000,360700000
0,3607,360700000,360700100,10387,17313,360800000,360800000
0,3608,360800000,360800100,10387,17313,360900000,360900000
0,3609,360900000,360900100,10387,17313,361000000,361000000
0,3610,361000000,361000100,10387,17313,361100000,361100000
0,3611,361100000,361100100,10387,17313,361200000,361200000
0,3612,361200000,361200100,10387,17313,361300000,361300000
0,3613,361300000,361300100,10387,17313,361400000,361400000
0,3614,361400000,361400100,10387,17313,361500000,361500000
0,3615,361500000,361500100,10387,17313,361600000,361600000
0,3616,361600000,361600100,10387,17313,361700000,361700000
0,3617,361700000,361700100,10387,17313,361800000,361800000
0,3618,361800000,361800100,10387,17313,361900000,361900000
0,3619,361900000,361900100,10387,17313,362000000,362000000
0,3620,362000000,362000100,10387,17313,362100000,362100000
0,3621,362100000,362100100,10387,17313,362200000,362200000
0,3622,362200000,362200100,10387,17313,362300000,362300000
0,3623,362300000,362300100,10387,17313,362400000,362400000
0,3624,362400000,362400100,10387,17313,362500000,362500000
0,3625,362500000,362500100,10387,17313,362600000,362600000
0,3626,362600000,362600100,10387,17313,362700000,362700000
0,3627,362700000,362700100,10387,17313,362800000,362800000
0,3628,362800000,362800100,10387,17313,362900000,362900000
0,3629,362900000,362900100,10387,17313,363000000,363000000
0,3630,363000000,363000100,10387,17313,363100000,363100000
0,3631,363100000,363100100,10387,17313,363200000,363200000
0,3632,363200000,363200100,10387,17313,363300000,363300000
0,3633,363300000,363300100,10387,17313,363400000,363400000
0,3634,363400000,363400100,10387,17313,363500000,363500000
0,3635,363500000,363500100,10387,17313,363600000,363600000
0,3636,363600000,363600100,10387,17313,363700000,363700000
0,3637,363700000,363700100,10387,17313,363800000,363800000
0,3638,363800000,363800100,10387,17313,363900000,363900000
0,3639,363900000,363900100,10387,17313,364000000,364000000
0,3640,364000000,364000100,10387,17313,364100000,364100000
0,3641,364100000,364100100,10387,17313,364200000,364200000
0,3642,364200000,364200100,10387,17313,364300000,364300000
0,3643,364300000,364300100,10387,17313,364400000,364400000
0,3644,364400000,364400100,10387,17313,364500000,364500000
0,3645,364500000,364500100,10387,17313,364600000,364600000
0,3646,364600000,364600100,10387,17313,364700000,364700000
0,3647,364700000,364700100,10387,17313,364800000,364800000
0,3648,364800000,364800100,10387,17313,364900000,364900000
0,3649,364900000,364900100,10387,17313,365000000,365000000
0,3650,365000000,365000100,10387,17313,365100000,365100000
0,3651,365100000,365100100,10387,17313,365200000,365200000
0,3652,365200000,365200100,10387,17313,365300000,365300000
0,3653,365300000,365300100,10387,17313,365400000,365400000
0,3654,365400000,365400100,10387,17313,365500000,365500000
0,3655,365500000,365500100,10387,17313,365600000,365600000
0,3656,365600000,365600100,10387,17313,365700000,365700000
0,3657,365700000,365700100,10387,17313,365800000,365800000
0,3658,365800000,365800100,10387,17313,365900000,365900000
0,3659,365900000,365900100,10387,17313,366000000,366000000
0,3660,366000000,366000100,10387,17313,366100000,366100000
0,3661,366100000,366100100,10387,17313,366200000,366200000
0,3662,366200000,366200100,10387,17313,366300000,366300000
0,3663,366300000,366300100,10387,17313,366400000,366400000
0,3664,366400000,366400100,10387,17313,366500000,366500000
0,3665,366500000,366500100,10387,17313,366600000,366600000
0,3666,366600000,366600100,10387,17313,366700000,366700000
0,3667,366700000,366700100,10387,17313,366800000,366800000
0,3668,366800000,366800100,10387,17313,366900000,366900000
0,3669,366900000,366900100,10387,17313,367000000,367000000
0,3670,367000000,367000100,10387,17313,367100000,367100000
0,3671,367100000,367100100,10387,17313,367200000,367200000
0,3672,367200000,367200100,10387,17313,367300000,367300000
0,3673,367300000,367300100,10387,17313,367400000,367400000
0,3674,367400000,367400100,10387,17313,367500000,367500000
0,3675,367500000,367500100,10387,17313,367600000,367600000
0,3676,367600000,367600100,10387,17313,367700000,367700000
0,3677,367700000,367700100,10387,17313,367800000,367800000
0,3678,367800000,367800100,10387,17313,367900000,367900000
0,3679,367900000,367900100,10387,17313,368000000,368000000
0,3680,368000000,368000100,10387,17313,368100000,368100000
0,3681,368100000,368100100,10387,17313,368200000,368200000
0,3682,368200000,368200100,10387,17313,368300000,368300000
0,3683,368300000,368300100,10387,17313,368400000,368400000
0,3684,368400000,368400100,10387,17313,368500000,368500000
0,3685,368500000,368500100,10387,17313,368600000,368600000
0,3686,368600000,368600100,10387,17313,368700000,368700000
0,3687,368700000,368700100,10387,17313,368800000,368800000
0,3688,368800000,368800100,10387,17313,368900000,368900000
0,3689,368900000,368900100,10387,17313,369000000,369000000
0,3690,369000000,369000100,10387,17313,369100000,369100000
0,3691,369100000,369100100,10387,17313,369200000,369200000
0,3692,369200000,369200100,10387,17313,369300000,369300000
0,3693,369300000,369300100,10387,17313,369400000,369400000
0,3694,369400000,369400100,10387,17313,369500000,369500000
0,3695,369500000,369500100,10387,17313,369600000,369600000
0,3696,369600000,369600100,10387,17313,369700000,369700000
0,3697,369700000,369700100,10387,17313,369800000,369800000
0,3698,369800000,369800100,10387,17313,369900000,369900000
0,3699,369900000,369900100,10387,17313,370000000,370000000
0,3700,370000000,370000100,10387,17313,370100000,370100000
0,3701,370100000,370100100,10387,17313,370200000,370200000
0,3702,370200000,370200100,10387,17313,370300000,370300000
0,3703,370300000,370300100,10387,17313,370400000,370400000
0,3704,370400000,370400100,10387,17313,370500000,370500000
0,3705,370500000,370500100,10387,17313,370600000,370600000
0,3706,370600000,370600100,10387,17313,370700000,370700000
0,3707,370700000,370700100,10387,17313,370800000,370800000
0,3708,370800000,370800100,10387,17313,370900000,370900000
0,3709,370900000,370900100,10387,17313,371000000,371000000
0,3710,371000000,371000100,10387,17313,371100000,371100000
0,3711,371100000,371100100,10387,17313,371200000,371200000
0,3712,371200000,371200100,10387,17313,371300000,371300000
0,3713,371300000,371300100,10387,17313,371400000,371400000
0,3714,371400000,371400100,10387,17313,371500000,371500000
0,3715,371500000,371500100,10387,17313,371600000,371600000
0,3716,371600000,371600100,10387,17313,371700000,371700000
0,3717,371700000,371700100,10387,17313,371800000,371800000
0,3718,371800000,371800100,10387,17313,371900000,371900000
0,3719,371900000,371900100,10387,17313,372000000,372000000
0,3720,372000000,372000100,10387,17313,372100000,372100000
0,3721,372100000,372100100,10387,17313,372200000,372200000
0,3722,372200000,372200100,10387,17313,372300000,372300000
0,3723,372300000,372300100,10387,17313,372400000,372400000
0,3724,372400000,372400100,10387,17313,372500000,372500000
0,3725,372500000,372500100,10387,17313,372600000,372600000
0,3726,372600000,372600100,10387,17313,372700000,372700000
0,3727,372700000,372700100,10387,17313,372800000,372800000
0,3728,372800000,372800100,10387,17313,372900000,372900000
0,3729,372900000,372900100,10387,17313,373000000,373000000
0,3730,373000000,373000100,10387,17313,373100000,373100000
0,3731,373100000,373100100,10387,17313,373200000,373200000
0,3732,373200000,373200100,10387,17313,373300000,373300000
0,3733,373300000,373300100,10387,17313,373400000,373400000
0,3734,373400000,373400100,10387,17313,373500000,373500000
0,3735,373500000,373500100,10387,17313,373600000,373600000
0,3736,373600000,373600100,10387,17313,373700000,373700000
0,3737,373700000,373700100,10387,17313,373800000,373800000
0,3738,373800000,373800100,10387,17313,373900000,373900000
0,3739,373900000,373900100,10387,17313,374000000,374000000
0,3740,374000000,374000100,10387,17313,374100000,374100000
0,3741,374100000,374100100,10387,17313,374200000,374200000
0,3742,374200000,374200100,10387,17313,374300000,374300000
0,3743,374300000,374300100,10387,17313,374400000,374400000
0,3744,374400000,374400100,10387,17313,374500000,374500000
0,3745,374500000,374500100,10387,17313,374600000,374600000
0,3746,374600000,374600100,10387,17313,374700000,374700000
0,3747,374700000,374700100,10387,17313,374800000,374800000
0,3748,374800000,374800100,10387,17313,374900000,374900000
0,3749,374900000,374900100,10387,17313,375000000,375000000
0,3750,375000000,375000100,10387,17313,375100000,375100000
0,3751,375100000,375100100,10387,17313,375200000,375200000
0,3752,375200000,375200100,10387,17313,375300000,375300000
0,3753,375300000,375300100,10387,17313,375400000,375400000
0,3754,375400000,375400100,10387,17313,375500000,375500000
0,3755,375500000,375500100,10387,17313,375600000,375600000
0,3756,375600000,375600100,10387,17313,375700000,375700000
0,3757,375700000,375700100,10387,17313,375800000,375800000
0,3758,375800000,375800100,10387,17313,375900000,375900000
0,3759,375900000,375900100,10387,17313,376000000,376000000
0,3760,376000000,376000100,10387,17313,376100000,376100000
0,3761,376100000,376100100,10387,17313,376200000,376200000
0,3762,376200000,376200100,10387,17313,376300000,376300000
0,3763,376300000,376300100,10387,17313,376400000,376400000
0,3764,376400000,376400100,10387,17313,376500000,376500000
0,3765,376500000,376500100,10387,17313,376600000,376600000
0,3766,376600000,376600100,10387,17313,376700000,376700000
0,3767,376700000,376700100,10387,17313,376800000,376800000
0,3768,376800000,376800100,10387,17313,376900000,376900000
0,3769,376900000,376900100,10387,17313,377000000,377000000
0,3770,377000000,377000100,10387,17313,377100000,377100000
0,3771,377100000,377100100,10387,17313,377200000,377200000
0,3772,377200000,377200100,10387,17313,377300000,377300000
0,3773,377300000,377300100,10387,17313,377400000,377400000
0,3774,377400000,377400100,10387,17313,377500000,377500000
0,3775,377500000,377500100,10387,17313,377600000,377600000
0,3776,377600000,377600100,10387,17313,377700000,377700000
0,3777,377700000,377700100,10387,17313,377800000,377800000
0,3778,377800000,377800100,10387,17313,377900000,377900000
0,3779,377900000,377900100,10387,17313,378000000,378000000
0,3780,378000000,378000100,10387,17313,378100000,378100000
0,3781,378100000,378100100,10387,17313,378200000,378200000
0,3782,378200000,378200100,10387,17313,378300000,378300000
0,3783,378300000,378300100,10387,17313,378400000,378400000
0,3784,378400000,378400100,10387,17313,378500000,378500000
0,3785,378500000,378500100,10387,17313,378600000,378600000
0,3786,378600000,378600100,10387,17313,378700000,378700000
0,3787,378700000,378700100,10387,17313,378800000,378800000
0,3788,378800000,378800100,10387,17313,378900000,378900000
0,3789,378900000,378900100,10387,17313,379000000,379000000
0,3790,379000000,379000100,10387,17313,379100000,379100000
0,3791,379100000,379100100,10387,17313,379200000,379200000
0,3792,379200000,379200100,10387,17313,379300000,379300000
0,3793,379300000,379300100,10387,17313,379400000,379400000
0,3794,379400000,379400100,10387,17313,379500000,379500000
0,3795,379500000,379500100,10387,17313,379600000,379600000
0,3796,379600000,379600100,10387,17313,379700000,379700000
0,3797,379700000,379700100,10387,17313,379800000,379800000
0,3798,379800000,379800100,10387,17313,379900000,379900000
0,3799,379900000,379900100,10387,17313,380000000,380000000
0,3800,380000000,380000100,10387,17313,380100000,380100000
0,3801,380100000,380100100,10387,17313,380200000,380200000
0,3802,380200000,380200100,10387,17313,380300000,380300000
0,3803,380300000,380300100,10387,17313,380400000,380400000
0,3804,380400000,380400100,10387,17313,380500000,380500000
0,3805,380500000,380500100,10387,17313,380600000,380600000
0,3806,380600000,380600100,10387,17313,380700000,380700000
0,3807,380700000,380700100,10387,17313,380800000,380800000
0,3808,380800000,380800100,10387,17313,380900000,380900000
0,3809,380900000,380900100,10387,17313,381000000,381000000
0,3810,381000000,381000100,10387,17313,381100000,381100000
0,3811,381100000,381100100,10387,17313,381200000,381200000
0,3812,381200000,381200100,10387,17313,381300000,381300000
0,3813,381300000,381300100,10387,17313,381400000,381400000
0,3814,381400000,381400100,10387,17313,381500000,381500000
0,3815,381500000,381500100,10387,17313,381600000,381600000
0,3816,381600000,381600100,10387,17313,381700000,381700000
0,3817,381700000,381700100,10387,17313,381800000,381800000
0,3818,381800000,381800100,10387,17313,381900000,381900000
0,3819,381900000,381900100,10387,17313,382000000,382000000
0,3820,382000000,382000100,10387,17313,382100000,382100000
0,3821,382100000,382100100,10387,17313,382200000,382200000
0,3822,382200000,382200100,10387,17313,382300000,382300000
0,3823,382300000,382300100,10387,17313,382400000,382400000
0,3824,382400000,382400100,10387,17313,382500000,382500000
0,3825,382500000,382500100,10387,17313,382600000,382600000
0,3826,382600000,382600100,10387,17313,382700000,382700000
0,3827,382700000,382700100,10387,17313,382800000,382800000
0,3828,382800000,382800100,10387,17313,382900000,382900000
0,3829,382900000,382900100,10387,17313,383000000,383000000
0,3830,383000000,383000100,10387,17313,383100000,383100000
0,3831,383100000,383100100,10387,17313,383200000,383200000
0,3832,383200000,383200100,10387,17313,383300000,383300000
0,3833,383300000,383300100,10387,17313,383400000,383400000
0,3834,383400000,383400100,10387,17313,383500000,383500000
0,3835,383500000,383500100,10387,17313,383600000,383600000
0,3836,383600000,383600100,10387,17313,383700000,383700000
0,3837,383700000,383700100,10387,17313,383800000,383800000
0,3838,383800000,383800100,10387,17313,383900000,383900000
0,3839,383900000,383900100,10387,17313,384000000,384000000
0,3840,384000000,384000100,10387,17313,384100000,384100000
0,3841,384100000,384100100,10387,17313,384200000,384200000
0,3842,384200000,384200100,10387,17313,384300000,384300000
0,3843,384300000,384300100,10387,17313,384400000,384400000
0,3844,384400000,384400100,10387,17313,384500000,384500000
0,3845,384500000,384500100,10387,17313,384600000,384600000
0,3846,384600000,384600100,10387,17313,384700000,384700000
0,3847,384700000,384700100,10387,17313,384800000,384800000
0,3848,384800000,384800100,10387,17313,384900000,384900000
0,3849,384900000,384900100,10387,17313,385000000,385000000
0,3850,385000000,385000100,10387,17313,385100000,385100000
0,3851,385100000,385100100,10387,17313,385200000,385200000
0,3852,385200000,385200100,10387,17313,385300000,385300000
0,3853,385300000,385300100,10387,17313,385400000,385400000
0,3854,385400000,385400100,10387,17313,385500000,385500000
0,3855,385500000,385500100,10387,17313,385600000,385600000
0,3856,385600000,385600100,10387,17313,385700000,385700000
0,3857,385700000,385700100,10387,17313,385800000,385800000
0,3858,385800000,385800100,10387,17313,385900000,385900000
0,3859,385900000,385900100,10387,17313,386000000,386000000
0,3860,386000000,386000100,10387,17313,386100000,386100000
0,3861,386100000,386100100,10387,17313,386200000,386200000
0,3862,386200000,386200100,10387,17313,386300000,386300000
0,3863,386300000,386300100,10387,17313,386400000,386400000
0,3864,386400000,386400100,10387,17313,386500000,386500000
0,3865,386500000,386500100,10387,17313,386600000,386600000
0,3866,386600000,386600100,10387,17313,386700000,386700000
0,3867,386700000,386700100,10387,17313,386800000,386800000
0,3868,386800000,386800100,10387,17313,386900000,386900000
0,3869,386900000,386900100,10387,17313,387000000,387000000
0,3870,387000000,387000100,10387,17313,387100000,387100000
0,3871,387100000,387100100,10387,17313,387200000,387200000
0,3872,387200000,387200100,10387,17313,387300000,387300000
0,3873,387300000,387300100,10387,17313,387400000,387400000
0,3874,387400000,387400100,10387,17313,387500000,387500000
0,3875,387500000,387500100,10387,17313,387600000,387600000
0,3876,387600000,387600100,10387,17313,387700000,387700000
0,3877,387700000,387700100,10387,17313,387800000,387800000
0,3878,387800000,387800100,10387,17313,387900000,387900000
0,3879,387900000,387900100,10387,17313,388000000,388000000
0,3880,388000000,388000100,10387,17313,388100000,388100000
0,3881,388100000,388100100,10387,17313,388200000,388200000
0,3882,388200000,388200100,10387,17313,388300000,388300000
0,3883,388300000,388300100,10387,17313,388400000,388400000
0,3884,388400000,388400100,10387,17313,388500000,388500000
0,3885,388500000,388500100,10387,17313,388600000,388600000
0,3886,388600000,388600100,10387,17313,388700000,388700000
0,3887,388700000,388700100,10387,17313,388800000,388800000
0,3888,388800000,388800100,10387,17313,388900000,388900000
0,3889,388900000,388900100,10387,17313,389000000,389000000
0,3890,389000000,389000100,10387,17313,389100000,389100000
0,3891,389100000,389100100,10387,17313,389200000,389200000
0,3892,389200000,389200100,10387,17313,389300000,389300000
0,3893,389300000,389300100,10387,17313,389400000,389400000
0,3894,389400000,389400100,10387,17313,389500000,389500000
0,3895,389500000,389500100,10387,17313,389600000,389600000
0,3896,389600000,389600100,10387,17313,389700000,389700000
0,3897,389700000,389700100,10387,17313,389800000,389800000
0,3898,389800000,389800100,10387,17313,389900000,389900000
0,3899,389900000,389900100,10387,17313,390000000,390000000
0,3900,390000000,390000100,10387,17313,390100000,390100000
0,3901,390100000,390100100,10387,17313,390200000,390200000
0,3902,390200000,390200100,10387,17313,390300000,390300000
0,3903,390300000,390300100,10387,17313,390400000,390400000
0,3904,390400000,390400100,10387,17313,390500000,390500000
0,3905,390500000,390500100,10387,17313,390600000,390600000
0,3906,390600000,390600100,10387,17313,390700000,390700000
0,3907,390700000,390700100,10387,17313,390800000,390800000
0,3908,390800000,390800100,10387,17313,390900000,390900000
0,3909,390900000,390900100,10387,17313,391000000,391000000
0,3910,391000000,391000100,10387,17313,391100000,391100000
0,3911,391100000,391100100,10387,17313,391200000,391200000
0,3912,391200000,391200100,10387,17313,391300000,391300000
0,3913,391300000,391300100,10387,17313,391400000,391400000
0,3914,391400000,391400100,10387,17313,391500000,391500000
0,3915,391500000,391500100,10387,17313,391600000,391600000
0,3916,391600000,391600100,10387,17313,391700000,391700000
0,3917,391700000,391700100,10387,17313,391800000,391800000
0,3918,391800000,391800100,10387,17313,391900000,391900000
0,3919,391900000,391900100,10387,17313,392000000,392000000
0,3920,392000000,392000100,10387,17313,392100000,392100000
0,3921,392100000,392100100,10387,17313,392200000,392200000
0,3922,392200000,392200100,10387,17313,392300000,392300000
0,3923,392300000,392300100,10387,17313,392400000,392400000
0,3924,392400000,392400100,10387,17313,392500000,392500000
0,3925,392500000,392500100,10387,17313,392600000,392600000
0,3926,392600000,392600100,10387,17313,392700000,392700000
0,3927,392700000,392700100,10387,17313,392800000,392800000
0,3928,392800000,392800100,10387,17313,392900000,392900000
0,3929,392900000,392900100,10387,17313,393000000,393000000
0,3930,393000000,393000100,10387,17313,393100000,393100000
0,3931,393100000,393100100,10387,17313,393200000,393200000
0,3932,393200000,393200100,10387,17313,393300000,393300000
0,3933,393300000,393300100,10387,17313,393400000,393400000
0,3934,393400000,393400100,10387,17313,393500000,393500000
0,3935,393500000,393500100,10387,17313,393600000,393600000
0,3936,393600000,393600100,10387,17313,393700000,393700000
0,3937,393700000,393700100,10387,17313,393800000,393800000
0,3938,393800000,393800100,10387,17313,393900000,393900000
0,3939,393900000,393900100,10387,17313,394000000,394000000
0,3940,394000000,394000100,10387,17313,394100000,394100000
0,3941,394100000,394100100,10387,17313,394200000,394200000
0,3942,394200000,394200100,10387,17313,394300000,394300000
0,3943,394300000,394300100,10387,17313,394400000,394400000
0,3944,394400000,394400100,10387,17313,394500000,394500000
0,3945,394500000,394500100,10387,17313,394600000,394600000
0,3946,394600000,394600100,10387,17313,394700000,394700000
0,3947,394700000,394700100,10387,17313,394800000,394800000
0,3948,394800000,394800100,10387,17313,394900000,394900000
0,3949,394900000,394900100,10387,17313,395000000,395000000
0,3950,395000000,395000100,10387,17313,395100000,395100000
0,3951,395100000,395100100,10387,17313,395200000,395200000
0,3952,395200000,395200100,10387,17313,395300000,395300000
0,3953,395300000,395300100,10387,17313,395400000,395400000
0,3954,395400000,395400100,10387,17313,395500000,395500000
0,3955,395500000,395500100,10387,17313,395600000,395600000
0,3956,395600000,395600100,10387,17313,395700000,395700000
0,3957,395700000,395700100,10387,17313,395800000,395800000
0,3958,395800000,395800100,10387,17313,395900000,395900000
0,3959,395900000,395900100,10387,17313,396000000,396000000
0,3960,396000000,396000100,10387,17313,396100000,396100000
0,3961,396100000,396100100,10387,17313,396200000,396200000
0,3962,396200000,396200100,10387,17313,396300000,396300000
0,3963,396300000,396300100,10387,17313,396400000,396400000
0,3964,396400000,396400100,10387,17313,396500000,396500000
0,3965,396500000,396500100,10387,17313,396600000,396600000
0,3966,396600000,396600100,10387,17313,396700000,396700000
0,3967,396700000,396700100,10387,17313,396800000,396800000
0,3968,396800000,396800100,10387,17313,396900000,396900000
0,3969,396900000,396900100,10387,17313,397000000,397000000
0,3970,397000000,397000100,10387,17313,397100000,397100000
0,3971,397100000,397100100,10387,17313,397200000,397200000
0,3972,397200000,397200100,10387,17313,397300000,397300000
0,3973,397300000,397300100,10387,17313,397400000,397400000
0,3974,397400000,397400100,10387,17313,397500000,397500000
0,3975,397500000,397500100,10387,17313,397600000,397600000
0,3976,397600000,397600100,10387,17313,397700000,397700000
0,3977,397700000,397700100,10387,17313,397800000,397800000
0,3978,397800000,397800100,10387,17313,397900000,397900000
0,3979,397900000,397900100,10387,17313,398000000,398000000
0,3980,398000000,398000100,10387,17313,398100000,398100000
0,3981,398100000,398100100,10387,17313,398200000,398200000
0,3982,398200000,398200100,10387,17313,398300000,398300000
0,3983,398300000,398300100,10387,17313,398400000,398400000
0,3984,398400000,398400100,10387,17313,398500000,398500000
0,3985,398500000,398500100,10387,17313,398600000,398600000
0,3986,398600000,398600100,10387,17313,398700000,398700000
0,3987,398700000,398700100,10387,17313,398800000,398800000
0,3988,398800000,398800100,10387,17313,398900000,398900000
0,3989,398900000,398900100,10387,17313,399000000,399000000
0,3990,399000000,399000100,10387,17313,399100000,399100000
0,3991,399100000,399100100,10387,17313,399200000,399200000
0,3992,399200000,399200100,10387,17313,399300000,399300000
0,3993,399300000,399300100,10387,17313,399400000,399400000
0,3994,399400000,399400100,10387,17313,399500000,399500000
0,3995,399500000,399500100,10387,17313,399600000,399600000
0,3996,399600000,399600100,10387,17313,399700000,399700000
0,3997,399700000,399700100,10387,17313,399800000,399800000
0,3998,399800000,399800100,10387,17313,399900000,399900000
0,3999,399900000,399900100,10387,17313,400000000,400000000
0,4000,400000000,400000100,10387,17313,400100000,400100000
0,4001,400100000,400100100,10387,17313,400200000,400200000
0,4002,400200000,400200100,10387,17313,400300000,400300000
0,4003,400300000,400300100,10387,17313,400400000,400400000
0,4004,400400000,400400100,10387,17313,400500000,400500000
0,4005,400500000,400500100,10387,17313,400600000,400600000
0,4006,400600000,400600100,10387,17313,400700000,400700000
0,4007,400700000,400700100,10387,17313,400800000,400800000
0,4008,400800000,400800100,10387,17313,400900000,400900000
0,4009,400900000,400900100,10387,17313,401000000,401000000
0,4010,401000000,401000100,10387,17313,401100000,401100000
0,4011,401100000,401100100,10387,17313,401200000,401200000
0,4012,401200000,401200100,10387,17313,401300000,401300000
0,4013,401300000,401300100,10387,17313,401400000,401400000
0,4014,401400000,401400100,10387,17313,401500000,401500000
0,4015,401500000,401500100,10387,17313,401600000,401600000
0,4016,401600000,401600100,10387,17313,401700000,401700000
0,4017,401700000,401700100,10387,17313,401800000,401800000
0,4018,401800000,401800100,10387,17313,401900000,401900000
0,4019,401900000,401900100,10387,17313,402000000,402000000
0,4020,402000000,402000100,10387,17313,402100000,402100000
0,4021,402100000,402100100,10387,17313,402200000,402200000
0,4022,402200000,402200100,10387,17313,402300000,402300000
0,4023,402300000,402300100,10387,17313,402400000,402400000
0,4024,402400000,402400100,10387,17313,402500000,402500000
0,4025,402500000,402500100,10387,17313,402600000,402600000
0,4026,402600000,402600100,10387,17313,402700000,402700000
0,4027,402700000,402700100,10387,17313,402800000,402800000
0,4028,402800000,402800100,10387,17313,402900000,402900000
0,4029,402900000,402900100,10387,17313,403000000,403000000
0,4030,403000000,403000100,10387,17313,403100000,403100000
0,4031,403100000,403100100,10387,17313,403200000,403200000
0,4032,403200000,403200100,10387,17313,403300000,403300000
0,4033,403300000,403300100,10387,17313,403400000,403400000
0,4034,403400000,403400100,10387,17313,403500000,403500000
0,4035,403500000,403500100,10387,17313,403600000,403600000
0,4036,403600000,403600100,10387,17313,403700000,403700000
0,4037,403700000,403700100,10387,17313,403800000,403800000
0,4038,403800000,403800100,10387,17313,403900000,403900000
0,4039,403900000,403900100,10387,17313,404000000,404000000
0,4040,404000000,404000100,10387,17313,404100000,404100000
0,4041,404100000,404100100,10387,17313,404200000,404200000
0,4042,404200000,404200100,10387,17313,404300000,404300000
0,4043,404300000,404300100,10387,17313,404400000,404400000
0,4044,404400000,404400100,10387,17313,404500000,404500000
0,4045,404500000,404500100,10387,17313,404600000,404600000
0,4046,404600000,404600100,10387,17313,404700000,404700000
0,4047,404700000,404700100,10387,17313,404800000,404800000
0,4048,404800000,404800100,10387,17313,404900000,404900000
0,4049,404900000,404900100,10387,17313,405000000,405000000
0,4050,405000000,405000100,10387,17313,405100000,405100000
0,4051,405100000,405100100,10387,17313,405200000,405200000
0,4052,405200000,405200100,10387,17313,405300000,405300000
0,4053,405300000,405300100,10387,17313,405400000,405400000
0,4054,405400000,405400100,10387,17313,405500000,405500000
0,4055,405500000,405500100,10387,17313,405600000,405600000
0,4056,405600000,405600100,10387,17313,405700000,405700000
0,4057,405700000,405700100,10387,17313,405800000,405800000
0,4058,405800000,405800100,10387,17313,405900000,405900000
0,4059,405900000,405900100,10387,17313,406000000,406000000
0,4060,406000000,406000100,10387,17313,406100000,406100000
0,4061,406100000,406100100,10387,17313,406200000,406200000
0,4062,406200000,406200100,10387,17313,406300000,406300000
0,4063,406300000,406300100,10387,17313,406400000,406400000
0,4064,406400000,406400100,10387,17313,406500000,406500000
0,4065,406500000,406500100,10387,17313,406600000,406600000
0,4066,406600000,406600100,10387,17313,406700000,406700000
0,4067,406700000,406700100,10387,17313,406800000,406800000
0,4068,406800000,406800100,10387,17313,406900000,406900000
0,4069,406900000,406900100,10387,17313,407000000,407000000
0,4070,407000000,407000100,10387,17313,407100000,407100000
0,4071,407100000,407100100,10387,17313,407200000,407200000
0,4072,407200000,407200100,10387,17313,407300000,407300000
0,4073,407300000,407300100,10387,17313,407400000,407400000
0,4074,407400000,407400100,10387,17313,407500000,407500000
0,4075,407500000,407500100,10387,17313,407600000,407600000
0,4076,407600000,407600100,10387,17313,407700000,407700000
0,4077,407700000,407700100,10387,17313,407800000,407800000
0,4078,407800000,407800100,10387,17313,407900000,407900000
0,4079,407900000,407900100,10387,17313,408000000,408000000
0,4080,408000000,408000100,10387,17313,408100000,408100000
0,4081,408100000,408100100,10387,17313,408200000,408200000
0,4082,408200000,408200100,10387,17313,408300000,408300000
0,4083,408300000,408300100,10387,17313,408400000,408400000
0,4084,408400000,408400100,10387,17313,408500000,408500000
0,4085,408500000,408500100,10387,17313,408600000,408600000
0,4086,408600000,408600100,10387,17313,408700000,408700000
0,4087,408700000,408700100,10387,17313,408800000,408800000
0,4088,408800000,408800100,10387,17313,408900000,408900000
0,4089,408900000,408900100,10387,17313,409000000,409000000
0,4090,409000000,409000100,10387,17313,409100000,409100000
0,4091,409100000,409100100,10387,17313,409200000,409200000
0,4092,409200000,409200100,10387,17313,409300000,409300000
0,4093,409300000,409300100,10387,17313,409400000,409400000
0,4094,409400000,409400100,10387,17313,409500000,409500000
0,4095,409500000,409500100,10387,17313,409600000,409600000
0,4096,409600000,409600100,10387,17313,409700000,409700000
0,4097,409700000,409700100,10387,17313,409800000,409800000
0,4098,409800000,409800100,10387,17313,409900000,409900000
0,4099,409900000,409900100,10387,17313,410000000,410000000
0,4100,410000000,410000100,10387,17313,410100000,410100000
0,4101,410100000,410100100,10387,17313,410200000,410200000
0,4102,410200000,410200100,10387,17313,410300000,410300000
0,4103,410300000,410300100,10387,17313,410400000,410400000
0,4104,410400000,410400100,10387,17313,410500000,410500000
0,4105,410500000,410500100,10387,17313,410600000,410600000
0,4106,410600000,410600100,10387,17313,410700000,410700000
0,4107,410700000,410700100,10387,17313,410800000,410800000
0,4108,410800000,410800100,10387,17313,410900000,410900000
0,4109,410900000,410900100,10387,17313,411000000,411000000
0,4110,411000000,411000100,10387,17313,411100000,411100000
0,4111,411100000,411100100,10387,17313,411200000,411200000
0,4112,411200000,411200100,10387,17313,411300000,411300000
0,4113,411300000,411300100,10387,17313,411400000,411400000
0,4114,411400000,411400100,10387,17313,411500000,411500000
0,4115,411500000,411500100,10387,17313,411600000,411600000
0,4116,411600000,411600100,10387,17313,411700000,411700000
0,4117,411700000,411700100,10387,17313,411800000,411800000
0,4118,411800000,411800100,10387,17313,411900000,411900000
0,4119,411900000,411900100,10387,17313,412000000,412000000
0,4120,412000000,412000100,10387,17313,412100000,412100000
0,4121,412100000,412100100,10387,17313,412200000,412200000
0,4122,412200000,412200100,10387,17313,412300000,412300000
0,4123,412300000,412300100,10387,17313,412400000,412400000
0,4124,412400000,412400100,10387,17313,412500000,412500000
0,4125,412500000,412500100,10387,17313,412600000,412600000
0,4126,412600000,412600100,10387,17313,412700000,412700000
0,4127,412700000,412700100,10387,17313,412800000,412800000
0,4128,412800000,412800100,10387,17313,412900000,412900000
0,4129,412900000,412900100,10387,17313,413000000,413000000
0,4130,413000000,413000100,10387,17313,413100000,413100000
0,4131,413100000,413100100,10387,17313,413200000,413200000
0,4132,413200000,413200100,10387,17313,413300000,413300000
0,4133,413300000,413300100,10387,17313,413400000,413400000
0,4134,413400000,413400100,10387,17313,413500000,413500000
0,4135,413500000,413500100,10387,17313,413600000,413600000
0,4136,413600000,413600100,10387,17313,413700000,413700000
0,4137,413700000,413700100,10387,17313,413800000,413800000
0,4138,413800000,413800100,10387,17313,413900000,413900000
0,4139,413900000,413900100,10387,17313,414000000,414000000
0,4140,414000000,414000100,10387,17313,414100000,414100000
0,4141,414100000,414100100,10387,17313,414200000,414200000
0,4142,414200000,414200100,10387,17313,414300000,414300000
0,4143,414300000,414300100,10387,17313,414400000,414400000
0,4144,414400000,414400100,10387,17313,414500000,414500000
0,4145,414500000,414500100,10387,17313,414600000,414600000
0,4146,414600000,414600100,10387,17313,414700000,414700000
0,4147,414700000,414700100,10387,17313,414800000,414800000
0,4148,414800000,414800100,10387,17313,414900000,414900000
0,4149,414900000,414900100,10387,17313,415000000,415000000
0,4150,415000000,415000100,10387,17313,415100000,415100000
0,4151,415100000,415100100,10387,17313,415200000,415200000
0,4152,415200000,415200100,10387,17313,415300000,415300000
0,4153,415300000,415300100,10387,17313,415400000,415400000
0,4154,415400000,415400100,10387,17313,415500000,415500000
0,4155,415500000,415500100,10387,17313,415600000,415600000
0,4156,415600000,415600100,10387,17313,415700000,415700000
0,4157,415700000,415700100,10387,17313,415800000,415800000
0,4158,415800000,415800100,10387,17313,415900000,415900000
0,4159,415900000,415900100,10387,17313,416000000,416000000
0,4160,416000000,416000100,10387,17313,416100000,416100000
0,4161,416100000,416100100,10387,17313,416200000,416200000
0,4162,416200000,416200100,10387,17313,416300000,416300000
0,4163,416300000,416300100,10387,17313,416400000,416400000
0,4164,416400000,416400100,10387,17313,416500000,416500000
0,4165,416500000,416500100,10387,17313,416600000,416600000
0,4166,416600000,416600100,10387,17313,416700000,416700000
0,4167,416700000,416700100,10387,17313,416800000,416800000
0,4168,416800000,416800100,10387,17313,416900000,416900000
0,4169,416900000,416900100,10387,17313,417000000,417000000
0,4170,417000000,417000100,10387,17313,417100000,417100000
0,4171,417100000,417100100,10387,17313,417200000,417200000
0,4172,417200000,417200100,10387,17313,417300000,417300000
0,4173,417300000,417300100,10387,17313,417400000,417400000
0,4174,417400000,417400100,10387,17313,417500000,417500000
0,4175,417500000,417500100,10387,17313,417600000,417600000
0,4176,417600000,417600100,10387,17313,417700000,417700000
0,4177,417700000,417700100,10387,17313,417800000,417800000
0,4178,417800000,417800100,10387,17313,417900000,417900000
0,4179,417900000,417900100,10387,17313,418000000,418000000
0,4180,418000000,418000100,10387,17313,418100000,418100000
0,4181,418100000,418100100,10387,17313,418200000,418200000
0,4182,418200000,418200100,10387,17313,418300000,418300000
0,4183,418300000,418300100,10387,17313,418400000,418400000
0,4184,418400000,418400100,10387,17313,418500000,418500000
0,4185,418500000,418500100,10387,17313,418600000,418600000
0,4186,418600000,418600100,10387,17313,418700000,418700000
0,4187,418700000,418700100,10387,17313,418800000,418800000
0,4188,418800000,418800100,10387,17313,418900000,418900000
0,4189,418900000,418900100,10387,17313,419000000,419000000
0,4190,419000000,419000100,10387,17313,419100000,419100000
0,4191,419100000,419100100,10387,17313,419200000,419200000
0,4192,419200000,419200100,10387,17313,419300000,419300000
0,4193,419300000,419300100,10387,17313,419400000,419400000
0,4194,419400000,419400100,10387,17313,419500000,419500000
0,4195,419500000,419500100,10387,17313,419600000,419600000
0,4196,419600000,419600100,10387,17313,419700000,419700000
0,4197,419700000,419700100,10387,17313,419800000,419800000
0,4198,419800000,419800100,10387,17313,419900000,419900000
0,4199,419900000,419900100,10387,17313,420000000,420000000
0,4200,420000000,420000100,10387,17313,420100000,420100000
0,4201,420100000,420100100,10387,17313,420200000,420200000
0,4202,420200000,420200100,10387,17313,420300000,420300000
0,4203,420300000,420300100,10387,17313,420400000,420400000
0,4204,420400000,420400100,10387,17313,420500000,420500000
0,4205,420500000,420500100,10387,17313,420600000,420600000
0,4206,420600000,420600100,10387,17313,420700000,420700000
0,4207,420700000,420700100,10387,17313,420800000,420800000
0,4208,420800000,420800100,10387,17313,420900000,420900000
0,4209,420900000,420900100,10387,17313,421000000,421000000
0,4210,421000000,421000100,10387,17313,421100000,421100000
0,4211,421100000,421100100,10387,17313,421200000,421200000
0,4212,421200000,421200100,10387,17313,421300000,421300000
0,4213,421300000,421300100,10387,17313,421400000,421400000
0,4214,421400000,421400100,10387,17313,421500000,421500000
0,4215,421500000,421500100,10387,17313,421600000,421600000
0,4216,421600000,421600100,10387,17313,421700000,421700000
0,4217,421700000,421700100,10387,17313,421800000,421800000
0,4218,421800000,421800100,10387,17313,421900000,421900000
0,4219,421900000,421900100,10387,17313,422000000,422000000
0,4220,422000000,422000100,10387,17313,422100000,422100000
0,4221,422100000,422100100,10387,17313,422200000,422200000
0,4222,422200000,422200100,10387,17313,422300000,422300000
0,4223,422300000,422300100,10387,17313,422400000,422400000
0,4224,422400000,422400100,10387,17313,422500000,422500000
0,4225,422500000,422500100,10387,17313,422600000,422600000
0,4226,422600000,422600100,10387,17313,422700000,422700000
0,4227,422700000,422700100,10387,17313,422800000,422800000
0,4228,422800000,422800100,10387,17313,422900000,422900000
0,4229,422900000,422900100,10387,17313,423000000,423000000
0,4230,423000000,423000100,10387,17313,423100000,423100000
0,4231,423100000,423100100,10387,17313,423200000,423200000
0,4232,423200000,423200100,10387,17313,423300000,423300000
0,4233,423300000,423300100,10387,17313,423400000,423400000
0,4234,423400000,423400100,10387,17313,423500000,423500000
0,4235,423500000,423500100,10387,17313,423600000,423600000
0,4236,423600000,423600100,10387,17313,423700000,423700000
0,4237,423700000,423700100,10387,17313,423800000,423800000
0,4238,423800000,423800100,10387,17313,423900000,423900000
0,4239,423900000,423900100,10387,17313,424000000,424000000
0,4240,424000000,424000100,10387,17313,424100000,424100000
0,4241,424100000,424100100,10387,17313,424200000,424200000
0,4242,424200000,424200100,10387,17313,424300000,424300000
0,4243,424300000,424300100,10387,17313,424400000,424400000
0,4244,424400000,424400100,10387,17313,424500000,424500000
0,4245,424500000,424500100,10387,17313,424600000,424600000
0,4246,424600000,424600100,10387,17313,424700000,424700000
0,4247,424700000,424700100,10387,17313,424800000,424800000
0,4248,424800000,424800100,10387,17313,424900000,424900000
0,4249,424900000,424900100,10387,17313,425000000,425000000
0,4250,425000000,425000100,10387,17313,425100000,425100000
0,4251,425100000,425100100,10387,17313,425200000,425200000
0,4252,425200000,425200100,10387,17313,425300000,425300000
0,4253,425300000,425300100,10387,17313,425400000,425400000
0,4254,425400000,425400100,10387,17313,425500000,425500000
0,4255,425500000,425500100,10387,17313,425600000,425600000
0,4256,425600000,425600100,10387,17313,425700000,425700000
0,4257,425700000,425700100,10387,17313,425800000,425800000
0,4258,425800000,425800100,10387,17313,425900000,425900000
0,4259,425900000,425900100,10387,17313,426000000,426000000
0,4260,426000000,426000100,10387,17313,426100000,426100000
0,4261,426100000,426100100,10387,17313,426200000,426200000
0,4262,426200000,426200100,10387,17313,426300000,426300000
0,4263,426300000,426300100,10387,17313,426400000,426400000
0,4264,426400000,426400100,10387,17313,426500000,426500000
0,4265,426500000,426500100,10387,17313,426600000,426600000
0,4266,426600000,426600100,10387,17313,426700000,426700000
0,4267,426700000,426700100,10387,17313,426800000,426800000
0,4268,426800000,426800100,10387,17313,426900000,426900000
0,4269,426900000,426900100,10387,17313,427000000,427000000
0,4270,427000000,427000100,10387,17313,427100000,427100000
0,4271,427100000,427100100,10387,17313,427200000,427200000
0,4272,427200000,427200100,10387,17313,427300000,427300000
0,4273,427300000,427300100,10387,17313,427400000,427400000
0,4274,427400000,427400100,10387,17313,427500000,427500000
0,4275,427500000,427500100,10387,17313,427600000,427600000
0,4276,427600000,427600100,10387,17313,427700000,427700000
0,4277,427700000,427700100,10387,17313,427800000,427800000
0,4278,427800000,427800100,10387,17313,427900000,427900000
0,4279,427900000,427900100,10387,17313,428000000,428000000
0,4280,428000000,428000100,10387,17313,428100000,428100000
0,4281,428100000,428100100,10387,17313,428200000,428200000
0,4282,428200000,428200100,10387,17313,428300000,428300000
0,4283,428300000,428300100,10387,17313,428400000,428400000
0,4284,428400000,428400100,10387,17313,428500000,428500000
0,4285,428500000,428500100,10387,17313,428600000,428600000
0,4286,428600000,428600100,10387,17313,428700000,428700000
0,4287,428700000,428700100,10387,17313,428800000,428800000
0,4288,428800000,428800100,10387,17313,428900000,428900000
0,4289,428900000,428900100,10387,17313,429000000,429000000
0,4290,429000000,429000100,10387,17313,429100000,429100000
0,4291,429100000,429100100,10387,17313,429200000,429200000
0,4292,429200000,429200100,10387,17313,429300000,429300000
0,4293,429300000,429300100,10387,17313,429400000,429400000
0,4294,429400000,429400100,10387,17313,429500000,429500000
0,4295,429500000,429500100,10387,17313,429600000,429600000
0,4296,429600000,429600100,10387,17313,429700000,429700000
0,4297,429700000,429700100,10387,17313,429800000,429800000
0,4298,429800000,429800100,10387,17313,429900000,429900000
0,4299,429900000,429900100,10387,17313,430000000,430000000
0,4300,430000000,430000100,10387,17313,430100000,430100000
0,4301,430100000,430100100,10387,17313,430200000,430200000
0,4302,430200000,430200100,10387,17313,430300000,430300000
0,4303,430300000,430300100,10387,17313,430400000,430400000
0,4304,430400000,430400100,10387,17313,430500000,430500000
0,4305,430500000,430500100,10387,17313,430600000,430600000
0,4306,430600000,430600100,10387,17313,430700000,430700000
0,4307,430700000,430700100,10387,17313,430800000,430800000
0,4308,430800000,430800100,10387,17313,430900000,430900000
0,4309,430900000,430900100,10387,17313,431000000,431000000
0,4310,431000000,431000100,10387,17313,431100000,431100000
0,4311,431100000,431100100,10387,17313,431200000,431200000
0,4312,431200000,431200100,10387,17313,431300000,431300000
0,4313,431300000,431300100,10387,17313,431400000,431400000
0,4314,431400000,431400100,10387,17313,431500000,431500000
0,4315,431500000,431500100,10387,17313,431600000,431600000
0,4316,431600000,431600100,10387,17313,431700000,431700000
0,4317,431700000,431700100,10387,17313,431800000,431800000
0,4318,431800000,431800100,10387,17313,431900000,431900000
0,4319,431900000,431900100,10387,17313,432000000,432000000
0,4320,432000000,432000100,10387,17313,432100000,432100000
0,4321,432100000,432100100,10387,17313,432200000,432200000
0,4322,432200000,432200100,10387,17313,432300000,432300000
0,4323,432300000,432300100,10387,17313,432400000,432400000
0,4324,432400000,432400100,10387,17313,432500000,432500000
0,4325,432500000,432500100,10387,17313,432600000,432600000
0,4326,432600000,432600100,10387,17313,432700000,432700000
0,4327,432700000,432700100,10387,17313,432800000,432800000
0,4328,432800000,432800100,10387,17313,432900000,432900000
0,4329,432900000,432900100,10387,17313,433000000,433000000
0,4330,433000000,433000100,10387,17313,433100000,433100000
0,4331,433100000,433100100,10387,17313,433200000,433200000
0,4332,433200000,433200100,10387,17313,433300000,433300000
0,4333,433300000,433300100,10387,17313,433400000,433400000
0,4334,433400000,433400100,10387,17313,433500000,433500000
0,4335,433500000,433500100,10387,17313,433600000,433600000
0,4336,433600000,433600100,10387,17313,433700000,433700000
0,4337,433700000,433700100,10387,17313,433800000,433800000
0,4338,433800000,433800100,10387,17313,433900000,433900000
0,4339,433900000,433900100,10387,17313,434000000,434000000
0,4340,434000000,434000100,10387,17313,434100000,434100000
0,4341,434100000,434100100,10387,17313,434200000,434200000
0,4342,434200000,434200100,10387,17313,434300000,434300000
0,4343,434300000,434300100,10387,17313,434400000,434400000
0,4344,434400000,434400100,10387,17313,434500000,434500000
0,4345,434500000,434500100,10387,17313,434600000,434600000
0,4346,434600000,434600100,10387,17313,434700000,434700000
0,4347,434700000,434700100,10387,17313,434800000,434800000
0,4348,434800000,434800100,10387,17313,434900000,434900000
0,4349,434900000,434900100,10387,17313,435000000,435000000
0,4350,435000000,435000100,10387,17313,435100000,435100000
0,4351,435100000,435100100,10387,17313,435200000,435200000
0,4352,435200000,435200100,10387,17313,435300000,435300000
0,4353,435300000,435300100,10387,17313,435400000,435400000
0,4354,435400000,435400100,10387,17313,435500000,435500000
0,4355,435500000,435500100,10387,17313,435600000,435600000
0,4356,435600000,435600100,10387,17313,435700000,435700000
0,4357,435700000,435700100,10387,17313,435800000,435800000
0,4358,435800000,435800100,10387,17313,435900000,435900000
0,4359,435900000,435900100,10387,17313,436000000,436000000
0,4360,436000000,436000100,10387,17313,436100000,436100000
0,4361,436100000,436100100,10387,17313,436200000,436200000
0,4362,436200000,436200100,10387,17313,436300000,436300000
0,4363,436300000,436300100,10387,17313,436400000,436400000
0,4364,436400000,436400100,10387,17313,436500000,436500000
0,4365,436500000,436500100,10387,17313,436600000,436600000
0,4366,436600000,436600100,10387,17313,436700000,436700000
0,4367,436700000,436700100,10387,17313,436800000,436800000
0,4368,436800000,436800100,10387,17313,436900000,436900000
0,4369,436900000,436900100,10387,17313,437000000,437000000
0,4370,437000000,437000100,10387,17313,437100000,437100000
0,4371,437100000,437100100,10387,17313,437200000,437200000
0,4372,437200000,437200100,10387,17313,437300000,437300000
0,4373,437300000,437300100,10387,17313,437400000,437400000
0,4374,437400000,437400100,10387,17313,437500000,437500000
0,4375,437500000,437500100,10387,17313,437600000,437600000
0,4376,437600000,437600100,10387,17313,437700000,437700000
0,4377,437700000,437700100,10387,17313,437800000,437800000
0,4378,437800000,437800100,10387,17313,437900000,437900000
0,4379,437900000,437900100,10387,17313,438000000,438000000
0,4380,438000000,438000100,10387,17313,438100000,438100000
0,4381,438100000,438100100,10387,17313,438200000,438200000
0,4382,438200000,438200100,10387,17313,438300000,438300000
0,4383,438300000,438300100,10387,17313,438400000,438400000
0,4384,438400000,438400100,10387,17313,438500000,438500000
0,4385,438500000,438500100,10387,17313,438600000,438600000
0,4386,438600000,438600100,10387,17313,438700000,438700000
0,4387,438700000,438700100,10387,17313,438800000,438800000
0,4388,438800000,438800100,10387,17313,438900000,438900000
0,4389,438900000,438900100,10387,17313,439000000,439000000
0,4390,439000000,439000100,10387,17313,439100000,439100000
0,4391,439100000,439100100,10387,17313,439200000,439200000
0,4392,439200000,439200100,10387,17313,439300000,439300000
0,4393,439300000,439300100,10387,17313,439400000,439400000
0,4394,439400000,439400100,10387,17313,439500000,439500000
0,4395,439500000,439500100,10387,17313,439600000,439600000
0,4396,439600000,439600100,10387,17313,439700000,439700000
0,4397,439700000,439700100,10387,17313,439800000,439800000
0,4398,439800000,439800100,10387,17313,439900000,439900000
0,4399,439900000,439900100,10387,17313,440000000,440000000
0,4400,440000000,440000100,10387,17313,440100000,440100000
0,4401,440100000,440100100,10387,17313,440200000,440200000
0,4402,440200000,440200100,10387,17313,440300000,440300000
0,4403,440300000,440300100,10387,17313,440400000,440400000
0,4404,440400000,440400100,10387,17313,440500000,440500000
0,4405,440500000,440500100,10387,17313,440600000,440600000
0,4406,440600000,440600100,10387,17313,440700000,440700000
0,4407,440700000,440700100,10387,17313,440800000,440800000
0,4408,440800000,440800100,10387,17313,440900000,440900000
0,4409,440900000,440900100,10387,17313,441000000,441000000
0,4410,441000000,441000100,10387,17313,441100000,441100000
0,4411,441100000,441100100,10387,17313,441200000,441200000
0,4412,441200000,441200100,10387,17313,441300000,441300000
0,4413,441300000,441300100,10387,17313,441400000,441400000
0,4414,441400000,441400100,10387,17313,441500000,441500000
0,4415,441500000,441500100,10387,17313,441600000,441600000
0,4416,441600000,441600100,10387,17313,441700000,441700000
0,4417,441700000,441700100,10387,17313,441800000,441800000
0,4418,441800000,441800100,10387,17313,441900000,441900000
0,4419,441900000,441900100,10387,17313,442000000,442000000
0,4420,442000000,442000100,10387,17313,442100000,442100000
0,4421,442100000,442100100,10387,17313,442200000,442200000
0,4422,442200000,442200100,10387,17313,442300000,442300000
0,4423,442300000,442300100,10387,17313,442400000,442400000
0,4424,442400000,442400100,10387,17313,442500000,442500000
0,4425,442500000,442500100,10387,17313,442600000,442600000
0,4426,442600000,442600100,10387,17313,442700000,442700000
0,4427,442700000,442700100,10387,17313,442800000,442800000
0,4428,442800000,442800100,10387,17313,442900000,442900000
0,4429,442900000,442900100,10387,17313,443000000,443000000
0,4430,443000000,443000100,10387,17313,443100000,443100000
0,4431,443100000,443100100,10387,17313,443200000,443200000
0,4432,443200000,443200100,10387,17313,443300000,443300000
0,4433,443300000,443300100,10387,17313,443400000,443400000
0,4434,443400000,443400100,10387,17313,443500000,443500000
0,4435,443500000,443500100,10387,17313,443600000,443600000
0,4436,443600000,443600100,10387,17313,443700000,443700000
0,4437,443700000,443700100,10387,17313,443800000,443800000
0,4438,443800000,443800100,10387,17313,443900000,443900000
0,4439,443900000,443900100,10387,17313,444000000,444000000
0,4440,444000000,444000100,10387,17313,444100000,444100000
0,4441,444100000,444100100,10387,17313,444200000,444200000
0,4442,444200000,444200100,10387,17313,444300000,444300000
0,4443,444300000,444300100,10387,17313,444400000,444400000
0,4444,444400000,444400100,10387,17313,444500000,444500000
0,4445,444500000,444500100,10387,17313,444600000,444600000
0,4446,444600000,444600100,10387,17313,444700000,444700000
0,4447,444700000,444700100,10387,17313,444800000,444800000
0,4448,444800000,444800100,10387,17313,444900000,444900000
0,4449,444900000,444900100,10387,17313,445000000,445000000
0,4450,445000000,445000100,10387,17313,445100000,445100000
0,4451,445100000,445100100,10387,17313,445200000,445200000
0,4452,445200000,445200100,10387,17313,445300000,445300000
0,4453,445300000,445300100,10387,17313,445400000,445400000
0,4454,445400000,445400100,10387,17313,445500000,445500000
0,4455,445500000,445500100,10387,17313,445600000,445600000
0,4456,445600000,445600100,10387,17313,445700000,445700000
0,4457,445700000,445700100,10387,17313,445800000,445800000
0,4458,445800000,445800100,10387,17313,445900000,445900000
0,4459,445900000,445900100,10387,17313,446000000,446000000
0,4460,446000000,446000100,10387,17313,446100000,446100000
0,4461,446100000,446100100,10387,17313,446200000,446200000
0,4462,446200000,446200100,10387,17313,446300000,446300000
0,4463,446300000,446300100,10387,17313,446400000,446400000
0,4464,446400000,446400100,10387,17313,446500000,446500000
0,4465,446500000,446500100,10387,17313,446600000,446600000
0,4466,446600000,446600100,10387,17313,446700000,446700000
0,4467,446700000,446700100,10387,17313,446800000,446800000
0,4468,446800000,446800100,10387,17313,446900000,446900000
0,4469,446900000,446900100,10387,17313,447000000,447000000
0,4470,447000000,447000100,10387,17313,447100000,447100000
0,4471,447100000,447100100,10387,17313,447200000,447200000
0,4472,447200000,447200100,10387,17313,447300000,447300000
0,4473,447300000,447300100,10387,17313,447400000,447400000
0,4474,447400000,447400100,10387,17313,447500000,447500000
0,4475,447500000,447500100,10387,17313,447600000,447600000
0,4476,447600000,447600100,10387,17313,447700000,447700000
0,4477,447700000,447700100,10387,17313,447800000,447800000
0,4478,447800000,447800100,10387,17313,447900000,447900000
0,4479,447900000,447900100,10387,17313,448000000,448000000
0,4480,448000000,448000100,10387,17313,448100000,448100000
0,4481,448100000,448100100,10387,17313,448200000,448200000
0,4482,448200000,448200100,10387,17313,448300000,448300000
0,4483,448300000,448300100,10387,17313,448400000,448400000
0,4484,448400000,448400100,10387,17313,448500000,448500000
0,4485,448500000,448500100,10387,17313,448600000,448600000
0,4486,448600000,448600100,10387,17313,448700000,448700000
0,4487,448700000,448700100,10387,17313,448800000,448800000
0,4488,448800000,448800100,10387,17313,448900000,448900000
0,4489,448900000,448900100,10387,17313,449000000,449000000
0,4490,449000000,449000100,10387,17313,449100000,449100000
0,4491,449100000,449100100,10387,17313,449200000,449200000
0,4492,449200000,449200100,10387,17313,449300000,449300000
0,4493,449300000,449300100,10387,17313,449400000,449400000
0,4494,449400000,449400100,10387,17313,449500000,449500000
0,4495,449500000,449500100,10387,17313,449600000,449600000
0,4496,449600000,449600100,10387,17313,449700000,449700000
0,4497,449700000,449700100,10387,17313,449800000,449800000
0,4498,449800000,449800100,10387,17313,449900000,449900000
0,4499,449900000,449900100,10387,17313,450000000,450000000
0,4500,450000000,450000100,10387,17313,450100000,450100000
0,4501,450100000,450100100,10387,17313,450200000,450200000
0,4502,450200000,450200100,10387,17313,450300000,450300000
0,4503,450300000,450300100,10387,17313,450400000,450400000
0,4504,450400000,450400100,10387,17313,450500000,450500000
0,4505,450500000,450500100,10387,17313,450600000,450600000
0,4506,450600000,450600100,10387,17313,450700000,450700000
0,4507,450700000,450700100,10387,17313,450800000,450800000
0,4508,450800000,450800100,10387,17313,450900000,450900000
0,4509,450900000,450900100,10387,17313,451000000,451000000
0,4510,451000000,451000100,10387,17313,451100000,451100000
0,4511,451100000,451100100,10387,17313,451200000,451200000
0,4512,451200000,451200100,10387,17313,451300000,451300000
0,4513,451300000,451300100,10387,17313,451400000,451400000
0,4514,451400000,451400100,10387,17313,451500000,451500000
0,4515,451500000,451500100,10387,17313,451600000,451600000
0,4516,451600000,451600100,10387,17313,451700000,451700000
0,4517,451700000,451700100,10387,17313,451800000,451800000
0,4518,451800000,451800100,10387,17313,451900000,451900000
0,4519,451900000,451900100,10387,17313,452000000,452000000
0,4520,452000000,452000100,10387,17313,452100000,452100000
0,4521,452100000,452100100,10387,17313,452200000,452200000
0,4522,452200000,452200100,10387,17313,452300000,452300000
0,4523,452300000,452300100,10387,17313,452400000,452400000
0,4524,452400000,452400100,10387,17313,452500000,452500000
0,4525,452500000,452500100,10387,17313,452600000,452600000
0,4526,452600000,452600100,10387,17313,452700000,452700000
0,4527,452700000,452700100,10387,17313,452800000,452800000
0,4528,452800000,452800100,10387,17313,452900000,452900000
0,4529,452900000,452900100,10387,17313,453000000,453000000
0,4530,453000000,453000100,10387,17313,453100000,453100000
0,4531,453100000,453100100,10387,17313,453200000,453200000
0,4532,453200000,453200100,10387,17313,453300000,453300000
0,4533,453300000,453300100,10387,17313,453400000,453400000
0,4534,453400000,453400100,10387,17313,453500000,453500000
0,4535,453500000,453500100,10387,17313,453600000,453600000
0,4536,453600000,453600100,10387,17313,453700000,453700000
0,4537,453700000,453700100,10387,17313,453800000,453800000
0,4538,453800000,453800100,10387,17313,453900000,453900000
0,4539,453900000,453900100,10387,17313,454000000,454000000
0,4540,454000000,454000100,10387,17313,454100000,454100000
0,4541,454100000,454100100,10387,17313,454200000,454200000
0,4542,454200000,454200100,10387,17313,454300000,454300000
0,4543,454300000,454300100,10387,17313,454400000,454400000
0,4544,454400000,454400100,10387,17313,454500000,454500000
0,4545,454500000,454500100,10387,17313,454600000,454600000
0,4546,454600000,454600100,10387,17313,454700000,454700000
0,4547,454700000,454700100,10387,17313,454800000,454800000
0,4548,454800000,454800100,10387,17313,454900000,454900000
0,4549,454900000,454900100,10387,17313,455000000,455000000
0,4550,455000000,455000100,10387,17313,455100000,455100000
0,4551,455100000,455100100,10387,17313,455200000,455200000
0,4552,455200000,455200100,10387,17313,455300000,455300000
0,4553,455300000,455300100,10387,17313,455400000,455400000
0,4554,455400000,455400100,10387,17313,455500000,455500000
0,4555,455500000,455500100,10387,17313,455600000,455600000
0,4556,455600000,455600100,10387,17313,455700000,455700000
0,4557,455700000,455700100,10387,17313,455800000,455800000
0,4558,455800000,455800100,10387,17313,455900000,455900000
0,4559,455900000,455900100,10387,17313,456000000,456000000
0,4560,456000000,456000100,10387,17313,456100000,456100000
0,4561,456100000,456100100,10387,17313,456200000,456200000
0,4562,456200000,456200100,10387,17313,456300000,456300000
0,4563,456300000,456300100,10387,17313,456400000,456400000
0,4564,456400000,456400100,10387,17313,456500000,456500000
0,4565,456500000,456500100,10387,17313,456600000,456600000
0,4566,456600000,456600100,10387,17313,456700000,456700000
0,4567,456700000,456700100,10387,17313,456800000,456800000
0,4568,456800000,456800100,10387,17313,456900000,456900000
0,4569,456900000,456900100,10387,17313,457000000,457000000
0,4570,457000000,457000100,10387,17313,457100000,457100000
0,4571,457100000,457100100,10387,17313,457200000,457200000
0,4572,457200000,457200100,10387,17313,457300000,457300000
0,4573,457300000,457300100,10387,17313,457400000,457400000
0,4574,457400000,457400100,10387,17313,457500000,457500000
0,4575,457500000,457500100,10387,17313,457600000,457600000
0,4576,457600000,457600100,10387,17313,457700000,457700000
0,4577,457700000,457700100,10387,17313,457800000,457800000
0,4578,457800000,457800100,10387,17313,457900000,457900000
0,4579,457900000,457900100,10387,17313,458000000,458000000
0,4580,458000000,458000100,10387,17313,458100000,458100000
0,4581,458100000,458100100,10387,17313,458200000,458200000
0,4582,458200000,458200100,10387,17313,458300000,458300000
0,4583,458300000,458300100,10387,17313,458400000,458400000
0,4584,458400000,458400100,10387,17313,458500000,458500000
0,4585,458500000,458500100,10387,17313,458600000,458600000
0,4586,458600000,458600100,10387,17313,458700000,458700000
0,4587,458700000,458700100,10387,17313,458800000,458800000
0,4588,458800000,458800100,10387,17313,458900000,458900000
0,4589,458900000,458900100,10387,17313,459000000,459000000
0,4590,459000000,459000100,10387,17313,459100000,459100000
0,4591,459100000,459100100,10387,17313,459200000,459200000
0,4592,459200000,459200100,10387,17313,459300000,459300000
0,4593,459300000,459300100,10387,17313,459400000,459400000
0,4594,459400000,459400100,10387,17313,459500000,459500000
0,4595,459500000,459500100,10387,17313,459600000,459600000
0,4596,459600000,459600100,10387,17313,459700000,459700000
0,4597,459700000,459700100,10387,17313,459800000,459800000
0,4598,459800000,459800100,10387,17313,459900000,459900000
0,4599,459900000,459900100,10387,17313,460000000,460000000
0,4600,460000000,460000100,10387,17313,460100000,460100000
0,4601,460100000,460100100,10387,17313,460200000,460200000
0,4602,460200000,460200100,10387,17313,460300000,460300000
0,4603,460300000,460300100,10387,17313,460400000,460400000
0,4604,460400000,460400100,10387,17313,460500000,460500000
0,4605,460500000,460500100,10387,17313,460600000,460600000
0,4606,460600000,460600100,10387,17313,460700000,460700000
0,4607,460700000,460700100,10387,17313,460800000,460800000
0,4608,460800000,460800100,10387,17313,460900000,460900000
0,4609,460900000,460900100,10387,17313,461000000,461000000
0,4610,461000000,461000100,10387,17313,461100000,461100000
0,4611,461100000,461100100,10387,17313,461200000,461200000
0,4612,461200000,461200100,10387,17313,461300000,461300000
0,4613,461300000,461300100,10387,17313,461400000,461400000
0,4614,461400000,461400100,10387,17313,461500000,461500000
0,4615,461500000,461500100,10387,17313,461600000,461600000
0,4616,461600000,461600100,10387,17313,461700000,461700000
0,4617,461700000,461700100,10387,17313,461800000,461800000
0,4618,461800000,461800100,10387,17313,461900000,461900000
0,4619,461900000,461900100,10387,17313,462000000,462000000
0,4620,462000000,462000100,10387,17313,462100000,462100000
0,4621,462100000,462100100,10387,17313,462200000,462200000
0,4622,462200000,462200100,10387,17313,462300000,462300000
0,4623,462300000,462300100,10387,17313,462400000,462400000
0,4624,462400000,462400100,10387,17313,462500000,462500000
0,4625,462500000,462500100,10387,17313,462600000,462600000
0,4626,462600000,462600100,10387,17313,462700000,462700000
0,4627,462700000,462700100,10387,17313,462800000,462800000
0,4628,462800000,462800100,10387,17313,462900000,462900000
0,4629,462900000,462900100,10387,17313,463000000,463000000
0,4630,463000000,463000100,10387,17313,463100000,463100000
0,4631,463100000,463100100,10387,17313,463200000,463200000
0,4632,463200000,463200100,10387,17313,463300000,463300000
0,4633,463300000,463300100,10387,17313,463400000,463400000
0,4634,463400000,463400100,10387,17313,463500000,463500000
0,4635,463500000,463500100,10387,17313,463600000,463600000
0,4636,463600000,463600100,10387,17313,463700000,463700000
0,4637,463700000,463700100,10387,17313,463800000,463800000
0,4638,463800000,463800100,10387,17313,463900000,463900000
0,4639,463900000,463900100,10387,17313,464000000,464000000
0,4640,464000000,464000100,10387,17313,464100000,464100000
0,4641,464100000,464100100,10387,17313,464200000,464200000
0,4642,464200000,464200100,10387,17313,464300000,464300000
0,4643,464300000,464300100,10387,17313,464400000,464400000
0,4644,464400000,464400100,10387,17313,464500000,464500000
0,4645,464500000,464500100,10387,17313,464600000,464600000
0,4646,464600000,464600100,10387,17313,464700000,464700000
0,4647,464700000,464700100,10387,17313,464800000,464800000
0,4648,464800000,464800100,10387,17313,464900000,464900000
0,4649,464900000,464900100,10387,17313,465000000,465000000
0,4650,465000000,465000100,10387,17313,465100000,465100000
0,4651,465100000,465100100,10387,17313,465200000,465200000
0,4652,465200000,465200100,10387,17313,465300000,465300000
0,4653,465300000,465300100,10387,17313,465400000,465400000
0,4654,465400000,465400100,10387,17313,465500000,465500000
0,4655,465500000,465500100,10387,17313,465600000,465600000
0,4656,465600000,465600100,10387,17313,465700000,465700000
0,4657,465700000,465700100,10387,17313,465800000,465800000
0,4658,465800000,465800100,10387,17313,465900000,465900000
0,4659,465900000,465900100,10387,17313,466000000,466000000
0,4660,466000000,466000100,10387,17313,466100000,466100000
0,4661,466100000,466100100,10387,17313,466200000,466200000
0,4662,466200000,466200100,10387,17313,466300000,466300000
0,4663,466300000,466300100,10387,17313,466400000,466400000
0,4664,466400000,466400100,10387,17313,466500000,466500000
0,4665,466500000,466500100,10387,17313,466600000,466600000
0,4666,466600000,466600100,10387,17313,466700000,466700000
0,4667,466700000,466700100,10387,17313,466800000,466800000
0,4668,466800000,466800100,10387,17313,466900000,466900000
0,4669,466900000,466900100,10387,17313,467000000,467000000
0,4670,467000000,467000100,10387,17313,467100000,467100000
0,4671,467100000,467100100,10387,17313,467200000,467200000
0,4672,467200000,467200100,10387,17313,467300000,467300000
0,4673,467300000,467300100,10387,17313,467400000,467400000
0,4674,467400000,467400100,10387,17313,467500000,467500000
0,4675,467500000,467500100,10387,17313,467600000,467600000
0,4676,467600000,467600100,10387,17313,467700000,467700000
0,4677,467700000,467700100,10387,17313,467800000,467800000
0,4678,467800000,467800100,10387,17313,467900000,467900000
0,4679,467900000,467900100,10387,17313,468000000,468000000
0,4680,468000000,468000100,10387,17313,468100000,468100000
0,4681,468100000,468100100,10387,17313,468200000,468200000
0,4682,468200000,468200100,10387,17313,468300000,468300000
0,4683,468300000,468300100,10387,17313,468400000,468400000
0,4684,468400000,468400100,10387,17313,468500000,468500000
0,4685,468500000,468500100,10387,17313,468600000,468600000
0,4686,468600000,468600100,10387,17313,468700000,468700000
0,4687,468700000,468700100,10387,17313,468800000,468800000
0,4688,468800000,468800100,10387,17313,468900000,468900000
0,4689,468900000,468900100,10387,17313,469000000,469000000
0,4690,469000000,469000100,10387,17313,469100000,469100000
0,4691,469100000,469100100,10387,17313,469200000,469200000
0,4692,469200000,469200100,10387,17313,469300000,469300000
0,4693,469300000,469300100,10387,17313,469400000,469400000
0,4694,469400000,469400100,10387,17313,469500000,469500000
0,4695,469500000,469500100,10387,17313,469600000,469600000
0,4696,469600000,469600100,10387,17313,469700000,469700000
0,4697,469700000,469700100,10387,17313,469800000,469800000
0,4698,469800000,469800100,10387,17313,469900000,469900000
0,4699,469900000,469900100,10387,17313,470000000,470000000
0,4700,470000000,470000100,10387,17313,470100000,470100000
0,4701,470100000,470100100,10387,17313,470200000,470200000
0,4702,470200000,470200100,10387,17313,470300000,470300000
0,4703,470300000,470300100,10387,17313,470400000,470400000
0,4704,470400000,470400100,10387,17313,470500000,470500000
0,4705,470500000,470500100,10387,17313,470600000,470600000
0,4706,470600000,470600100,10387,17313,470700000,470700000
0,4707,470700000,470700100,10387,17313,470800000,470800000
0,4708,470800000,470800100,10387,17313,470900000,470900000
0,4709,470900000,470900100,10387,17313,471000000,471000000
0,4710,471000000,471000100,10387,17313,471100000,471100000
0,4711,471100000,471100100,10387,17313,471200000,471200000
0,4712,471200000,471200100,10387,17313,471300000,471300000
0,4713,471300000,471300100,10387,17313,471400000,471400000
0,4714,471400000,471400100,10387,17313,471500000,471500000
0,4715,471500000,471500100,10387,17313,471600000,471600000
0,4716,471600000,471600100,10387,17313,471700000,471700000
0,4717,471700000,471700100,10387,17313,471800000,471800000
0,4718,471800000,471800100,10387,17313,471900000,471900000
0,4719,471900000,471900100,10387,17313,472000000,472000000
0,4720,472000000,472000100,10387,17313,472100000,472100000
0,4721,472100000,472100100,10387,17313,472200000,472200000
0,4722,472200000,472200100,10387,17313,472300000,472300000
0,4723,472300000,472300100,10387,17313,472400000,472400000
0,4724,472400000,472400100,10387,17313,472500000,472500000
0,4725,472500000,472500100,10387,17313,472600000,472600000
0,4726,472600000,472600100,10387,17313,472700000,472700000
0,4727,472700000,472700100,10387,17313,472800000,472800000
0,4728,472800000,472800100,10387,17313,472900000,472900000
0,4729,472900000,472900100,10387,17313,473000000,473000000
0,4730,473000000,473000100,10387,17313,473100000,473100000
0,4731,473100000,473100100,10387,17313,473200000,473200000
0,4732,473200000,473200100,10387,17313,473300000,473300000
0,4733,473300000,473300100,10387,17313,473400000,473400000
0,4734,473400000,473400100,10387,17313,473500000,473500000
0,4735,473500000,473500100,10387,17313,473600000,473600000
0,4736,473600000,473600100,10387,17313,473700000,473700000
0,4737,473700000,473700100,10387,17313,473800000,473800000
0,4738,473800000,473800100,10387,17313,473900000,473900000
0,4739,473900000,473900100,10387,17313,474000000,474000000
0,4740,474000000,474000100,10387,17313,474100000,474100000
0,4741,474100000,474100100,10387,17313,474200000,474200000
0,4742,474200000,474200100,10387,17313,474300000,474300000
0,4743,474300000,474300100,10387,17313,474400000,474400000
0,4744,474400000,474400100,10387,17313,474500000,474500000
0,4745,474500000,474500100,10387,17313,474600000,474600000
0,4746,474600000,474600100,10387,17313,474700000,474700000
0,4747,474700000,474700100,10387,17313,474800000,474800000
0,4748,474800000,474800100,10387,17313,474900000,474900000
0,4749,474900000,474900100,10387,17313,475000000,475000000
0,4750,475000000,475000100,10387,17313,475100000,475100000
0,4751,475100000,475100100,10387,17313,475200000,475200000
0,4752,475200000,475200100,10387,17313,475300000,475300000
0,4753,475300000,475300100,10387,17313,475400000,475400000
0,4754,475400000,475400100,10387,17313,475500000,475500000
0,4755,475500000,475500100,10387,17313,475600000,475600000
0,4756,475600000,475600100,10387,17313,475700000,475700000
0,4757,475700000,475700100,10387,17313,475800000,475800000
0,4758,475800000,475800100,10387,17313,475900000,475900000
0,4759,475900000,475900100,10387,17313,476000000,476000000
0,4760,476000000,476000100,10387,17313,476100000,476100000
0,4761,476100000,476100100,10387,17313,476200000,476200000
0,4762,476200000,476200100,10387,17313,476300000,476300000
0,4763,476300000,476300100,10387,17313,476400000,476400000
0,4764,476400000,476400100,10387,17313,476500000,476500000
0,4765,476500000,476500100,10387,17313,476600000,476600000
0,4766,476600000,476600100,10387,17313,476700000,476700000
0,4767,476700000,476700100,10387,17313,476800000,476800000
0,4768,476800000,476800100,10387,17313,476900000,476900000
0,4769,476900000,476900100,10387,17313,477000000,477000000
0,4770,477000000,477000100,10387,17313,477100000,477100000
0,4771,477100000,477100100,10387,17313,477200000,477200000
0,4772,477200000,477200100,10387,17313,477300000,477300000
0,4773,477300000,477300100,10387,17313,477400000,477400000
0,4774,477400000,477400100,10387,17313,477500000,477500000
0,4775,477500000,477500100,10387,17313,477600000,477600000
0,4776,477600000,477600100,10387,17313,477700000,477700000
0,4777,477700000,477700100,10387,17313,477800000,477800000
0,4778,477800000,477800100,10387,17313,477900000,477900000
0,4779,477900000,477900100,10387,17313,478000000,478000000
0,4780,478000000,478000100,10387,17313,478100000,478100000
0,4781,478100000,478100100,10387,17313,478200000,478200000
0,4782,478200000,478200100,10387,17313,478300000,478300000
0,4783,478300000,478300100,10387,17313,478400000,478400000
0,4784,478400000,478400100,10387,17313,478500000,478500000
0,4785,478500000,478500100,10387,17313,478600000,478600000
0,4786,478600000,478600100,10387,17313,478700000,478700000
0,4787,478700000,478700100,10387,17313,478800000,478800000
0,4788,478800000,478800100,10387,17313,478900000,478900000
0,4789,478900000,478900100,10387,17313,479000000,479000000
0,4790,479000000,479000100,10387,17313,479100000,479100000
0,4791,479100000,479100100,10387,17313,479200000,479200000
0,4792,479200000,479200100,10387,17313,479300000,479300000
0,4793,479300000,479300100,10387,17313,479400000,479400000
0,4794,479400000,479400100,10387,17313,479500000,479500000
0,4795,479500000,479500100,10387,17313,479600000,479600000
0,4796,479600000,479600100,10387,17313,479700000,479700000
0,4797,479700000,479700100,10387,17313,479800000,479800000
0,4798,479800000,479800100,10387,17313,479900000,479900000
0,4799,479900000,479900100,10387,17313,480000000,480000000
0,4800,480000000,480000100,10387,17313,480100000,480100000
0,4801,480100000,480100100,10387,17313,480200000,480200000
0,4802,480200000,480200100,10387,17313,480300000,480300000
0,4803,480300000,480300100,10387,17313,480400000,480400000
0,4804,480400000,480400100,10387,17313,480500000,480500000
0,4805,480500000,480500100,10387,17313,480600000,480600000
0,4806,480600000,480600100,10387,17313,480700000,480700000
0,4807,480700000,480700100,10387,17313,480800000,480800000
0,4808,480800000,480800100,10387,17313,480900000,480900000
0,4809,480900000,480900100,10387,17313,481000000,481000000
0,4810,481000000,481000100,10387,17313,481100000,481100000
0,4811,481100000,481100100,10387,17313,481200000,481200000
0,4812,481200000,481200100,10387,17313,481300000,481300000
0,4813,481300000,481300100,10387,17313,481400000,481400000
0,4814,481400000,481400100,10387,17313,481500000,481500000
0,4815,481500000,481500100,10387,17313,481600000,481600000
0,4816,481600000,481600100,10387,17313,481700000,481700000
0,4817,481700000,481700100,10387,17313,481800000,481800000
0,4818,481800000,481800100,10387,17313,481900000,481900000
0,4819,481900000,481900100,10387,17313,482000000,482000000
0,4820,482000000,482000100,10387,17313,482100000,482100000
0,4821,482100000,482100100,10387,17313,482200000,482200000
0,4822,482200000,482200100,10387,17313,482300000,482300000
0,4823,482300000,482300100,10387,17313,482400000,482400000
0,4824,482400000,482400100,10387,17313,482500000,482500000
0,4825,482500000,482500100,10387,17313,482600000,482600000
0,4826,482600000,482600100,10387,17313,482700000,482700000
0,4827,482700000,482700100,10387,17313,482800000,482800000
0,4828,482800000,482800100,10387,17313,482900000,482900000
0,4829,482900000,482900100,10387,17313,483000000,483000000
0,4830,483000000,483000100,10387,17313,483100000,483100000
0,4831,483100000,483100100,10387,17313,483200000,483200000
0,4832,483200000,483200100,10387,17313,483300000,483300000
0,4833,483300000,483300100,10387,17313,483400000,483400000
0,4834,483400000,483400100,10387,17313,483500000,483500000
0,4835,483500000,483500100,10387,17313,483600000,483600000
0,4836,483600000,483600100,10387,17313,483700000,483700000
0,4837,483700000,483700100,10387,17313,483800000,483800000
0,4838,483800000,483800100,10387,17313,483900000,483900000
0,4839,483900000,483900100,10387,17313,484000000,484000000
0,4840,484000000,484000100,10387,17313,484100000,484100000
0,4841,484100000,484100100,10387,17313,484200000,484200000
0,4842,484200000,484200100,10387,17313,484300000,484300000
0,4843,484300000,484300100,10387,17313,484400000,484400000
0,4844,484400000,484400100,10387,17313,484500000,484500000
0,4845,484500000,484500100,10387,17313,484600000,484600000
0,4846,484600000,484600100,10387,17313,484700000,484700000
0,4847,484700000,484700100,10387,17313,484800000,484800000
0,4848,484800000,484800100,10387,17313,484900000,484900000
0,4849,484900000,484900100,10387,17313,485000000,485000000
0,4850,485000000,485000100,10387,17313,485100000,485100000
0,4851,485100000,485100100,10387,17313,485200000,485200000
0,4852,485200000,485200100,10387,17313,485300000,485300000
0,4853,485300000,485300100,10387,17313,485400000,485400000
0,4854,485400000,485400100,10387,17313,485500000,485500000
0,4855,485500000,485500100,10387,17313,485600000,485600000
0,4856,485600000,485600100,10387,17313,485700000,485700000
0,4857,485700000,485700100,10387,17313,485800000,485800000
0,4858,485800000,485800100,10387,17313,485900000,485900000
0,4859,485900000,485900100,10387,17313,486000000,486000000
0,4860,486000000,486000100,10387,17313,486100000,486100000
0,4861,486100000,486100100,10387,17313,486200000,486200000
0,4862,486200000,486200100,10387,17313,486300000,486300000
0,4863,486300000,486300100,10387,17313,486400000,486400000
0,4864,486400000,486400100,10387,17313,486500000,486500000
0,4865,486500000,486500100,10387,17313,486600000,486600000
0,4866,486600000,486600100,10387,17313,486700000,486700000
0,4867,486700000,486700100,10387,17313,486800000,486800000
0,4868,486800000,486800100,10387,17313,486900000,486900000
0,4869,486900000,486900100,10387,17313,487000000,487000000
0,4870,487000000,487000100,10387,17313,487100000,487100000
0,4871,487100000,487100100,10387,17313,487200000,487200000
0,4872,487200000,487200100,10387,17313,487300000,487300000
0,4873,487300000,487300100,10387,17313,487400000,487400000
0,4874,487400000,487400100,10387,17313,487500000,487500000
0,4875,487500000,487500100,10387,17313,487600000,487600000
0,4876,487600000,487600100,10387,17313,487700000,487700000
0,4877,487700000,487700100,10387,17313,487800000,487800000
0,4878,487800000,487800100,10387,17313,487900000,487900000
0,4879,487900000,487900100,10387,17313,488000000,488000000
0,4880,488000000,488000100,10387,17313,488100000,488100000
0,4881,488100000,488100100,10387,17313,488200000,488200000
0,4882,488200000,488200100,10387,17313,488300000,488300000
0,4883,488300000,488300100,10387,17313,488400000,488400000
0,4884,488400000,488400100,10387,17313,488500000,488500000
0,4885,488500000,488500100,10387,17313,488600000,488600000
0,4886,488600000,488600100,10387,17313,488700000,488700000
0,4887,488700000,488700100,10387,17313,488800000,488800000
0,4888,488800000,488800100,10387,17313,488900000,488900000
0,4889,488900000,488900100,10387,17313,489000000,489000000
0,4890,489000000,489000100,10387,17313,489100000,489100000
0,4891,489100000,489100100,10387,17313,489200000,489200000
0,4892,489200000,489200100,10387,17313,489300000,489300000
0,4893,489300000,489300100,10387,17313,489400000,489400000
0,4894,489400000,489400100,10387,17313,489500000,489500000
0,4895,489500000,489500100,10387,17313,489600000,489600000
0,4896,489600000,489600100,10387,17313,489700000,489700000
0,4897,489700000,489700100,10387,17313,489800000,489800000
0,4898,489800000,489800100,10387,17313,489900000,489900000
0,4899,489900000,489900100,10387,17313,490000000,490000000
0,4900,490000000,490000100,10387,17313,490100000,490100000
0,4901,490100000,490100100,10387,17313,490200000,490200000
0,4902,490200000,490200100,10387,17313,490300000,490300000
0,4903,490300000,490300100,10387,17313,490400000,490400000
0,4904,490400000,490400100,10387,17313,490500000,490500000
0,4905,490500000,490500100,10387,17313,490600000,490600000
0,4906,490600000,490600100,10387,17313,490700000,490700000
0,4907,490700000,490700100,10387,17313,490800000,490800000
0,4908,490800000,490800100,10387,17313,490900000,490900000
0,4909,490900000,490900100,10387,17313,491000000,491000000
0,4910,491000000,491000100,10387,17313,491100000,491100000
0,4911,491100000,491100100,10387,17313,491200000,491200000
0,4912,491200000,491200100,10387,17313,491300000,491300000
0,4913,491300000,491300100,10387,17313,491400000,491400000
0,4914,491400000,491400100,10387,17313,491500000,491500000
0,4915,491500000,491500100,10387,17313,491600000,491600000
0,4916,491600000,491600100,10387,17313,491700000,491700000
0,4917,491700000,491700100,10387,17313,491800000,491800000
0,4918,491800000,491800100,10387,17313,491900000,491900000
0,4919,491900000,491900100,10387,17313,492000000,492000000
0,4920,492000000,492000100,10387,17313,492100000,492100000
0,4921,492100000,492100100,10387,17313,492200000,492200000
0,4922,492200000,492200100,10387,17313,492300000,492300000
0,4923,492300000,492300100,10387,17313,492400000,492400000
0,4924,492400000,492400100,10387,17313,492500000,492500000
0,4925,492500000,492500100,10387,17313,492600000,492600000
0,4926,492600000,492600100,10387,17313,492700000,492700000
0,4927,492700000,492700100,10387,17313,492800000,492800000
0,4928,492800000,492800100,10387,17313,492900000,492900000
0,4929,492900000,492900100,10387,17313,493000000,493000000
0,4930,493000000,493000100,10387,17313,493100000,493100000
0,4931,493100000,493100100,10387,17313,493200000,493200000
0,4932,493200000,493200100,10387,17313,493300000,493300000
0,4933,493300000,493300100,10387,17313,493400000,493400000
0,4934,493400000,493400100,10387,17313,493500000,493500000
0,4935,493500000,493500100,10387,17313,493600000,493600000
0,4936,493600000,493600100,10387,17313,493700000,493700000
0,4937,493700000,493700100,10387,17313,493800000,493800000
0,4938,493800000,493800100,10387,17313,493900000,493900000
0,4939,493900000,493900100,10387,17313,494000000,494000000
0,4940,494000000,494000100,10387,17313,494100000,494100000
0,4941,494100000,494100100,10387,17313,494200000,494200000
0,4942,494200000,494200100,10387,17313,494300000,494300000
0,4943,494300000,494300100,10387,17313,494400000,494400000
0,4944,494400000,494400100,10387,17313,494500000,494500000
0,4945,494500000,494500100,10387,17313,494600000,494600000
0,4946,494600000,494600100,10387,17313,494700000,494700000
0,4947,494700000,494700100,10387,17313,494800000,494800000
0,4948,494800000,494800100,10387,17313,494900000,494900000
0,4949,494900000,494900100,10387,17313,495000000,495000000
0,4950,495000000,495000100,10387,17313,495100000,495100000
0,4951,495100000,495100100,10387,17313,495200000,495200000
0,4952,495200000,495200100,10387,17313,495300000,495300000
0,4953,495300000,495300100,10387,17313,495400000,495400000
0,4954,495400000,495400100,10387,17313,495500000,495500000
0,4955,495500000,495500100,10387,17313,495600000,495600000
0,4956,495600000,495600100,10387,17313,495700000,495700000
0,4957,495700000,495700100,10387,17313,495800000,495800000
0,4958,495800000,495800100,10387,17313,495900000,495900000
0,4959,495900000,495900100,10387,17313,496000000,496000000
0,4960,496000000,496000100,10387,17313,496100000,496100000
0,4961,496100000,496100100,10387,17313,496200000,496200000
0,4962,496200000,496200100,10387,17313,496300000,496300000
0,4963,496300000,496300100,10387,17313,496400000,496400000
0,4964,496400000,496400100,10387,17313,496500000,496500000
0,4965,496500000,496500100,10387,17313,496600000,496600000
0,4966,496600000,496600100,10387,17313,496700000,496700000
0,4967,496700000,496700100,10387,17313,496800000,496800000
0,4968,496800000,496800100,10387,17313,496900000,496900000
0,4969,496900000,496900100,10387,17313,497000000,497000000
0,4970,497000000,497000100,10387,17313,497100000,497100000
0,4971,497100000,497100100,10387,17313,497200000,497200000
0,4972,497200000,497200100,10387,17313,497300000,497300000
0,4973,497300000,497300100,10387,17313,497400000,497400000
0,4974,497400000,497400100,10387,17313,497500000,497500000
0,4975,497500000,497500100,10387,17313,497600000,497600000
0,4976,497600000,497600100,10387,17313,497700000,497700000
0,4977,497700000,497700100,10387,17313,497800000,497800000
0,4978,497800000,497800100,10387,17313,497900000,497900000
0,4979,497900000,497900100,10387,17313,498000000,498000000
0,4980,498000000,498000100,10387,17313,498100000,498100000
0,4981,498100000,498100100,10387,17313,498200000,498200000
0,4982,498200000,498200100,10387,17313,498300000,498300000
0,4983,498300000,498300100,10387,17313,498400000,498400000
0,4984,498400000,498400100,10387,17313,498500000,498500000
0,4985,498500000,498500100,10387,17313,498600000,498600000
0,4986,498600000,498600100,10387,17313,498700000,498700000
0,4987,498700000,498700100,10387,17313,498800000,498800000
0,4988,498800000,498800100,10387,17313,498900000,498900000
0,4989,498900000,498900100,10387,17313,499000000,499000000
0,4990,499000000,499000100,10387,17313,499100000,499100000
0,4991,499100000,499100100,10387,17313,499200000,499200000
0,4992,499200000,499200100,10387,17313,499300000,499300000
0,4993,499300000,499300100,10387,17313,499400000,499400000
0,4994,499400000,499400100,10387,17313,499500000,499500000
0,4995,499500000,499500100,10387,17313,499600000,499600000
0,4996,499600000,499600100,10387,17313,499700000,499700000
0,4997,499700000,499700100,10387,17313,499800000,499800000
0,4998,499800000,499800100,10387,17313,499900000,499900000
0,4999,499900000,499900100,10387,17313,500000000,500000000
0,5000,500000000,500000100,10387,17313,500100000,500100000
0,5001,500100000,500100100,10387,17313,500200000,500200000
0,5002,500200000,500200100,10387,17313,500300000,500300000
0,5003,500300000,500300100,10387,17313,500400000,500400000
0,5004,500400000,500400100,10387,17313,500500000,500500000
0,5005,500500000,500500100,10387,17313,500600000,500600000
0,5006,500600000,500600100,10387,17313,500700000,500700000
0,5007,500700000,500700100,10387,17313,500800000,500800000
0,5008,500800000,500800100,10387,17313,500900000,500900000
0,5009,500900000,500900100,10387,17313,501000000,501000000
0,5010,501000000,501000100,10387,17313,501100000,501100000
0,5011,501100000,501100100,10387,17313,501200000,501200000
0,5012,501200000,501200100,10387,17313,501300000,501300000
0,5013,501300000,501300100,10387,17313,501400000,501400000
0,5014,501400000,501400100,10387,17313,501500000,501500000
0,5015,501500000,501500100,10387,17313,501600000,501600000
0,5016,501600000,501600100,10387,17313,501700000,501700000
0,5017,501700000,501700100,10387,17313,501800000,501800000
0,5018,501800000,501800100,10387,17313,501900000,501900000
0,5019,501900000,501900100,10387,17313,502000000,502000000
0,5020,502000000,502000100,10387,17313,502100000,502100000
0,5021,502100000,502100100,10387,17313,502200000,502200000
0,5022,502200000,502200100,10387,17313,502300000,502300000
0,5023,502300000,502300100,10387,17313,502400000,502400000
0,5024,502400000,502400100,10387,17313,502500000,502500000
0,5025,502500000,502500100,10387,17313,502600000,502600000
0,5026,502600000,502600100,10387,17313,502700000,502700000
0,5027,502700000,502700100,10387,17313,502800000,502800000
0,5028,502800000,502800100,10387,17313,502900000,502900000
0,5029,502900000,502900100,10387,17313,503000000,503000000
0,5030,503000000,503000100,10387,17313,503100000,503100000
0,5031,503100000,503100100,10387,17313,503200000,503200000
0,5032,503200000,503200100,10387,17313,503300000,503300000
0,5033,503300000,503300100,10387,17313,503400000,503400000
0,5034,503400000,503400100,10387,17313,503500000,503500000
0,5035,503500000,503500100,10387,17313,503600000,503600000
0,5036,503600000,503600100,10387,17313,503700000,503700000
0,5037,503700000,503700100,10387,17313,503800000,503800000
0,5038,503800000,503800100,10387,17313,503900000,503900000
0,5039,503900000,503900100,10387,17313,504000000,504000000
0,5040,504000000,504000100,10387,17313,504100000,504100000
0,5041,504100000,504100100,10387,17313,504200000,504200000
0,5042,504200000,504200100,10387,17313,504300000,504300000
0,5043,504300000,504300100,10387,17313,504400000,504400000
0,5044,504400000,504400100,10387,17313,504500000,504500000
0,5045,504500000,504500100,10387,17313,504600000,504600000
0,5046,504600000,504600100,10387,17313,504700000,504700000
0,5047,504700000,504700100,10387,17313,504800000,504800000
0,5048,504800000,504800100,10387,17313,504900000,504900000
0,5049,504900000,504900100,10387,17313,505000000,505000000
0,5050,505000000,505000100,10387,17313,505100000,505100000
0,5051,505100000,505100100,10387,17313,505200000,505200000
0,5052,505200000,505200100,10387,17313,505300000,505300000
0,5053,505300000,505300100,10387,17313,505400000,505400000
0,5054,505400000,505400100,10387,17313,505500000,505500000
0,5055,505500000,505500100,10387,17313,505600000,505600000
0,5056,505600000,505600100,10387,17313,505700000,505700000
0,5057,505700000,505700100,10387,17313,505800000,505800000
0,5058,505800000,505800100,10387,17313,505900000,505900000
0,5059,505900000,505900100,10387,17313,506000000,506000000
0,5060,506000000,506000100,10387,17313,506100000,506100000
0,5061,506100000,506100100,10387,17313,506200000,506200000
0,5062,506200000,506200100,10387,17313,506300000,506300000
0,5063,506300000,506300100,10387,17313,506400000,506400000
0,5064,506400000,506400100,10387,17313,506500000,506500000
0,5065,506500000,506500100,10387,17313,506600000,506600000
0,5066,506600000,506600100,10387,17313,506700000,506700000
0,5067,506700000,506700100,10387,17313,506800000,506800000
0,5068,506800000,506800100,10387,17313,506900000,506900000
0,5069,506900000,506900100,10387,17313,507000000,507000000
0,5070,507000000,507000100,10387,17313,507100000,507100000
0,5071,507100000,507100100,10387,17313,507200000,507200000
0,5072,507200000,507200100,10387,17313,507300000,507300000
0,5073,507300000,507300100,10387,17313,507400000,507400000
0,5074,507400000,507400100,10387,17313,507500000,507500000
0,5075,507500000,507500100,10387,17313,507600000,507600000
0,5076,507600000,507600100,10387,17313,507700000,507700000
0,5077,507700000,507700100,10387,17313,507800000,507800000
0,5078,507800000,507800100,10387,17313,507900000,507900000
0,5079,507900000,507900100,10387,17313,508000000,508000000
0,5080,508000000,508000100,10387,17313,508100000,508100000
0,5081,508100000,508100100,10387,17313,508200000,508200000
0,5082,508200000,508200100,10387,17313,508300000,508300000
0,5083,508300000,508300100,10387,17313,508400000,508400000
0,5084,508400000,508400100,10387,17313,508500000,508500000
0,5085,508500000,508500100,10387,17313,508600000,508600000
0,5086,508600000,508600100,10387,17313,508700000,508700000
0,5087,508700000,508700100,10387,17313,508800000,508800000
0,5088,508800000,508800100,10387,17313,508900000,508900000
0,5089,508900000,508900100,10387,17313,509000000,509000000
0,5090,509000000,509000100,10387,17313,509100000,509100000
0,5091,509100000,509100100,10387,17313,509200000,509200000
0,5092,509200000,509200100,10387,17313,509300000,509300000
0,5093,509300000,509300100,10387,17313,509400000,509400000
0,5094,509400000,509400100,10387,17313,509500000,509500000
0,5095,509500000,509500100,10387,17313,509600000,509600000
0,5096,509600000,509600100,10387,17313,509700000,509700000
0,5097,509700000,509700100,10387,17313,509800000,509800000
0,5098,509800000,509800100,10387,17313,509900000,509900000
0,5099,509900000,509900100,10387,17313,510000000,510000000
0,5100,510000000,510000100,10387,17313,510100000,510100000
0,5101,510100000,510100100,10387,17313,510200000,510200000
0,5102,510200000,510200100,10387,17313,510300000,510300000
0,5103,510300000,510300100,10387,17313,510400000,510400000
0,5104,510400000,510400100,10387,17313,510500000,510500000
0,5105,510500000,510500100,10387,17313,510600000,510600000
0,5106,510600000,510600100,10387,17313,510700000,510700000
0,5107,510700000,510700100,10387,17313,510800000,510800000
0,5108,510800000,510800100,10387,17313,510900000,510900000
0,5109,510900000,510900100,10387,17313,511000000,511000000
0,5110,511000000,511000100,10387,17313,511100000,511100000
0,5111,511100000,511100100,10387,17313,511200000,511200000
0,5112,511200000,511200100,10387,17313,511300000,511300000
0,5113,511300000,511300100,10387,17313,511400000,511400000
0,5114,511400000,511400100,10387,17313,511500000,511500000
0,5115,511500000,511500100,10387,17313,511600000,511600000
0,5116,511600000,511600100,10387,17313,511700000,511700000
0,5117,511700000,511700100,10387,17313,511800000,511800000
0,5118,511800000,511800100,10387,17313,511900000,511900000
0,5119,511900000,511900100,10387,17313,512000000,512000000
0,5120,512000000,512000100,10387,17313,512100000,512100000
0,5121,512100000,512100100,10387,17313,512200000,512200000
0,5122,512200000,512200100,10387,17313,512300000,512300000
0,5123,512300000,512300100,10387,17313,512400000,512400000
0,5124,512400000,512400100,10387,17313,512500000,512500000
0,5125,512500000,512500100,10387,17313,512600000,512600000
0,5126,512600000,512600100,10387,17313,512700000,512700000
0,5127,512700000,512700100,10387,17313,512800000,512800000
0,5128,512800000,512800100,10387,17313,512900000,512900000
0,5129,512900000,512900100,10387,17313,513000000,513000000
0,5130,513000000,513000100,10387,17313,513100000,513100000
0,5131,513100000,513100100,10387,17313,513200000,513200000
0,5132,513200000,513200100,10387,17313,513300000,513300000
0,5133,513300000,513300100,10387,17313,513400000,513400000
0,5134,513400000,513400100,10387,17313,513500000,513500000
0,5135,513500000,513500100,10387,17313,513600000,513600000
0,5136,513600000,513600100,10387,17313,513700000,513700000
0,5137,513700000,513700100,10387,17313,513800000,513800000
0,5138,513800000,513800100,10387,17313,513900000,513900000
0,5139,513900000,513900100,10387,17313,514000000,514000000
0,5140,514000000,514000100,10387,17313,514100000,514100000
0,5141,514100000,514100100,10387,17313,514200000,514200000
0,5142,514200000,514200100,10387,17313,514300000,514300000
0,5143,514300000,514300100,10387,17313,514400000,514400000
0,5144,514400000,514400100,10387,17313,514500000,514500000
0,5145,514500000,514500100,10387,17313,514600000,514600000
0,5146,514600000,514600100,10387,17313,514700000,514700000
0,5147,514700000,514700100,10387,17313,514800000,514800000
0,5148,514800000,514800100,10387,17313,514900000,514900000
0,5149,514900000,514900100,10387,17313,515000000,515000000
0,5150,515000000,515000100,10387,17313,515100000,515100000
0,5151,515100000,515100100,10387,17313,515200000,515200000
0,5152,515200000,515200100,10387,17313,515300000,515300000
0,5153,515300000,515300100,10387,17313,515400000,515400000
0,5154,515400000,515400100,10387,17313,515500000,515500000
0,5155,515500000,515500100,10387,17313,515600000,515600000
0,5156,515600000,515600100,10387,17313,515700000,515700000
0,5157,515700000,515700100,10387,17313,515800000,515800000
0,5158,515800000,515800100,10387,17313,515900000,515900000
0,5159,515900000,515900100,10387,17313,516000000,516000000
0,5160,516000000,516000100,10387,17313,516100000,516100000
0,5161,516100000,516100100,10387,17313,516200000,516200000
0,5162,516200000,516200100,10387,17313,516300000,516300000
0,5163,516300000,516300100,10387,17313,516400000,516400000
0,5164,516400000,516400100,10387,17313,516500000,516500000
0,5165,516500000,516500100,10387,17313,516600000,516600000
0,5166,516600000,516600100,10387,17313,516700000,516700000
0,5167,516700000,516700100,10387,17313,516800000,516800000
0,5168,516800000,516800100,10387,17313,516900000,516900000
0,5169,516900000,516900100,10387,17313,517000000,517000000
0,5170,517000000,517000100,10387,17313,517100000,517100000
0,5171,517100000,517100100,10387,17313,517200000,517200000
0,5172,517200000,517200100,10387,17313,517300000,517300000
0,5173,517300000,517300100,10387,17313,517400000,517400000
0,5174,517400000,517400100,10387,17313,517500000,517500000
0,5175,517500000,517500100,10387,17313,517600000,517600000
0,5176,517600000,517600100,10387,17313,517700000,517700000
0,5177,517700000,517700100,10387,17313,517800000,517800000
0,5178,517800000,517800100,10387,17313,517900000,517900000
0,5179,517900000,517900100,10387,17313,518000000,518000000
0,5180,518000000,518000100,10387,17313,518100000,518100000
0,5181,518100000,518100100,10387,17313,518200000,518200000
0,5182,518200000,518200100,10387,17313,518300000,518300000
0,5183,518300000,518300100,10387,17313,518400000,518400000
0,5184,518400000,518400100,10387,17313,518500000,518500000
0,5185,518500000,518500100,10387,17313,518600000,518600000
0,5186,518600000,518600100,10387,17313,518700000,518700000
0,5187,518700000,518700100,10387,17313,518800000,518800000
0,5188,518800000,518800100,10387,17313,518900000,518900000
0,5189,518900000,518900100,10387,17313,519000000,519000000
0,5190,519000000,519000100,10387,17313,519100000,519100000
0,5191,519100000,519100100,10387,17313,519200000,519200000
0,5192,519200000,519200100,10387,17313,519300000,519300000
0,5193,519300000,519300100,10387,17313,519400000,519400000
0,5194,519400000,519400100,10387,17313,519500000,519500000
0,5195,519500000,519500100,10387,17313,519600000,519600000
0,5196,519600000,519600100,10387,17313,519700000,519700000
0,5197,519700000,519700100,10387,17313,519800000,519800000
0,5198,519800000,519800100,10387,17313,519900000,519900000
0,5199,519900000,519900100,10387,17313,520000000,520000000
0,5200,520000000,520000100,10387,17313,520100000,520100000
0,5201,520100000,520100100,10387,17313,520200000,520200000
0,5202,520200000,520200100,10387,17313,520300000,520300000
0,5203,520300000,520300100,10387,17313,520400000,520400000
0,5204,520400000,520400100,10387,17313,520500000,520500000
0,5205,520500000,520500100,10387,17313,520600000,520600000
0,5206,520600000,520600100,10387,17313,520700000,520700000
0,5207,520700000,520700100,10387,17313,520800000,520800000
0,5208,520800000,520800100,10387,17313,520900000,520900000
0,5209,520900000,520900100,10387,17313,521000000,521000000
0,5210,521000000,521000100,10387,17313,521100000,521100000
0,5211,521100000,521100100,10387,17313,521200000,521200000
0,5212,521200000,521200100,10387,17313,521300000,521300000
0,5213,521300000,521300100,10387,17313,521400000,521400000
0,5214,521400000,521400100,10387,17313,521500000,521500000
0,5215,521500000,521500100,10387,17313,521600000,521600000
0,5216,521600000,521600100,10387,17313,521700000,521700000
0,5217,521700000,521700100,10387,17313,521800000,521800000
0,5218,521800000,521800100,10387,17313,521900000,521900000
0,5219,521900000,521900100,10387,17313,522000000,522000000
0,5220,522000000,522000100,10387,17313,522100000,522100000
0,5221,522100000,522100100,10387,17313,522200000,522200000
0,5222,522200000,522200100,10387,17313,522300000,522300000
0,5223,522300000,522300100,10387,17313,522400000,522400000
0,5224,522400000,522400100,10387,17313,522500000,522500000
0,5225,522500000,522500100,10387,17313,522600000,522600000
0,5226,522600000,522600100,10387,17313,522700000,522700000
0,5227,522700000,522700100,10387,17313,522800000,522800000
0,5228,522800000,522800100,10387,17313,522900000,522900000
0,5229,522900000,522900100,10387,17313,523000000,523000000
0,5230,523000000,523000100,10387,17313,523100000,523100000
0,5231,523100000,523100100,10387,17313,523200000,523200000
0,5232,523200000,523200100,10387,17313,523300000,523300000
0,5233,523300000,523300100,10387,17313,523400000,523400000
0,5234,523400000,523400100,10387,17313,523500000,523500000
0,5235,523500000,523500100,10387,17313,523600000,523600000
0,5236,523600000,523600100,10387,17313,523700000,523700000
0,5237,523700000,523700100,10387,17313,523800000,523800000
0,5238,523800000,523800100,10387,17313,523900000,523900000
0,5239,523900000,523900100,10387,17313,524000000,524000000
0,5240,524000000,524000100,10387,17313,524100000,524100000
0,5241,524100000,524100100,10387,17313,524200000,524200000
0,5242,524200000,524200100,10387,17313,524300000,524300000
0,5243,524300000,524300100,10387,17313,524400000,524400000
0,5244,524400000,524400100,10387,17313,524500000,524500000
0,5245,524500000,524500100,10387,17313,524600000,524600000
0,5246,524600000,524600100,10387,17313,524700000,524700000
0,5247,524700000,524700100,10387,17313,524800000,524800000
0,5248,524800000,524800100,10387,17313,524900000,524900000
0,5249,524900000,524900100,10387,17313,525000000,525000000
0,5250,525000000,525000100,10387,17313,525100000,525100000
0,5251,525100000,525100100,10387,17313,525200000,525200000
0,5252,525200000,525200100,10387,17313,525300000,525300000
0,5253,525300000,525300100,10387,17313,525400000,525400000
0,5254,525400000,525400100,10387,17313,525500000,525500000
0,5255,525500000,525500100,10387,17313,525600000,525600000
0,5256,525600000,525600100,10387,17313,525700000,525700000
0,5257,525700000,525700100,10387,17313,525800000,525800000
0,5258,525800000,525800100,10387,17313,525900000,525900000
0,5259,525900000,525900100,10387,17313,526000000,526000000
0,5260,526000000,526000100,10387,17313,526100000,526100000
0,5261,526100000,526100100,10387,17313,526200000,526200000
0,5262,526200000,526200100,10387,17313,526300000,526300000
0,5263,526300000,526300100,10387,17313,526400000,526400000
0,5264,526400000,526400100,10387,17313,526500000,526500000
0,5265,526500000,526500100,10387,17313,526600000,526600000
0,5266,526600000,526600100,10387,17313,526700000,526700000
0,5267,526700000,526700100,10387,17313,526800000,526800000
0,5268,526800000,526800100,10387,17313,526900000,526900000
0,5269,526900000,526900100,10387,17313,527000000,527000000
0,5270,527000000,527000100,10387,17313,527100000,527100000
0,5271,527100000,527100100,10387,17313,527200000,527200000
0,5272,527200000,527200100,10387,17313,527300000,527300000
0,5273,527300000,527300100,10387,17313,527400000,527400000
0,5274,527400000,527400100,10387,17313,527500000,527500000
0,5275,527500000,527500100,10387,17313,527600000,527600000
0,5276,527600000,527600100,10387,17313,527700000,527700000
0,5277,527700000,527700100,10387,17313,527800000,527800000
0,5278,527800000,527800100,10387,17313,527900000,527900000
0,5279,527900000,527900100,10387,17313,528000000,528000000
0,5280,528000000,528000100,10387,17313,528100000,528100000
0,5281,528100000,528100100,10387,17313,528200000,528200000
0,5282,528200000,528200100,10387,17313,528300000,528300000
0,5283,528300000,528300100,10387,17313,528400000,528400000
0,5284,528400000,528400100,10387,17313,528500000,528500000
0,5285,528500000,528500100,10387,17313,528600000,528600000
0,5286,528600000,528600100,10387,17313,528700000,528700000
0,5287,528700000,528700100,10387,17313,528800000,528800000
0,5288,528800000,528800100,10387,17313,528900000,528900000
0,5289,528900000,528900100,10387,17313,529000000,529000000
0,5290,529000000,529000100,10387,17313,529100000,529100000
0,5291,529100000,529100100,10387,17313,529200000,529200000
0,5292,529200000,529200100,10387,17313,529300000,529300000
0,5293,529300000,529300100,10387,17313,529400000,529400000
0,5294,529400000,529400100,10387,17313,529500000,529500000
0,5295,529500000,529500100,10387,17313,529600000,529600000
0,5296,529600000,529600100,10387,17313,529700000,529700000
0,5297,529700000,529700100,10387,17313,529800000,529800000
0,5298,529800000,529800100,10387,17313,529900000,529900000
0,5299,529900000,529900100,10387,17313,530000000,530000000
0,5300,530000000,530000100,10387,17313,530100000,530100000
0,5301,530100000,530100100,10387,17313,530200000,530200000
0,5302,530200000,530200100,10387,17313,530300000,530300000
0,5303,530300000,530300100,10387,17313,530400000,530400000
0,5304,530400000,530400100,10387,17313,530500000,530500000
0,5305,530500000,530500100,10387,17313,530600000,530600000
0,5306,530600000,530600100,10387,17313,530700000,530700000
0,5307,530700000,530700100,10387,17313,530800000,530800000
0,5308,530800000,530800100,10387,17313,530900000,530900000
0,5309,530900000,530900100,10387,17313,531000000,531000000
0,5310,531000000,531000100,10387,17313,531100000,531100000
0,5311,531100000,531100100,10387,17313,531200000,531200000
0,5312,531200000,531200100,10387,17313,531300000,531300000
0,5313,531300000,531300100,10387,17313,531400000,531400000
0,5314,531400000,531400100,10387,17313,531500000,531500000
0,5315,531500000,531500100,10387,17313,531600000,531600000
0,5316,531600000,531600100,10387,17313,531700000,531700000
0,5317,531700000,531700100,10387,17313,531800000,531800000
0,5318,531800000,531800100,10387,17313,531900000,531900000
0,5319,531900000,531900100,10387,17313,532000000,532000000
0,5320,532000000,532000100,10387,17313,532100000,532100000
0,5321,532100000,532100100,10387,17313,532200000,532200000
0,5322,532200000,532200100,10387,17313,532300000,532300000
0,5323,532300000,532300100,10387,17313,532400000,532400000
0,5324,532400000,532400100,10387,17313,532500000,532500000
0,5325,532500000,532500100,10387,17313,532600000,532600000
0,5326,532600000,532600100,10387,17313,532700000,532700000
0,5327,532700000,532700100,10387,17313,532800000,532800000
0,5328,532800000,532800100,10387,17313,532900000,532900000
0,5329,532900000,532900100,10387,17313,533000000,533000000
0,5330,533000000,533000100,10387,17313,533100000,533100000
0,5331,533100000,533100100,10387,17313,533200000,533200000
0,5332,533200000,533200100,10387,17313,533300000,533300000
0,5333,533300000,533300100,10387,17313,533400000,533400000
0,5334,533400000,533400100,10387,17313,533500000,533500000
0,5335,533500000,533500100,10387,17313,533600000,533600000
0,5336,533600000,533600100,10387,17313,533700000,533700000
0,5337,533700000,533700100,10387,17313,533800000,533800000
0,5338,533800000,533800100,10387,17313,533900000,533900000
0,5339,533900000,533900100,10387,17313,534000000,534000000
0,5340,534000000,534000100,10387,17313,534100000,534100000
0,5341,534100000,534100100,10387,17313,534200000,534200000
0,5342,534200000,534200100,10387,17313,534300000,534300000
0,5343,534300000,534300100,10387,17313,534400000,534400000
0,5344,534400000,534400100,10387,17313,534500000,534500000
0,5345,534500000,534500100,10387,17313,534600000,534600000
0,5346,534600000,534600100,10387,17313,534700000,534700000
0,5347,534700000,534700100,10387,17313,534800000,534800000
0,5348,534800000,534800100,10387,17313,534900000,534900000
0,5349,534900000,534900100,10387,17313,535000000,535000000
0,5350,535000000,535000100,10387,17313,535100000,535100000
0,5351,535100000,535100100,10387,17313,535200000,535200000
0,5352,535200000,535200100,10387,17313,535300000,535300000
0,5353,535300000,535300100,10387,17313,535400000,535400000
0,5354,535400000,535400100,10387,17313,535500000,535500000
0,5355,535500000,535500100,10387,17313,535600000,535600000
0,5356,535600000,535600100,10387,17313,535700000,535700000
0,5357,535700000,535700100,10387,17313,535800000,535800000
0,5358,535800000,535800100,10387,17313,535900000,535900000
0,5359,535900000,535900100,10387,17313,536000000,536000000
0,5360,536000000,536000100,10387,17313,536100000,536100000
0,5361,536100000,536100100,10387,17313,536200000,536200000
0,5362,536200000,536200100,10387,17313,536300000,536300000
0,5363,536300000,536300100,10387,17313,536400000,536400000
0,5364,536400000,536400100,10387,17313,536500000,536500000
0,5365,536500000,536500100,10387,17313,536600000,536600000
0,5366,536600000,536600100,10387,17313,536700000,536700000
0,5367,536700000,536700100,10387,17313,536800000,536800000
0,5368,536800000,536800100,10387,17313,536900000,536900000
0,5369,536900000,536900100,10387,17313,537000000,537000000
0,5370,537000000,537000100,10387,17313,537100000,537100000
0,5371,537100000,537100100,10387,17313,537200000,537200000
0,5372,537200000,537200100,10387,17313,537300000,537300000
0,5373,537300000,537300100,10387,17313,537400000,537400000
0,5374,537400000,537400100,10387,17313,537500000,537500000
0,5375,537500000,537500100,10387,17313,537600000,537600000
0,5376,537600000,537600100,10387,17313,537700000,537700000
0,5377,537700000,537700100,10387,17313,537800000,537800000
0,5378,537800000,537800100,10387,17313,537900000,537900000
0,5379,537900000,537900100,10387,17313,538000000,538000000
0,5380,538000000,538000100,10387,17313,538100000,538100000
0,5381,538100000,538100100,10387,17313,538200000,538200000
0,5382,538200000,538200100,10387,17313,538300000,538300000
0,5383,538300000,538300100,10387,17313,538400000,538400000
0,5384,538400000,538400100,10387,17313,538500000,538500000
0,5385,538500000,538500100,10387,17313,538600000,538600000
0,5386,538600000,538600100,10387,17313,538700000,538700000
0,5387,538700000,538700100,10387,17313,538800000,538800000
0,5388,538800000,538800100,10387,17313,538900000,538900000
0,5389,538900000,538900100,10387,17313,539000000,539000000
0,5390,539000000,539000100,10387,17313,539100000,539100000
0,5391,539100000,539100100,10387,17313,539200000,539200000
0,5392,539200000,539200100,10387,17313,539300000,539300000
0,5393,539300000,539300100,10387,17313,539400000,539400000
0,5394,539400000,539400100,10387,17313,539500000,539500000
0,5395,539500000,539500100,10387,17313,539600000,539600000
0,5396,539600000,539600100,10387,17313,539700000,539700000
0,5397,539700000,539700100,10387,17313,539800000,539800000
0,5398,539800000,539800100,10387,17313,539900000,539900000
0,5399,539900000,539900100,10387,17313,540000000,540000000
0,5400,540000000,540000100,10387,17313,540100000,540100000
0,5401,540100000,540100100,10387,17313,540200000,540200000
0,5402,540200000,540200100,10387,17313,540300000,540300000
0,5403,540300000,540300100,10387,17313,540400000,540400000
0,5404,540400000,540400100,10387,17313,540500000,540500000
0,5405,540500000,540500100,10387,17313,540600000,540600000
0,5406,540600000,540600100,10387,17313,540700000,540700000
0,5407,540700000,540700100,10387,17313,540800000,540800000
0,5408,540800000,540800100,10387,17313,540900000,540900000
0,5409,540900000,540900100,10387,17313,541000000,541000000
0,5410,541000000,541000100,10387,17313,541100000,541100000
0,5411,541100000,541100100,10387,17313,541200000,541200000
0,5412,541200000,541200100,10387,17313,541300000,541300000
0,5413,541300000,541300100,10387,17313,541400000,541400000
0,5414,541400000,541400100,10387,17313,541500000,541500000
0,5415,541500000,541500100,10387,17313,541600000,541600000
0,5416,541600000,541600100,10387,17313,541700000,541700000
0,5417,541700000,541700100,10387,17313,541800000,541800000
0,5418,541800000,541800100,10387,17313,541900000,541900000
0,5419,541900000,541900100,10387,17313,542000000,542000000
0,5420,542000000,542000100,10387,17313,542100000,542100000
0,5421,542100000,542100100,10387,17313,542200000,542200000
0,5422,542200000,542200100,10387,17313,542300000,542300000
0,5423,542300000,542300100,10387,17313,542400000,542400000
0,5424,542400000,542400100,10387,17313,542500000,542500000
0,5425,542500000,542500100,10387,17313,542600000,542600000
0,5426,542600000,542600100,10387,17313,542700000,542700000
0,5427,542700000,542700100,10387,17313,542800000,542800000
0,5428,542800000,542800100,10387,17313,542900000,542900000
0,5429,542900000,542900100,10387,17313,543000000,543000000
0,5430,543000000,543000100,10387,17313,543100000,543100000
0,5431,543100000,543100100,10387,17313,543200000,543200000
0,5432,543200000,543200100,10387,17313,543300000,543300000
0,5433,543300000,543300100,10387,17313,543400000,543400000
0,5434,543400000,543400100,10387,17313,543500000,543500000
0,5435,543500000,543500100,10387,17313,543600000,543600000
0,5436,543600000,543600100,10387,17313,543700000,543700000
0,5437,543700000,543700100,10387,17313,543800000,543800000
0,5438,543800000,543800100,10387,17313,543900000,543900000
0,5439,543900000,543900100,10387,17313,544000000,544000000
0,5440,544000000,544000100,10387,17313,544100000,544100000
0,5441,544100000,544100100,10387,17313,544200000,544200000
0,5442,544200000,544200100,10387,17313,544300000,544300000
0,5443,544300000,544300100,10387,17313,544400000,544400000
0,5444,544400000,544400100,10387,17313,544500000,544500000
0,5445,544500000,544500100,10387,17313,544600000,544600000
0,5446,544600000,544600100,10387,17313,544700000,544700000
0,5447,544700000,544700100,10387,17313,544800000,544800000
0,5448,544800000,544800100,10387,17313,544900000,544900000
0,5449,544900000,544900100,10387,17313,545000000,545000000
0,5450,545000000,545000100,10387,17313,545100000,545100000
0,5451,545100000,545100100,10387,17313,545200000,545200000
0,5452,545200000,545200100,10387,17313,545300000,545300000
0,5453,545300000,545300100,10387,17313,545400000,545400000
0,5454,545400000,545400100,10387,17313,545500000,545500000
0,5455,545500000,545500100,10387,17313,545600000,545600000
0,5456,545600000,545600100,10387,17313,545700000,545700000
0,5457,545700000,545700100,10387,17313,545800000,545800000
0,5458,545800000,545800100,10387,17313,545900000,545900000
0,5459,545900000,545900100,10387,17313,546000000,546000000
0,5460,546000000,546000100,10387,17313,546100000,546100000
0,5461,546100000,546100100,10387,17313,546200000,546200000
0,5462,546200000,546200100,10387,17313,546300000,546300000
0,5463,546300000,546300100,10387,17313,546400000,546400000
0,5464,546400000,546400100,10387,17313,546500000,546500000
0,5465,546500000,546500100,10387,17313,546600000,546600000
0,5466,546600000,546600100,10387,17313,546700000,546700000
0,5467,546700000,546700100,10387,17313,546800000,546800000
0,5468,546800000,546800100,10387,17313,546900000,546900000
0,5469,546900000,546900100,10387,17313,547000000,547000000
0,5470,547000000,547000100,10387,17313,547100000,547100000
0,5471,547100000,547100100,10387,17313,547200000,547200000
0,5472,547200000,547200100,10387,17313,547300000,547300000
0,5473,547300000,547300100,10387,17313,547400000,547400000
0,5474,547400000,547400100,10387,17313,547500000,547500000
0,5475,547500000,547500100,10387,17313,547600000,547600000
0,5476,547600000,547600100,10387,17313,547700000,547700000
0,5477,547700000,547700100,10387,17313,547800000,547800000
0,5478,547800000,547800100,10387,17313,547900000,547900000
0,5479,547900000,547900100,10387,17313,548000000,548000000
0,5480,548000000,548000100,10387,17313,548100000,548100000
0,5481,548100000,548100100,10387,17313,548200000,548200000
0,5482,548200000,548200100,10387,17313,548300000,548300000
0,5483,548300000,548300100,10387,17313,548400000,548400000
0,5484,548400000,548400100,10387,17313,548500000,548500000
0,5485,548500000,548500100,10387,17313,548600000,548600000
0,5486,548600000,548600100,10387,17313,548700000,548700000
0,5487,548700000,548700100,10387,17313,548800000,548800000
0,5488,548800000,548800100,10387,17313,548900000,548900000
0,5489,548900000,548900100,10387,17313,549000000,549000000
0,5490,549000000,549000100,10387,17313,549100000,549100000
0,5491,549100000,549100100,10387,17313,549200000,549200000
0,5492,549200000,549200100,10387,17313,549300000,549300000
0,5493,549300000,549300100,10387,17313,549400000,549400000
0,5494,549400000,549400100,10387,17313,549500000,549500000
0,5495,549500000,549500100,10387,17313,549600000,549600000
0,5496,549600000,549600100,10387,17313,549700000,549700000
0,5497,549700000,549700100,10387,17313,549800000,549800000
0,5498,549800000,549800100,10387,17313,549900000,549900000
0,5499,549900000,549900100,10387,17313,550000000,550000000
0,5500,550000000,550000100,10387,17313,550100000,550100000
0,5501,550100000,550100100,10387,17313,550200000,550200000
0,5502,550200000,550200100,10387,17313,550300000,550300000
0,5503,550300000,550300100,10387,17313,550400000,550400000
0,5504,550400000,550400100,10387,17313,550500000,550500000
0,5505,550500000,550500100,10387,17313,550600000,550600000
0,5506,550600000,550600100,10387,17313,550700000,550700000
0,5507,550700000,550700100,10387,17313,550800000,550800000
0,5508,550800000,550800100,10387,17313,550900000,550900000
0,5509,550900000,550900100,10387,17313,551000000,551000000
0,5510,551000000,551000100,10387,17313,551100000,551100000
0,5511,551100000,551100100,10387,17313,551200000,551200000
0,5512,551200000,551200100,10387,17313,551300000,551300000
0,5513,551300000,551300100,10387,17313,551400000,551400000
0,5514,551400000,551400100,10387,17313,551500000,551500000
0,5515,551500000,551500100,10387,17313,551600000,551600000
0,5516,551600000,551600100,10387,17313,551700000,551700000
0,5517,551700000,551700100,10387,17313,551800000,551800000
0,5518,551800000,551800100,10387,17313,551900000,551900000
0,5519,551900000,551900100,10387,17313,552000000,552000000
0,5520,552000000,552000100,10387,17313,552100000,552100000
0,5521,552100000,552100100,10387,17313,552200000,552200000
0,5522,552200000,552200100,10387,17313,552300000,552300000
0,5523,552300000,552300100,10387,17313,552400000,552400000
0,5524,552400000,552400100,10387,17313,552500000,552500000
0,5525,552500000,552500100,10387,17313,552600000,552600000
0,5526,552600000,552600100,10387,17313,552700000,552700000
0,5527,552700000,552700100,10387,17313,552800000,552800000
0,5528,552800000,552800100,10387,17313,552900000,552900000
0,5529,552900000,552900100,10387,17313,553000000,553000000
0,5530,553000000,553000100,10387,17313,553100000,553100000
0,5531,553100000,553100100,10387,17313,553200000,553200000
0,5532,553200000,553200100,10387,17313,553300000,553300000
0,5533,553300000,553300100,10387,17313,553400000,553400000
0,5534,553400000,553400100,10387,17313,553500000,553500000
0,5535,553500000,553500100,10387,17313,553600000,553600000
0,5536,553600000,553600100,10387,17313,553700000,553700000
0,5537,553700000,553700100,10387,17313,553800000,553800000
0,5538,553800000,553800100,10387,17313,553900000,553900000
0,5539,553900000,553900100,10387,17313,554000000,554000000
0,5540,554000000,554000100,10387,17313,554100000,554100000
0,5541,554100000,554100100,10387,17313,554200000,554200000
0,5542,554200000,554200100,10387,17313,554300000,554300000
0,5543,554300000,554300100,10387,17313,554400000,554400000
0,5544,554400000,554400100,10387,17313,554500000,554500000
0,5545,554500000,554500100,10387,17313,554600000,554600000
0,5546,554600000,554600100,10387,17313,554700000,554700000
0,5547,554700000,554700100,10387,17313,554800000,554800000
0,5548,554800000,554800100,10387,17313,554900000,554900000
0,5549,554900000,554900100,10387,17313,555000000,555000000
0,5550,555000000,555000100,10387,17313,555100000,555100000
0,5551,555100000,555100100,10387,17313,555200000,555200000
0,5552,555200000,555200100,10387,17313,555300000,555300000
0,5553,555300000,555300100,10387,17313,555400000,555400000
0,5554,555400000,555400100,10387,17313,555500000,555500000
0,5555,555500000,555500100,10387,17313,555600000,555600000
0,5556,555600000,555600100,10387,17313,555700000,555700000
0,5557,555700000,555700100,10387,17313,555800000,555800000
0,5558,555800000,555800100,10387,17313,555900000,555900000
0,5559,555900000,555900100,10387,17313,556000000,556000000
0,5560,556000000,556000100,10387,17313,556100000,556100000
0,5561,556100000,556100100,10387,17313,556200000,556200000
0,5562,556200000,556200100,10387,17313,556300000,556300000
0,5563,556300000,556300100,10387,17313,556400000,556400000
0,5564,556400000,556400100,10387,17313,556500000,556500000
0,5565,556500000,556500100,10387,17313,556600000,556600000
0,5566,556600000,556600100,10387,17313,556700000,556700000
0,5567,556700000,556700100,10387,17313,556800000,556800000
0,5568,556800000,556800100,10387,17313,556900000,556900000
0,5569,556900000,556900100,10387,17313,557000000,557000000
0,5570,557000000,557000100,10387,17313,557100000,557100000
0,5571,557100000,557100100,10387,17313,557200000,557200000
0,5572,557200000,557200100,10387,17313,557300000,557300000
0,5573,557300000,557300100,10387,17313,557400000,557400000
0,5574,557400000,557400100,10387,17313,557500000,557500000
0,5575,557500000,557500100,10387,17313,557600000,557600000
0,5576,557600000,557600100,10387,17313,557700000,557700000
0,5577,557700000,557700100,10387,17313,557800000,557800000
0,5578,557800000,557800100,10387,17313,557900000,557900000
0,5579,557900000,557900100,10387,17313,558000000,558000000
0,5580,558000000,558000100,10387,17313,558100000,558100000
0,5581,558100000,558100100,10387,17313,558200000,558200000
0,5582,558200000,558200100,10387,17313,558300000,558300000
0,5583,558300000,558300100,10387,17313,558400000,558400000
0,5584,558400000,558400100,10387,17313,558500000,558500000
0,5585,558500000,558500100,10387,17313,558600000,558600000
0,5586,558600000,558600100,10387,17313,558700000,558700000
0,5587,558700000,558700100,10387,17313,558800000,558800000
0,5588,558800000,558800100,10387,17313,558900000,558900000
0,5589,558900000,558900100,10387,17313,559000000,559000000
0,5590,559000000,559000100,10387,17313,559100000,559100000
0,5591,559100000,559100100,10387,17313,559200000,559200000
0,5592,559200000,559200100,10387,17313,559300000,559300000
0,5593,559300000,559300100,10387,17313,559400000,559400000
0,5594,559400000,559400100,10387,17313,559500000,559500000
0,5595,559500000,559500100,10387,17313,559600000,559600000
0,5596,559600000,559600100,10387,17313,559700000,559700000
0,5597,559700000,559700100,10387,17313,559800000,559800000
0,5598,559800000,559800100,10387,17313,559900000,559900000
0,5599,559900000,559900100,10387,17313,560000000,560000000
0,5600,560000000,560000100,10387,17313,560100000,560100000
0,5601,560100000,560100100,10387,17313,560200000,560200000
0,5602,560200000,560200100,10387,17313,560300000,560300000
0,5603,560300000,560300100,10387,17313,560400000,560400000
0,5604,560400000,560400100,10387,17313,560500000,560500000
0,5605,560500000,560500100,10387,17313,560600000,560600000
0,5606,560600000,560600100,10387,17313,560700000,560700000
0,5607,560700000,560700100,10387,17313,560800000,560800000
0,5608,560800000,560800100,10387,17313,560900000,560900000
0,5609,560900000,560900100,10387,17313,561000000,561000000
0,5610,561000000,561000100,10387,17313,561100000,561100000
0,5611,561100000,561100100,10387,17313,561200000,561200000
0,5612,561200000,561200100,10387,17313,561300000,561300000
0,5613,561300000,561300100,10387,17313,561400000,561400000
0,5614,561400000,561400100,10387,17313,561500000,561500000
0,5615,561500000,561500100,10387,17313,561600000,561600000
0,5616,561600000,561600100,10387,17313,561700000,561700000
0,5617,561700000,561700100,10387,17313,561800000,561800000
0,5618,561800000,561800100,10387,17313,561900000,561900000
0,5619,561900000,561900100,10387,17313,562000000,562000000
0,5620,562000000,562000100,10387,17313,562100000,562100000
0,5621,562100000,562100100,10387,17313,562200000,562200000
0,5622,562200000,562200100,10387,17313,562300000,562300000
0,5623,562300000,562300100,10387,17313,562400000,562400000
0,5624,562400000,562400100,10387,17313,562500000,562500000
0,5625,562500000,562500100,10387,17313,562600000,562600000
0,5626,562600000,562600100,10387,17313,562700000,562700000
0,5627,562700000,562700100,10387,17313,562800000,562800000
0,5628,562800000,562800100,10387,17313,562900000,562900000
0,5629,562900000,562900100,10387,17313,563000000,563000000
0,5630,563000000,563000100,10387,17313,563100000,563100000
0,5631,563100000,563100100,10387,17313,563200000,563200000
0,5632,563200000,563200100,10387,17313,563300000,563300000
0,5633,563300000,563300100,10387,17313,563400000,563400000
0,5634,563400000,563400100,10387,17313,563500000,563500000
0,5635,563500000,563500100,10387,17313,563600000,563600000
0,5636,563600000,563600100,10387,17313,563700000,563700000
0,5637,563700000,563700100,10387,17313,563800000,563800000
0,5638,563800000,563800100,10387,17313,563900000,563900000
0,5639,563900000,563900100,10387,17313,564000000,564000000
0,5640,564000000,564000100,10387,17313,564100000,564100000
0,5641,564100000,564100100,10387,17313,564200000,564200000
0,5642,564200000,564200100,10387,17313,564300000,564300000
0,5643,564300000,564300100,10387,17313,564400000,564400000
0,5644,564400000,564400100,10387,17313,564500000,564500000
0,5645,564500000,564500100,10387,17313,564600000,564600000
0,5646,564600000,564600100,10387,17313,564700000,564700000
0,5647,564700000,564700100,10387,17313,564800000,564800000
0,5648,564800000,564800100,10387,17313,564900000,564900000
0,5649,564900000,564900100,10387,17313,565000000,565000000
0,5650,565000000,565000100,10387,17313,565100000,565100000
0,5651,565100000,565100100,10387,17313,565200000,565200000
0,5652,565200000,565200100,10387,17313,565300000,565300000
0,5653,565300000,565300100,10387,17313,565400000,565400000
0,5654,565400000,565400100,10387,17313,565500000,565500000
0,5655,565500000,565500100,10387,17313,565600000,565600000
0,5656,565600000,565600100,10387,17313,565700000,565700000
0,5657,565700000,565700100,10387,17313,565800000,565800000
0,5658,565800000,565800100,10387,17313,565900000,565900000
0,5659,565900000,565900100,10387,17313,566000000,566000000
0,5660,566000000,566000100,10387,17313,566100000,566100000
0,5661,566100000,566100100,10387,17313,566200000,566200000
0,5662,566200000,566200100,10387,17313,566300000,566300000
0,5663,566300000,566300100,10387,17313,566400000,566400000
0,5664,566400000,566400100,10387,17313,566500000,566500000
0,5665,566500000,566500100,10387,17313,566600000,566600000
0,5666,566600000,566600100,10387,17313,566700000,566700000
0,5667,566700000,566700100,10387,17313,566800000,566800000
0,5668,566800000,566800100,10387,17313,566900000,566900000
0,5669,566900000,566900100,10387,17313,567000000,567000000
0,5670,567000000,567000100,10387,17313,567100000,567100000
0,5671,567100000,567100100,10387,17313,567200000,567200000
0,5672,567200000,567200100,10387,17313,567300000,567300000
0,5673,567300000,567300100,10387,17313,567400000,567400000
0,5674,567400000,567400100,10387,17313,567500000,567500000
0,5675,567500000,567500100,10387,17313,567600000,567600000
0,5676,567600000,567600100,10387,17313,567700000,567700000
0,5677,567700000,567700100,10387,17313,567800000,567800000
0,5678,567800000,567800100,10387,17313,567900000,567900000
0,5679,567900000,567900100,10387,17313,568000000,568000000
0,5680,568000000,568000100,10387,17313,568100000,568100000
0,5681,568100000,568100100,10387,17313,568200000,568200000
0,5682,568200000,568200100,10387,17313,568300000,568300000
0,5683,568300000,568300100,10387,17313,568400000,568400000
0,5684,568400000,568400100,10387,17313,568500000,568500000
0,5685,568500000,568500100,10387,17313,568600000,568600000
0,5686,568600000,568600100,10387,17313,568700000,568700000
0,5687,568700000,568700100,10387,17313,568800000,568800000
0,5688,568800000,568800100,10387,17313,568900000,568900000
0,5689,568900000,568900100,10387,17313,569000000,569000000
0,5690,569000000,569000100,10387,17313,569100000,569100000
0,5691,569100000,569100100,10387,17313,569200000,569200000
0,5692,569200000,569200100,10387,17313,569300000,569300000
0,5693,569300000,569300100,10387,17313,569400000,569400000
0,5694,569400000,569400100,10387,17313,569500000,569500000
0,5695,569500000,569500100,10387,17313,569600000,569600000
0,5696,569600000,569600100,10387,17313,569700000,569700000
0,5697,569700000,569700100,10387,17313,569800000,569800000
0,5698,569800000,569800100,10387,17313,569900000,569900000
0,5699,569900000,569900100,10387,17313,570000000,570000000
0,5700,570000000,570000100,10387,17313,570100000,570100000
0,5701,570100000,570100100,10387,17313,570200000,570200000
0,5702,570200000,570200100,10387,17313,570300000,570300000
0,5703,570300000,570300100,10387,17313,570400000,570400000
0,5704,570400000,570400100,10387,17313,570500000,570500000
0,5705,570500000,570500100,10387,17313,570600000,570600000
0,5706,570600000,570600100,10387,17313,570700000,570700000
0,5707,570700000,570700100,10387,17313,570800000,570800000
0,5708,570800000,570800100,10387,17313,570900000,570900000
0,5709,570900000,570900100,10387,17313,571000000,571000000
0,5710,571000000,571000100,10387,17313,571100000,571100000
0,5711,571100000,571100100,10387,17313,571200000,571200000
0,5712,571200000,571200100,10387,17313,571300000,571300000
0,5713,571300000,571300100,10387,17313,571400000,571400000
0,5714,571400000,571400100,10387,17313,571500000,571500000
0,5715,571500000,571500100,10387,17313,571600000,571600000
0,5716,571600000,571600100,10387,17313,571700000,571700000
0,5717,571700000,571700100,10387,17313,571800000,571800000
0,5718,571800000,571800100,10387,17313,571900000,571900000
0,5719,571900000,571900100,10387,17313,572000000,572000000
0,5720,572000000,572000100,10387,17313,572100000,572100000
0,5721,572100000,572100100,10387,17313,572200000,572200000
0,5722,572200000,572200100,10387,17313,572300000,572300000
0,5723,572300000,572300100,10387,17313,572400000,572400000
0,5724,572400000,572400100,10387,17313,572500000,572500000
0,5725,572500000,572500100,10387,17313,572600000,572600000
0,5726,572600000,572600100,10387,17313,572700000,572700000
0,5727,572700000,572700100,10387,17313,572800000,572800000
0,5728,572800000,572800100,10387,17313,572900000,572900000
0,5729,572900000,572900100,10387,17313,573000000,573000000
0,5730,573000000,573000100,10387,17313,573100000,573100000
0,5731,573100000,573100100,10387,17313,573200000,573200000
0,5732,573200000,573200100,10387,17313,573300000,573300000
0,5733,573300000,573300100,10387,17313,573400000,573400000
0,5734,573400000,573400100,10387,17313,573500000,573500000
0,5735,573500000,573500100,10387,17313,573600000,573600000
0,5736,573600000,573600100,10387,17313,573700000,573700000
0,5737,573700000,573700100,10387,17313,573800000,573800000
0,5738,573800000,573800100,10387,17313,573900000,573900000
0,5739,573900000,573900100,10387,17313,574000000,574000000
0,5740,574000000,574000100,10387,17313,574100000,574100000
0,5741,574100000,574100100,10387,17313,574200000,574200000
0,5742,574200000,574200100,10387,17313,574300000,574300000
0,5743,574300000,574300100,10387,17313,574400000,574400000
0,5744,574400000,574400100,10387,17313,574500000,574500000
0,5745,574500000,574500100,10387,17313,574600000,574600000
0,5746,574600000,574600100,10387,17313,574700000,574700000
0,5747,574700000,574700100,10387,17313,574800000,574800000
0,5748,574800000,574800100,10387,17313,574900000,574900000
0,5749,574900000,574900100,10387,17313,575000000,575000000
0,5750,575000000,575000100,10387,17313,575100000,575100000
0,5751,575100000,575100100,10387,17313,575200000,575200000
0,5752,575200000,575200100,10387,17313,575300000,575300000
0,5753,575300000,575300100,10387,17313,575400000,575400000
0,5754,575400000,575400100,10387,17313,575500000,575500000
0,5755,575500000,575500100,10387,17313,575600000,575600000
0,5756,575600000,575600100,10387,17313,575700000,575700000
0,5757,575700000,575700100,10387,17313,575800000,575800000
0,5758,575800000,575800100,10387,17313,575900000,575900000
0,5759,575900000,575900100,10387,17313,576000000,576000000
0,5760,576000000,576000100,10387,17313,576100000,576100000
0,5761,576100000,576100100,10387,17313,576200000,576200000
0,5762,576200000,576200100,10387,17313,576300000,576300000
0,5763,576300000,576300100,10387,17313,576400000,576400000
0,5764,576400000,576400100,10387,17313,576500000,576500000
0,5765,576500000,576500100,10387,17313,576600000,576600000
0,5766,576600000,576600100,10387,17313,576700000,576700000
0,5767,576700000,576700100,10387,17313,576800000,576800000
0,5768,576800000,576800100,10387,17313,576900000,576900000
0,5769,576900000,576900100,10387,17313,577000000,577000000
0,5770,577000000,577000100,10387,17313,577100000,577100000
0,5771,577100000,577100100,10387,17313,577200000,577200000
0,5772,577200000,577200100,10387,17313,577300000,577300000
0,5773,577300000,577300100,10387,17313,577400000,577400000
0,5774,577400000,577400100,10387,17313,577500000,577500000
0,5775,577500000,577500100,10387,17313,577600000,577600000
0,5776,577600000,577600100,10387,17313,577700000,577700000
0,5777,577700000,577700100,10387,17313,577800000,577800000
0,5778,577800000,577800100,10387,17313,577900000,577900000
0,5779,577900000,577900100,10387,17313,578000000,578000000
0,5780,578000000,578000100,10387,17313,578100000,578100000
0,5781,578100000,578100100,10387,17313,578200000,578200000
0,5782,578200000,578200100,10387,17313,578300000,578300000
0,5783,578300000,578300100,10387,17313,578400000,578400000
0,5784,578400000,578400100,10387,17313,578500000,578500000
0,5785,578500000,578500100,10387,17313,578600000,578600000
0,5786,578600000,578600100,10387,17313,578700000,578700000
0,5787,578700000,578700100,10387,17313,578800000,578800000
0,5788,578800000,578800100,10387,17313,578900000,578900000
0,5789,578900000,578900100,10387,17313,579000000,579000000
0,5790,579000000,579000100,10387,17313,579100000,579100000
0,5791,579100000,579100100,10387,17313,579200000,579200000
0,5792,579200000,579200100,10387,17313,579300000,579300000
0,5793,579300000,579300100,10387,17313,579400000,579400000
0,5794,579400000,579400100,10387,17313,579500000,579500000
0,5795,579500000,579500100,10387,17313,579600000,579600000
0,5796,579600000,579600100,10387,17313,579700000,579700000
0,5797,579700000,579700100,10387,17313,579800000,579800000
0,5798,579800000,579800100,10387,17313,579900000,579900000
0,5799,579900000,579900100,10387,17313,580000000,580000000
0,5800,580000000,580000100,10387,17313,580100000,580100000
0,5801,580100000,580100100,10387,17313,580200000,580200000
0,5802,580200000,580200100,10387,17313,580300000,580300000
0,5803,580300000,580300100,10387,17313,580400000,580400000
0,5804,580400000,580400100,10387,17313,580500000,580500000
0,5805,580500000,580500100,10387,17313,580600000,580600000
0,5806,580600000,580600100,10387,17313,580700000,580700000
0,5807,580700000,580700100,10387,17313,580800000,580800000
0,5808,580800000,580800100,10387,17313,580900000,580900000
0,5809,580900000,580900100,10387,17313,581000000,581000000
0,5810,581000000,581000100,10387,17313,581100000,581100000
0,5811,581100000,581100100,10387,17313,581200000,581200000
0,5812,581200000,581200100,10387,17313,581300000,581300000
0,5813,581300000,581300100,10387,17313,581400000,581400000
0,5814,581400000,581400100,10387,17313,581500000,581500000
0,5815,581500000,581500100,10387,17313,581600000,581600000
0,5816,581600000,581600100,10387,17313,581700000,581700000
0,5817,581700000,581700100,10387,17313,581800000,581800000
0,5818,581800000,581800100,10387,17313,581900000,581900000
0,5819,581900000,581900100,10387,17313,582000000,582000000
0,5820,582000000,582000100,10387,17313,582100000,582100000
0,5821,582100000,582100100,10387,17313,582200000,582200000
0,5822,582200000,582200100,10387,17313,582300000,582300000
0,5823,582300000,582300100,10387,17313,582400000,582400000
0,5824,582400000,582400100,10387,17313,582500000,582500000
0,5825,582500000,582500100,10387,17313,582600000,582600000
0,5826,582600000,582600100,10387,17313,582700000,582700000
0,5827,582700000,582700100,10387,17313,582800000,582800000
0,5828,582800000,582800100,10387,17313,582900000,582900000
0,5829,582900000,582900100,10387,17313,583000000,583000000
0,5830,583000000,583000100,10387,17313,583100000,583100000
0,5831,583100000,583100100,10387,17313,583200000,583200000
0,5832,583200000,583200100,10387,17313,583300000,583300000
0,5833,583300000,583300100,10387,17313,583400000,583400000
0,5834,583400000,583400100,10387,17313,583500000,583500000
0,5835,583500000,583500100,10387,17313,583600000,583600000
0,5836,583600000,583600100,10387,17313,583700000,583700000
0,5837,583700000,583700100,10387,17313,583800000,583800000
0,5838,583800000,583800100,10387,17313,583900000,583900000
0,5839,583900000,583900100,10387,17313,584000000,584000000
0,5840,584000000,584000100,10387,17313,584100000,584100000
0,5841,584100000,584100100,10387,17313,584200000,584200000
0,5842,584200000,584200100,10387,17313,584300000,584300000
0,5843,584300000,584300100,10387,17313,584400000,584400000
0,5844,584400000,584400100,10387,17313,584500000,584500000
0,5845,584500000,584500100,10387,17313,584600000,584600000
0,5846,584600000,584600100,10387,17313,584700000,584700000
0,5847,584700000,584700100,10387,17313,584800000,584800000
0,5848,584800000,584800100,10387,17313,584900000,584900000
0,5849,584900000,584900100,10387,17313,585000000,585000000
0,5850,585000000,585000100,10387,17313,585100000,585100000
0,5851,585100000,585100100,10387,17313,585200000,585200000
0,5852,585200000,585200100,10387,17313,585300000,585300000
0,5853,585300000,585300100,10387,17313,585400000,585400000
0,5854,585400000,585400100,10387,17313,585500000,585500000
0,5855,585500000,585500100,10387,17313,585600000,585600000
0,5856,585600000,585600100,10387,17313,585700000,585700000
0,5857,585700000,585700100,10387,17313,585800000,585800000
0,5858,585800000,585800100,10387,17313,585900000,585900000
0,5859,585900000,585900100,10387,17313,586000000,586000000
0,5860,586000000,586000100,10387,17313,586100000,586100000
0,5861,586100000,586100100,10387,17313,586200000,586200000
0,5862,586200000,586200100,10387,17313,586300000,586300000
0,5863,586300000,586300100,10387,17313,586400000,586400000
0,5864,586400000,586400100,10387,17313,586500000,586500000
0,5865,586500000,586500100,10387,17313,586600000,586600000
0,5866,586600000,586600100,10387,17313,586700000,586700000
0,5867,586700000,586700100,10387,17313,586800000,586800000
0,5868,586800000,586800100,10387,17313,586900000,586900000
0,5869,586900000,586900100,10387,17313,587000000,587000000
0,5870,587000000,587000100,10387,17313,587100000,587100000
0,5871,587100000,587100100,10387,17313,587200000,587200000
0,5872,587200000,587200100,10387,17313,587300000,587300000
0,5873,587300000,587300100,10387,17313,587400000,587400000
0,5874,587400000,587400100,10387,17313,587500000,587500000
0,5875,587500000,587500100,10387,17313,587600000,587600000
0,5876,587600000,587600100,10387,17313,587700000,587700000
0,5877,587700000,587700100,10387,17313,587800000,587800000
0,5878,587800000,587800100,10387,17313,587900000,587900000
0,5879,587900000,587900100,10387,17313,588000000,588000000
0,5880,588000000,588000100,10387,17313,588100000,588100000
0,5881,588100000,588100100,10387,17313,588200000,588200000
0,5882,588200000,588200100,10387,17313,588300000,588300000
0,5883,588300000,588300100,10387,17313,588400000,588400000
0,5884,588400000,588400100,10387,17313,588500000,588500000
0,5885,588500000,588500100,10387,17313,588600000,588600000
0,5886,588600000,588600100,10387,17313,588700000,588700000
0,5887,588700000,588700100,10387,17313,588800000,588800000
0,5888,588800000,588800100,10387,17313,588900000,588900000
0,5889,588900000,588900100,10387,17313,589000000,589000000
0,5890,589000000,589000100,10387,17313,589100000,589100000
0,5891,589100000,589100100,10387,17313,589200000,589200000
0,5892,589200000,589200100,10387,17313,589300000,589300000
0,5893,589300000,589300100,10387,17313,589400000,589400000
0,5894,589400000,589400100,10387,17313,589500000,589500000
0,5895,589500000,589500100,10387,17313,589600000,589600000
0,5896,589600000,589600100,10387,17313,589700000,589700000
0,5897,589700000,589700100,10387,17313,589800000,589800000
0,5898,589800000,589800100,10387,17313,589900000,589900000
0,5899,589900000,589900100,10387,17313,590000000,590000000
0,5900,590000000,590000100,10387,17313,590100000,590100000
0,5901,590100000,590100100,10387,17313,590200000,590200000
0,5902,590200000,590200100,10387,17313,590300000,590300000
0,5903,590300000,590300100,10387,17313,590400000,590400000
0,5904,590400000,590400100,10387,17313,590500000,590500000
0,5905,590500000,590500100,10387,17313,590600000,590600000
0,5906,590600000,590600100,10387,17313,590700000,590700000
0,5907,590700000,590700100,10387,17313,590800000,590800000
0,5908,590800000,590800100,10387,17313,590900000,590900000
0,5909,590900000,590900100,10387,17313,591000000,591000000
0,5910,591000000,591000100,10387,17313,591100000,591100000
0,5911,591100000,591100100,10387,17313,591200000,591200000
0,5912,591200000,591200100,10387,17313,591300000,591300000
0,5913,591300000,591300100,10387,17313,591400000,591400000
0,5914,591400000,591400100,10387,17313,591500000,591500000
0,5915,591500000,591500100,10387,17313,591600000,591600000
0,5916,591600000,591600100,10387,17313,591700000,591700000
0,5917,591700000,591700100,10387,17313,591800000,591800000
0,5918,591800000,591800100,10387,17313,591900000,591900000
0,5919,591900000,591900100,10387,17313,592000000,592000000
0,5920,592000000,592000100,10387,17313,592100000,592100000
0,5921,592100000,592100100,10387,17313,592200000,592200000
0,5922,592200000,592200100,10387,17313,592300000,592300000
0,5923,592300000,592300100,10387,17313,592400000,592400000
0,5924,592400000,592400100,10387,17313,592500000,592500000
0,5925,592500000,592500100,10387,17313,592600000,592600000
0,5926,592600000,592600100,10387,17313,592700000,592700000
0,5927,592700000,592700100,10387,17313,592800000,592800000
0,5928,592800000,592800100,10387,17313,592900000,592900000
0,5929,592900000,592900100,10387,17313,593000000,593000000
0,5930,593000000,593000100,10387,17313,593100000,593100000
0,5931,593100000,593100100,10387,17313,593200000,593200000
0,5932,593200000,593200100,10387,17313,593300000,593300000
0,5933,593300000,593300100,10387,17313,593400000,593400000
0,5934,593400000,593400100,10387,17313,593500000,593500000
0,5935,593500000,593500100,10387,17313,593600000,593600000
0,5936,593600000,593600100,10387,17313,593700000,593700000
0,5937,593700000,593700100,10387,17313,593800000,593800000
0,5938,593800000,593800100,10387,17313,593900000,593900000
0,5939,593900000,593900100,10387,17313,594000000,594000000
0,5940,594000000,594000100,10387,17313,594100000,594100000
0,5941,594100000,594100100,10387,17313,594200000,594200000
0,5942,594200000,594200100,10387,17313,594300000,594300000
0,5943,594300000,594300100,10387,17313,594400000,594400000
0,5944,594400000,594400100,10387,17313,594500000,594500000
0,5945,594500000,594500100,10387,17313,594600000,594600000
0,5946,594600000,594600100,10387,17313,594700000,594700000
0,5947,594700000,594700100,10387,17313,594800000,594800000
0,5948,594800000,594800100,10387,17313,594900000,594900000
0,5949,594900000,594900100,10387,17313,595000000,595000000
0,5950,595000000,595000100,10387,17313,595100000,595100000
0,5951,595100000,595100100,10387,17313,595200000,595200000
0,5952,595200000,595200100,10387,17313,595300000,595300000
0,5953,595300000,595300100,10387,17313,595400000,595400000
0,5954,595400000,595400100,10387,17313,595500000,595500000
0,5955,595500000,595500100,10387,17313,595600000,595600000
0,5956,595600000,595600100,10387,17313,595700000,595700000
0,5957,595700000,595700100,10387,17313,595800000,595800000
0,5958,595800000,595800100,10387,17313,595900000,595900000
0,5959,595900000,595900100,10387,17313,596000000,596000000
0,5960,596000000,596000100,10387,17313,596100000,596100000
0,5961,596100000,596100100,10387,17313,596200000,596200000
0,5962,596200000,596200100,10387,17313,596300000,596300000
0,5963,596300000,596300100,10387,17313,596400000,596400000
0,5964,596400000,596400100,10387,17313,596500000,596500000
0,5965,596500000,596500100,10387,17313,596600000,596600000
0,5966,596600000,596600100,10387,17313,596700000,596700000
0,5967,596700000,596700100,10387,17313,596800000,596800000
0,5968,596800000,596800100,10387,17313,596900000,596900000
0,5969,596900000,596900100,10387,17313,597000000,597000000
0,5970,597000000,597000100,10387,17313,597100000,597100000
0,5971,597100000,597100100,10387,17313,597200000,597200000
0,5972,597200000,597200100,10387,17313,597300000,597300000
0,5973,597300000,597300100,10387,17313,597400000,597400000
0,5974,597400000,597400100,10387,17313,597500000,597500000
0,5975,597500000,597500100,10387,17313,597600000,597600000
0,5976,597600000,597600100,10387,17313,597700000,597700000
0,5977,597700000,597700100,10387,17313,597800000,597800000
0,5978,597800000,597800100,10387,17313,597900000,597900000
0,5979,597900000,597900100,10387,17313,598000000,598000000
0,5980,598000000,598000100,10387,17313,598100000,598100000
0,5981,598100000,598100100,10387,17313,598200000,598200000
0,5982,598200000,598200100,10387,17313,598300000,598300000
0,5983,598300000,598300100,10387,17313,598400000,598400000
0,5984,598400000,598400100,10387,17313,598500000,598500000
0,5985,598500000,598500100,10387,17313,598600000,598600000
0,5986,598600000,598600100,10387,17313,598700000,598700000
0,5987,598700000,598700100,10387,17313,598800000,598800000
0,5988,598800000,598800100,10387,17313,598900000,598900000
0,5989,598900000,598900100,10387,17313,599000000,599000000
0,5990,599000000,599000100,10387,17313,599100000,599100000
0,5991,599100000,599100100,10387,17313,599200000,599200000
0,5992,599200000,599200100,10387,17313,599300000,599300000
0,5993,599300000,599300100,10387,17313,599400000,599400000
0,5994,599400000,599400100,10387,17313,599500000,599500000
0,5995,599500000,599500100,10387,17313,599600000,599600000
0,5996,599600000,599600100,10387,17313,599700000,599700000
0,5997,599700000,599700100,10387,17313,599800000,599800000
0,5998,599800000,599800100,10387,17313,599900000,599900000
0,5999,599900000,599900100,10387,17313,600000000,600000000
0,6000,600000000,600000100,10387,17313,600100000,600100000
0,6001,600100000,600100100,10387,17313,600200000,600200000
0,6002,600200000,600200100,10387,17313,600300000,600300000
0,6003,600300000,600300100,10387,17313,600400000,600400000
0,6004,600400000,600400100,10387,17313,600500000,600500000
0,6005,600500000,600500100,10387,17313,600600000,600600000
0,6006,600600000,600600100,10387,17313,600700000,600700000
0,6007,600700000,600700100,10387,17313,600800000,600800000
0,6008,600800000,600800100,10387,17313,600900000,600900000
0,6009,600900000,600900100,10387,17313,601000000,601000000
0,6010,601000000,601000100,10387,17313,601100000,601100000
0,6011,601100000,601100100,10387,17313,601200000,601200000
0,6012,601200000,601200100,10387,17313,601300000,601300000
0,6013,601300000,601300100,10387,17313,601400000,601400000
0,6014,601400000,601400100,10387,17313,601500000,601500000
0,6015,601500000,601500100,10387,17313,601600000,601600000
0,6016,601600000,601600100,10387,17313,601700000,601700000
0,6017,601700000,601700100,10387,17313,601800000,601800000
0,6018,601800000,601800100,10387,17313,601900000,601900000
0,6019,601900000,601900100,10387,17313,602000000,602000000
0,6020,602000000,602000100,10387,17313,602100000,602100000
0,6021,602100000,602100100,10387,17313,602200000,602200000
0,6022,602200000,602200100,10387,17313,602300000,602300000
0,6023,602300000,602300100,10387,17313,602400000,602400000
0,6024,602400000,602400100,10387,17313,602500000,602500000
0,6025,602500000,602500100,10387,17313,602600000,602600000
0,6026,602600000,602600100,10387,17313,602700000,602700000
0,6027,602700000,602700100,10387,17313,602800000,602800000
0,6028,602800000,602800100,10387,17313,602900000,602900000
0,6029,602900000,602900100,10387,17313,603000000,603000000
0,6030,603000000,603000100,10387,17313,603100000,603100000
0,6031,603100000,603100100,10387,17313,603200000,603200000
0,6032,603200000,603200100,10387,17313,603300000,603300000
0,6033,603300000,603300100,10387,17313,603400000,603400000
0,6034,603400000,603400100,10387,17313,603500000,603500000
0,6035,603500000,603500100,10387,17313,603600000,603600000
0,6036,603600000,603600100,10387,17313,603700000,603700000
0,6037,603700000,603700100,10387,17313,603800000,603800000
0,6038,603800000,603800100,10387,17313,603900000,603900000
0,6039,603900000,603900100,10387,17313,604000000,604000000
0,6040,604000000,604000100,10387,17313,604100000,604100000
0,6041,604100000,604100100,10387,17313,604200000,604200000
0,6042,604200000,604200100,10387,17313,604300000,604300000
0,6043,604300000,604300100,10387,17313,604400000,604400000
0,6044,604400000,604400100,10387,17313,604500000,604500000
0,6045,604500000,604500100,10387,17313,604600000,604600000
0,6046,604600000,604600100,10387,17313,604700000,604700000
0,6047,604700000,604700100,10387,17313,604800000,604800000
0,6048,604800000,604800100,10387,17313,604900000,604900000
0,6049,604900000,604900100,10387,17313,605000000,605000000
0,6050,605000000,605000100,10387,17313,605100000,605100000
0,6051,605100000,605100100,10387,17313,605200000,605200000
0,6052,605200000,605200100,10387,17313,605300000,605300000
0,6053,605300000,605300100,10387,17313,605400000,605400000
0,6054,605400000,605400100,10387,17313,605500000,605500000
0,6055,605500000,605500100,10387,17313,605600000,605600000
0,6056,605600000,605600100,10387,17313,605700000,605700000
0,6057,605700000,605700100,10387,17313,605800000,605800000
0,6058,605800000,605800100,10387,17313,605900000,605900000
0,6059,605900000,605900100,10387,17313,606000000,606000000
0,6060,606000000,606000100,10387,17313,606100000,606100000
0,6061,606100000,606100100,10387,17313,606200000,606200000
0,6062,606200000,606200100,10387,17313,606300000,606300000
0,6063,606300000,606300100,10387,17313,606400000,606400000
0,6064,606400000,606400100,10387,17313,606500000,606500000
0,6065,606500000,606500100,10387,17313,606600000,606600000
0,6066,606600000,606600100,10387,17313,606700000,606700000
0,6067,606700000,606700100,10387,17313,606800000,606800000
0,6068,606800000,606800100,10387,17313,606900000,606900000
0,6069,606900000,606900100,10387,17313,607000000,607000000
0,6070,607000000,607000100,10387,17313,607100000,607100000
0,6071,607100000,607100100,10387,17313,607200000,607200000
0,6072,607200000,607200100,10387,17313,607300000,607300000
0,6073,607300000,607300100,10387,17313,607400000,607400000
0,6074,607400000,607400100,10387,17313,607500000,607500000
0,6075,607500000,607500100,10387,17313,607600000,607600000
0,6076,607600000,607600100,10387,17313,607700000,607700000
0,6077,607700000,607700100,10387,17313,607800000,607800000
0,6078,607800000,607800100,10387,17313,607900000,607900000
0,6079,607900000,607900100,10387,17313,608000000,608000000
0,6080,608000000,608000100,10387,17313,608100000,608100000
0,6081,608100000,608100100,10387,17313,608200000,608200000
0,6082,608200000,608200100,10387,17313,608300000,608300000
0,6083,608300000,608300100,10387,17313,608400000,608400000
0,6084,608400000,608400100,10387,17313,608500000,608500000
0,6085,608500000,608500100,10387,17313,608600000,608600000
0,6086,608600000,608600100,10387,17313,608700000,608700000
0,6087,608700000,608700100,10387,17313,608800000,608800000
0,6088,608800000,608800100,10387,17313,608900000,608900000
0,6089,608900000,608900100,10387,17313,609000000,609000000
0,6090,609000000,609000100,10387,17313,609100000,609100000
0,6091,609100000,609100100,10387,17313,609200000,609200000
0,6092,609200000,609200100,10387,17313,609300000,609300000
0,6093,609300000,609300100,10387,17313,609400000,609400000
0,6094,609400000,609400100,10387,17313,609500000,609500000
0,6095,609500000,609500100,10387,17313,609600000,609600000
0,6096,609600000,609600100,10387,17313,609700000,609700000
0,6097,609700000,609700100,10387,17313,609800000,609800000
0,6098,609800000,609800100,10387,17313,609900000,609900000
0,6099,609900000,609900100,10387,17313,610000000,610000000
0,6100,610000000,610000100,10387,17313,610100000,610100000
0,6101,610100000,610100100,10387,17313,610200000,610200000
0,6102,610200000,610200100,10387,17313,610300000,610300000
0,6103,610300000,610300100,10387,17313,610400000,610400000
0,6104,610400000,610400100,10387,17313,610500000,610500000
0,6105,610500000,610500100,10387,17313,610600000,610600000
0,6106,610600000,610600100,10387,17313,610700000,610700000
0,6107,610700000,610700100,10387,17313,610800000,610800000
0,6108,610800000,610800100,10387,17313,610900000,610900000
0,6109,610900000,610900100,10387,17313,611000000,611000000
0,6110,611000000,611000100,10387,17313,611100000,611100000
0,6111,611100000,611100100,10387,17313,611200000,611200000
0,6112,611200000,611200100,10387,17313,611300000,611300000
0,6113,611300000,611300100,10387,17313,611400000,611400000
0,6114,611400000,611400100,10387,17313,611500000,611500000
0,6115,611500000,611500100,10387,17313,611600000,611600000
0,6116,611600000,611600100,10387,17313,611700000,611700000
0,6117,611700000,611700100,10387,17313,611800000,611800000
0,6118,611800000,611800100,10387,17313,611900000,611900000
0,6119,611900000,611900100,10387,17313,612000000,612000000
0,6120,612000000,612000100,10387,17313,612100000,612100000
0,6121,612100000,612100100,10387,17313,612200000,612200000
0,6122,612200000,612200100,10387,17313,612300000,612300000
0,6123,612300000,612300100,10387,17313,612400000,612400000
0,6124,612400000,612400100,10387,17313,612500000,612500000
0,6125,612500000,612500100,10387,17313,612600000,612600000
0,6126,612600000,612600100,10387,17313,612700000,612700000
0,6127,612700000,612700100,10387,17313,612800000,612800000
0,6128,612800000,612800100,10387,17313,612900000,612900000
0,6129,612900000,612900100,10387,17313,613000000,613000000
0,6130,613000000,613000100,10387,17313,613100000,613100000
0,6131,613100000,613100100,10387,17313,613200000,613200000
0,6132,613200000,613200100,10387,17313,613300000,613300000
0,6133,613300000,613300100,10387,17313,613400000,613400000
0,6134,613400000,613400100,10387,17313,613500000,613500000
0,6135,613500000,613500100,10387,17313,613600000,613600000
0,6136,613600000,613600100,10387,17313,613700000,613700000
0,6137,613700000,613700100,10387,17313,613800000,613800000
0,6138,613800000,613800100,10387,17313,613900000,613900000
0,6139,613900000,613900100,10387,17313,614000000,614000000
0,6140,614000000,614000100,10387,17313,614100000,614100000
0,6141,614100000,614100100,10387,17313,614200000,614200000
0,6142,614200000,614200100,10387,17313,614300000,614300000
0,6143,614300000,614300100,10387,17313,614400000,614400000
0,6144,614400000,614400100,10387,17313,614500000,614500000
0,6145,614500000,614500100,10387,17313,614600000,614600000
0,6146,614600000,614600100,10387,17313,614700000,614700000
0,6147,614700000,614700100,10387,17313,614800000,614800000
0,6148,614800000,614800100,10387,17313,614900000,614900000
0,6149,614900000,614900100,10387,17313,615000000,615000000
0,6150,615000000,615000100,10387,17313,615100000,615100000
0,6151,615100000,615100100,10387,17313,615200000,615200000
0,6152,615200000,615200100,10387,17313,615300000,615300000
0,6153,615300000,615300100,10387,17313,615400000,615400000
0,6154,615400000,615400100,10387,17313,615500000,615500000
0,6155,615500000,615500100,10387,17313,615600000,615600000
0,6156,615600000,615600100,10387,17313,615700000,615700000
0,6157,615700000,615700100,10387,17313,615800000,615800000
0,6158,615800000,615800100,10387,17313,615900000,615900000
0,6159,615900000,615900100,10387,17313,616000000,616000000
0,6160,616000000,616000100,10387,17313,616100000,616100000
0,6161,616100000,616100100,10387,17313,616200000,616200000
0,6162,616200000,616200100,10387,17313,616300000,616300000
0,6163,616300000,616300100,10387,17313,616400000,616400000
0,6164,616400000,616400100,10387,17313,616500000,616500000
0,6165,616500000,616500100,10387,17313,616600000,616600000
0,6166,616600000,616600100,10387,17313,616700000,616700000
0,6167,616700000,616700100,10387,17313,616800000,616800000
0,6168,616800000,616800100,10387,17313,616900000,616900000
0,6169,616900000,616900100,10387,17313,617000000,617000000
0,6170,617000000,617000100,10387,17313,617100000,617100000
0,6171,617100000,617100100,10387,17313,617200000,617200000
0,6172,617200000,617200100,10387,17313,617300000,617300000
0,6173,617300000,617300100,10387,17313,617400000,617400000
0,6174,617400000,617400100,10387,17313,617500000,617500000
0,6175,617500000,617500100,10387,17313,617600000,617600000
0,6176,617600000,617600100,10387,17313,617700000,617700000
0,6177,617700000,617700100,10387,17313,617800000,617800000
0,6178,617800000,617800100,10387,17313,617900000,617900000
0,6179,617900000,617900100,10387,17313,618000000,618000000
0,6180,618000000,618000100,10387,17313,618100000,618100000
0,6181,618100000,618100100,10387,17313,618200000,618200000
0,6182,618200000,618200100,10387,17313,618300000,618300000
0,6183,618300000,618300100,10387,17313,618400000,618400000
0,6184,618400000,618400100,10387,17313,618500000,618500000
0,6185,618500000,618500100,10387,17313,618600000,618600000
0,6186,618600000,618600100,10387,17313,618700000,618700000
0,6187,618700000,618700100,10387,17313,618800000,618800000
0,6188,618800000,618800100,10387,17313,618900000,618900000
0,6189,618900000,618900100,10387,17313,619000000,619000000
0,6190,619000000,619000100,10387,17313,619100000,619100000
0,6191,619100000,619100100,10387,17313,619200000,619200000
0,6192,619200000,619200100,10387,17313,619300000,619300000
0,6193,619300000,619300100,10387,17313,619400000,619400000
0,6194,619400000,619400100,10387,17313,619500000,619500000
0,6195,619500000,619500100,10387,17313,619600000,619600000
0,6196,619600000,619600100,10387,17313,619700000,619700000
0,6197,619700000,619700100,10387,17313,619800000,619800000
0,6198,619800000,619800100,10387,17313,619900000,619900000
0,6199,619900000,619900100,10387,17313,620000000,620000000
0,6200,620000000,620000100,10387,17313,620100000,620100000
0,6201,620100000,620100100,10387,17313,620200000,620200000
0,6202,620200000,620200100,10387,17313,620300000,620300000
0,6203,620300000,620300100,10387,17313,620400000,620400000
0,6204,620400000,620400100,10387,17313,620500000,620500000
0,6205,620500000,620500100,10387,17313,620600000,620600000
0,6206,620600000,620600100,10387,17313,620700000,620700000
0,6207,620700000,620700100,10387,17313,620800000,620800000
0,6208,620800000,620800100,10387,17313,620900000,620900000
0,6209,620900000,620900100,10387,17313,621000000,621000000
0,6210,621000000,621000100,10387,17313,621100000,621100000
0,6211,621100000,621100100,10387,17313,621200000,621200000
0,6212,621200000,621200100,10387,17313,621300000,621300000
0,6213,621300000,621300100,10387,17313,621400000,621400000
0,6214,621400000,621400100,10387,17313,621500000,621500000
0,6215,621500000,621500100,10387,17313,621600000,621600000
0,6216,621600000,621600100,10387,17313,621700000,621700000
0,6217,621700000,621700100,10387,17313,621800000,621800000
0,6218,621800000,621800100,10387,17313,621900000,621900000
0,6219,621900000,621900100,10387,17313,622000000,622000000
0,6220,622000000,622000100,10387,17313,622100000,622100000
0,6221,622100000,622100100,10387,17313,622200000,622200000
0,6222,622200000,622200100,10387,17313,622300000,622300000
0,6223,622300000,622300100,10387,17313,622400000,622400000
0,6224,622400000,622400100,10387,17313,622500000,622500000
0,6225,622500000,622500100,10387,17313,622600000,622600000
0,6226,622600000,622600100,10387,17313,622700000,622700000
0,6227,622700000,622700100,10387,17313,622800000,622800000
0,6228,622800000,622800100,10387,17313,622900000,622900000
0,6229,622900000,622900100,10387,17313,623000000,623000000
0,6230,623000000,623000100,10387,17313,623100000,623100000
0,6231,623100000,623100100,10387,17313,623200000,623200000
0,6232,623200000,623200100,10387,17313,623300000,623300000
0,6233,623300000,623300100,10387,17313,623400000,623400000
0,6234,623400000,623400100,10387,17313,623500000,623500000
0,6235,623500000,623500100,10387,17313,623600000,623600000
0,6236,623600000,623600100,10387,17313,623700000,623700000
0,6237,623700000,623700100,10387,17313,623800000,623800000
0,6238,623800000,623800100,10387,17313,623900000,623900000
0,6239,623900000,623900100,10387,17313,624000000,624000000
0,6240,624000000,624000100,10387,17313,624100000,624100000
0,6241,624100000,624100100,10387,17313,624200000,624200000
0,6242,624200000,624200100,10387,17313,624300000,624300000
0,6243,624300000,624300100,10387,17313,624400000,624400000
0,6244,624400000,624400100,10387,17313,624500000,624500000
0,6245,624500000,624500100,10387,17313,624600000,624600000
0,6246,624600000,624600100,10387,17313,624700000,624700000
0,6247,624700000,624700100,10387,17313,624800000,624800000
0,6248,624800000,624800100,10387,17313,624900000,624900000
0,6249,624900000,624900100,10387,17313,625000000,625000000
0,6250,625000000,625000100,10387,17313,625100000,625100000
0,6251,625100000,625100100,10387,17313,625200000,625200000
0,6252,625200000,625200100,10387,17313,625300000,625300000
0,6253,625300000,625300100,10387,17313,625400000,625400000
0,6254,625400000,625400100,10387,17313,625500000,625500000
0,6255,625500000,625500100,10387,17313,625600000,625600000
0,6256,625600000,625600100,10387,17313,625700000,625700000
0,6257,625700000,625700100,10387,17313,625800000,625800000
0,6258,625800000,625800100,10387,17313,625900000,625900000
0,6259,625900000,625900100,10387,17313,626000000,626000000
0,6260,626000000,626000100,10387,17313,626100000,626100000
0,6261,626100000,626100100,10387,17313,626200000,626200000
0,6262,626200000,626200100,10387,17313,626300000,626300000
0,6263,626300000,626300100,10387,17313,626400000,626400000
0,6264,626400000,626400100,10387,17313,626500000,626500000
0,6265,626500000,626500100,10387,17313,626600000,626600000
0,6266,626600000,626600100,10387,17313,626700000,626700000
0,6267,626700000,626700100,10387,17313,626800000,626800000
0,6268,626800000,626800100,10387,17313,626900000,626900000
0,6269,626900000,626900100,10387,17313,627000000,627000000
0,6270,627000000,627000100,10387,17313,627100000,627100000
0,6271,627100000,627100100,10387,17313,627200000,627200000
0,6272,627200000,627200100,10387,17313,627300000,627300000
0,6273,627300000,627300100,10387,17313,627400000,627400000
0,6274,627400000,627400100,10387,17313,627500000,627500000
0,6275,627500000,627500100,10387,17313,627600000,627600000
0,6276,627600000,627600100,10387,17313,627700000,627700000
0,6277,627700000,627700100,10387,17313,627800000,627800000
0,6278,627800000,627800100,10387,17313,627900000,627900000
0,6279,627900000,627900100,10387,17313,628000000,628000000
0,6280,628000000,628000100,10387,17313,628100000,628100000
0,6281,628100000,628100100,10387,17313,628200000,628200000
0,6282,628200000,628200100,10387,17313,628300000,628300000
0,6283,628300000,628300100,10387,17313,628400000,628400000
0,6284,628400000,628400100,10387,17313,628500000,628500000
0,6285,628500000,628500100,10387,17313,628600000,628600000
0,6286,628600000,628600100,10387,17313,628700000,628700000
0,6287,628700000,628700100,10387,17313,628800000,628800000
0,6288,628800000,628800100,10387,17313,628900000,628900000
0,6289,628900000,628900100,10387,17313,629000000,629000000
0,6290,629000000,629000100,10387,17313,629100000,629100000
0,6291,629100000,629100100,10387,17313,629200000,629200000
0,6292,629200000,629200100,10387,17313,629300000,629300000
0,6293,629300000,629300100,10387,17313,629400000,629400000
0,6294,629400000,629400100,10387,17313,629500000,629500000
0,6295,629500000,629500100,10387,17313,629600000,629600000
0,6296,629600000,629600100,10387,17313,629700000,629700000
0,6297,629700000,629700100,10387,17313,629800000,629800000
0,6298,629800000,629800100,10387,17313,629900000,629900000
0,6299,629900000,629900100,10387,17313,630000000,630000000
0,6300,630000000,630000100,10387,17313,630100000,630100000
0,6301,630100000,630100100,10387,17313,630200000,630200000
0,6302,630200000,630200100,10387,17313,630300000,630300000
0,6303,630300000,630300100,10387,17313,630400000,630400000
0,6304,630400000,630400100,10387,17313,630500000,630500000
0,6305,630500000,630500100,10387,17313,630600000,630600000
0,6306,630600000,630600100,10387,17313,630700000,630700000
0,6307,630700000,630700100,10387,17313,630800000,630800000
0,6308,630800000,630800100,10387,17313,630900000,630900000
0,6309,630900000,630900100,10387,17313,631000000,631000000
0,6310,631000000,631000100,10387,17313,631100000,631100000
0,6311,631100000,631100100,10387,17313,631200000,631200000
0,6312,631200000,631200100,10387,17313,631300000,631300000
0,6313,631300000,631300100,10387,17313,631400000,631400000
0,6314,631400000,631400100,10387,17313,631500000,631500000
0,6315,631500000,631500100,10387,17313,631600000,631600000
0,6316,631600000,631600100,10387,17313,631700000,631700000
0,6317,631700000,631700100,10387,17313,631800000,631800000
0,6318,631800000,631800100,10387,17313,631900000,631900000
0,6319,631900000,631900100,10387,17313,632000000,632000000
0,6320,632000000,632000100,10387,17313,632100000,632100000
0,6321,632100000,632100100,10387,17313,632200000,632200000
0,6322,632200000,632200100,10387,17313,632300000,632300000
0,6323,632300000,632300100,10387,17313,632400000,632400000
0,6324,632400000,632400100,10387,17313,632500000,632500000
0,6325,632500000,632500100,10387,17313,632600000,632600000
0,6326,632600000,632600100,10387,17313,632700000,632700000
0,6327,632700000,632700100,10387,17313,632800000,632800000
0,6328,632800000,632800100,10387,17313,632900000,632900000
0,6329,632900000,632900100,10387,17313,633000000,633000000
0,6330,633000000,633000100,10387,17313,633100000,633100000
0,6331,633100000,633100100,10387,17313,633200000,633200000
0,6332,633200000,633200100,10387,17313,633300000,633300000
0,6333,633300000,633300100,10387,17313,633400000,633400000
0,6334,633400000,633400100,10387,17313,633500000,633500000
0,6335,633500000,633500100,10387,17313,633600000,633600000
0,6336,633600000,633600100,10387,17313,633700000,633700000
0,6337,633700000,633700100,10387,17313,633800000,633800000
0,6338,633800000,633800100,10387,17313,633900000,633900000
0,6339,633900000,633900100,10387,17313,634000000,634000000
0,6340,634000000,634000100,10387,17313,634100000,634100000
0,6341,634100000,634100100,10387,17313,634200000,634200000
0,6342,634200000,634200100,10387,17313,634300000,634300000
0,6343,634300000,634300100,10387,17313,634400000,634400000
0,6344,634400000,634400100,10387,17313,634500000,634500000
0,6345,634500000,634500100,10387,17313,634600000,634600000
0,6346,634600000,634600100,10387,17313,634700000,634700000
0,6347,634700000,634700100,10387,17313,634800000,634800000
0,6348,634800000,634800100,10387,17313,634900000,634900000
0,6349,634900000,634900100,10387,17313,635000000,635000000
0,6350,635000000,635000100,10387,17313,635100000,635100000
0,6351,635100000,635100100,10387,17313,635200000,635200000
0,6352,635200000,635200100,10387,17313,635300000,635300000
0,6353,635300000,635300100,10387,17313,635400000,635400000
0,6354,635400000,635400100,10387,17313,635500000,635500000
0,6355,635500000,635500100,10387,17313,635600000,635600000
0,6356,635600000,635600100,10387,17313,635700000,635700000
0,6357,635700000,635700100,10387,17313,635800000,635800000
0,6358,635800000,635800100,10387,17313,635900000,635900000
0,6359,635900000,635900100,10387,17313,636000000,636000000
0,6360,636000000,636000100,10387,17313,636100000,636100000
0,6361,636100000,636100100,10387,17313,636200000,636200000
0,6362,636200000,636200100,10387,17313,636300000,636300000
0,6363,636300000,636300100,10387,17313,636400000,636400000
0,6364,636400000,636400100,10387,17313,636500000,636500000
0,6365,636500000,636500100,10387,17313,636600000,636600000
0,6366,636600000,636600100,10387,17313,636700000,636700000
0,6367,636700000,636700100,10387,17313,636800000,636800000
0,6368,636800000,636800100,10387,17313,636900000,636900000
0,6369,636900000,636900100,10387,17313,637000000,637000000
0,6370,637000000,637000100,10387,17313,637100000,637100000
0,6371,637100000,637100100,10387,17313,637200000,637200000
0,6372,637200000,637200100,10387,17313,637300000,637300000
0,6373,637300000,637300100,10387,17313,637400000,637400000
0,6374,637400000,637400100,10387,17313,637500000,637500000
0,6375,637500000,637500100,10387,17313,637600000,637600000
0,6376,637600000,637600100,10387,17313,637700000,637700000
0,6377,637700000,637700100,10387,17313,637800000,637800000
0,6378,637800000,637800100,10387,17313,637900000,637900000
0,6379,637900000,637900100,10387,17313,638000000,638000000
0,6380,638000000,638000100,10387,17313,638100000,638100000
0,6381,638100000,638100100,10387,17313,638200000,638200000
0,6382,638200000,638200100,10387,17313,638300000,638300000
0,6383,638300000,638300100,10387,17313,638400000,638400000
0,6384,638400000,638400100,10387,17313,638500000,638500000
0,6385,638500000,638500100,10387,17313,638600000,638600000
0,6386,638600000,638600100,10387,17313,638700000,638700000
0,6387,638700000,638700100,10387,17313,638800000,638800000
0,6388,638800000,638800100,10387,17313,638900000,638900000
0,6389,638900000,638900100,10387,17313,639000000,639000000
0,6390,639000000,639000100,10387,17313,639100000,639100000
0,6391,639100000,639100100,10387,17313,639200000,639200000
0,6392,639200000,639200100,10387,17313,639300000,639300000
0,6393,639300000,639300100,10387,17313,639400000,639400000
0,6394,639400000,639400100,10387,17313,639500000,639500000
0,6395,639500000,639500100,10387,17313,639600000,639600000
0,6396,639600000,639600100,10387,17313,639700000,639700000
0,6397,639700000,639700100,10387,17313,639800000,639800000
0,6398,639800000,639800100,10387,17313,639900000,639900000
0,6399,639900000,639900100,10387,17313,640000000,640000000
0,6400,640000000,640000100,10387,17313,640100000,640100000
0,6401,640100000,640100100,10387,17313,640200000,640200000
0,6402,640200000,640200100,10387,17313,640300000,640300000
0,6403,640300000,640300100,10387,17313,640400000,640400000
0,6404,640400000,640400100,10387,17313,640500000,640500000
0,6405,640500000,640500100,10387,17313,640600000,640600000
0,6406,640600000,640600100,10387,17313,640700000,640700000
0,6407,640700000,640700100,10387,17313,640800000,640800000
0,6408,640800000,640800100,10387,17313,640900000,640900000
0,6409,640900000,640900100,10387,17313,641000000,641000000
0,6410,641000000,641000100,10387,17313,641100000,641100000
0,6411,641100000,641100100,10387,17313,641200000,641200000
0,6412,641200000,641200100,10387,17313,641300000,641300000
0,6413,641300000,641300100,10387,17313,641400000,641400000
0,6414,641400000,641400100,10387,17313,641500000,641500000
0,6415,641500000,641500100,10387,17313,641600000,641600000
0,6416,641600000,641600100,10387,17313,641700000,641700000
0,6417,641700000,641700100,10387,17313,641800000,641800000
0,6418,641800000,641800100,10387,17313,641900000,641900000
0,6419,641900000,641900100,10387,17313,642000000,642000000
0,6420,642000000,642000100,10387,17313,642100000,642100000
0,6421,642100000,642100100,10387,17313,642200000,642200000
0,6422,642200000,642200100,10387,17313,642300000,642300000
0,6423,642300000,642300100,10387,17313,642400000,642400000
0,6424,642400000,642400100,10387,17313,642500000,642500000
0,6425,642500000,642500100,10387,17313,642600000,642600000
0,6426,642600000,642600100,10387,17313,642700000,642700000
0,6427,642700000,642700100,10387,17313,642800000,642800000
0,6428,642800000,642800100,10387,17313,642900000,642900000
0,6429,642900000,642900100,10387,17313,643000000,643000000
0,6430,643000000,643000100,10387,17313,643100000,643100000
0,6431,643100000,643100100,10387,17313,643200000,643200000
0,6432,643200000,643200100,10387,17313,643300000,643300000
0,6433,643300000,643300100,10387,17313,643400000,643400000
0,6434,643400000,643400100,10387,17313,643500000,643500000
0,6435,643500000,643500100,10387,17313,643600000,643600000
0,6436,643600000,643600100,10387,17313,643700000,643700000
0,6437,643700000,643700100,10387,17313,643800000,643800000
0,6438,643800000,643800100,10387,17313,643900000,643900000
0,6439,643900000,643900100,10387,17313,644000000,644000000
0,6440,644000000,644000100,10387,17313,644100000,644100000
0,6441,644100000,644100100,10387,17313,644200000,644200000
0,6442,644200000,644200100,10387,17313,644300000,644300000
0,6443,644300000,644300100,10387,17313,644400000,644400000
0,6444,644400000,644400100,10387,17313,644500000,644500000
0,6445,644500000,644500100,10387,17313,644600000,644600000
0,6446,644600000,644600100,10387,17313,644700000,644700000
0,6447,644700000,644700100,10387,17313,644800000,644800000
0,6448,644800000,644800100,10387,17313,644900000,644900000
0,6449,644900000,644900100,10387,17313,645000000,645000000
0,6450,645000000,645000100,10387,17313,645100000,645100000
0,6451,645100000,645100100,10387,17313,645200000,645200000
0,6452,645200000,645200100,10387,17313,645300000,645300000
0,6453,645300000,645300100,10387,17313,645400000,645400000
0,6454,645400000,645400100,10387,17313,645500000,645500000
0,6455,645500000,645500100,10387,17313,645600000,645600000
0,6456,645600000,645600100,10387,17313,645700000,645700000
0,6457,645700000,645700100,10387,17313,645800000,645800000
0,6458,645800000,645800100,10387,17313,645900000,645900000
0,6459,645900000,645900100,10387,17313,646000000,646000000
0,6460,646000000,646000100,10387,17313,646100000,646100000
0,6461,646100000,646100100,10387,17313,646200000,646200000
0,6462,646200000,646200100,10387,17313,646300000,646300000
0,6463,646300000,646300100,10387,17313,646400000,646400000
0,6464,646400000,646400100,10387,17313,646500000,646500000
0,6465,646500000,646500100,10387,17313,646600000,646600000
0,6466,646600000,646600100,10387,17313,646700000,646700000
0,6467,646700000,646700100,10387,17313,646800000,646800000
0,6468,646800000,646800100,10387,17313,646900000,646900000
0,6469,646900000,646900100,10387,17313,647000000,647000000
0,6470,647000000,647000100,10387,17313,647100000,647100000
0,6471,647100000,647100100,10387,17313,647200000,647200000
0,6472,647200000,647200100,10387,17313,647300000,647300000
0,6473,647300000,647300100,10387,17313,647400000,647400000
0,6474,647400000,647400100,10387,17313,647500000,647500000
0,6475,647500000,647500100,10387,17313,647600000,647600000
0,6476,647600000,647600100,10387,17313,647700000,647700000
0,6477,647700000,647700100,10387,17313,647800000,647800000
0,6478,647800000,647800100,10387,17313,647900000,647900000
0,6479,647900000,647900100,10387,17313,648000000,648000000
0,6480,648000000,648000100,10387,17313,648100000,648100000
0,6481,648100000,648100100,10387,17313,648200000,648200000
0,6482,648200000,648200100,10387,17313,648300000,648300000
0,6483,648300000,648300100,10387,17313,648400000,648400000
0,6484,648400000,648400100,10387,17313,648500000,648500000
0,6485,648500000,648500100,10387,17313,648600000,648600000
0,6486,648600000,648600100,10387,17313,648700000,648700000
0,6487,648700000,648700100,10387,17313,648800000,648800000
0,6488,648800000,648800100,10387,17313,648900000,648900000
0,6489,648900000,648900100,10387,17313,649000000,649000000
0,6490,649000000,649000100,10387,17313,649100000,649100000
0,6491,649100000,649100100,10387,17313,649200000,649200000
0,6492,649200000,649200100,10387,17313,649300000,649300000
0,6493,649300000,649300100,10387,17313,649400000,649400000
0,6494,649400000,649400100,10387,17313,649500000,649500000
0,6495,649500000,649500100,10387,17313,649600000,649600000
0,6496,649600000,649600100,10387,17313,649700000,649700000
0,6497,649700000,649700100,10387,17313,649800000,649800000
0,6498,649800000,649800100,10387,17313,649900000,649900000
0,6499,649900000,649900100,10387,17313,650000000,650000000
0,6500,650000000,650000100,10387,17313,650100000,650100000
0,6501,650100000,650100100,10387,17313,650200000,650200000
0,6502,650200000,650200100,10387,17313,650300000,650300000
0,6503,650300000,650300100,10387,17313,650400000,650400000
0,6504,650400000,650400100,10387,17313,650500000,650500000
0,6505,650500000,650500100,10387,17313,650600000,650600000
0,6506,650600000,650600100,10387,17313,650700000,650700000
0,6507,650700000,650700100,10387,17313,650800000,650800000
0,6508,650800000,650800100,10387,17313,650900000,650900000
0,6509,650900000,650900100,10387,17313,651000000,651000000
0,6510,651000000,651000100,10387,17313,651100000,651100000
0,6511,651100000,651100100,10387,17313,651200000,651200000
0,6512,651200000,651200100,10387,17313,651300000,651300000
0,6513,651300000,651300100,10387,17313,651400000,651400000
0,6514,651400000,651400100,10387,17313,651500000,651500000
0,6515,651500000,651500100,10387,17313,651600000,651600000
0,6516,651600000,651600100,10387,17313,651700000,651700000
0,6517,651700000,651700100,10387,17313,651800000,651800000
0,6518,651800000,651800100,10387,17313,651900000,651900000
0,6519,651900000,651900100,10387,17313,652000000,652000000
0,6520,652000000,652000100,10387,17313,652100000,652100000
0,6521,652100000,652100100,10387,17313,652200000,652200000
0,6522,652200000,652200100,10387,17313,652300000,652300000
0,6523,652300000,652300100,10387,17313,652400000,652400000
0,6524,652400000,652400100,10387,17313,652500000,652500000
0,6525,652500000,652500100,10387,17313,652600000,652600000
0,6526,652600000,652600100,10387,17313,652700000,652700000
0,6527,652700000,652700100,10387,17313,652800000,652800000
0,6528,652800000,652800100,10387,17313,652900000,652900000
0,6529,652900000,652900100,10387,17313,653000000,653000000
0,6530,653000000,653000100,10387,17313,653100000,653100000
0,6531,653100000,653100100,10387,17313,653200000,653200000
0,6532,653200000,653200100,10387,17313,653300000,653300000
0,6533,653300000,653300100,10387,17313,653400000,653400000
0,6534,653400000,653400100,10387,17313,653500000,653500000
0,6535,653500000,653500100,10387,17313,653600000,653600000
0,6536,653600000,653600100,10387,17313,653700000,653700000
0,6537,653700000,653700100,10387,17313,653800000,653800000
0,6538,653800000,653800100,10387,17313,653900000,653900000
0,6539,653900000,653900100,10387,17313,654000000,654000000
0,6540,654000000,654000100,10387,17313,654100000,654100000
0,6541,654100000,654100100,10387,17313,654200000,654200000
0,6542,654200000,654200100,10387,17313,654300000,654300000
0,6543,654300000,654300100,10387,17313,654400000,654400000
0,6544,654400000,654400100,10387,17313,654500000,654500000
0,6545,654500000,654500100,10387,17313,654600000,654600000
0,6546,654600000,654600100,10387,17313,654700000,654700000
0,6547,654700000,654700100,10387,17313,654800000,654800000
0,6548,654800000,654800100,10387,17313,654900000,654900000
0,6549,654900000,654900100,10387,17313,655000000,655000000
0,6550,655000000,655000100,10387,17313,655100000,655100000
0,6551,655100000,655100100,10387,17313,655200000,655200000
0,6552,655200000,655200100,10387,17313,655300000,655300000
0,6553,655300000,655300100,10387,17313,655400000,655400000
0,6554,655400000,655400100,10387,17313,655500000,655500000
0,6555,655500000,655500100,10387,17313,655600000,655600000
0,6556,655600000,655600100,10387,17313,655700000,655700000
0,6557,655700000,655700100,10387,17313,655800000,655800000
0,6558,655800000,655800100,10387,17313,655900000,655900000
0,6559,655900000,655900100,10387,17313,656000000,656000000
0,6560,656000000,656000100,10387,17313,656100000,656100000
0,6561,656100000,656100100,10387,17313,656200000,656200000
0,6562,656200000,656200100,10387,17313,656300000,656300000
0,6563,656300000,656300100,10387,17313,656400000,656400000
0,6564,656400000,656400100,10387,17313,656500000,656500000
0,6565,656500000,656500100,10387,17313,656600000,656600000
0,6566,656600000,656600100,10387,17313,656700000,656700000
0,6567,656700000,656700100,10387,17313,656800000,656800000
0,6568,656800000,656800100,10387,17313,656900000,656900000
0,6569,656900000,656900100,10387,17313,657000000,657000000
0,6570,657000000,657000100,10387,17313,657100000,657100000
0,6571,657100000,657100100,10387,17313,657200000,657200000
0,6572,657200000,657200100,10387,17313,657300000,657300000
0,6573,657300000,657300100,10387,17313,657400000,657400000
0,6574,657400000,657400100,10387,17313,657500000,657500000
0,6575,657500000,657500100,10387,17313,657600000,657600000
0,6576,657600000,657600100,10387,17313,657700000,657700000
0,6577,657700000,657700100,10387,17313,657800000,657800000
0,6578,657800000,657800100,10387,17313,657900000,657900000
0,6579,657900000,657900100,10387,17313,658000000,658000000
0,6580,658000000,658000100,10387,17313,658100000,658100000
0,6581,658100000,658100100,10387,17313,658200000,658200000
0,6582,658200000,658200100,10387,17313,658300000,658300000
0,6583,658300000,658300100,10387,17313,658400000,658400000
0,6584,658400000,658400100,10387,17313,658500000,658500000
0,6585,658500000,658500100,10387,17313,658600000,658600000
0,6586,658600000,658600100,10387,17313,658700000,658700000
0,6587,658700000,658700100,10387,17313,658800000,658800000
0,6588,658800000,658800100,10387,17313,658900000,658900000
0,6589,658900000,658900100,10387,17313,659000000,659000000
0,6590,659000000,659000100,10387,17313,659100000,659100000
0,6591,659100000,659100100,10387,17313,659200000,659200000
0,6592,659200000,659200100,10387,17313,659300000,659300000
0,6593,659300000,659300100,10387,17313,659400000,659400000
0,6594,659400000,659400100,10387,17313,659500000,659500000
0,6595,659500000,659500100,10387,17313,659600000,659600000
0,6596,659600000,659600100,10387,17313,659700000,659700000
0,6597,659700000,659700100,10387,17313,659800000,659800000
0,6598,659800000,659800100,10387,17313,659900000,659900000
0,6599,659900000,659900100,10387,17313,660000000,660000000
0,6600,660000000,660000100,10387,17313,660100000,660100000
0,6601,660100000,660100100,10387,17313,660200000,660200000
0,6602,660200000,660200100,10387,17313,660300000,660300000
0,6603,660300000,660300100,10387,17313,660400000,660400000
0,6604,660400000,660400100,10387,17313,660500000,660500000
0,6605,660500000,660500100,10387,17313,660600000,660600000
0,6606,660600000,660600100,10387,17313,660700000,660700000
0,6607,660700000,660700100,10387,17313,660800000,660800000
0,6608,660800000,660800100,10387,17313,660900000,660900000
0,6609,660900000,660900100,10387,17313,661000000,661000000
0,6610,661000000,661000100,10387,17313,661100000,661100000
0,6611,661100000,661100100,10387,17313,661200000,661200000
0,6612,661200000,661200100,10387,17313,661300000,661300000
0,6613,661300000,661300100,10387,17313,661400000,661400000
0,6614,661400000,661400100,10387,17313,661500000,661500000
0,6615,661500000,661500100,10387,17313,661600000,661600000
0,6616,661600000,661600100,10387,17313,661700000,661700000
0,6617,661700000,661700100,10387,17313,661800000,661800000
0,6618,661800000,661800100,10387,17313,661900000,661900000
0,6619,661900000,661900100,10387,17313,662000000,662000000
0,6620,662000000,662000100,10387,17313,662100000,662100000
0,6621,662100000,662100100,10387,17313,662200000,662200000
0,6622,662200000,662200100,10387,17313,662300000,662300000
0,6623,662300000,662300100,10387,17313,662400000,662400000
0,6624,662400000,662400100,10387,17313,662500000,662500000
0,6625,662500000,662500100,10387,17313,662600000,662600000
0,6626,662600000,662600100,10387,17313,662700000,662700000
0,6627,662700000,662700100,10387,17313,662800000,662800000
0,6628,662800000,662800100,10387,17313,662900000,662900000
0,6629,662900000,662900100,10387,17313,663000000,663000000
0,6630,663000000,663000100,10387,17313,663100000,663100000
0,6631,663100000,663100100,10387,17313,663200000,663200000
0,6632,663200000,663200100,10387,17313,663300000,663300000
0,6633,663300000,663300100,10387,17313,663400000,663400000
0,6634,663400000,663400100,10387,17313,663500000,663500000
0,6635,663500000,663500100,10387,17313,663600000,663600000
0,6636,663600000,663600100,10387,17313,663700000,663700000
0,6637,663700000,663700100,10387,17313,663800000,663800000
0,6638,663800000,663800100,10387,17313,663900000,663900000
0,6639,663900000,663900100,10387,17313,664000000,664000000
0,6640,664000000,664000100,10387,17313,664100000,664100000
0,6641,664100000,664100100,10387,17313,664200000,664200000
0,6642,664200000,664200100,10387,17313,664300000,664300000
0,6643,664300000,664300100,10387,17313,664400000,664400000
0,6644,664400000,664400100,10387,17313,664500000,664500000
0,6645,664500000,664500100,10387,17313,664600000,664600000
0,6646,664600000,664600100,10387,17313,664700000,664700000
0,6647,664700000,664700100,10387,17313,664800000,664800000
0,6648,664800000,664800100,10387,17313,664900000,664900000
0,6649,664900000,664900100,10387,17313,665000000,665000000
0,6650,665000000,665000100,10387,17313,665100000,665100000
0,6651,665100000,665100100,10387,17313,665200000,665200000
0,6652,665200000,665200100,10387,17313,665300000,665300000
0,6653,665300000,665300100,10387,17313,665400000,665400000
0,6654,665400000,665400100,10387,17313,665500000,665500000
0,6655,665500000,665500100,10387,17313,665600000,665600000
0,6656,665600000,665600100,10387,17313,665700000,665700000
0,6657,665700000,665700100,10387,17313,665800000,665800000
0,6658,665800000,665800100,10387,17313,665900000,665900000
0,6659,665900000,665900100,10387,17313,666000000,666000000
0,6660,666000000,666000100,10387,17313,666100000,666100000
0,6661,666100000,666100100,10387,17313,666200000,666200000
0,6662,666200000,666200100,10387,17313,666300000,666300000
0,6663,666300000,666300100,10387,17313,666400000,666400000
0,6664,666400000,666400100,10387,17313,666500000,666500000
0,6665,666500000,666500100,10387,17313,666600000,666600000
0,6666,666600000,666600100,10387,17313,666700000,666700000
0,6667,666700000,666700100,10387,17313,666800000,666800000
0,6668,666800000,666800100,10387,17313,666900000,666900000
0,6669,666900000,666900100,10387,17313,667000000,667000000
0,6670,667000000,667000100,10387,17313,667100000,667100000
0,6671,667100000,667100100,10387,17313,667200000,667200000
0,6672,667200000,667200100,10387,17313,667300000,667300000
0,6673,667300000,667300100,10387,17313,667400000,667400000
0,6674,667400000,667400100,10387,17313,667500000,667500000
0,6675,667500000,667500100,10387,17313,667600000,667600000
0,6676,667600000,667600100,10387,17313,667700000,667700000
0,6677,667700000,667700100,10387,17313,667800000,667800000
0,6678,667800000,667800100,10387,17313,667900000,667900000
0,6679,667900000,667900100,10387,17313,668000000,668000000
0,6680,668000000,668000100,10387,17313,668100000,668100000
0,6681,668100000,668100100,10387,17313,668200000,668200000
0,6682,668200000,668200100,10387,17313,668300000,668300000
0,6683,668300000,668300100,10387,17313,668400000,668400000
0,6684,668400000,668400100,10387,17313,668500000,668500000
0,6685,668500000,668500100,10387,17313,668600000,668600000
0,6686,668600000,668600100,10387,17313,668700000,668700000
0,6687,668700000,668700100,10387,17313,668800000,668800000
0,6688,668800000,668800100,10387,17313,668900000,668900000
0,6689,668900000,668900100,10387,17313,669000000,669000000
0,6690,669000000,669000100,10387,17313,669100000,669100000
0,6691,669100000,669100100,10387,17313,669200000,669200000
0,6692,669200000,669200100,10387,17313,669300000,669300000
0,6693,669300000,669300100,10387,17313,669400000,669400000
0,6694,669400000,669400100,10387,17313,669500000,669500000
0,6695,669500000,669500100,10387,17313,669600000,669600000
0,6696,669600000,669600100,10387,17313,669700000,669700000
0,6697,669700000,669700100,10387,17313,669800000,669800000
0,6698,669800000,669800100,10387,17313,669900000,669900000
0,6699,669900000,669900100,10387,17313,670000000,670000000
0,6700,670000000,670000100,10387,17313,670100000,670100000
0,6701,670100000,670100100,10387,17313,670200000,670200000
0,6702,670200000,670200100,10387,17313,670300000,670300000
0,6703,670300000,670300100,10387,17313,670400000,670400000
0,6704,670400000,670400100,10387,17313,670500000,670500000
0,6705,670500000,670500100,10387,17313,670600000,670600000
0,6706,670600000,670600100,10387,17313,670700000,670700000
0,6707,670700000,670700100,10387,17313,670800000,670800000
0,6708,670800000,670800100,10387,17313,670900000,670900000
0,6709,670900000,670900100,10387,17313,671000000,671000000
0,6710,671000000,671000100,10387,17313,671100000,671100000
0,6711,671100000,671100100,10387,17313,671200000,671200000
0,6712,671200000,671200100,10387,17313,671300000,671300000
0,6713,671300000,671300100,10387,17313,671400000,671400000
0,6714,671400000,671400100,10387,17313,671500000,671500000
0,6715,671500000,671500100,10387,17313,671600000,671600000
0,6716,671600000,671600100,10387,17313,671700000,671700000
0,6717,671700000,671700100,10387,17313,671800000,671800000
0,6718,671800000,671800100,10387,17313,671900000,671900000
0,6719,671900000,671900100,10387,17313,672000000,672000000
0,6720,672000000,672000100,10387,17313,672100000,672100000
0,6721,672100000,672100100,10387,17313,672200000,672200000
0,6722,672200000,672200100,10387,17313,672300000,672300000
0,6723,672300000,672300100,10387,17313,672400000,672400000
0,6724,672400000,672400100,10387,17313,672500000,672500000
0,6725,672500000,672500100,10387,17313,672600000,672600000
0,6726,672600000,672600100,10387,17313,672700000,672700000
0,6727,672700000,672700100,10387,17313,672800000,672800000
0,6728,672800000,672800100,10387,17313,672900000,672900000
0,6729,672900000,672900100,10387,17313,673000000,673000000
0,6730,673000000,673000100,10387,17313,673100000,673100000
0,6731,673100000,673100100,10387,17313,673200000,673200000
0,6732,673200000,673200100,10387,17313,673300000,673300000
0,6733,673300000,673300100,10387,17313,673400000,673400000
0,6734,673400000,673400100,10387,17313,673500000,673500000
0,6735,673500000,673500100,10387,17313,673600000,673600000
0,6736,673600000,673600100,10387,17313,673700000,673700000
0,6737,673700000,673700100,10387,17313,673800000,673800000
0,6738,673800000,673800100,10387,17313,673900000,673900000
0,6739,673900000,673900100,10387,17313,674000000,674000000
0,6740,674000000,674000100,10387,17313,674100000,674100000
0,6741,674100000,674100100,10387,17313,674200000,674200000
0,6742,674200000,674200100,10387,17313,674300000,674300000
0,6743,674300000,674300100,10387,17313,674400000,674400000
0,6744,674400000,674400100,10387,17313,674500000,674500000
0,6745,674500000,674500100,10387,17313,674600000,674600000
0,6746,674600000,674600100,10387,17313,674700000,674700000
0,6747,674700000,674700100,10387,17313,674800000,674800000
0,6748,674800000,674800100,10387,17313,674900000,674900000
0,6749,674900000,674900100,10387,17313,675000000,675000000
0,6750,675000000,675000100,10387,17313,675100000,675100000
0,6751,675100000,675100100,10387,17313,675200000,675200000
0,6752,675200000,675200100,10387,17313,675300000,675300000
0,6753,675300000,675300100,10387,17313,675400000,675400000
0,6754,675400000,675400100,10387,17313,675500000,675500000
0,6755,675500000,675500100,10387,17313,675600000,675600000
0,6756,675600000,675600100,10387,17313,675700000,675700000
0,6757,675700000,675700100,10387,17313,675800000,675800000
0,6758,675800000,675800100,10387,17313,675900000,675900000
0,6759,675900000,675900100,10387,17313,676000000,676000000
0,6760,676000000,676000100,10387,17313,676100000,676100000
0,6761,676100000,676100100,10387,17313,676200000,676200000
0,6762,676200000,676200100,10387,17313,676300000,676300000
0,6763,676300000,676300100,10387,17313,676400000,676400000
0,6764,676400000,676400100,10387,17313,676500000,676500000
0,6765,676500000,676500100,10387,17313,676600000,676600000
0,6766,676600000,676600100,10387,17313,676700000,676700000
0,6767,676700000,676700100,10387,17313,676800000,676800000
0,6768,676800000,676800100,10387,17313,676900000,676900000
0,6769,676900000,676900100,10387,17313,677000000,677000000
0,6770,677000000,677000100,10387,17313,677100000,677100000
0,6771,677100000,677100100,10387,17313,677200000,677200000
0,6772,677200000,677200100,10387,17313,677300000,677300000
0,6773,677300000,677300100,10387,17313,677400000,677400000
0,6774,677400000,677400100,10387,17313,677500000,677500000
0,6775,677500000,677500100,10387,17313,677600000,677600000
0,6776,677600000,677600100,10387,17313,677700000,677700000
0,6777,677700000,677700100,10387,17313,677800000,677800000
0,6778,677800000,677800100,10387,17313,677900000,677900000
0,6779,677900000,677900100,10387,17313,678000000,678000000
0,6780,678000000,678000100,10387,17313,678100000,678100000
0,6781,678100000,678100100,10387,17313,678200000,678200000
0,6782,678200000,678200100,10387,17313,678300000,678300000
0,6783,678300000,678300100,10387,17313,678400000,678400000
0,6784,678400000,678400100,10387,17313,678500000,678500000
0,6785,678500000,678500100,10387,17313,678600000,678600000
0,6786,678600000,678600100,10387,17313,678700000,678700000
0,6787,678700000,678700100,10387,17313,678800000,678800000
0,6788,678800000,678800100,10387,17313,678900000,678900000
0,6789,678900000,678900100,10387,17313,679000000,679000000
0,6790,679000000,679000100,10387,17313,679100000,679100000
0,6791,679100000,679100100,10387,17313,679200000,679200000
0,6792,679200000,679200100,10387,17313,679300000,679300000
0,6793,679300000,679300100,10387,17313,679400000,679400000
0,6794,679400000,679400100,10387,17313,679500000,679500000
0,6795,679500000,679500100,10387,17313,679600000,679600000
0,6796,679600000,679600100,10387,17313,679700000,679700000
0,6797,679700000,679700100,10387,17313,679800000,679800000
0,6798,679800000,679800100,10387,17313,679900000,679900000
0,6799,679900000,679900100,10387,17313,680000000,680000000
0,6800,680000000,680000100,10387,17313,680100000,680100000
0,6801,680100000,680100100,10387,17313,680200000,680200000
0,6802,680200000,680200100,10387,17313,680300000,680300000
0,6803,680300000,680300100,10387,17313,680400000,680400000
0,6804,680400000,680400100,10387,17313,680500000,680500000
0,6805,680500000,680500100,10387,17313,680600000,680600000
0,6806,680600000,680600100,10387,17313,680700000,680700000
0,6807,680700000,680700100,10387,17313,680800000,680800000
0,6808,680800000,680800100,10387,17313,680900000,680900000
0,6809,680900000,680900100,10387,17313,681000000,681000000
0,6810,681000000,681000100,10387,17313,681100000,681100000
0,6811,681100000,681100100,10387,17313,681200000,681200000
0,6812,681200000,681200100,10387,17313,681300000,681300000
0,6813,681300000,681300100,10387,17313,681400000,681400000
0,6814,681400000,681400100,10387,17313,681500000,681500000
0,6815,681500000,681500100,10387,17313,681600000,681600000
0,6816,681600000,681600100,10387,17313,681700000,681700000
0,6817,681700000,681700100,10387,17313,681800000,681800000
0,6818,681800000,681800100,10387,17313,681900000,681900000
0,6819,681900000,681900100,10387,17313,682000000,682000000
0,6820,682000000,682000100,10387,17313,682100000,682100000
0,6821,682100000,682100100,10387,17313,682200000,682200000
0,6822,682200000,682200100,10387,17313,682300000,682300000
0,6823,682300000,682300100,10387,17313,682400000,682400000
0,6824,682400000,682400100,10387,17313,682500000,682500000
0,6825,682500000,682500100,10387,17313,682600000,682600000
0,6826,682600000,682600100,10387,17313,682700000,682700000
0,6827,682700000,682700100,10387,17313,682800000,682800000
0,6828,682800000,682800100,10387,17313,682900000,682900000
0,6829,682900000,682900100,10387,17313,683000000,683000000
0,6830,683000000,683000100,10387,17313,683100000,683100000
0,6831,683100000,683100100,10387,17313,683200000,683200000
0,6832,683200000,683200100,10387,17313,683300000,683300000
0,6833,683300000,683300100,10387,17313,683400000,683400000
0,6834,683400000,683400100,10387,17313,683500000,683500000
0,6835,683500000,683500100,10387,17313,683600000,683600000
0,6836,683600000,683600100,10387,17313,683700000,683700000
0,6837,683700000,683700100,10387,17313,683800000,683800000
0,6838,683800000,683800100,10387,17313,683900000,683900000
0,6839,683900000,683900100,10387,17313,684000000,684000000
0,6840,684000000,684000100,10387,17313,684100000,684100000
0,6841,684100000,684100100,10387,17313,684200000,684200000
0,6842,684200000,684200100,10387,17313,684300000,684300000
0,6843,684300000,684300100,10387,17313,684400000,684400000
0,6844,684400000,684400100,10387,17313,684500000,684500000
0,6845,684500000,684500100,10387,17313,684600000,684600000
0,6846,684600000,684600100,10387,17313,684700000,684700000
0,6847,684700000,684700100,10387,17313,684800000,684800000
0,6848,684800000,684800100,10387,17313,684900000,684900000
0,6849,684900000,684900100,10387,17313,685000000,685000000
0,6850,685000000,685000100,10387,17313,685100000,685100000
0,6851,685100000,685100100,10387,17313,685200000,685200000
0,6852,685200000,685200100,10387,17313,685300000,685300000
0,6853,685300000,685300100,10387,17313,685400000,685400000
0,6854,685400000,685400100,10387,17313,685500000,685500000
0,6855,685500000,685500100,10387,17313,685600000,685600000
0,6856,685600000,685600100,10387,17313,685700000,685700000
0,6857,685700000,685700100,10387,17313,685800000,685800000
0,6858,685800000,685800100,10387,17313,685900000,685900000
0,6859,685900000,685900100,10387,17313,686000000,686000000
0,6860,686000000,686000100,10387,17313,686100000,686100000
0,6861,686100000,686100100,10387,17313,686200000,686200000
0,6862,686200000,686200100,10387,17313,686300000,686300000
0,6863,686300000,686300100,10387,17313,686400000,686400000
0,6864,686400000,686400100,10387,17313,686500000,686500000
0,6865,686500000,686500100,10387,17313,686600000,686600000
0,6866,686600000,686600100,10387,17313,686700000,686700000
0,6867,686700000,686700100,10387,17313,686800000,686800000
0,6868,686800000,686800100,10387,17313,686900000,686900000
0,6869,686900000,686900100,10387,17313,687000000,687000000
0,6870,687000000,687000100,10387,17313,687100000,687100000
0,6871,687100000,687100100,10387,17313,687200000,687200000
0,6872,687200000,687200100,10387,17313,687300000,687300000
0,6873,687300000,687300100,10387,17313,687400000,687400000
0,6874,687400000,687400100,10387,17313,687500000,687500000
0,6875,687500000,687500100,10387,17313,687600000,687600000
0,6876,687600000,687600100,10387,17313,687700000,687700000
0,6877,687700000,687700100,10387,17313,687800000,687800000
0,6878,687800000,687800100,10387,17313,687900000,687900000
0,6879,687900000,687900100,10387,17313,688000000,688000000
0,6880,688000000,688000100,10387,17313,688100000,688100000
0,6881,688100000,688100100,10387,17313,688200000,688200000
0,6882,688200000,688200100,10387,17313,688300000,688300000
0,6883,688300000,688300100,10387,17313,688400000,688400000
0,6884,688400000,688400100,10387,17313,688500000,688500000
0,6885,688500000,688500100,10387,17313,688600000,688600000
0,6886,688600000,688600100,10387,17313,688700000,688700000
0,6887,688700000,688700100,10387,17313,688800000,688800000
0,6888,688800000,688800100,10387,17313,688900000,688900000
0,6889,688900000,688900100,10387,17313,689000000,689000000
0,6890,689000000,689000100,10387,17313,689100000,689100000
0,6891,689100000,689100100,10387,17313,689200000,689200000
0,6892,689200000,689200100,10387,17313,689300000,689300000
0,6893,689300000,689300100,10387,17313,689400000,689400000
0,6894,689400000,689400100,10387,17313,689500000,689500000
0,6895,689500000,689500100,10387,17313,689600000,689600000
0,6896,689600000,689600100,10387,17313,689700000,689700000
0,6897,689700000,689700100,10387,17313,689800000,689800000
0,6898,689800000,689800100,10387,17313,689900000,689900000
0,6899,689900000,689900100,10387,17313,690000000,690000000
0,6900,690000000,690000100,10387,17313,690100000,690100000
0,6901,690100000,690100100,10387,17313,690200000,690200000
0,6902,690200000,690200100,10387,17313,690300000,690300000
0,6903,690300000,690300100,10387,17313,690400000,690400000
0,6904,690400000,690400100,10387,17313,690500000,690500000
0,6905,690500000,690500100,10387,17313,690600000,690600000
0,6906,690600000,690600100,10387,17313,690700000,690700000
0,6907,690700000,690700100,10387,17313,690800000,690800000
0,6908,690800000,690800100,10387,17313,690900000,690900000
0,6909,690900000,690900100,10387,17313,691000000,691000000
0,6910,691000000,691000100,10387,17313,691100000,691100000
0,6911,691100000,691100100,10387,17313,691200000,691200000
0,6912,691200000,691200100,10387,17313,691300000,691300000
0,6913,691300000,691300100,10387,17313,691400000,691400000
0,6914,691400000,691400100,10387,17313,691500000,691500000
0,6915,691500000,691500100,10387,17313,691600000,691600000
0,6916,691600000,691600100,10387,17313,691700000,691700000
0,6917,691700000,691700100,10387,17313,691800000,691800000
0,6918,691800000,691800100,10387,17313,691900000,691900000
0,6919,691900000,691900100,10387,17313,692000000,692000000
0,6920,692000000,692000100,10387,17313,692100000,692100000
0,6921,692100000,692100100,10387,17313,692200000,692200000
0,6922,692200000,692200100,10387,17313,692300000,692300000
0,6923,692300000,692300100,10387,17313,692400000,692400000
0,6924,692400000,692400100,10387,17313,692500000,692500000
0,6925,692500000,692500100,10387,17313,692600000,692600000
0,6926,692600000,692600100,10387,17313,692700000,692700000
0,6927,692700000,692700100,10387,17313,692800000,692800000
0,6928,692800000,692800100,10387,17313,692900000,692900000
0,6929,692900000,692900100,10387,17313,693000000,693000000
0,6930,693000000,693000100,10387,17313,693100000,693100000
0,6931,693100000,693100100,10387,17313,693200000,693200000
0,6932,693200000,693200100,10387,17313,693300000,693300000
0,6933,693300000,693300100,10387,17313,693400000,693400000
0,6934,693400000,693400100,10387,17313,693500000,693500000
0,6935,693500000,693500100,10387,17313,693600000,693600000
0,6936,693600000,693600100,10387,17313,693700000,693700000
0,6937,693700000,693700100,10387,17313,693800000,693800000
0,6938,693800000,693800100,10387,17313,693900000,693900000
0,6939,693900000,693900100,10387,17313,694000000,694000000
0,6940,694000000,694000100,10387,17313,694100000,694100000
0,6941,694100000,694100100,10387,17313,694200000,694200000
0,6942,694200000,694200100,10387,17313,694300000,694300000
0,6943,694300000,694300100,10387,17313,694400000,694400000
0,6944,694400000,694400100,10387,17313,694500000,694500000
0,6945,694500000,694500100,10387,17313,694600000,694600000
0,6946,694600000,694600100,10387,17313,694700000,694700000
0,6947,694700000,694700100,10387,17313,694800000,694800000
0,6948,694800000,694800100,10387,17313,694900000,694900000
0,6949,694900000,694900100,10387,17313,695000000,695000000
0,6950,695000000,695000100,10387,17313,695100000,695100000
0,6951,695100000,695100100,10387,17313,695200000,695200000
0,6952,695200000,695200100,10387,17313,695300000,695300000
0,6953,695300000,695300100,10387,17313,695400000,695400000
0,6954,695400000,695400100,10387,17313,695500000,695500000
0,6955,695500000,695500100,10387,17313,695600000,695600000
0,6956,695600000,695600100,10387,17313,695700000,695700000
0,6957,695700000,695700100,10387,17313,695800000,695800000
0,6958,695800000,695800100,10387,17313,695900000,695900000
0,6959,695900000,695900100,10387,17313,696000000,696000000
0,6960,696000000,696000100,10387,17313,696100000,696100000
0,6961,696100000,696100100,10387,17313,696200000,696200000
0,6962,696200000,696200100,10387,17313,696300000,696300000
0,6963,696300000,696300100,10387,17313,696400000,696400000
0,6964,696400000,696400100,10387,17313,696500000,696500000
0,6965,696500000,696500100,10387,17313,696600000,696600000
0,6966,696600000,696600100,10387,17313,696700000,696700000
0,6967,696700000,696700100,10387,17313,696800000,696800000
0,6968,696800000,696800100,10387,17313,696900000,696900000
0,6969,696900000,696900100,10387,17313,697000000,697000000
0,6970,697000000,697000100,10387,17313,697100000,697100000
0,6971,697100000,697100100,10387,17313,697200000,697200000
0,6972,697200000,697200100,10387,17313,697300000,697300000
0,6973,697300000,697300100,10387,17313,697400000,697400000
0,6974,697400000,697400100,10387,17313,697500000,697500000
0,6975,697500000,697500100,10387,17313,697600000,697600000
0,6976,697600000,697600100,10387,17313,697700000,697700000
0,6977,697700000,697700100,10387,17313,697800000,697800000
0,6978,697800000,697800100,10387,17313,697900000,697900000
0,6979,697900000,697900100,10387,17313,698000000,698000000
0,6980,698000000,698000100,10387,17313,698100000,698100000
0,6981,698100000,698100100,10387,17313,698200000,698200000
0,6982,698200000,698200100,10387,17313,698300000,698300000
0,6983,698300000,698300100,10387,17313,698400000,698400000
0,6984,698400000,698400100,10387,17313,698500000,698500000
0,6985,698500000,698500100,10387,17313,698600000,698600000
0,6986,698600000,698600100,10387,17313,698700000,698700000
0,6987,698700000,698700100,10387,17313,698800000,698800000
0,6988,698800000,698800100,10387,17313,698900000,698900000
0,6989,698900000,698900100,10387,17313,699000000,699000000
0,6990,699000000,699000100,10387,17313,699100000,699100000
0,6991,699100000,699100100,10387,17313,699200000,699200000
0,6992,699200000,699200100,10387,17313,699300000,699300000
0,6993,699300000,699300100,10387,17313,699400000,699400000
0,6994,699400000,699400100,10387,17313,699500000,699500000
0,6995,699500000,699500100,10387,17313,699600000,699600000
0,6996,699600000,699600100,10387,17313,699700000,699700000
0,6997,699700000,699700100,10387,17313,699800000,699800000
0,6998,699800000,699800100,10387,17313,699900000,699900000
0,6999,699900000,699900100,10387,17313,700000000,700000000
0,7000,700000000,700000100,10387,17313,700100000,700100000
0,7001,700100000,700100100,10387,17313,700200000,700200000
0,7002,700200000,700200100,10387,17313,700300000,700300000
0,7003,700300000,700300100,10387,17313,700400000,700400000
0,7004,700400000,700400100,10387,17313,700500000,700500000
0,7005,700500000,700500100,10387,17313,700600000,700600000
0,7006,700600000,700600100,10387,17313,700700000,700700000
0,7007,700700000,700700100,10387,17313,700800000,700800000
0,7008,700800000,700800100,10387,17313,700900000,700900000
0,7009,700900000,700900100,10387,17313,701000000,701000000
0,7010,701000000,701000100,10387,17313,701100000,701100000
0,7011,701100000,701100100,10387,17313,701200000,701200000
0,7012,701200000,701200100,10387,17313,701300000,701300000
0,7013,701300000,701300100,10387,17313,701400000,701400000
0,7014,701400000,701400100,10387,17313,701500000,701500000
0,7015,701500000,701500100,10387,17313,701600000,701600000
0,7016,701600000,701600100,10387,17313,701700000,701700000
0,7017,701700000,701700100,10387,17313,701800000,701800000
0,7018,701800000,701800100,10387,17313,701900000,701900000
0,7019,701900000,701900100,10387,17313,702000000,702000000
0,7020,702000000,702000100,10387,17313,702100000,702100000
0,7021,702100000,702100100,10387,17313,702200000,702200000
0,7022,702200000,702200100,10387,17313,702300000,702300000
0,7023,702300000,702300100,10387,17313,702400000,702400000
0,7024,702400000,702400100,10387,17313,702500000,702500000
0,7025,702500000,702500100,10387,17313,702600000,702600000
0,7026,702600000,702600100,10387,17313,702700000,702700000
0,7027,702700000,702700100,10387,17313,702800000,702800000
0,7028,702800000,702800100,10387,17313,702900000,702900000
0,7029,702900000,702900100,10387,17313,703000000,703000000
0,7030,703000000,703000100,10387,17313,703100000,703100000
0,7031,703100000,703100100,10387,17313,703200000,703200000
0,7032,703200000,703200100,10387,17313,703300000,703300000
0,7033,703300000,703300100,10387,17313,703400000,703400000
0,7034,703400000,703400100,10387,17313,703500000,703500000
0,7035,703500000,703500100,10387,17313,703600000,703600000
0,7036,703600000,703600100,10387,17313,703700000,703700000
0,7037,703700000,703700100,10387,17313,703800000,703800000
0,7038,703800000,703800100,10387,17313,703900000,703900000
0,7039,703900000,703900100,10387,17313,704000000,704000000
0,7040,704000000,704000100,10387,17313,704100000,704100000
0,7041,704100000,704100100,10387,17313,704200000,704200000
0,7042,704200000,704200100,10387,17313,704300000,704300000
0,7043,704300000,704300100,10387,17313,704400000,704400000
0,7044,704400000,704400100,10387,17313,704500000,704500000
0,7045,704500000,704500100,10387,17313,704600000,704600000
0,7046,704600000,704600100,10387,17313,704700000,704700000
0,7047,704700000,704700100,10387,17313,704800000,704800000
0,7048,704800000,704800100,10387,17313,704900000,704900000
0,7049,704900000,704900100,10387,17313,705000000,705000000
0,7050,705000000,705000100,10387,17313,705100000,705100000
0,7051,705100000,705100100,10387,17313,705200000,705200000
0,7052,705200000,705200100,10387,17313,705300000,705300000
0,7053,705300000,705300100,10387,17313,705400000,705400000
0,7054,705400000,705400100,10387,17313,705500000,705500000
0,7055,705500000,705500100,10387,17313,705600000,705600000
0,7056,705600000,705600100,10387,17313,705700000,705700000
0,7057,705700000,705700100,10387,17313,705800000,705800000
0,7058,705800000,705800100,10387,17313,705900000,705900000
0,7059,705900000,705900100,10387,17313,706000000,706000000
0,7060,706000000,706000100,10387,17313,706100000,706100000
0,7061,706100000,706100100,10387,17313,706200000,706200000
0,7062,706200000,706200100,10387,17313,706300000,706300000
0,7063,706300000,706300100,10387,17313,706400000,706400000
0,7064,706400000,706400100,10387,17313,706500000,706500000
0,7065,706500000,706500100,10387,17313,706600000,706600000
0,7066,706600000,706600100,10387,17313,706700000,706700000
0,7067,706700000,706700100,10387,17313,706800000,706800000
0,7068,706800000,706800100,10387,17313,706900000,706900000
0,7069,706900000,706900100,10387,17313,707000000,707000000
0,7070,707000000,707000100,10387,17313,707100000,707100000
0,7071,707100000,707100100,10387,17313,707200000,707200000
0,7072,707200000,707200100,10387,17313,707300000,707300000
0,7073,707300000,707300100,10387,17313,707400000,707400000
0,7074,707400000,707400100,10387,17313,707500000,707500000
0,7075,707500000,707500100,10387,17313,707600000,707600000
0,7076,707600000,707600100,10387,17313,707700000,707700000
0,7077,707700000,707700100,10387,17313,707800000,707800000
0,7078,707800000,707800100,10387,17313,707900000,707900000
0,7079,707900000,707900100,10387,17313,708000000,708000000
0,7080,708000000,708000100,10387,17313,708100000,708100000
0,7081,708100000,708100100,10387,17313,708200000,708200000
0,7082,708200000,708200100,10387,17313,708300000,708300000
0,7083,708300000,708300100,10387,17313,708400000,708400000
0,7084,708400000,708400100,10387,17313,708500000,708500000
0,7085,708500000,708500100,10387,17313,708600000,708600000
0,7086,708600000,708600100,10387,17313,708700000,708700000
0,7087,708700000,708700100,10387,17313,708800000,708800000
0,7088,708800000,708800100,10387,17313,708900000,708900000
0,7089,708900000,708900100,10387,17313,709000000,709000000
0,7090,709000000,709000100,10387,17313,709100000,709100000
0,7091,709100000,709100100,10387,17313,709200000,709200000
0,7092,709200000,709200100,10387,17313,709300000,709300000
0,7093,709300000,709300100,10387,17313,709400000,709400000
0,7094,709400000,709400100,10387,17313,709500000,709500000
0,7095,709500000,709500100,10387,17313,709600000,709600000
0,7096,709600000,709600100,10387,17313,709700000,709700000
0,7097,709700000,709700100,10387,17313,709800000,709800000
0,7098,709800000,709800100,10387,17313,709900000,709900000
0,7099,709900000,709900100,10387,17313,710000000,710000000
0,7100,710000000,710000100,10387,17313,710100000,710100000
0,7101,710100000,710100100,10387,17313,710200000,710200000
0,7102,710200000,710200100,10387,17313,710300000,710300000
0,7103,710300000,710300100,10387,17313,710400000,710400000
0,7104,710400000,710400100,10387,17313,710500000,710500000
0,7105,710500000,710500100,10387,17313,710600000,710600000
0,7106,710600000,710600100,10387,17313,710700000,710700000
0,7107,710700000,710700100,10387,17313,710800000,710800000
0,7108,710800000,710800100,10387,17313,710900000,710900000
0,7109,710900000,710900100,10387,17313,711000000,711000000
0,7110,711000000,711000100,10387,17313,711100000,711100000
0,7111,711100000,711100100,10387,17313,711200000,711200000
0,7112,711200000,711200100,10387,17313,711300000,711300000
0,7113,711300000,711300100,10387,17313,711400000,711400000
0,7114,711400000,711400100,10387,17313,711500000,711500000
0,7115,711500000,711500100,10387,17313,711600000,711600000
0,7116,711600000,711600100,10387,17313,711700000,711700000
0,7117,711700000,711700100,10387,17313,711800000,711800000
0,7118,711800000,711800100,10387,17313,711900000,711900000
0,7119,711900000,711900100,10387,17313,712000000,712000000
0,7120,712000000,712000100,10387,17313,712100000,712100000
0,7121,712100000,712100100,10387,17313,712200000,712200000
0,7122,712200000,712200100,10387,17313,712300000,712300000
0,7123,712300000,712300100,10387,17313,712400000,712400000
0,7124,712400000,712400100,10387,17313,712500000,712500000
0,7125,712500000,712500100,10387,17313,712600000,712600000
0,7126,712600000,712600100,10387,17313,712700000,712700000
0,7127,712700000,712700100,10387,17313,712800000,712800000
0,7128,712800000,712800100,10387,17313,712900000,712900000
0,7129,712900000,712900100,10387,17313,713000000,713000000
0,7130,713000000,713000100,10387,17313,713100000,713100000
0,7131,713100000,713100100,10387,17313,713200000,713200000
0,7132,713200000,713200100,10387,17313,713300000,713300000
0,7133,713300000,713300100,10387,17313,713400000,713400000
0,7134,713400000,713400100,10387,17313,713500000,713500000
0,7135,713500000,713500100,10387,17313,713600000,713600000
0,7136,713600000,713600100,10387,17313,713700000,713700000
0,7137,713700000,713700100,10387,17313,713800000,713800000
0,7138,713800000,713800100,10387,17313,713900000,713900000
0,7139,713900000,713900100,10387,17313,714000000,714000000
0,7140,714000000,714000100,10387,17313,714100000,714100000
0,7141,714100000,714100100,10387,17313,714200000,714200000
0,7142,714200000,714200100,10387,17313,714300000,714300000
0,7143,714300000,714300100,10387,17313,714400000,714400000
0,7144,714400000,714400100,10387,17313,714500000,714500000
0,7145,714500000,714500100,10387,17313,714600000,714600000
0,7146,714600000,714600100,10387,17313,714700000,714700000
0,7147,714700000,714700100,10387,17313,714800000,714800000
0,7148,714800000,714800100,10387,17313,714900000,714900000
0,7149,714900000,714900100,10387,17313,715000000,715000000
0,7150,715000000,715000100,10387,17313,715100000,715100000
0,7151,715100000,715100100,10387,17313,715200000,715200000
0,7152,715200000,715200100,10387,17313,715300000,715300000
0,7153,715300000,715300100,10387,17313,715400000,715400000
0,7154,715400000,715400100,10387,17313,715500000,715500000
0,7155,715500000,715500100,10387,17313,715600000,715600000
0,7156,715600000,715600100,10387,17313,715700000,715700000
0,7157,715700000,715700100,10387,17313,715800000,715800000
0,7158,715800000,715800100,10387,17313,715900000,715900000
0,7159,715900000,715900100,10387,17313,716000000,716000000
0,7160,716000000,716000100,10387,17313,716100000,716100000
0,7161,716100000,716100100,10387,17313,716200000,716200000
0,7162,716200000,716200100,10387,17313,716300000,716300000
0,7163,716300000,716300100,10387,17313,716400000,716400000
0,7164,716400000,716400100,10387,17313,716500000,716500000
0,7165,716500000,716500100,10387,17313,716600000,716600000
0,7166,716600000,716600100,10387,17313,716700000,716700000
0,7167,716700000,716700100,10387,17313,716800000,716800000
0,7168,716800000,716800100,10387,17313,716900000,716900000
0,7169,716900000,716900100,10387,17313,717000000,717000000
0,7170,717000000,717000100,10387,17313,717100000,717100000
0,7171,717100000,717100100,10387,17313,717200000,717200000
0,7172,717200000,717200100,10387,17313,717300000,717300000
0,7173,717300000,717300100,10387,17313,717400000,717400000
0,7174,717400000,717400100,10387,17313,717500000,717500000
0,7175,717500000,717500100,10387,17313,717600000,717600000
0,7176,717600000,717600100,10387,17313,717700000,717700000
0,7177,717700000,717700100,10387,17313,717800000,717800000
0,7178,717800000,717800100,10387,17313,717900000,717900000
0,7179,717900000,717900100,10387,17313,718000000,718000000
0,7180,718000000,718000100,10387,17313,718100000,718100000
0,7181,718100000,718100100,10387,17313,718200000,718200000
0,7182,718200000,718200100,10387,17313,718300000,718300000
0,7183,718300000,718300100,10387,17313,718400000,718400000
0,7184,718400000,718400100,10387,17313,718500000,718500000
0,7185,718500000,718500100,10387,17313,718600000,718600000
0,7186,718600000,718600100,10387,17313,718700000,718700000
0,7187,718700000,718700100,10387,17313,718800000,718800000
0,7188,718800000,718800100,10387,17313,718900000,718900000
0,7189,718900000,718900100,10387,17313,719000000,719000000
0,7190,719000000,719000100,10387,17313,719100000,719100000
0,7191,719100000,719100100,10387,17313,719200000,719200000
0,7192,719200000,719200100,10387,17313,719300000,719300000
0,7193,719300000,719300100,10387,17313,719400000,719400000
0,7194,719400000,719400100,10387,17313,719500000,719500000
0,7195,719500000,719500100,10387,17313,719600000,719600000
0,7196,719600000,719600100,10387,17313,719700000,719700000
0,7197,719700000,719700100,10387,17313,719800000,719800000
0,7198,719800000,719800100,10387,17313,719900000,719900000
0,7199,719900000,719900100,10387,17313,720000000,720000000
0,7200,720000000,720000100,10387,17313,720100000,720100000
0,7201,720100000,720100100,10387,17313,720200000,720200000
0,7202,720200000,720200100,10387,17313,720300000,720300000
0,7203,720300000,720300100,10387,17313,720400000,720400000
0,7204,720400000,720400100,10387,17313,720500000,720500000
0,7205,720500000,720500100,10387,17313,720600000,720600000
0,7206,720600000,720600100,10387,17313,720700000,720700000
0,7207,720700000,720700100,10387,17313,720800000,720800000
0,7208,720800000,720800100,10387,17313,720900000,720900000
0,7209,720900000,720900100,10387,17313,721000000,721000000
0,7210,721000000,721000100,10387,17313,721100000,721100000
0,7211,721100000,721100100,10387,17313,721200000,721200000
0,7212,721200000,721200100,10387,17313,721300000,721300000
0,7213,721300000,721300100,10387,17313,721400000,721400000
0,7214,721400000,721400100,10387,17313,721500000,721500000
0,7215,721500000,721500100,10387,17313,721600000,721600000
0,7216,721600000,721600100,10387,17313,721700000,721700000
0,7217,721700000,721700100,10387,17313,721800000,721800000
0,7218,721800000,721800100,10387,17313,721900000,721900000
0,7219,721900000,721900100,10387,17313,722000000,722000000
0,7220,722000000,722000100,10387,17313,722100000,722100000
0,7221,722100000,722100100,10387,17313,722200000,722200000
0,7222,722200000,722200100,10387,17313,722300000,722300000
0,7223,722300000,722300100,10387,17313,722400000,722400000
0,7224,722400000,722400100,10387,17313,722500000,722500000
0,7225,722500000,722500100,10387,17313,722600000,722600000
0,7226,722600000,722600100,10387,17313,722700000,722700000
0,7227,722700000,722700100,10387,17313,722800000,722800000
0,7228,722800000,722800100,10387,17313,722900000,722900000
0,7229,722900000,722900100,10387,17313,723000000,723000000
0,7230,723000000,723000100,10387,17313,723100000,723100000
0,7231,723100000,723100100,10387,17313,723200000,723200000
0,7232,723200000,723200100,10387,17313,723300000,723300000
0,7233,723300000,723300100,10387,17313,723400000,723400000
0,7234,723400000,723400100,10387,17313,723500000,723500000
0,7235,723500000,723500100,10387,17313,723600000,723600000
0,7236,723600000,723600100,10387,17313,723700000,723700000
0,7237,723700000,723700100,10387,17313,723800000,723800000
0,7238,723800000,723800100,10387,17313,723900000,723900000
0,7239,723900000,723900100,10387,17313,724000000,724000000
0,7240,724000000,724000100,10387,17313,724100000,724100000
0,7241,724100000,724100100,10387,17313,724200000,724200000
0,7242,724200000,724200100,10387,17313,724300000,724300000
0,7243,724300000,724300100,10387,17313,724400000,724400000
0,7244,724400000,724400100,10387,17313,724500000,724500000
0,7245,724500000,724500100,10387,17313,724600000,724600000
0,7246,724600000,724600100,10387,17313,724700000,724700000
0,7247,724700000,724700100,10387,17313,724800000,724800000
0,7248,724800000,724800100,10387,17313,724900000,724900000
0,7249,724900000,724900100,10387,17313,725000000,725000000
0,7250,725000000,725000100,10387,17313,725100000,725100000
0,7251,725100000,725100100,10387,17313,725200000,725200000
0,7252,725200000,725200100,10387,17313,725300000,725300000
0,7253,725300000,725300100,10387,17313,725400000,725400000
0,7254,725400000,725400100,10387,17313,725500000,725500000
0,7255,725500000,725500100,10387,17313,725600000,725600000
0,7256,725600000,725600100,10387,17313,725700000,725700000
0,7257,725700000,725700100,10387,17313,725800000,725800000
0,7258,725800000,725800100,10387,17313,725900000,725900000
0,7259,725900000,725900100,10387,17313,726000000,726000000
0,7260,726000000,726000100,10387,17313,726100000,726100000
0,7261,726100000,726100100,10387,17313,726200000,726200000
0,7262,726200000,726200100,10387,17313,726300000,726300000
0,7263,726300000,726300100,10387,17313,726400000,726400000
0,7264,726400000,726400100,10387,17313,726500000,726500000
0,7265,726500000,726500100,10387,17313,726600000,726600000
0,7266,726600000,726600100,10387,17313,726700000,726700000
0,7267,726700000,726700100,10387,17313,726800000,726800000
0,7268,726800000,726800100,10387,17313,726900000,726900000
0,7269,726900000,726900100,10387,17313,727000000,727000000
0,7270,727000000,727000100,10387,17313,727100000,727100000
0,7271,727100000,727100100,10387,17313,727200000,727200000
0,7272,727200000,727200100,10387,17313,727300000,727300000
0,7273,727300000,727300100,10387,17313,727400000,727400000
0,7274,727400000,727400100,10387,17313,727500000,727500000
0,7275,727500000,727500100,10387,17313,727600000,727600000
0,7276,727600000,727600100,10387,17313,727700000,727700000
0,7277,727700000,727700100,10387,17313,727800000,727800000
0,7278,727800000,727800100,10387,17313,727900000,727900000
0,7279,727900000,727900100,10387,17313,728000000,728000000
0,7280,728000000,728000100,10387,17313,728100000,728100000
0,7281,728100000,728100100,10387,17313,728200000,728200000
0,7282,728200000,728200100,10387,17313,728300000,728300000
0,7283,728300000,728300100,10387,17313,728400000,728400000
0,7284,728400000,728400100,10387,17313,728500000,728500000
0,7285,728500000,728500100,10387,17313,728600000,728600000
0,7286,728600000,728600100,10387,17313,728700000,728700000
0,7287,728700000,728700100,10387,17313,728800000,728800000
0,7288,728800000,728800100,10387,17313,728900000,728900000
0,7289,728900000,728900100,10387,17313,729000000,729000000
0,7290,729000000,729000100,10387,17313,729100000,729100000
0,7291,729100000,729100100,10387,17313,729200000,729200000
0,7292,729200000,729200100,10387,17313,729300000,729300000
0,7293,729300000,729300100,10387,17313,729400000,729400000
0,7294,729400000,729400100,10387,17313,729500000,729500000
0,7295,729500000,729500100,10387,17313,729600000,729600000
0,7296,729600000,729600100,10387,17313,729700000,729700000
0,7297,729700000,729700100,10387,17313,729800000,729800000
0,7298,729800000,729800100,10387,17313,729900000,729900000
0,7299,729900000,729900100,10387,17313,730000000,730000000
0,7300,730000000,730000100,10387,17313,730100000,730100000
0,7301,730100000,730100100,10387,17313,730200000,730200000
0,7302,730200000,730200100,10387,17313,730300000,730300000
0,7303,730300000,730300100,10387,17313,730400000,730400000
0,7304,730400000,730400100,10387,17313,730500000,730500000
0,7305,730500000,730500100,10387,17313,730600000,730600000
0,7306,730600000,730600100,10387,17313,730700000,730700000
0,7307,730700000,730700100,10387,17313,730800000,730800000
0,7308,730800000,730800100,10387,17313,730900000,730900000
0,7309,730900000,730900100,10387,17313,731000000,731000000
0,7310,731000000,731000100,10387,17313,731100000,731100000
0,7311,731100000,731100100,10387,17313,731200000,731200000
0,7312,731200000,731200100,10387,17313,731300000,731300000
0,7313,731300000,731300100,10387,17313,731400000,731400000
0,7314,731400000,731400100,10387,17313,731500000,731500000
0,7315,731500000,731500100,10387,17313,731600000,731600000
0,7316,731600000,731600100,10387,17313,731700000,731700000
0,7317,731700000,731700100,10387,17313,731800000,731800000
0,7318,731800000,731800100,10387,17313,731900000,731900000
0,7319,731900000,731900100,10387,17313,732000000,732000000
0,7320,732000000,732000100,10387,17313,732100000,732100000
0,7321,732100000,732100100,10387,17313,732200000,732200000
0,7322,732200000,732200100,10387,17313,732300000,732300000
0,7323,732300000,732300100,10387,17313,732400000,732400000
0,7324,732400000,732400100,10387,17313,732500000,732500000
0,7325,732500000,732500100,10387,17313,732600000,732600000
0,7326,732600000,732600100,10387,17313,732700000,732700000
0,7327,732700000,732700100,10387,17313,732800000,732800000
0,7328,732800000,732800100,10387,17313,732900000,732900000
0,7329,732900000,732900100,10387,17313,733000000,733000000
0,7330,733000000,733000100,10387,17313,733100000,733100000
0,7331,733100000,733100100,10387,17313,733200000,733200000
0,7332,733200000,733200100,10387,17313,733300000,733300000
0,7333,733300000,733300100,10387,17313,733400000,733400000
0,7334,733400000,733400100,10387,17313,733500000,733500000
0,7335,733500000,733500100,10387,17313,733600000,733600000
0,7336,733600000,733600100,10387,17313,733700000,733700000
0,7337,733700000,733700100,10387,17313,733800000,733800000
0,7338,733800000,733800100,10387,17313,733900000,733900000
0,7339,733900000,733900100,10387,17313,734000000,734000000
0,7340,734000000,734000100,10387,17313,734100000,734100000
0,7341,734100000,734100100,10387,17313,734200000,734200000
0,7342,734200000,734200100,10387,17313,734300000,734300000
0,7343,734300000,734300100,10387,17313,734400000,734400000
0,7344,734400000,734400100,10387,17313,734500000,734500000
0,7345,734500000,734500100,10387,17313,734600000,734600000
0,7346,734600000,734600100,10387,17313,734700000,734700000
0,7347,734700000,734700100,10387,17313,734800000,734800000
0,7348,734800000,734800100,10387,17313,734900000,734900000
0,7349,734900000,734900100,10387,17313,735000000,735000000
0,7350,735000000,735000100,10387,17313,735100000,735100000
0,7351,735100000,735100100,10387,17313,735200000,735200000
0,7352,735200000,735200100,10387,17313,735300000,735300000
0,7353,735300000,735300100,10387,17313,735400000,735400000
0,7354,735400000,735400100,10387,17313,735500000,735500000
0,7355,735500000,735500100,10387,17313,735600000,735600000
0,7356,735600000,735600100,10387,17313,735700000,735700000
0,7357,735700000,735700100,10387,17313,735800000,735800000
0,7358,735800000,735800100,10387,17313,735900000,735900000
0,7359,735900000,735900100,10387,17313,736000000,736000000
0,7360,736000000,736000100,10387,17313,736100000,736100000
0,7361,736100000,736100100,10387,17313,736200000,736200000
0,7362,736200000,736200100,10387,17313,736300000,736300000
0,7363,736300000,736300100,10387,17313,736400000,736400000
0,7364,736400000,736400100,10387,17313,736500000,736500000
0,7365,736500000,736500100,10387,17313,736600000,736600000
0,7366,736600000,736600100,10387,17313,736700000,736700000
0,7367,736700000,736700100,10387,17313,736800000,736800000
0,7368,736800000,736800100,10387,17313,736900000,736900000
0,7369,736900000,736900100,10387,17313,737000000,737000000
0,7370,737000000,737000100,10387,17313,737100000,737100000
0,7371,737100000,737100100,10387,17313,737200000,737200000
0,7372,737200000,737200100,10387,17313,737300000,737300000
0,7373,737300000,737300100,10387,17313,737400000,737400000
0,7374,737400000,737400100,10387,17313,737500000,737500000
0,7375,737500000,737500100,10387,17313,737600000,737600000
0,7376,737600000,737600100,10387,17313,737700000,737700000
0,7377,737700000,737700100,10387,17313,737800000,737800000
0,7378,737800000,737800100,10387,17313,737900000,737900000
0,7379,737900000,737900100,10387,17313,738000000,738000000
0,7380,738000000,738000100,10387,17313,738100000,738100000
0,7381,738100000,738100100,10387,17313,738200000,738200000
0,7382,738200000,738200100,10387,17313,738300000,738300000
0,7383,738300000,738300100,10387,17313,738400000,738400000
0,7384,738400000,738400100,10387,17313,738500000,738500000
0,7385,738500000,738500100,10387,17313,738600000,738600000
0,7386,738600000,738600100,10387,17313,738700000,738700000
0,7387,738700000,738700100,10387,17313,738800000,738800000
0,7388,738800000,738800100,10387,17313,738900000,738900000
0,7389,738900000,738900100,10387,17313,739000000,739000000
0,7390,739000000,739000100,10387,17313,739100000,739100000
0,7391,739100000,739100100,10387,17313,739200000,739200000
0,7392,739200000,739200100,10387,17313,739300000,739300000
0,7393,739300000,739300100,10387,17313,739400000,739400000
0,7394,739400000,739400100,10387,17313,739500000,739500000
0,7395,739500000,739500100,10387,17313,739600000,739600000
0,7396,739600000,739600100,10387,17313,739700000,739700000
0,7397,739700000,739700100,10387,17313,739800000,739800000
0,7398,739800000,739800100,10387,17313,739900000,739900000
0,7399,739900000,739900100,10387,17313,740000000,740000000
0,7400,740000000,740000100,10387,17313,740100000,740100000
0,7401,740100000,740100100,10387,17313,740200000,740200000
0,7402,740200000,740200100,10387,17313,740300000,740300000
0,7403,740300000,740300100,10387,17313,740400000,740400000
0,7404,740400000,740400100,10387,17313,740500000,740500000
0,7405,740500000,740500100,10387,17313,740600000,740600000
0,7406,740600000,740600100,10387,17313,740700000,740700000
0,7407,740700000,740700100,10387,17313,740800000,740800000
0,7408,740800000,740800100,10387,17313,740900000,740900000
0,7409,740900000,740900100,10387,17313,741000000,741000000
0,7410,741000000,741000100,10387,17313,741100000,741100000
0,7411,741100000,741100100,10387,17313,741200000,741200000
0,7412,741200000,741200100,10387,17313,741300000,741300000
0,7413,741300000,741300100,10387,17313,741400000,741400000
0,7414,741400000,741400100,10387,17313,741500000,741500000
0,7415,741500000,741500100,10387,17313,741600000,741600000
0,7416,741600000,741600100,10387,17313,741700000,741700000
0,7417,741700000,741700100,10387,17313,741800000,741800000
0,7418,741800000,741800100,10387,17313,741900000,741900000
0,7419,741900000,741900100,10387,17313,742000000,742000000
0,7420,742000000,742000100,10387,17313,742100000,742100000
0,7421,742100000,742100100,10387,17313,742200000,742200000
0,7422,742200000,742200100,10387,17313,742300000,742300000
0,7423,742300000,742300100,10387,17313,742400000,742400000
0,7424,742400000,742400100,10387,17313,742500000,742500000
0,7425,742500000,742500100,10387,17313,742600000,742600000
0,7426,742600000,742600100,10387,17313,742700000,742700000
0,7427,742700000,742700100,10387,17313,742800000,742800000
0,7428,742800000,742800100,10387,17313,742900000,742900000
0,7429,742900000,742900100,10387,17313,743000000,743000000
0,7430,743000000,743000100,10387,17313,743100000,743100000
0,7431,743100000,743100100,10387,17313,743200000,743200000
0,7432,743200000,743200100,10387,17313,743300000,743300000
0,7433,743300000,743300100,10387,17313,743400000,743400000
0,7434,743400000,743400100,10387,17313,743500000,743500000
0,7435,743500000,743500100,10387,17313,743600000,743600000
0,7436,743600000,743600100,10387,17313,743700000,743700000
0,7437,743700000,743700100,10387,17313,743800000,743800000
0,7438,743800000,743800100,10387,17313,743900000,743900000
0,7439,743900000,743900100,10387,17313,744000000,744000000
0,7440,744000000,744000100,10387,17313,744100000,744100000
0,7441,744100000,744100100,10387,17313,744200000,744200000
0,7442,744200000,744200100,10387,17313,744300000,744300000
0,7443,744300000,744300100,10387,17313,744400000,744400000
0,7444,744400000,744400100,10387,17313,744500000,744500000
0,7445,744500000,744500100,10387,17313,744600000,744600000
0,7446,744600000,744600100,10387,17313,744700000,744700000
0,7447,744700000,744700100,10387,17313,744800000,744800000
0,7448,744800000,744800100,10387,17313,744900000,744900000
0,7449,744900000,744900100,10387,17313,745000000,745000000
0,7450,745000000,745000100,10387,17313,745100000,745100000
0,7451,745100000,745100100,10387,17313,745200000,745200000
0,7452,745200000,745200100,10387,17313,745300000,745300000
0,7453,745300000,745300100,10387,17313,745400000,745400000
0,7454,745400000,745400100,10387,17313,745500000,745500000
0,7455,745500000,745500100,10387,17313,745600000,745600000
0,7456,745600000,745600100,10387,17313,745700000,745700000
0,7457,745700000,745700100,10387,17313,745800000,745800000
0,7458,745800000,745800100,10387,17313,745900000,745900000
0,7459,745900000,745900100,10387,17313,746000000,746000000
0,7460,746000000,746000100,10387,17313,746100000,746100000
0,7461,746100000,746100100,10387,17313,746200000,746200000
0,7462,746200000,746200100,10387,17313,746300000,746300000
0,7463,746300000,746300100,10387,17313,746400000,746400000
0,7464,746400000,746400100,10387,17313,746500000,746500000
0,7465,746500000,746500100,10387,17313,746600000,746600000
0,7466,746600000,746600100,10387,17313,746700000,746700000
0,7467,746700000,746700100,10387,17313,746800000,746800000
0,7468,746800000,746800100,10387,17313,746900000,746900000
0,7469,746900000,746900100,10387,17313,747000000,747000000
0,7470,747000000,747000100,10387,17313,747100000,747100000
0,7471,747100000,747100100,10387,17313,747200000,747200000
0,7472,747200000,747200100,10387,17313,747300000,747300000
0,7473,747300000,747300100,10387,17313,747400000,747400000
0,7474,747400000,747400100,10387,17313,747500000,747500000
0,7475,747500000,747500100,10387,17313,747600000,747600000
0,7476,747600000,747600100,10387,17313,747700000,747700000
0,7477,747700000,747700100,10387,17313,747800000,747800000
0,7478,747800000,747800100,10387,17313,747900000,747900000
0,7479,747900000,747900100,10387,17313,748000000,748000000
0,7480,748000000,748000100,10387,17313,748100000,748100000
0,7481,748100000,748100100,10387,17313,748200000,748200000
0,7482,748200000,748200100,10387,17313,748300000,748300000
0,7483,748300000,748300100,10387,17313,748400000,748400000
0,7484,748400000,748400100,10387,17313,748500000,748500000
0,7485,748500000,748500100,10387,17313,748600000,748600000
0,7486,748600000,748600100,10387,17313,748700000,748700000
0,7487,748700000,748700100,10387,17313,748800000,748800000
0,7488,748800000,748800100,10387,17313,748900000,748900000
0,7489,748900000,748900100,10387,17313,749000000,749000000
0,7490,749000000,749000100,10387,17313,749100000,749100000
0,7491,749100000,749100100,10387,17313,749200000,749200000
0,7492,749200000,749200100,10387,17313,749300000,749300000
0,7493,749300000,749300100,10387,17313,749400000,749400000
0,7494,749400000,749400100,10387,17313,749500000,749500000
0,7495,749500000,749500100,10387,17313,749600000,749600000
0,7496,749600000,749600100,10387,17313,749700000,749700000
0,7497,749700000,749700100,10387,17313,749800000,749800000
0,7498,749800000,749800100,10387,17313,749900000,749900000
0,7499,749900000,749900100,10387,17313,750000000,750000000
0,7500,750000000,750000100,10387,17313,750100000,750100000
0,7501,750100000,750100100,10387,17313,750200000,750200000
0,7502,750200000,750200100,10387,17313,750300000,750300000
0,7503,750300000,750300100,10387,17313,750400000,750400000
0,7504,750400000,750400100,10387,17313,750500000,750500000
0,7505,750500000,750500100,10387,17313,750600000,750600000
0,7506,750600000,750600100,10387,17313,750700000,750700000
0,7507,750700000,750700100,10387,17313,750800000,750800000
0,7508,750800000,750800100,10387,17313,750900000,750900000
0,7509,750900000,750900100,10387,17313,751000000,751000000
0,7510,751000000,751000100,10387,17313,751100000,751100000
0,7511,751100000,751100100,10387,17313,751200000,751200000
0,7512,751200000,751200100,10387,17313,751300000,751300000
0,7513,751300000,751300100,10387,17313,751400000,751400000
0,7514,751400000,751400100,10387,17313,751500000,751500000
0,7515,751500000,751500100,10387,17313,751600000,751600000
0,7516,751600000,751600100,10387,17313,751700000,751700000
0,7517,751700000,751700100,10387,17313,751800000,751800000
0,7518,751800000,751800100,10387,17313,751900000,751900000
0,7519,751900000,751900100,10387,17313,752000000,752000000
0,7520,752000000,752000100,10387,17313,752100000,752100000
0,7521,752100000,752100100,10387,17313,752200000,752200000
0,7522,752200000,752200100,10387,17313,752300000,752300000
0,7523,752300000,752300100,10387,17313,752400000,752400000
0,7524,752400000,752400100,10387,17313,752500000,752500000
0,7525,752500000,752500100,10387,17313,752600000,752600000
0,7526,752600000,752600100,10387,17313,752700000,752700000
0,7527,752700000,752700100,10387,17313,752800000,752800000
0,7528,752800000,752800100,10387,17313,752900000,752900000
0,7529,752900000,752900100,10387,17313,753000000,753000000
0,7530,753000000,753000100,10387,17313,753100000,753100000
0,7531,753100000,753100100,10387,17313,753200000,753200000
0,7532,753200000,753200100,10387,17313,753300000,753300000
0,7533,753300000,753300100,10387,17313,753400000,753400000
0,7534,753400000,753400100,10387,17313,753500000,753500000
0,7535,753500000,753500100,10387,17313,753600000,753600000
0,7536,753600000,753600100,10387,17313,753700000,753700000
0,7537,753700000,753700100,10387,17313,753800000,753800000
0,7538,753800000,753800100,10387,17313,753900000,753900000
0,7539,753900000,753900100,10387,17313,754000000,754000000
0,7540,754000000,754000100,10387,17313,754100000,754100000
0,7541,754100000,754100100,10387,17313,754200000,754200000
0,7542,754200000,754200100,10387,17313,754300000,754300000
0,7543,754300000,754300100,10387,17313,754400000,754400000
0,7544,754400000,754400100,10387,17313,754500000,754500000
0,7545,754500000,754500100,10387,17313,754600000,754600000
0,7546,754600000,754600100,10387,17313,754700000,754700000
0,7547,754700000,754700100,10387,17313,754800000,754800000
0,7548,754800000,754800100,10387,17313,754900000,754900000
0,7549,754900000,754900100,10387,17313,755000000,755000000
0,7550,755000000,755000100,10387,17313,755100000,755100000
0,7551,755100000,755100100,10387,17313,755200000,755200000
0,7552,755200000,755200100,10387,17313,755300000,755300000
0,7553,755300000,755300100,10387,17313,755400000,755400000
0,7554,755400000,755400100,10387,17313,755500000,755500000
0,7555,755500000,755500100,10387,17313,755600000,755600000
0,7556,755600000,755600100,10387,17313,755700000,755700000
0,7557,755700000,755700100,10387,17313,755800000,755800000
0,7558,755800000,755800100,10387,17313,755900000,755900000
0,7559,755900000,755900100,10387,17313,756000000,756000000
0,7560,756000000,756000100,10387,17313,756100000,756100000
0,7561,756100000,756100100,10387,17313,756200000,756200000
0,7562,756200000,756200100,10387,17313,756300000,756300000
0,7563,756300000,756300100,10387,17313,756400000,756400000
0,7564,756400000,756400100,10387,17313,756500000,756500000
0,7565,756500000,756500100,10387,17313,756600000,756600000
0,7566,756600000,756600100,10387,17313,756700000,756700000
0,7567,756700000,756700100,10387,17313,756800000,756800000
0,7568,756800000,756800100,10387,17313,756900000,756900000
0,7569,756900000,756900100,10387,17313,757000000,757000000
0,7570,757000000,757000100,10387,17313,757100000,757100000
0,7571,757100000,757100100,10387,17313,757200000,757200000
0,7572,757200000,757200100,10387,17313,757300000,757300000
0,7573,757300000,757300100,10387,17313,757400000,757400000
0,7574,757400000,757400100,10387,17313,757500000,757500000
0,7575,757500000,757500100,10387,17313,757600000,757600000
0,7576,757600000,757600100,10387,17313,757700000,757700000
0,7577,757700000,757700100,10387,17313,757800000,757800000
0,7578,757800000,757800100,10387,17313,757900000,757900000
0,7579,757900000,757900100,10387,17313,758000000,758000000
0,7580,758000000,758000100,10387,17313,758100000,758100000
0,7581,758100000,758100100,10387,17313,758200000,758200000
0,7582,758200000,758200100,10387,17313,758300000,758300000
0,7583,758300000,758300100,10387,17313,758400000,758400000
0,7584,758400000,758400100,10387,17313,758500000,758500000
0,7585,758500000,758500100,10387,17313,758600000,758600000
0,7586,758600000,758600100,10387,17313,758700000,758700000
0,7587,758700000,758700100,10387,17313,758800000,758800000
0,7588,758800000,758800100,10387,17313,758900000,758900000
0,7589,758900000,758900100,10387,17313,759000000,759000000
0,7590,759000000,759000100,10387,17313,759100000,759100000
0,7591,759100000,759100100,10387,17313,759200000,759200000
0,7592,759200000,759200100,10387,17313,759300000,759300000
0,7593,759300000,759300100,10387,17313,759400000,759400000
0,7594,759400000,759400100,10387,17313,759500000,759500000
0,7595,759500000,759500100,10387,17313,759600000,759600000
0,7596,759600000,759600100,10387,17313,759700000,759700000
0,7597,759700000,759700100,10387,17313,759800000,759800000
0,7598,759800000,759800100,10387,17313,759900000,759900000
0,7599,759900000,759900100,10387,17313,760000000,760000000
0,7600,760000000,760000100,10387,17313,760100000,760100000
0,7601,760100000,760100100,10387,17313,760200000,760200000
0,7602,760200000,760200100,10387,17313,760300000,760300000
0,7603,760300000,760300100,10387,17313,760400000,760400000
0,7604,760400000,760400100,10387,17313,760500000,760500000
0,7605,760500000,760500100,10387,17313,760600000,760600000
0,7606,760600000,760600100,10387,17313,760700000,760700000
0,7607,760700000,760700100,10387,17313,760800000,760800000
0,7608,760800000,760800100,10387,17313,760900000,760900000
0,7609,760900000,760900100,10387,17313,761000000,761000000
0,7610,761000000,761000100,10387,17313,761100000,761100000
0,7611,761100000,761100100,10387,17313,761200000,761200000
0,7612,761200000,761200100,10387,17313,761300000,761300000
0,7613,761300000,761300100,10387,17313,761400000,761400000
0,7614,761400000,761400100,10387,17313,761500000,761500000
0,7615,761500000,761500100,10387,17313,761600000,761600000
0,7616,761600000,761600100,10387,17313,761700000,761700000
0,7617,761700000,761700100,10387,17313,761800000,761800000
0,7618,761800000,761800100,10387,17313,761900000,761900000
0,7619,761900000,761900100,10387,17313,762000000,762000000
0,7620,762000000,762000100,10387,17313,762100000,762100000
0,7621,762100000,762100100,10387,17313,762200000,762200000
0,7622,762200000,762200100,10387,17313,762300000,762300000
0,7623,762300000,762300100,10387,17313,762400000,762400000
0,7624,762400000,762400100,10387,17313,762500000,762500000
0,7625,762500000,762500100,10387,17313,762600000,762600000
0,7626,762600000,762600100,10387,17313,762700000,762700000
0,7627,762700000,762700100,10387,17313,762800000,762800000
0,7628,762800000,762800100,10387,17313,762900000,762900000
0,7629,762900000,762900100,10387,17313,763000000,763000000
0,7630,763000000,763000100,10387,17313,763100000,763100000
0,7631,763100000,763100100,10387,17313,763200000,763200000
0,7632,763200000,763200100,10387,17313,763300000,763300000
0,7633,763300000,763300100,10387,17313,763400000,763400000
0,7634,763400000,763400100,10387,17313,763500000,763500000
0,7635,763500000,763500100,10387,17313,763600000,763600000
0,7636,763600000,763600100,10387,17313,763700000,763700000
0,7637,763700000,763700100,10387,17313,763800000,763800000
0,7638,763800000,763800100,10387,17313,763900000,763900000
0,7639,763900000,763900100,10387,17313,764000000,764000000
0,7640,764000000,764000100,10387,17313,764100000,764100000
0,7641,764100000,764100100,10387,17313,764200000,764200000
0,7642,764200000,764200100,10387,17313,764300000,764300000
0,7643,764300000,764300100,10387,17313,764400000,764400000
0,7644,764400000,764400100,10387,17313,764500000,764500000
0,7645,764500000,764500100,10387,17313,764600000,764600000
0,7646,764600000,764600100,10387,17313,764700000,764700000
0,7647,764700000,764700100,10387,17313,764800000,764800000
0,7648,764800000,764800100,10387,17313,764900000,764900000
0,7649,764900000,764900100,10387,17313,765000000,765000000
0,7650,765000000,765000100,10387,17313,765100000,765100000
0,7651,765100000,765100100,10387,17313,765200000,765200000
0,7652,765200000,765200100,10387,17313,765300000,765300000
0,7653,765300000,765300100,10387,17313,765400000,765400000
0,7654,765400000,765400100,10387,17313,765500000,765500000
0,7655,765500000,765500100,10387,17313,765600000,765600000
0,7656,765600000,765600100,10387,17313,765700000,765700000
0,7657,765700000,765700100,10387,17313,765800000,765800000
0,7658,765800000,765800100,10387,17313,765900000,765900000
0,7659,765900000,765900100,10387,17313,766000000,766000000
0,7660,766000000,766000100,10387,17313,766100000,766100000
0,7661,766100000,766100100,10387,17313,766200000,766200000
0,7662,766200000,766200100,10387,17313,766300000,766300000
0,7663,766300000,766300100,10387,17313,766400000,766400000
0,7664,766400000,766400100,10387,17313,766500000,766500000
0,7665,766500000,766500100,10387,17313,766600000,766600000
0,7666,766600000,766600100,10387,17313,766700000,766700000
0,7667,766700000,766700100,10387,17313,766800000,766800000
0,7668,766800000,766800100,10387,17313,766900000,766900000
0,7669,766900000,766900100,10387,17313,767000000,767000000
0,7670,767000000,767000100,10387,17313,767100000,767100000
0,7671,767100000,767100100,10387,17313,767200000,767200000
0,7672,767200000,767200100,10387,17313,767300000,767300000
0,7673,767300000,767300100,10387,17313,767400000,767400000
0,7674,767400000,767400100,10387,17313,767500000,767500000
0,7675,767500000,767500100,10387,17313,767600000,767600000
0,7676,767600000,767600100,10387,17313,767700000,767700000
0,7677,767700000,767700100,10387,17313,767800000,767800000
0,7678,767800000,767800100,10387,17313,767900000,767900000
0,7679,767900000,767900100,10387,17313,768000000,768000000
0,7680,768000000,768000100,10387,17313,768100000,768100000
0,7681,768100000,768100100,10387,17313,768200000,768200000
0,7682,768200000,768200100,10387,17313,768300000,768300000
0,7683,768300000,768300100,10387,17313,768400000,768400000
0,7684,768400000,768400100,10387,17313,768500000,768500000
0,7685,768500000,768500100,10387,17313,768600000,768600000
0,7686,768600000,768600100,10387,17313,768700000,768700000
0,7687,768700000,768700100,10387,17313,768800000,768800000
0,7688,768800000,768800100,10387,17313,768900000,768900000
0,7689,768900000,768900100,10387,17313,769000000,769000000
0,7690,769000000,769000100,10387,17313,769100000,769100000
0,7691,769100000,769100100,10387,17313,769200000,769200000
0,7692,769200000,769200100,10387,17313,769300000,769300000
0,7693,769300000,769300100,10387,17313,769400000,769400000
0,7694,769400000,769400100,10387,17313,769500000,769500000
0,7695,769500000,769500100,10387,17313,769600000,769600000
0,7696,769600000,769600100,10387,17313,769700000,769700000
0,7697,769700000,769700100,10387,17313,769800000,769800000
0,7698,769800000,769800100,10387,17313,769900000,769900000
0,7699,769900000,769900100,10387,17313,770000000,770000000
0,7700,770000000,770000100,10387,17313,770100000,770100000
0,7701,770100000,770100100,10387,17313,770200000,770200000
0,7702,770200000,770200100,10387,17313,770300000,770300000
0,7703,770300000,770300100,10387,17313,770400000,770400000
0,7704,770400000,770400100,10387,17313,770500000,770500000
0,7705,770500000,770500100,10387,17313,770600000,770600000
0,7706,770600000,770600100,10387,17313,770700000,770700000
0,7707,770700000,770700100,10387,17313,770800000,770800000
0,7708,770800000,770800100,10387,17313,770900000,770900000
0,7709,770900000,770900100,10387,17313,771000000,771000000
0,7710,771000000,771000100,10387,17313,771100000,771100000
0,7711,771100000,771100100,10387,17313,771200000,771200000
0,7712,771200000,771200100,10387,17313,771300000,771300000
0,7713,771300000,771300100,10387,17313,771400000,771400000
0,7714,771400000,771400100,10387,17313,771500000,771500000
0,7715,771500000,771500100,10387,17313,771600000,771600000
0,7716,771600000,771600100,10387,17313,771700000,771700000
0,7717,771700000,771700100,10387,17313,771800000,771800000
0,7718,771800000,771800100,10387,17313,771900000,771900000
0,7719,771900000,771900100,10387,17313,772000000,772000000
0,7720,772000000,772000100,10387,17313,772100000,772100000
0,7721,772100000,772100100,10387,17313,772200000,772200000
0,7722,772200000,772200100,10387,17313,772300000,772300000
0,7723,772300000,772300100,10387,17313,772400000,772400000
0,7724,772400000,772400100,10387,17313,772500000,772500000
0,7725,772500000,772500100,10387,17313,772600000,772600000
0,7726,772600000,772600100,10387,17313,772700000,772700000
0,7727,772700000,772700100,10387,17313,772800000,772800000
0,7728,772800000,772800100,10387,17313,772900000,772900000
0,7729,772900000,772900100,10387,17313,773000000,773000000
0,7730,773000000,773000100,10387,17313,773100000,773100000
0,7731,773100000,773100100,10387,17313,773200000,773200000
0,7732,773200000,773200100,10387,17313,773300000,773300000
0,7733,773300000,773300100,10387,17313,773400000,773400000
0,7734,773400000,773400100,10387,17313,773500000,773500000
0,7735,773500000,773500100,10387,17313,773600000,773600000
0,7736,773600000,773600100,10387,17313,773700000,773700000
0,7737,773700000,773700100,10387,17313,773800000,773800000
0,7738,773800000,773800100,10387,17313,773900000,773900000
0,7739,773900000,773900100,10387,17313,774000000,774000000
0,7740,774000000,774000100,10387,17313,774100000,774100000
0,7741,774100000,774100100,10387,17313,774200000,774200000
0,7742,774200000,774200100,10387,17313,774300000,774300000
0,7743,774300000,774300100,10387,17313,774400000,774400000
0,7744,774400000,774400100,10387,17313,774500000,774500000
0,7745,774500000,774500100,10387,17313,774600000,774600000
0,7746,774600000,774600100,10387,17313,774700000,774700000
0,7747,774700000,774700100,10387,17313,774800000,774800000
0,7748,774800000,774800100,10387,17313,774900000,774900000
0,7749,774900000,774900100,10387,17313,775000000,775000000
0,7750,775000000,775000100,10387,17313,775100000,775100000
0,7751,775100000,775100100,10387,17313,775200000,775200000
0,7752,775200000,775200100,10387,17313,775300000,775300000
0,7753,775300000,775300100,10387,17313,775400000,775400000
0,7754,775400000,775400100,10387,17313,775500000,775500000
0,7755,775500000,775500100,10387,17313,775600000,775600000
0,7756,775600000,775600100,10387,17313,775700000,775700000
0,7757,775700000,775700100,10387,17313,775800000,775800000
0,7758,775800000,775800100,10387,17313,775900000,775900000
0,7759,775900000,775900100,10387,17313,776000000,776000000
0,7760,776000000,776000100,10387,17313,776100000,776100000
0,7761,776100000,776100100,10387,17313,776200000,776200000
0,7762,776200000,776200100,10387,17313,776300000,776300000
0,7763,776300000,776300100,10387,17313,776400000,776400000
0,7764,776400000,776400100,10387,17313,776500000,776500000
0,7765,776500000,776500100,10387,17313,776600000,776600000
0,7766,776600000,776600100,10387,17313,776700000,776700000
0,7767,776700000,776700100,10387,17313,776800000,776800000
0,7768,776800000,776800100,10387,17313,776900000,776900000
0,7769,776900000,776900100,10387,17313,777000000,777000000
0,7770,777000000,777000100,10387,17313,777100000,777100000
0,7771,777100000,777100100,10387,17313,777200000,777200000
0,7772,777200000,777200100,10387,17313,777300000,777300000
0,7773,777300000,777300100,10387,17313,777400000,777400000
0,7774,777400000,777400100,10387,17313,777500000,777500000
0,7775,777500000,777500100,10387,17313,777600000,777600000
0,7776,777600000,777600100,10387,17313,777700000,777700000
0,7777,777700000,777700100,10387,17313,777800000,777800000
0,7778,777800000,777800100,10387,17313,777900000,777900000
0,7779,777900000,777900100,10387,17313,778000000,778000000
0,7780,778000000,778000100,10387,17313,778100000,778100000
0,7781,778100000,778100100,10387,17313,778200000,778200000
0,7782,778200000,778200100,10387,17313,778300000,778300000
0,7783,778300000,778300100,10387,17313,778400000,778400000
0,7784,778400000,778400100,10387,17313,778500000,778500000
0,7785,778500000,778500100,10387,17313,778600000,778600000
0,7786,778600000,778600100,10387,17313,778700000,778700000
0,7787,778700000,778700100,10387,17313,778800000,778800000
0,7788,778800000,778800100,10387,17313,778900000,778900000
0,7789,778900000,778900100,10387,17313,779000000,779000000
0,7790,779000000,779000100,10387,17313,779100000,779100000
0,7791,779100000,779100100,10387,17313,779200000,779200000
0,7792,779200000,779200100,10387,17313,779300000,779300000
0,7793,779300000,779300100,10387,17313,779400000,779400000
0,7794,779400000,779400100,10387,17313,779500000,779500000
0,7795,779500000,779500100,10387,17313,779600000,779600000
0,7796,779600000,779600100,10387,17313,779700000,779700000
0,7797,779700000,779700100,10387,17313,779800000,779800000
0,7798,779800000,779800100,10387,17313,779900000,779900000
0,7799,779900000,779900100,10387,17313,780000000,780000000
0,7800,780000000,780000100,10387,17313,780100000,780100000
0,7801,780100000,780100100,10387,17313,780200000,780200000
0,7802,780200000,780200100,10387,17313,780300000,780300000
0,7803,780300000,780300100,10387,17313,780400000,780400000
0,7804,780400000,780400100,10387,17313,780500000,780500000
0,7805,780500000,780500100,10387,17313,780600000,780600000
0,7806,780600000,780600100,10387,17313,780700000,780700000
0,7807,780700000,780700100,10387,17313,780800000,780800000
0,7808,780800000,780800100,10387,17313,780900000,780900000
0,7809,780900000,780900100,10387,17313,781000000,781000000
0,7810,781000000,781000100,10387,17313,781100000,781100000
0,7811,781100000,781100100,10387,17313,781200000,781200000
0,7812,781200000,781200100,10387,17313,781300000,781300000
0,7813,781300000,781300100,10387,17313,781400000,781400000
0,7814,781400000,781400100,10387,17313,781500000,781500000
0,7815,781500000,781500100,10387,17313,781600000,781600000
0,7816,781600000,781600100,10387,17313,781700000,781700000
0,7817,781700000,781700100,10387,17313,781800000,781800000
0,7818,781800000,781800100,10387,17313,781900000,781900000
0,7819,781900000,781900100,10387,17313,782000000,782000000
0,7820,782000000,782000100,10387,17313,782100000,782100000
0,7821,782100000,782100100,10387,17313,782200000,782200000
0,7822,782200000,782200100,10387,17313,782300000,782300000
0,7823,782300000,782300100,10387,17313,782400000,782400000
0,7824,782400000,782400100,10387,17313,782500000,782500000
0,7825,782500000,782500100,10387,17313,782600000,782600000
0,7826,782600000,782600100,10387,17313,782700000,782700000
0,7827,782700000,782700100,10387,17313,782800000,782800000
0,7828,782800000,782800100,10387,17313,782900000,782900000
0,7829,782900000,782900100,10387,17313,783000000,783000000
0,7830,783000000,783000100,10387,17313,783100000,783100000
0,7831,783100000,783100100,10387,17313,783200000,783200000
0,7832,783200000,783200100,10387,17313,783300000,783300000
0,7833,783300000,783300100,10387,17313,783400000,783400000
0,7834,783400000,783400100,10387,17313,783500000,783500000
0,7835,783500000,783500100,10387,17313,783600000,783600000
0,7836,783600000,783600100,10387,17313,783700000,783700000
0,7837,783700000,783700100,10387,17313,783800000,783800000
0,7838,783800000,783800100,10387,17313,783900000,783900000
0,7839,783900000,783900100,10387,17313,784000000,784000000
0,7840,784000000,784000100,10387,17313,784100000,784100000
0,7841,784100000,784100100,10387,17313,784200000,784200000
0,7842,784200000,784200100,10387,17313,784300000,784300000
0,7843,784300000,784300100,10387,17313,784400000,784400000
0,7844,784400000,784400100,10387,17313,784500000,784500000
0,7845,784500000,784500100,10387,17313,784600000,784600000
0,7846,784600000,784600100,10387,17313,784700000,784700000
0,7847,784700000,784700100,10387,17313,784800000,784800000
0,7848,784800000,784800100,10387,17313,784900000,784900000
0,7849,784900000,784900100,10387,17313,785000000,785000000
0,7850,785000000,785000100,10387,17313,785100000,785100000
0,7851,785100000,785100100,10387,17313,785200000,785200000
0,7852,785200000,785200100,10387,17313,785300000,785300000
0,7853,785300000,785300100,10387,17313,785400000,785400000
0,7854,785400000,785400100,10387,17313,785500000,785500000
0,7855,785500000,785500100,10387,17313,785600000,785600000
0,7856,785600000,785600100,10387,17313,785700000,785700000
0,7857,785700000,785700100,10387,17313,785800000,785800000
0,7858,785800000,785800100,10387,17313,785900000,785900000
0,7859,785900000,785900100,10387,17313,786000000,786000000
0,7860,786000000,786000100,10387,17313,786100000,786100000
0,7861,786100000,786100100,10387,17313,786200000,786200000
0,7862,786200000,786200100,10387,17313,786300000,786300000
0,7863,786300000,786300100,10387,17313,786400000,786400000
0,7864,786400000,786400100,10387,17313,786500000,786500000
0,7865,786500000,786500100,10387,17313,786600000,786600000
0,7866,786600000,786600100,10387,17313,786700000,786700000
0,7867,786700000,786700100,10387,17313,786800000,786800000
0,7868,786800000,786800100,10387,17313,786900000,786900000
0,7869,786900000,786900100,10387,17313,787000000,787000000
0,7870,787000000,787000100,10387,17313,787100000,787100000
0,7871,787100000,787100100,10387,17313,787200000,787200000
0,7872,787200000,787200100,10387,17313,787300000,787300000
0,7873,787300000,787300100,10387,17313,787400000,787400000
0,7874,787400000,787400100,10387,17313,787500000,787500000
0,7875,787500000,787500100,10387,17313,787600000,787600000
0,7876,787600000,787600100,10387,17313,787700000,787700000
0,7877,787700000,787700100,10387,17313,787800000,787800000
0,7878,787800000,787800100,10387,17313,787900000,787900000
0,7879,787900000,787900100,10387,17313,788000000,788000000
0,7880,788000000,788000100,10387,17313,788100000,788100000
0,7881,788100000,788100100,10387,17313,788200000,788200000
0,7882,788200000,788200100,10387,17313,788300000,788300000
0,7883,788300000,788300100,10387,17313,788400000,788400000
0,7884,788400000,788400100,10387,17313,788500000,788500000
0,7885,788500000,788500100,10387,17313,788600000,788600000
0,7886,788600000,788600100,10387,17313,788700000,788700000
0,7887,788700000,788700100,10387,17313,788800000,788800000
0,7888,788800000,788800100,10387,17313,788900000,788900000
0,7889,788900000,788900100,10387,17313,789000000,789000000
0,7890,789000000,789000100,10387,17313,789100000,789100000
0,7891,789100000,789100100,10387,17313,789200000,789200000
0,7892,789200000,789200100,10387,17313,789300000,789300000
0,7893,789300000,789300100,10387,17313,789400000,789400000
0,7894,789400000,789400100,10387,17313,789500000,789500000
0,7895,789500000,789500100,10387,17313,789600000,789600000
0,7896,789600000,789600100,10387,17313,789700000,789700000
0,7897,789700000,789700100,10387,17313,789800000,789800000
0,7898,789800000,789800100,10387,17313,789900000,789900000
0,7899,789900000,789900100,10387,17313,790000000,790000000
0,7900,790000000,790000100,10387,17313,790100000,790100000
0,7901,790100000,790100100,10387,17313,790200000,790200000
0,7902,790200000,790200100,10387,17313,790300000,790300000
0,7903,790300000,790300100,10387,17313,790400000,790400000
0,7904,790400000,790400100,10387,17313,790500000,790500000
0,7905,790500000,790500100,10387,17313,790600000,790600000
0,7906,790600000,790600100,10387,17313,790700000,790700000
0,7907,790700000,790700100,10387,17313,790800000,790800000
0,7908,790800000,790800100,10387,17313,790900000,790900000
0,7909,790900000,790900100,10387,17313,791000000,791000000
0,7910,791000000,791000100,10387,17313,791100000,791100000
0,7911,791100000,791100100,10387,17313,791200000,791200000
0,7912,791200000,791200100,10387,17313,791300000,791300000
0,7913,791300000,791300100,10387,17313,791400000,791400000
0,7914,791400000,791400100,10387,17313,791500000,791500000
0,7915,791500000,791500100,10387,17313,791600000,791600000
0,7916,791600000,791600100,10387,17313,791700000,791700000
0,7917,791700000,791700100,10387,17313,791800000,791800000
0,7918,791800000,791800100,10387,17313,791900000,791900000
0,7919,791900000,791900100,10387,17313,792000000,792000000
0,7920,792000000,792000100,10387,17313,792100000,792100000
0,7921,792100000,792100100,10387,17313,792200000,792200000
0,7922,792200000,792200100,10387,17313,792300000,792300000
0,7923,792300000,792300100,10387,17313,792400000,792400000
0,7924,792400000,792400100,10387,17313,792500000,792500000
0,7925,792500000,792500100,10387,17313,792600000,792600000
0,7926,792600000,792600100,10387,17313,792700000,792700000
0,7927,792700000,792700100,10387,17313,792800000,792800000
0,7928,792800000,792800100,10387,17313,792900000,792900000
0,7929,792900000,792900100,10387,17313,793000000,793000000
0,7930,793000000,793000100,10387,17313,793100000,793100000
0,7931,793100000,793100100,10387,17313,793200000,793200000
0,7932,793200000,793200100,10387,17313,793300000,793300000
0,7933,793300000,793300100,10387,17313,793400000,793400000
0,7934,793400000,793400100,10387,17313,793500000,793500000
0,7935,793500000,793500100,10387,17313,793600000,793600000
0,7936,793600000,793600100,10387,17313,793700000,793700000
0,7937,793700000,793700100,10387,17313,793800000,793800000
0,7938,793800000,793800100,10387,17313,793900000,793900000
0,7939,793900000,793900100,10387,17313,794000000,794000000
0,7940,794000000,794000100,10387,17313,794100000,794100000
0,7941,794100000,794100100,10387,17313,794200000,794200000
0,7942,794200000,794200100,10387,17313,794300000,794300000
0,7943,794300000,794300100,10387,17313,794400000,794400000
0,7944,794400000,794400100,10387,17313,794500000,794500000
0,7945,794500000,794500100,10387,17313,794600000,794600000
0,7946,794600000,794600100,10387,17313,794700000,794700000
0,7947,794700000,794700100,10387,17313,794800000,794800000
0,7948,794800000,794800100,10387,17313,794900000,794900000
0,7949,794900000,794900100,10387,17313,795000000,795000000
0,7950,795000000,795000100,10387,17313,795100000,795100000
0,7951,795100000,795100100,10387,17313,795200000,795200000
0,7952,795200000,795200100,10387,17313,795300000,795300000
0,7953,795300000,795300100,10387,17313,795400000,795400000
0,7954,795400000,795400100,10387,17313,795500000,795500000
0,7955,795500000,795500100,10387,17313,795600000,795600000
0,7956,795600000,795600100,10387,17313,795700000,795700000
0,7957,795700000,795700100,10387,17313,795800000,795800000
0,7958,795800000,795800100,10387,17313,795900000,795900000
0,7959,795900000,795900100,10387,17313,796000000,796000000
0,7960,796000000,796000100,10387,17313,796100000,796100000
0,7961,796100000,796100100,10387,17313,796200000,796200000
0,7962,796200000,796200100,10387,17313,796300000,796300000
0,7963,796300000,796300100,10387,17313,796400000,796400000
0,7964,796400000,796400100,10387,17313,796500000,796500000
0,7965,796500000,796500100,10387,17313,796600000,796600000
0,7966,796600000,796600100,10387,17313,796700000,796700000
0,7967,796700000,796700100,10387,17313,796800000,796800000
0,7968,796800000,796800100,10387,17313,796900000,796900000
0,7969,796900000,796900100,10387,17313,797000000,797000000
0,7970,797000000,797000100,10387,17313,797100000,797100000
0,7971,797100000,797100100,10387,17313,797200000,797200000
0,7972,797200000,797200100,10387,17313,797300000,797300000
0,7973,797300000,797300100,10387,17313,797400000,797400000
0,7974,797400000,797400100,10387,17313,797500000,797500000
0,7975,797500000,797500100,10387,17313,797600000,797600000
0,7976,797600000,797600100,10387,17313,797700000,797700000
0,7977,797700000,797700100,10387,17313,797800000,797800000
0,7978,797800000,797800100,10387,17313,797900000,797900000
0,7979,797900000,797900100,10387,17313,798000000,798000000
0,7980,798000000,798000100,10387,17313,798100000,798100000
0,7981,798100000,798100100,10387,17313,798200000,798200000
0,7982,798200000,798200100,10387,17313,798300000,798300000
0,7983,798300000,798300100,10387,17313,798400000,798400000
0,7984,798400000,798400100,10387,17313,798500000,798500000
0,7985,798500000,798500100,10387,17313,798600000,798600000
0,7986,798600000,798600100,10387,17313,798700000,798700000
0,7987,798700000,798700100,10387,17313,798800000,798800000
0,7988,798800000,798800100,10387,17313,798900000,798900000
0,7989,798900000,798900100,10387,17313,799000000,799000000
0,7990,799000000,799000100,10387,17313,799100000,799100000
0,7991,799100000,799100100,10387,17313,799200000,799200000
0,7992,799200000,799200100,10387,17313,799300000,799300000
0,7993,799300000,799300100,10387,17313,799400000,799400000
0,7994,799400000,799400100,10387,17313,799500000,799500000
0,7995,799500000,799500100,10387,17313,799600000,799600000
0,7996,799600000,799600100,10387,17313,799700000,799700000
0,7997,799700000,799700100,10387,17313,799800000,799800000
0,7998,799800000,799800100,10387,17313,799900000,799900000
0,7999,799900000,799900100,10387,17313,800000000,800000000
0,8000,800000000,800000100,10387,17313,800100000,800100000
0,8001,800100000,800100100,10387,17313,800200000,800200000
0,8002,800200000,800200100,10387,17313,800300000,800300000
0,8003,800300000,800300100,10387,17313,800400000,800400000
0,8004,800400000,800400100,10387,17313,800500000,800500000
0,8005,800500000,800500100,10387,17313,800600000,800600000
0,8006,800600000,800600100,10387,17313,800700000,800700000
0,8007,800700000,800700100,10387,17313,800800000,800800000
0,8008,800800000,800800100,10387,17313,800900000,800900000
0,8009,800900000,800900100,10387,17313,801000000,801000000
0,8010,801000000,801000100,10387,17313,801100000,801100000
0,8011,801100000,801100100,10387,17313,801200000,801200000
0,8012,801200000,801200100,10387,17313,801300000,801300000
0,8013,801300000,801300100,10387,17313,801400000,801400000
0,8014,801400000,801400100,10387,17313,801500000,801500000
0,8015,801500000,801500100,10387,17313,801600000,801600000
0,8016,801600000,801600100,10387,17313,801700000,801700000
0,8017,801700000,801700100,10387,17313,801800000,801800000
0,8018,801800000,801800100,10387,17313,801900000,801900000
0,8019,801900000,801900100,10387,17313,802000000,802000000
0,8020,802000000,802000100,10387,17313,802100000,802100000
0,8021,802100000,802100100,10387,17313,802200000,802200000
0,8022,802200000,802200100,10387,17313,802300000,802300000
0,8023,802300000,802300100,10387,17313,802400000,802400000
0,8024,802400000,802400100,10387,17313,802500000,802500000
0,8025,802500000,802500100,10387,17313,802600000,802600000
0,8026,802600000,802600100,10387,17313,802700000,802700000
0,8027,802700000,802700100,10387,17313,802800000,802800000
0,8028,802800000,802800100,10387,17313,802900000,802900000
0,8029,802900000,802900100,10387,17313,803000000,803000000
0,8030,803000000,803000100,10387,17313,803100000,803100000
0,8031,803100000,803100100,10387,17313,803200000,803200000
0,8032,803200000,803200100,10387,17313,803300000,803300000
0,8033,803300000,803300100,10387,17313,803400000,803400000
0,8034,803400000,803400100,10387,17313,803500000,803500000
0,8035,803500000,803500100,10387,17313,803600000,803600000
0,8036,803600000,803600100,10387,17313,803700000,803700000
0,8037,803700000,803700100,10387,17313,803800000,803800000
0,8038,803800000,803800100,10387,17313,803900000,803900000
0,8039,803900000,803900100,10387,17313,804000000,804000000
0,8040,804000000,804000100,10387,17313,804100000,804100000
0,8041,804100000,804100100,10387,17313,804200000,804200000
0,8042,804200000,804200100,10387,17313,804300000,804300000
0,8043,804300000,804300100,10387,17313,804400000,804400000
0,8044,804400000,804400100,10387,17313,804500000,804500000
0,8045,804500000,804500100,10387,17313,804600000,804600000
0,8046,804600000,804600100,10387,17313,804700000,804700000
0,8047,804700000,804700100,10387,17313,804800000,804800000
0,8048,804800000,804800100,10387,17313,804900000,804900000
0,8049,804900000,804900100,10387,17313,805000000,805000000
0,8050,805000000,805000100,10387,17313,805100000,805100000
0,8051,805100000,805100100,10387,17313,805200000,805200000
0,8052,805200000,805200100,10387,17313,805300000,805300000
0,8053,805300000,805300100,10387,17313,805400000,805400000
0,8054,805400000,805400100,10387,17313,805500000,805500000
0,8055,805500000,805500100,10387,17313,805600000,805600000
0,8056,805600000,805600100,10387,17313,805700000,805700000
0,8057,805700000,805700100,10387,17313,805800000,805800000
0,8058,805800000,805800100,10387,17313,805900000,805900000
0,8059,805900000,805900100,10387,17313,806000000,806000000
0,8060,806000000,806000100,10387,17313,806100000,806100000
0,8061,806100000,806100100,10387,17313,806200000,806200000
0,8062,806200000,806200100,10387,17313,806300000,806300000
0,8063,806300000,806300100,10387,17313,806400000,806400000
0,8064,806400000,806400100,10387,17313,806500000,806500000
0,8065,806500000,806500100,10387,17313,806600000,806600000
0,8066,806600000,806600100,10387,17313,806700000,806700000
0,8067,806700000,806700100,10387,17313,806800000,806800000
0,8068,806800000,806800100,10387,17313,806900000,806900000
0,8069,806900000,806900100,10387,17313,807000000,807000000
0,8070,807000000,807000100,10387,17313,807100000,807100000
0,8071,807100000,807100100,10387,17313,807200000,807200000
0,8072,807200000,807200100,10387,17313,807300000,807300000
0,8073,807300000,807300100,10387,17313,807400000,807400000
0,8074,807400000,807400100,10387,17313,807500000,807500000
0,8075,807500000,807500100,10387,17313,807600000,807600000
0,8076,807600000,807600100,10387,17313,807700000,807700000
0,8077,807700000,807700100,10387,17313,807800000,807800000
0,8078,807800000,807800100,10387,17313,807900000,807900000
0,8079,807900000,807900100,10387,17313,808000000,808000000
0,8080,808000000,808000100,10387,17313,808100000,808100000
0,8081,808100000,808100100,10387,17313,808200000,808200000
0,8082,808200000,808200100,10387,17313,808300000,808300000
0,8083,808300000,808300100,10387,17313,808400000,808400000
0,8084,808400000,808400100,10387,17313,808500000,808500000
0,8085,808500000,808500100,10387,17313,808600000,808600000
0,8086,808600000,808600100,10387,17313,808700000,808700000
0,8087,808700000,808700100,10387,17313,808800000,808800000
0,8088,808800000,808800100,10387,17313,808900000,808900000
0,8089,808900000,808900100,10387,17313,809000000,809000000
0,8090,809000000,809000100,10387,17313,809100000,809100000
0,8091,809100000,809100100,10387,17313,809200000,809200000
0,8092,809200000,809200100,10387,17313,809300000,809300000
0,8093,809300000,809300100,10387,17313,809400000,809400000
0,8094,809400000,809400100,10387,17313,809500000,809500000
0,8095,809500000,809500100,10387,17313,809600000,809600000
0,8096,809600000,809600100,10387,17313,809700000,809700000
0,8097,809700000,809700100,10387,17313,809800000,809800000
0,8098,809800000,809800100,10387,17313,809900000,809900000
0,8099,809900000,809900100,10387,17313,810000000,810000000
0,8100,810000000,810000100,10387,17313,810100000,810100000
0,8101,810100000,810100100,10387,17313,810200000,810200000
0,8102,810200000,810200100,10387,17313,810300000,810300000
0,8103,810300000,810300100,10387,17313,810400000,810400000
0,8104,810400000,810400100,10387,17313,810500000,810500000
0,8105,810500000,810500100,10387,17313,810600000,810600000
0,8106,810600000,810600100,10387,17313,810700000,810700000
0,8107,810700000,810700100,10387,17313,810800000,810800000
0,8108,810800000,810800100,10387,17313,810900000,810900000
0,8109,810900000,810900100,10387,17313,811000000,811000000
0,8110,811000000,811000100,10387,17313,811100000,811100000
0,8111,811100000,811100100,10387,17313,811200000,811200000
0,8112,811200000,811200100,10387,17313,811300000,811300000
0,8113,811300000,811300100,10387,17313,811400000,811400000
0,8114,811400000,811400100,10387,17313,811500000,811500000
0,8115,811500000,811500100,10387,17313,811600000,811600000
0,8116,811600000,811600100,10387,17313,811700000,811700000
0,8117,811700000,811700100,10387,17313,811800000,811800000
0,8118,811800000,811800100,10387,17313,811900000,811900000
0,8119,811900000,811900100,10387,17313,812000000,812000000
0,8120,812000000,812000100,10387,17313,812100000,812100000
0,8121,812100000,812100100,10387,17313,812200000,812200000
0,8122,812200000,812200100,10387,17313,812300000,812300000
0,8123,812300000,812300100,10387,17313,812400000,812400000
0,8124,812400000,812400100,10387,17313,812500000,812500000
0,8125,812500000,812500100,10387,17313,812600000,812600000
0,8126,812600000,812600100,10387,17313,812700000,812700000
0,8127,812700000,812700100,10387,17313,812800000,812800000
0,8128,812800000,812800100,10387,17313,812900000,812900000
0,8129,812900000,812900100,10387,17313,813000000,813000000
0,8130,813000000,813000100,10387,17313,813100000,813100000
0,8131,813100000,813100100,10387,17313,813200000,813200000
0,8132,813200000,813200100,10387,17313,813300000,813300000
0,8133,813300000,813300100,10387,17313,813400000,813400000
0,8134,813400000,813400100,10387,17313,813500000,813500000
0,8135,813500000,813500100,10387,17313,813600000,813600000
0,8136,813600000,813600100,10387,17313,813700000,813700000
0,8137,813700000,813700100,10387,17313,813800000,813800000
0,8138,813800000,813800100,10387,17313,813900000,813900000
0,8139,813900000,813900100,10387,17313,814000000,814000000
0,8140,814000000,814000100,10387,17313,814100000,814100000
0,8141,814100000,814100100,10387,17313,814200000,814200000
0,8142,814200000,814200100,10387,17313,814300000,814300000
0,8143,814300000,814300100,10387,17313,814400000,814400000
0,8144,814400000,814400100,10387,17313,814500000,814500000
0,8145,814500000,814500100,10387,17313,814600000,814600000
0,8146,814600000,814600100,10387,17313,814700000,814700000
0,8147,814700000,814700100,10387,17313,814800000,814800000
0,8148,814800000,814800100,10387,17313,814900000,814900000
0,8149,814900000,814900100,10387,17313,815000000,815000000
0,8150,815000000,815000100,10387,17313,815100000,815100000
0,8151,815100000,815100100,10387,17313,815200000,815200000
0,8152,815200000,815200100,10387,17313,815300000,815300000
0,8153,815300000,815300100,10387,17313,815400000,815400000
0,8154,815400000,815400100,10387,17313,815500000,815500000
0,8155,815500000,815500100,10387,17313,815600000,815600000
0,8156,815600000,815600100,10387,17313,815700000,815700000
0,8157,815700000,815700100,10387,17313,815800000,815800000
0,8158,815800000,815800100,10387,17313,815900000,815900000
0,8159,815900000,815900100,10387,17313,816000000,816000000
0,8160,816000000,816000100,10387,17313,816100000,816100000
0,8161,816100000,816100100,10387,17313,816200000,816200000
0,8162,816200000,816200100,10387,17313,816300000,816300000
0,8163,816300000,816300100,10387,17313,816400000,816400000
0,8164,816400000,816400100,10387,17313,816500000,816500000
0,8165,816500000,816500100,10387,17313,816600000,816600000
0,8166,816600000,816600100,10387,17313,816700000,816700000
0,8167,816700000,816700100,10387,17313,816800000,816800000
0,8168,816800000,816800100,10387,17313,816900000,816900000
0,8169,816900000,816900100,10387,17313,817000000,817000000
0,8170,817000000,817000100,10387,17313,817100000,817100000
0,8171,817100000,817100100,10387,17313,817200000,817200000
0,8172,817200000,817200100,10387,17313,817300000,817300000
0,8173,817300000,817300100,10387,17313,817400000,817400000
0,8174,817400000,817400100,10387,17313,817500000,817500000
0,8175,817500000,817500100,10387,17313,817600000,817600000
0,8176,817600000,817600100,10387,17313,817700000,817700000
0,8177,817700000,817700100,10387,17313,817800000,817800000
0,8178,817800000,817800100,10387,17313,817900000,817900000
0,8179,817900000,817900100,10387,17313,818000000,818000000
0,8180,818000000,818000100,10387,17313,818100000,818100000
0,8181,818100000,818100100,10387,17313,818200000,818200000
0,8182,818200000,818200100,10387,17313,818300000,818300000
0,8183,818300000,818300100,10387,17313,818400000,818400000
0,8184,818400000,818400100,10387,17313,818500000,818500000
0,8185,818500000,818500100,10387,17313,818600000,818600000
0,8186,818600000,818600100,10387,17313,818700000,818700000
0,8187,818700000,818700100,10387,17313,818800000,818800000
0,8188,818800000,818800100,10387,17313,818900000,818900000
0,8189,818900000,818900100,10387,17313,819000000,819000000
0,8190,819000000,819000100,10387,17313,819100000,819100000
0,8191,819100000,819100100,10387,17313,819200000,819200000
0,8192,819200000,819200100,10387,17313,819300000,819300000
0,8193,819300000,819300100,10387,17313,819400000,819400000
0,8194,819400000,819400100,10387,17313,819500000,819500000
0,8195,819500000,819500100,10387,17313,819600000,819600000
0,8196,819600000,819600100,10387,17313,819700000,819700000
0,8197,819700000,819700100,10387,17313,819800000,819800000
0,8198,819800000,819800100,10387,17313,819900000,819900000
0,8199,819900000,819900100,10387,17313,820000000,820000000
0,8200,820000000,820000100,10387,17313,820100000,820100000
0,8201,820100000,820100100,10387,17313,820200000,820200000
0,8202,820200000,820200100,10387,17313,820300000,820300000
0,8203,820300000,820300100,10387,17313,820400000,820400000
0,8204,820400000,820400100,10387,17313,820500000,820500000
0,8205,820500000,820500100,10387,17313,820600000,820600000
0,8206,820600000,820600100,10387,17313,820700000,820700000
0,8207,820700000,820700100,10387,17313,820800000,820800000
0,8208,820800000,820800100,10387,17313,820900000,820900000
0,8209,820900000,820900100,10387,17313,821000000,821000000
0,8210,821000000,821000100,10387,17313,821100000,821100000
0,8211,821100000,821100100,10387,17313,821200000,821200000
0,8212,821200000,821200100,10387,17313,821300000,821300000
0,8213,821300000,821300100,10387,17313,821400000,821400000
0,8214,821400000,821400100,10387,17313,821500000,821500000
0,8215,821500000,821500100,10387,17313,821600000,821600000
0,8216,821600000,821600100,10387,17313,821700000,821700000
0,8217,821700000,821700100,10387,17313,821800000,821800000
0,8218,821800000,821800100,10387,17313,821900000,821900000
0,8219,821900000,821900100,10387,17313,822000000,822000000
0,8220,822000000,822000100,10387,17313,822100000,822100000
0,8221,822100000,822100100,10387,17313,822200000,822200000
0,8222,822200000,822200100,10387,17313,822300000,822300000
0,8223,822300000,822300100,10387,17313,822400000,822400000
0,8224,822400000,822400100,10387,17313,822500000,822500000
0,8225,822500000,822500100,10387,17313,822600000,822600000
0,8226,822600000,822600100,10387,17313,822700000,822700000
0,8227,822700000,822700100,10387,17313,822800000,822800000
0,8228,822800000,822800100,10387,17313,822900000,822900000
0,8229,822900000,822900100,10387,17313,823000000,823000000
0,8230,823000000,823000100,10387,17313,823100000,823100000
0,8231,823100000,823100100,10387,17313,823200000,823200000
0,8232,823200000,823200100,10387,17313,823300000,823300000
0,8233,823300000,823300100,10387,17313,823400000,823400000
0,8234,823400000,823400100,10387,17313,823500000,823500000
0,8235,823500000,823500100,10387,17313,823600000,823600000
0,8236,823600000,823600100,10387,17313,823700000,823700000
0,8237,823700000,823700100,10387,17313,823800000,823800000
0,8238,823800000,823800100,10387,17313,823900000,823900000
0,8239,823900000,823900100,10387,17313,824000000,824000000
0,8240,824000000,824000100,10387,17313,824100000,824100000
0,8241,824100000,824100100,10387,17313,824200000,824200000
0,8242,824200000,824200100,10387,17313,824300000,824300000
0,8243,824300000,824300100,10387,17313,824400000,824400000
0,8244,824400000,824400100,10387,17313,824500000,824500000
0,8245,824500000,824500100,10387,17313,824600000,824600000
0,8246,824600000,824600100,10387,17313,824700000,824700000
0,8247,824700000,824700100,10387,17313,824800000,824800000
0,8248,824800000,824800100,10387,17313,824900000,824900000
0,8249,824900000,824900100,10387,17313,825000000,825000000
0,8250,825000000,825000100,10387,17313,825100000,825100000
0,8251,825100000,825100100,10387,17313,825200000,825200000
0,8252,825200000,825200100,10387,17313,825300000,825300000
0,8253,825300000,825300100,10387,17313,825400000,825400000
0,8254,825400000,825400100,10387,17313,825500000,825500000
0,8255,825500000,825500100,10387,17313,825600000,825600000
0,8256,825600000,825600100,10387,17313,825700000,825700000
0,8257,825700000,825700100,10387,17313,825800000,825800000
0,8258,825800000,825800100,10387,17313,825900000,825900000
0,8259,825900000,825900100,10387,17313,826000000,826000000
0,8260,826000000,826000100,10387,17313,826100000,826100000
0,8261,826100000,826100100,10387,17313,826200000,826200000
0,8262,826200000,826200100,10387,17313,826300000,826300000
0,8263,826300000,826300100,10387,17313,826400000,826400000
0,8264,826400000,826400100,10387,17313,826500000,826500000
0,8265,826500000,826500100,10387,17313,826600000,826600000
0,8266,826600000,826600100,10387,17313,826700000,826700000
0,8267,826700000,826700100,10387,17313,826800000,826800000
0,8268,826800000,826800100,10387,17313,826900000,826900000
0,8269,826900000,826900100,10387,17313,827000000,827000000
0,8270,827000000,827000100,10387,17313,827100000,827100000
0,8271,827100000,827100100,10387,17313,827200000,827200000
0,8272,827200000,827200100,10387,17313,827300000,827300000
0,8273,827300000,827300100,10387,17313,827400000,827400000
0,8274,827400000,827400100,10387,17313,827500000,827500000
0,8275,827500000,827500100,10387,17313,827600000,827600000
0,8276,827600000,827600100,10387,17313,827700000,827700000
0,8277,827700000,827700100,10387,17313,827800000,827800000
0,8278,827800000,827800100,10387,17313,827900000,827900000
0,8279,827900000,827900100,10387,17313,828000000,828000000
0,8280,828000000,828000100,10387,17313,828100000,828100000
0,8281,828100000,828100100,10387,17313,828200000,828200000
0,8282,828200000,828200100,10387,17313,828300000,828300000
0,8283,828300000,828300100,10387,17313,828400000,828400000
0,8284,828400000,828400100,10387,17313,828500000,828500000
0,8285,828500000,828500100,10387,17313,828600000,828600000
0,8286,828600000,828600100,10387,17313,828700000,828700000
0,8287,828700000,828700100,10387,17313,828800000,828800000
0,8288,828800000,828800100,10387,17313,828900000,828900000
0,8289,828900000,828900100,10387,17313,829000000,829000000
0,8290,829000000,829000100,10387,17313,829100000,829100000
0,8291,829100000,829100100,10387,17313,829200000,829200000
0,8292,829200000,829200100,10387,17313,829300000,829300000
0,8293,829300000,829300100,10387,17313,829400000,829400000
0,8294,829400000,829400100,10387,17313,829500000,829500000
0,8295,829500000,829500100,10387,17313,829600000,829600000
0,8296,829600000,829600100,10387,17313,829700000,829700000
0,8297,829700000,829700100,10387,17313,829800000,829800000
0,8298,829800000,829800100,10387,17313,829900000,829900000
0,8299,829900000,829900100,10387,17313,830000000,830000000
0,8300,830000000,830000100,10387,17313,830100000,830100000
0,8301,830100000,830100100,10387,17313,830200000,830200000
0,8302,830200000,830200100,10387,17313,830300000,830300000
0,8303,830300000,830300100,10387,17313,830400000,830400000
0,8304,830400000,830400100,10387,17313,830500000,830500000
0,8305,830500000,830500100,10387,17313,830600000,830600000
0,8306,830600000,830600100,10387,17313,830700000,830700000
0,8307,830700000,830700100,10387,17313,830800000,830800000
0,8308,830800000,830800100,10387,17313,830900000,830900000
0,8309,830900000,830900100,10387,17313,831000000,831000000
0,8310,831000000,831000100,10387,17313,831100000,831100000
0,8311,831100000,831100100,10387,17313,831200000,831200000
0,8312,831200000,831200100,10387,17313,831300000,831300000
0,8313,831300000,831300100,10387,17313,831400000,831400000
0,8314,831400000,831400100,10387,17313,831500000,831500000
0,8315,831500000,831500100,10387,17313,831600000,831600000
0,8316,831600000,831600100,10387,17313,831700000,831700000
0,8317,831700000,831700100,10387,17313,831800000,831800000
0,8318,831800000,831800100,10387,17313,831900000,831900000
0,8319,831900000,831900100,10387,17313,832000000,832000000
0,8320,832000000,832000100,10387,17313,832100000,832100000
0,8321,832100000,832100100,10387,17313,832200000,832200000
0,8322,832200000,832200100,10387,17313,832300000,832300000
0,8323,832300000,832300100,10387,17313,832400000,832400000
0,8324,832400000,832400100,10387,17313,832500000,832500000
0,8325,832500000,832500100,10387,17313,832600000,832600000
0,8326,832600000,832600100,10387,17313,832700000,832700000
0,8327,832700000,832700100,10387,17313,832800000,832800000
0,8328,832800000,832800100,10387,17313,832900000,832900000
0,8329,832900000,832900100,10387,17313,833000000,833000000
0,8330,833000000,833000100,10387,17313,833100000,833100000
0,8331,833100000,833100100,10387,17313,833200000,833200000
0,8332,833200000,833200100,10387,17313,833300000,833300000
0,8333,833300000,833300100,10387,17313,833400000,833400000
0,8334,833400000,833400100,10387,17313,833500000,833500000
0,8335,833500000,833500100,10387,17313,833600000,833600000
0,8336,833600000,833600100,10387,17313,833700000,833700000
0,8337,833700000,833700100,10387,17313,833800000,833800000
0,8338,833800000,833800100,10387,17313,833900000,833900000
0,8339,833900000,833900100,10387,17313,834000000,834000000
0,8340,834000000,834000100,10387,17313,834100000,834100000
0,8341,834100000,834100100,10387,17313,834200000,834200000
0,8342,834200000,834200100,10387,17313,834300000,834300000
0,8343,834300000,834300100,10387,17313,834400000,834400000
0,8344,834400000,834400100,10387,17313,834500000,834500000
0,8345,834500000,834500100,10387,17313,834600000,834600000
0,8346,834600000,834600100,10387,17313,834700000,834700000
0,8347,834700000,834700100,10387,17313,834800000,834800000
0,8348,834800000,834800100,10387,17313,834900000,834900000
0,8349,834900000,834900100,10387,17313,835000000,835000000
0,8350,835000000,835000100,10387,17313,835100000,835100000
0,8351,835100000,835100100,10387,17313,835200000,835200000
0,8352,835200000,835200100,10387,17313,835300000,835300000
0,8353,835300000,835300100,10387,17313,835400000,835400000
0,8354,835400000,835400100,10387,17313,835500000,835500000
0,8355,835500000,835500100,10387,17313,835600000,835600000
0,8356,835600000,835600100,10387,17313,835700000,835700000
0,8357,835700000,835700100,10387,17313,835800000,835800000
0,8358,835800000,835800100,10387,17313,835900000,835900000
0,8359,835900000,835900100,10387,17313,836000000,836000000
0,8360,836000000,836000100,10387,17313,836100000,836100000
0,8361,836100000,836100100,10387,17313,836200000,836200000
0,8362,836200000,836200100,10387,17313,836300000,836300000
0,8363,836300000,836300100,10387,17313,836400000,836400000
0,8364,836400000,836400100,10387,17313,836500000,836500000
0,8365,836500000,836500100,10387,17313,836600000,836600000
0,8366,836600000,836600100,10387,17313,836700000,836700000
0,8367,836700000,836700100,10387,17313,836800000,836800000
0,8368,836800000,836800100,10387,17313,836900000,836900000
0,8369,836900000,836900100,10387,17313,837000000,837000000
0,8370,837000000,837000100,10387,17313,837100000,837100000
0,8371,837100000,837100100,10387,17313,837200000,837200000
0,8372,837200000,837200100,10387,17313,837300000,837300000
0,8373,837300000,837300100,10387,17313,837400000,837400000
0,8374,837400000,837400100,10387,17313,837500000,837500000
0,8375,837500000,837500100,10387,17313,837600000,837600000
0,8376,837600000,837600100,10387,17313,837700000,837700000
0,8377,837700000,837700100,10387,17313,837800000,837800000
0,8378,837800000,837800100,10387,17313,837900000,837900000
0,8379,837900000,837900100,10387,17313,838000000,838000000
0,8380,838000000,838000100,10387,17313,838100000,838100000
0,8381,838100000,838100100,10387,17313,838200000,838200000
0,8382,838200000,838200100,10387,17313,838300000,838300000
0,8383,838300000,838300100,10387,17313,838400000,838400000
0,8384,838400000,838400100,10387,17313,838500000,838500000
0,8385,838500000,838500100,10387,17313,838600000,838600000
0,8386,838600000,838600100,10387,17313,838700000,838700000
0,8387,838700000,838700100,10387,17313,838800000,838800000
0,8388,838800000,838800100,10387,17313,838900000,838900000
0,8389,838900000,838900100,10387,17313,839000000,839000000
0,8390,839000000,839000100,10387,17313,839100000,839100000
0,8391,839100000,839100100,10387,17313,839200000,839200000
0,8392,839200000,839200100,10387,17313,839300000,839300000
0,8393,839300000,839300100,10387,17313,839400000,839400000
0,8394,839400000,839400100,10387,17313,839500000,839500000
0,8395,839500000,839500100,10387,17313,839600000,839600000
0,8396,839600000,839600100,10387,17313,839700000,839700000
0,8397,839700000,839700100,10387,17313,839800000,839800000
0,8398,839800000,839800100,10387,17313,839900000,839900000
0,8399,839900000,839900100,10387,17313,840000000,840000000
0,8400,840000000,840000100,10387,17313,840100000,840100000
0,8401,840100000,840100100,10387,17313,840200000,840200000
0,8402,840200000,840200100,10387,17313,840300000,840300000
0,8403,840300000,840300100,10387,17313,840400000,840400000
0,8404,840400000,840400100,10387,17313,840500000,840500000
0,8405,840500000,840500100,10387,17313,840600000,840600000
0,8406,840600000,840600100,10387,17313,840700000,840700000
0,8407,840700000,840700100,10387,17313,840800000,840800000
0,8408,840800000,840800100,10387,17313,840900000,840900000
0,8409,840900000,840900100,10387,17313,841000000,841000000
0,8410,841000000,841000100,10387,17313,841100000,841100000
0,8411,841100000,841100100,10387,17313,841200000,841200000
0,8412,841200000,841200100,10387,17313,841300000,841300000
0,8413,841300000,841300100,10387,17313,841400000,841400000
0,8414,841400000,841400100,10387,17313,841500000,841500000
0,8415,841500000,841500100,10387,17313,841600000,841600000
0,8416,841600000,841600100,10387,17313,841700000,841700000
0,8417,841700000,841700100,10387,17313,841800000,841800000
0,8418,841800000,841800100,10387,17313,841900000,841900000
0,8419,841900000,841900100,10387,17313,842000000,842000000
0,8420,842000000,842000100,10387,17313,842100000,842100000
0,8421,842100000,842100100,10387,17313,842200000,842200000
0,8422,842200000,842200100,10387,17313,842300000,842300000
0,8423,842300000,842300100,10387,17313,842400000,842400000
0,8424,842400000,842400100,10387,17313,842500000,842500000
0,8425,842500000,842500100,10387,17313,842600000,842600000
0,8426,842600000,842600100,10387,17313,842700000,842700000
0,8427,842700000,842700100,10387,17313,842800000,842800000
0,8428,842800000,842800100,10387,17313,842900000,842900000
0,8429,842900000,842900100,10387,17313,843000000,843000000
0,8430,843000000,843000100,10387,17313,843100000,843100000
0,8431,843100000,843100100,10387,17313,843200000,843200000
0,8432,843200000,843200100,10387,17313,843300000,843300000
0,8433,843300000,843300100,10387,17313,843400000,843400000
0,8434,843400000,843400100,10387,17313,843500000,843500000
0,8435,843500000,843500100,10387,17313,843600000,843600000
0,8436,843600000,843600100,10387,17313,843700000,843700000
0,8437,843700000,843700100,10387,17313,843800000,843800000
0,8438,843800000,843800100,10387,17313,843900000,843900000
0,8439,843900000,843900100,10387,17313,844000000,844000000
0,8440,844000000,844000100,10387,17313,844100000,844100000
0,8441,844100000,844100100,10387,17313,844200000,844200000
0,8442,844200000,844200100,10387,17313,844300000,844300000
0,8443,844300000,844300100,10387,17313,844400000,844400000
0,8444,844400000,844400100,10387,17313,844500000,844500000
0,8445,844500000,844500100,10387,17313,844600000,844600000
0,8446,844600000,844600100,10387,17313,844700000,844700000
0,8447,844700000,844700100,10387,17313,844800000,844800000
0,8448,844800000,844800100,10387,17313,844900000,844900000
0,8449,844900000,844900100,10387,17313,845000000,845000000
0,8450,845000000,845000100,10387,17313,845100000,845100000
0,8451,845100000,845100100,10387,17313,845200000,845200000
0,8452,845200000,845200100,10387,17313,845300000,845300000
0,8453,845300000,845300100,10387,17313,845400000,845400000
0,8454,845400000,845400100,10387,17313,845500000,845500000
0,8455,845500000,845500100,10387,17313,845600000,845600000
0,8456,845600000,845600100,10387,17313,845700000,845700000
0,8457,845700000,845700100,10387,17313,845800000,845800000
0,8458,845800000,845800100,10387,17313,845900000,845900000
0,8459,845900000,845900100,10387,17313,846000000,846000000
0,8460,846000000,846000100,10387,17313,846100000,846100000
0,8461,846100000,846100100,10387,17313,846200000,846200000
0,8462,846200000,846200100,10387,17313,846300000,846300000
0,8463,846300000,846300100,10387,17313,846400000,846400000
0,8464,846400000,846400100,10387,17313,846500000,846500000
0,8465,846500000,846500100,10387,17313,846600000,846600000
0,8466,846600000,846600100,10387,17313,846700000,846700000
0,8467,846700000,846700100,10387,17313,846800000,846800000
0,8468,846800000,846800100,10387,17313,846900000,846900000
0,8469,846900000,846900100,10387,17313,847000000,847000000
0,8470,847000000,847000100,10387,17313,847100000,847100000
0,8471,847100000,847100100,10387,17313,847200000,847200000
0,8472,847200000,847200100,10387,17313,847300000,847300000
0,8473,847300000,847300100,10387,17313,847400000,847400000
0,8474,847400000,847400100,10387,17313,847500000,847500000
0,8475,847500000,847500100,10387,17313,847600000,847600000
0,8476,847600000,847600100,10387,17313,847700000,847700000
0,8477,847700000,847700100,10387,17313,847800000,847800000
0,8478,847800000,847800100,10387,17313,847900000,847900000
0,8479,847900000,847900100,10387,17313,848000000,848000000
0,8480,848000000,848000100,10387,17313,848100000,848100000
0,8481,848100000,848100100,10387,17313,848200000,848200000
0,8482,848200000,848200100,10387,17313,848300000,848300000
0,8483,848300000,848300100,10387,17313,848400000,848400000
0,8484,848400000,848400100,10387,17313,848500000,848500000
0,8485,848500000,848500100,10387,17313,848600000,848600000
0,8486,848600000,848600100,10387,17313,848700000,848700000
0,8487,848700000,848700100,10387,17313,848800000,848800000
0,8488,848800000,848800100,10387,17313,848900000,848900000
0,8489,848900000,848900100,10387,17313,849000000,849000000
0,8490,849000000,849000100,10387,17313,849100000,849100000
0,8491,849100000,849100100,10387,17313,849200000,849200000
0,8492,849200000,849200100,10387,17313,849300000,849300000
0,8493,849300000,849300100,10387,17313,849400000,849400000
0,8494,849400000,849400100,10387,17313,849500000,849500000
0,8495,849500000,849500100,10387,17313,849600000,849600000
0,8496,849600000,849600100,10387,17313,849700000,849700000
0,8497,849700000,849700100,10387,17313,849800000,849800000
0,8498,849800000,849800100,10387,17313,849900000,849900000
0,8499,849900000,849900100,10387,17313,850000000,850000000
0,8500,850000000,850000100,10387,17313,850100000,850100000
0,8501,850100000,850100100,10387,17313,850200000,850200000
0,8502,850200000,850200100,10387,17313,850300000,850300000
0,8503,850300000,850300100,10387,17313,850400000,850400000
0,8504,850400000,850400100,10387,17313,850500000,850500000
0,8505,850500000,850500100,10387,17313,850600000,850600000
0,8506,850600000,850600100,10387,17313,850700000,850700000
0,8507,850700000,850700100,10387,17313,850800000,850800000
0,8508,850800000,850800100,10387,17313,850900000,850900000
0,8509,850900000,850900100,10387,17313,851000000,851000000
0,8510,851000000,851000100,10387,17313,851100000,851100000
0,8511,851100000,851100100,10387,17313,851200000,851200000
0,8512,851200000,851200100,10387,17313,851300000,851300000
0,8513,851300000,851300100,10387,17313,851400000,851400000
0,8514,851400000,851400100,10387,17313,851500000,851500000
0,8515,851500000,851500100,10387,17313,851600000,851600000
0,8516,851600000,851600100,10387,17313,851700000,851700000
0,8517,851700000,851700100,10387,17313,851800000,851800000
0,8518,851800000,851800100,10387,17313,851900000,851900000
0,8519,851900000,851900100,10387,17313,852000000,852000000
0,8520,852000000,852000100,10387,17313,852100000,852100000
0,8521,852100000,852100100,10387,17313,852200000,852200000
0,8522,852200000,852200100,10387,17313,852300000,852300000
0,8523,852300000,852300100,10387,17313,852400000,852400000
0,8524,852400000,852400100,10387,17313,852500000,852500000
0,8525,852500000,852500100,10387,17313,852600000,852600000
0,8526,852600000,852600100,10387,17313,852700000,852700000
0,8527,852700000,852700100,10387,17313,852800000,852800000
0,8528,852800000,852800100,10387,17313,852900000,852900000
0,8529,852900000,852900100,10387,17313,853000000,853000000
0,8530,853000000,853000100,10387,17313,853100000,853100000
0,8531,853100000,853100100,10387,17313,853200000,853200000
0,8532,853200000,853200100,10387,17313,853300000,853300000
0,8533,853300000,853300100,10387,17313,853400000,853400000
0,8534,853400000,853400100,10387,17313,853500000,853500000
0,8535,853500000,853500100,10387,17313,853600000,853600000
0,8536,853600000,853600100,10387,17313,853700000,853700000
0,8537,853700000,853700100,10387,17313,853800000,853800000
0,8538,853800000,853800100,10387,17313,853900000,853900000
0,8539,853900000,853900100,10387,17313,854000000,854000000
0,8540,854000000,854000100,10387,17313,854100000,854100000
0,8541,854100000,854100100,10387,17313,854200000,854200000
0,8542,854200000,854200100,10387,17313,854300000,854300000
0,8543,854300000,854300100,10387,17313,854400000,854400000
0,8544,854400000,854400100,10387,17313,854500000,854500000
0,8545,854500000,854500100,10387,17313,854600000,854600000
0,8546,854600000,854600100,10387,17313,854700000,854700000
0,8547,854700000,854700100,10387,17313,854800000,854800000
0,8548,854800000,854800100,10387,17313,854900000,854900000
0,8549,854900000,854900100,10387,17313,855000000,855000000
0,8550,855000000,855000100,10387,17313,855100000,855100000
0,8551,855100000,855100100,10387,17313,855200000,855200000
0,8552,855200000,855200100,10387,17313,855300000,855300000
0,8553,855300000,855300100,10387,17313,855400000,855400000
0,8554,855400000,855400100,10387,17313,855500000,855500000
0,8555,855500000,855500100,10387,17313,855600000,855600000
0,8556,855600000,855600100,10387,17313,855700000,855700000
0,8557,855700000,855700100,10387,17313,855800000,855800000
0,8558,855800000,855800100,10387,17313,855900000,855900000
0,8559,855900000,855900100,10387,17313,856000000,856000000
0,8560,856000000,856000100,10387,17313,856100000,856100000
0,8561,856100000,856100100,10387,17313,856200000,856200000
0,8562,856200000,856200100,10387,17313,856300000,856300000
0,8563,856300000,856300100,10387,17313,856400000,856400000
0,8564,856400000,856400100,10387,17313,856500000,856500000
0,8565,856500000,856500100,10387,17313,856600000,856600000
0,8566,856600000,856600100,10387,17313,856700000,856700000
0,8567,856700000,856700100,10387,17313,856800000,856800000
0,8568,856800000,856800100,10387,17313,856900000,856900000
0,8569,856900000,856900100,10387,17313,857000000,857000000
0,8570,857000000,857000100,10387,17313,857100000,857100000
0,8571,857100000,857100100,10387,17313,857200000,857200000
0,8572,857200000,857200100,10387,17313,857300000,857300000
0,8573,857300000,857300100,10387,17313,857400000,857400000
0,8574,857400000,857400100,10387,17313,857500000,857500000
0,8575,857500000,857500100,10387,17313,857600000,857600000
0,8576,857600000,857600100,10387,17313,857700000,857700000
0,8577,857700000,857700100,10387,17313,857800000,857800000
0,8578,857800000,857800100,10387,17313,857900000,857900000
0,8579,857900000,857900100,10387,17313,858000000,858000000
0,8580,858000000,858000100,10387,17313,858100000,858100000
0,8581,858100000,858100100,10387,17313,858200000,858200000
0,8582,858200000,858200100,10387,17313,858300000,858300000
0,8583,858300000,858300100,10387,17313,858400000,858400000
0,8584,858400000,858400100,10387,17313,858500000,858500000
0,8585,858500000,858500100,10387,17313,858600000,858600000
0,8586,858600000,858600100,10387,17313,858700000,858700000
0,8587,858700000,858700100,10387,17313,858800000,858800000
0,8588,858800000,858800100,10387,17313,858900000,858900000
0,8589,858900000,858900100,10387,17313,859000000,859000000
0,8590,859000000,859000100,10387,17313,859100000,859100000
0,8591,859100000,859100100,10387,17313,859200000,859200000
0,8592,859200000,859200100,10387,17313,859300000,859300000
0,8593,859300000,859300100,10387,17313,859400000,859400000
0,8594,859400000,859400100,10387,17313,859500000,859500000
0,8595,859500000,859500100,10387,17313,859600000,859600000
0,8596,859600000,859600100,10387,17313,859700000,859700000
0,8597,859700000,859700100,10387,17313,859800000,859800000
0,8598,859800000,859800100,10387,17313,859900000,859900000
0,8599,859900000,859900100,10387,17313,860000000,860000000
0,8600,860000000,860000100,10387,17313,860100000,860100000
0,8601,860100000,860100100,10387,17313,860200000,860200000
0,8602,860200000,860200100,10387,17313,860300000,860300000
0,8603,860300000,860300100,10387,17313,860400000,860400000
0,8604,860400000,860400100,10387,17313,860500000,860500000
0,8605,860500000,860500100,10387,17313,860600000,860600000
0,8606,860600000,860600100,10387,17313,860700000,860700000
0,8607,860700000,860700100,10387,17313,860800000,860800000
0,8608,860800000,860800100,10387,17313,860900000,860900000
0,8609,860900000,860900100,10387,17313,861000000,861000000
0,8610,861000000,861000100,10387,17313,861100000,861100000
0,8611,861100000,861100100,10387,17313,861200000,861200000
0,8612,861200000,861200100,10387,17313,861300000,861300000
0,8613,861300000,861300100,10387,17313,861400000,861400000
0,8614,861400000,861400100,10387,17313,861500000,861500000
0,8615,861500000,861500100,10387,17313,861600000,861600000
0,8616,861600000,861600100,10387,17313,861700000,861700000
0,8617,861700000,861700100,10387,17313,861800000,861800000
0,8618,861800000,861800100,10387,17313,861900000,861900000
0,8619,861900000,861900100,10387,17313,862000000,862000000
0,8620,862000000,862000100,10387,17313,862100000,862100000
0,8621,862100000,862100100,10387,17313,862200000,862200000
0,8622,862200000,862200100,10387,17313,862300000,862300000
0,8623,862300000,862300100,10387,17313,862400000,862400000
0,8624,862400000,862400100,10387,17313,862500000,862500000
0,8625,862500000,862500100,10387,17313,862600000,862600000
0,8626,862600000,862600100,10387,17313,862700000,862700000
0,8627,862700000,862700100,10387,17313,862800000,862800000
0,8628,862800000,862800100,10387,17313,862900000,862900000
0,8629,862900000,862900100,10387,17313,863000000,863000000
0,8630,863000000,863000100,10387,17313,863100000,863100000
0,8631,863100000,863100100,10387,17313,863200000,863200000
0,8632,863200000,863200100,10387,17313,863300000,863300000
0,8633,863300000,863300100,10387,17313,863400000,863400000
0,8634,863400000,863400100,10387,17313,863500000,863500000
0,8635,863500000,863500100,10387,17313,863600000,863600000
0,8636,863600000,863600100,10387,17313,863700000,863700000
0,8637,863700000,863700100,10387,17313,863800000,863800000
0,8638,863800000,863800100,10387,17313,863900000,863900000
0,8639,863900000,863900100,10387,17313,864000000,864000000
0,8640,864000000,864000100,10387,17313,864100000,864100000
0,8641,864100000,864100100,10387,17313,864200000,864200000
0,8642,864200000,864200100,10387,17313,864300000,864300000
0,8643,864300000,864300100,10387,17313,864400000,864400000
0,8644,864400000,864400100,10387,17313,864500000,864500000
0,8645,864500000,864500100,10387,17313,864600000,864600000
0,8646,864600000,864600100,10387,17313,864700000,864700000
0,8647,864700000,864700100,10387,17313,864800000,864800000
0,8648,864800000,864800100,10387,17313,864900000,864900000
0,8649,864900000,864900100,10387,17313,865000000,865000000
0,8650,865000000,865000100,10387,17313,865100000,865100000
0,8651,865100000,865100100,10387,17313,865200000,865200000
0,8652,865200000,865200100,10387,17313,865300000,865300000
0,8653,865300000,865300100,10387,17313,865400000,865400000
0,8654,865400000,865400100,10387,17313,865500000,865500000
0,8655,865500000,865500100,10387,17313,865600000,865600000
0,8656,865600000,865600100,10387,17313,865700000,865700000
0,8657,865700000,865700100,10387,17313,865800000,865800000
0,8658,865800000,865800100,10387,17313,865900000,865900000
0,8659,865900000,865900100,10387,17313,866000000,866000000
0,8660,866000000,866000100,10387,17313,866100000,866100000
0,8661,866100000,866100100,10387,17313,866200000,866200000
0,8662,866200000,866200100,10387,17313,866300000,866300000
0,8663,866300000,866300100,10387,17313,866400000,866400000
0,8664,866400000,866400100,10387,17313,866500000,866500000
0,8665,866500000,866500100,10387,17313,866600000,866600000
0,8666,866600000,866600100,10387,17313,866700000,866700000
0,8667,866700000,866700100,10387,17313,866800000,866800000
0,8668,866800000,866800100,10387,17313,866900000,866900000
0,8669,866900000,866900100,10387,17313,867000000,867000000
0,8670,867000000,867000100,10387,17313,867100000,867100000
0,8671,867100000,867100100,10387,17313,867200000,867200000
0,8672,867200000,867200100,10387,17313,867300000,867300000
0,8673,867300000,867300100,10387,17313,867400000,867400000
0,8674,867400000,867400100,10387,17313,867500000,867500000
0,8675,867500000,867500100,10387,17313,867600000,867600000
0,8676,867600000,867600100,10387,17313,867700000,867700000
0,8677,867700000,867700100,10387,17313,867800000,867800000
0,8678,867800000,867800100,10387,17313,867900000,867900000
0,8679,867900000,867900100,10387,17313,868000000,868000000
0,8680,868000000,868000100,10387,17313,868100000,868100000
0,8681,868100000,868100100,10387,17313,868200000,868200000
0,8682,868200000,868200100,10387,17313,868300000,868300000
0,8683,868300000,868300100,10387,17313,868400000,868400000
0,8684,868400000,868400100,10387,17313,868500000,868500000
0,8685,868500000,868500100,10387,17313,868600000,868600000
0,8686,868600000,868600100,10387,17313,868700000,868700000
0,8687,868700000,868700100,10387,17313,868800000,868800000
0,8688,868800000,868800100,10387,17313,868900000,868900000
0,8689,868900000,868900100,10387,17313,869000000,869000000
0,8690,869000000,869000100,10387,17313,869100000,869100000
0,8691,869100000,869100100,10387,17313,869200000,869200000
0,8692,869200000,869200100,10387,17313,869300000,869300000
0,8693,869300000,869300100,10387,17313,869400000,869400000
0,8694,869400000,869400100,10387,17313,869500000,869500000
0,8695,869500000,869500100,10387,17313,869600000,869600000
0,8696,869600000,869600100,10387,17313,869700000,869700000
0,8697,869700000,869700100,10387,17313,869800000,869800000
0,8698,869800000,869800100,10387,17313,869900000,869900000
0,8699,869900000,869900100,10387,17313,870000000,870000000
0,8700,870000000,870000100,10387,17313,870100000,870100000
0,8701,870100000,870100100,10387,17313,870200000,870200000
0,8702,870200000,870200100,10387,17313,870300000,870300000
0,8703,870300000,870300100,10387,17313,870400000,870400000
0,8704,870400000,870400100,10387,17313,870500000,870500000
0,8705,870500000,870500100,10387,17313,870600000,870600000
0,8706,870600000,870600100,10387,17313,870700000,870700000
0,8707,870700000,870700100,10387,17313,870800000,870800000
0,8708,870800000,870800100,10387,17313,870900000,870900000
0,8709,870900000,870900100,10387,17313,871000000,871000000
0,8710,871000000,871000100,10387,17313,871100000,871100000
0,8711,871100000,871100100,10387,17313,871200000,871200000
0,8712,871200000,871200100,10387,17313,871300000,871300000
0,8713,871300000,871300100,10387,17313,871400000,871400000
0,8714,871400000,871400100,10387,17313,871500000,871500000
0,8715,871500000,871500100,10387,17313,871600000,871600000
0,8716,871600000,871600100,10387,17313,871700000,871700000
0,8717,871700000,871700100,10387,17313,871800000,871800000
0,8718,871800000,871800100,10387,17313,871900000,871900000
0,8719,871900000,871900100,10387,17313,872000000,872000000
0,8720,872000000,872000100,10387,17313,872100000,872100000
0,8721,872100000,872100100,10387,17313,872200000,872200000
0,8722,872200000,872200100,10387,17313,872300000,872300000
0,8723,872300000,872300100,10387,17313,872400000,872400000
0,8724,872400000,872400100,10387,17313,872500000,872500000
0,8725,872500000,872500100,10387,17313,872600000,872600000
0,8726,872600000,872600100,10387,17313,872700000,872700000
0,8727,872700000,872700100,10387,17313,872800000,872800000
0,8728,872800000,872800100,10387,17313,872900000,872900000
0,8729,872900000,872900100,10387,17313,873000000,873000000
0,8730,873000000,873000100,10387,17313,873100000,873100000
0,8731,873100000,873100100,10387,17313,873200000,873200000
0,8732,873200000,873200100,10387,17313,873300000,873300000
0,8733,873300000,873300100,10387,17313,873400000,873400000
0,8734,873400000,873400100,10387,17313,873500000,873500000
0,8735,873500000,873500100,10387,17313,873600000,873600000
0,8736,873600000,873600100,10387,17313,873700000,873700000
0,8737,873700000,873700100,10387,17313,873800000,873800000
0,8738,873800000,873800100,10387,17313,873900000,873900000
0,8739,873900000,873900100,10387,17313,874000000,874000000
0,8740,874000000,874000100,10387,17313,874100000,874100000
0,8741,874100000,874100100,10387,17313,874200000,874200000
0,8742,874200000,874200100,10387,17313,874300000,874300000
0,8743,874300000,874300100,10387,17313,874400000,874400000
0,8744,874400000,874400100,10387,17313,874500000,874500000
0,8745,874500000,874500100,10387,17313,874600000,874600000
0,8746,874600000,874600100,10387,17313,874700000,874700000
0,8747,874700000,874700100,10387,17313,874800000,874800000
0,8748,874800000,874800100,10387,17313,874900000,874900000
0,8749,874900000,874900100,10387,17313,875000000,875000000
0,8750,875000000,875000100,10387,17313,875100000,875100000
0,8751,875100000,875100100,10387,17313,875200000,875200000
0,8752,875200000,875200100,10387,17313,875300000,875300000
0,8753,875300000,875300100,10387,17313,875400000,875400000
0,8754,875400000,875400100,10387,17313,875500000,875500000
0,8755,875500000,875500100,10387,17313,875600000,875600000
0,8756,875600000,875600100,10387,17313,875700000,875700000
0,8757,875700000,875700100,10387,17313,875800000,875800000
0,8758,875800000,875800100,10387,17313,875900000,875900000
0,8759,875900000,875900100,10387,17313,876000000,876000000
0,8760,876000000,876000100,10387,17313,876100000,876100000
0,8761,876100000,876100100,10387,17313,876200000,876200000
0,8762,876200000,876200100,10387,17313,876300000,876300000
0,8763,876300000,876300100,10387,17313,876400000,876400000
0,8764,876400000,876400100,10387,17313,876500000,876500000
0,8765,876500000,876500100,10387,17313,876600000,876600000
0,8766,876600000,876600100,10387,17313,876700000,876700000
0,8767,876700000,876700100,10387,17313,876800000,876800000
0,8768,876800000,876800100,10387,17313,876900000,876900000
0,8769,876900000,876900100,10387,17313,877000000,877000000
0,8770,877000000,877000100,10387,17313,877100000,877100000
0,8771,877100000,877100100,10387,17313,877200000,877200000
0,8772,877200000,877200100,10387,17313,877300000,877300000
0,8773,877300000,877300100,10387,17313,877400000,877400000
0,8774,877400000,877400100,10387,17313,877500000,877500000
0,8775,877500000,877500100,10387,17313,877600000,877600000
0,8776,877600000,877600100,10387,17313,877700000,877700000
0,8777,877700000,877700100,10387,17313,877800000,877800000
0,8778,877800000,877800100,10387,17313,877900000,877900000
0,8779,877900000,877900100,10387,17313,878000000,878000000
0,8780,878000000,878000100,10387,17313,878100000,878100000
0,8781,878100000,878100100,10387,17313,878200000,878200000
0,8782,878200000,878200100,10387,17313,878300000,878300000
0,8783,878300000,878300100,10387,17313,878400000,878400000
0,8784,878400000,878400100,10387,17313,878500000,878500000
0,8785,878500000,878500100,10387,17313,878600000,878600000
0,8786,878600000,878600100,10387,17313,878700000,878700000
0,8787,878700000,878700100,10387,17313,878800000,878800000
0,8788,878800000,878800100,10387,17313,878900000,878900000
0,8789,878900000,878900100,10387,17313,879000000,879000000
0,8790,879000000,879000100,10387,17313,879100000,879100000
0,8791,879100000,879100100,10387,17313,879200000,879200000
0,8792,879200000,879200100,10387,17313,879300000,879300000
0,8793,879300000,879300100,10387,17313,879400000,879400000
0,8794,879400000,879400100,10387,17313,879500000,879500000
0,8795,879500000,879500100,10387,17313,879600000,879600000
0,8796,879600000,879600100,10387,17313,879700000,879700000
0,8797,879700000,879700100,10387,17313,879800000,879800000
0,8798,879800000,879800100,10387,17313,879900000,879900000
0,8799,879900000,879900100,10387,17313,880000000,880000000
0,8800,880000000,880000100,10387,17313,880100000,880100000
0,8801,880100000,880100100,10387,17313,880200000,880200000
0,8802,880200000,880200100,10387,17313,880300000,880300000
0,8803,880300000,880300100,10387,17313,880400000,880400000
0,8804,880400000,880400100,10387,17313,880500000,880500000
0,8805,880500000,880500100,10387,17313,880600000,880600000
0,8806,880600000,880600100,10387,17313,880700000,880700000
0,8807,880700000,880700100,10387,17313,880800000,880800000
0,8808,880800000,880800100,10387,17313,880900000,880900000
0,8809,880900000,880900100,10387,17313,881000000,881000000
0,8810,881000000,881000100,10387,17313,881100000,881100000
0,8811,881100000,881100100,10387,17313,881200000,881200000
0,8812,881200000,881200100,10387,17313,881300000,881300000
0,8813,881300000,881300100,10387,17313,881400000,881400000
0,8814,881400000,881400100,10387,17313,881500000,881500000
0,8815,881500000,881500100,10387,17313,881600000,881600000
0,8816,881600000,881600100,10387,17313,881700000,881700000
0,8817,881700000,881700100,10387,17313,881800000,881800000
0,8818,881800000,881800100,10387,17313,881900000,881900000
0,8819,881900000,881900100,10387,17313,882000000,882000000
0,8820,882000000,882000100,10387,17313,882100000,882100000
0,8821,882100000,882100100,10387,17313,882200000,882200000
0,8822,882200000,882200100,10387,17313,882300000,882300000
0,8823,882300000,882300100,10387,17313,882400000,882400000
0,8824,882400000,882400100,10387,17313,882500000,882500000
0,8825,882500000,882500100,10387,17313,882600000,882600000
0,8826,882600000,882600100,10387,17313,882700000,882700000
0,8827,882700000,882700100,10387,17313,882800000,882800000
0,8828,882800000,882800100,10387,17313,882900000,882900000
0,8829,882900000,882900100,10387,17313,883000000,883000000
0,8830,883000000,883000100,10387,17313,883100000,883100000
0,8831,883100000,883100100,10387,17313,883200000,883200000
0,8832,883200000,883200100,10387,17313,883300000,883300000
0,8833,883300000,883300100,10387,17313,883400000,883400000
0,8834,883400000,883400100,10387,17313,883500000,883500000
0,8835,883500000,883500100,10387,17313,883600000,883600000
0,8836,883600000,883600100,10387,17313,883700000,883700000
0,8837,883700000,883700100,10387,17313,883800000,883800000
0,8838,883800000,883800100,10387,17313,883900000,883900000
0,8839,883900000,883900100,10387,17313,884000000,884000000
0,8840,884000000,884000100,10387,17313,884100000,884100000
0,8841,884100000,884100100,10387,17313,884200000,884200000
0,8842,884200000,884200100,10387,17313,884300000,884300000
0,8843,884300000,884300100,10387,17313,884400000,884400000
0,8844,884400000,884400100,10387,17313,884500000,884500000
0,8845,884500000,884500100,10387,17313,884600000,884600000
0,8846,884600000,884600100,10387,17313,884700000,884700000
0,8847,884700000,884700100,10387,17313,884800000,884800000
0,8848,884800000,884800100,10387,17313,884900000,884900000
0,8849,884900000,884900100,10387,17313,885000000,885000000
0,8850,885000000,885000100,10387,17313,885100000,885100000
0,8851,885100000,885100100,10387,17313,885200000,885200000
0,8852,885200000,885200100,10387,17313,885300000,885300000
0,8853,885300000,885300100,10387,17313,885400000,885400000
0,8854,885400000,885400100,10387,17313,885500000,885500000
0,8855,885500000,885500100,10387,17313,885600000,885600000
0,8856,885600000,885600100,10387,17313,885700000,885700000
0,8857,885700000,885700100,10387,17313,885800000,885800000
0,8858,885800000,885800100,10387,17313,885900000,885900000
0,8859,885900000,885900100,10387,17313,886000000,886000000
0,8860,886000000,886000100,10387,17313,886100000,886100000
0,8861,886100000,886100100,10387,17313,886200000,886200000
0,8862,886200000,886200100,10387,17313,886300000,886300000
0,8863,886300000,886300100,10387,17313,886400000,886400000
0,8864,886400000,886400100,10387,17313,886500000,886500000
0,8865,886500000,886500100,10387,17313,886600000,886600000
0,8866,886600000,886600100,10387,17313,886700000,886700000
0,8867,886700000,886700100,10387,17313,886800000,886800000
0,8868,886800000,886800100,10387,17313,886900000,886900000
0,8869,886900000,886900100,10387,17313,887000000,887000000
0,8870,887000000,887000100,10387,17313,887100000,887100000
0,8871,887100000,887100100,10387,17313,887200000,887200000
0,8872,887200000,887200100,10387,17313,887300000,887300000
0,8873,887300000,887300100,10387,17313,887400000,887400000
0,8874,887400000,887400100,10387,17313,887500000,887500000
0,8875,887500000,887500100,10387,17313,887600000,887600000
0,8876,887600000,887600100,10387,17313,887700000,887700000
0,8877,887700000,887700100,10387,17313,887800000,887800000
0,8878,887800000,887800100,10387,17313,887900000,887900000
0,8879,887900000,887900100,10387,17313,888000000,888000000
0,8880,888000000,888000100,10387,17313,888100000,888100000
0,8881,888100000,888100100,10387,17313,888200000,888200000
0,8882,888200000,888200100,10387,17313,888300000,888300000
0,8883,888300000,888300100,10387,17313,888400000,888400000
0,8884,888400000,888400100,10387,17313,888500000,888500000
0,8885,888500000,888500100,10387,17313,888600000,888600000
0,8886,888600000,888600100,10387,17313,888700000,888700000
0,8887,888700000,888700100,10387,17313,888800000,888800000
0,8888,888800000,888800100,10387,17313,888900000,888900000
0,8889,888900000,888900100,10387,17313,889000000,889000000
0,8890,889000000,889000100,10387,17313,889100000,889100000
0,8891,889100000,889100100,10387,17313,889200000,889200000
0,8892,889200000,889200100,10387,17313,889300000,889300000
0,8893,889300000,889300100,10387,17313,889400000,889400000
0,8894,889400000,889400100,10387,17313,889500000,889500000
0,8895,889500000,889500100,10387,17313,889600000,889600000
0,8896,889600000,889600100,10387,17313,889700000,889700000
0,8897,889700000,889700100,10387,17313,889800000,889800000
0,8898,889800000,889800100,10387,17313,889900000,889900000
0,8899,889900000,889900100,10387,17313,890000000,890000000
0,8900,890000000,890000100,10387,17313,890100000,890100000
0,8901,890100000,890100100,10387,17313,890200000,890200000
0,8902,890200000,890200100,10387,17313,890300000,890300000
0,8903,890300000,890300100,10387,17313,890400000,890400000
0,8904,890400000,890400100,10387,17313,890500000,890500000
0,8905,890500000,890500100,10387,17313,890600000,890600000
0,8906,890600000,890600100,10387,17313,890700000,890700000
0,8907,890700000,890700100,10387,17313,890800000,890800000
0,8908,890800000,890800100,10387,17313,890900000,890900000
0,8909,890900000,890900100,10387,17313,891000000,891000000
0,8910,891000000,891000100,10387,17313,891100000,891100000
0,8911,891100000,891100100,10387,17313,891200000,891200000
0,8912,891200000,891200100,10387,17313,891300000,891300000
0,8913,891300000,891300100,10387,17313,891400000,891400000
0,8914,891400000,891400100,10387,17313,891500000,891500000
0,8915,891500000,891500100,10387,17313,891600000,891600000
0,8916,891600000,891600100,10387,17313,891700000,891700000
0,8917,891700000,891700100,10387,17313,891800000,891800000
0,8918,891800000,891800100,10387,17313,891900000,891900000
0,8919,891900000,891900100,10387,17313,892000000,892000000
0,8920,892000000,892000100,10387,17313,892100000,892100000
0,8921,892100000,892100100,10387,17313,892200000,892200000
0,8922,892200000,892200100,10387,17313,892300000,892300000
0,8923,892300000,892300100,10387,17313,892400000,892400000
0,8924,892400000,892400100,10387,17313,892500000,892500000
0,8925,892500000,892500100,10387,17313,892600000,892600000
0,8926,892600000,892600100,10387,17313,892700000,892700000
0,8927,892700000,892700100,10387,17313,892800000,892800000
0,8928,892800000,892800100,10387,17313,892900000,892900000
0,8929,892900000,892900100,10387,17313,893000000,893000000
0,8930,893000000,893000100,10387,17313,893100000,893100000
0,8931,893100000,893100100,10387,17313,893200000,893200000
0,8932,893200000,893200100,10387,17313,893300000,893300000
0,8933,893300000,893300100,10387,17313,893400000,893400000
0,8934,893400000,893400100,10387,17313,893500000,893500000
0,8935,893500000,893500100,10387,17313,893600000,893600000
0,8936,893600000,893600100,10387,17313,893700000,893700000
0,8937,893700000,893700100,10387,17313,893800000,893800000
0,8938,893800000,893800100,10387,17313,893900000,893900000
0,8939,893900000,893900100,10387,17313,894000000,894000000
0,8940,894000000,894000100,10387,17313,894100000,894100000
0,8941,894100000,894100100,10387,17313,894200000,894200000
0,8942,894200000,894200100,10387,17313,894300000,894300000
0,8943,894300000,894300100,10387,17313,894400000,894400000
0,8944,894400000,894400100,10387,17313,894500000,894500000
0,8945,894500000,894500100,10387,17313,894600000,894600000
0,8946,894600000,894600100,10387,17313,894700000,894700000
0,8947,894700000,894700100,10387,17313,894800000,894800000
0,8948,894800000,894800100,10387,17313,894900000,894900000
0,8949,894900000,894900100,10387,17313,895000000,895000000
0,8950,895000000,895000100,10387,17313,895100000,895100000
0,8951,895100000,895100100,10387,17313,895200000,895200000
0,8952,895200000,895200100,10387,17313,895300000,895300000
0,8953,895300000,895300100,10387,17313,895400000,895400000
0,8954,895400000,895400100,10387,17313,895500000,895500000
0,8955,895500000,895500100,10387,17313,895600000,895600000
0,8956,895600000,895600100,10387,17313,895700000,895700000
0,8957,895700000,895700100,10387,17313,895800000,895800000
0,8958,895800000,895800100,10387,17313,895900000,895900000
0,8959,895900000,895900100,10387,17313,896000000,896000000
0,8960,896000000,896000100,10387,17313,896100000,896100000
0,8961,896100000,896100100,10387,17313,896200000,896200000
0,8962,896200000,896200100,10387,17313,896300000,896300000
0,8963,896300000,896300100,10387,17313,896400000,896400000
0,8964,896400000,896400100,10387,17313,896500000,896500000
0,8965,896500000,896500100,10387,17313,896600000,896600000
0,8966,896600000,896600100,10387,17313,896700000,896700000
0,8967,896700000,896700100,10387,17313,896800000,896800000
0,8968,896800000,896800100,10387,17313,896900000,896900000
0,8969,896900000,896900100,10387,17313,897000000,897000000
0,8970,897000000,897000100,10387,17313,897100000,897100000
0,8971,897100000,897100100,10387,17313,897200000,897200000
0,8972,897200000,897200100,10387,17313,897300000,897300000
0,8973,897300000,897300100,10387,17313,897400000,897400000
0,8974,897400000,897400100,10387,17313,897500000,897500000
0,8975,897500000,897500100,10387,17313,897600000,897600000
0,8976,897600000,897600100,10387,17313,897700000,897700000
0,8977,897700000,897700100,10387,17313,897800000,897800000
0,8978,897800000,897800100,10387,17313,897900000,897900000
0,8979,897900000,897900100,10387,17313,898000000,898000000
0,8980,898000000,898000100,10387,17313,898100000,898100000
0,8981,898100000,898100100,10387,17313,898200000,898200000
0,8982,898200000,898200100,10387,17313,898300000,898300000
0,8983,898300000,898300100,10387,17313,898400000,898400000
0,8984,898400000,898400100,10387,17313,898500000,898500000
0,8985,898500000,898500100,10387,17313,898600000,898600000
0,8986,898600000,898600100,10387,17313,898700000,898700000
0,8987,898700000,898700100,10387,17313,898800000,898800000
0,8988,898800000,898800100,10387,17313,898900000,898900000
0,8989,898900000,898900100,10387,17313,899000000,899000000
0,8990,899000000,899000100,10387,17313,899100000,899100000
0,8991,899100000,899100100,10387,17313,899200000,899200000
0,8992,899200000,899200100,10387,17313,899300000,899300000
0,8993,899300000,899300100,10387,17313,899400000,899400000
0,8994,899400000,899400100,10387,17313,899500000,899500000
0,8995,899500000,899500100,10387,17313,899600000,899600000
0,8996,899600000,899600100,10387,17313,899700000,899700000
0,8997,899700000,899700100,10387,17313,899800000,899800000
0,8998,899800000,899800100,10387,17313,899900000,899900000
0,8999,899900000,899900100,10387,17313,900000000,900000000
0,9000,900000000,900000100,10387,17313,900100000,900100000
0,9001,900100000,900100100,10387,17313,900200000,900200000
0,9002,900200000,900200100,10387,17313,900300000,900300000
0,9003,900300000,900300100,10387,17313,900400000,900400000
0,9004,900400000,900400100,10387,17313,900500000,900500000
0,9005,900500000,900500100,10387,17313,900600000,900600000
0,9006,900600000,900600100,10387,17313,900700000,900700000
0,9007,900700000,900700100,10387,17313,900800000,900800000
0,9008,900800000,900800100,10387,17313,900900000,900900000
0,9009,900900000,900900100,10387,17313,901000000,901000000
0,9010,901000000,901000100,10387,17313,901100000,901100000
0,9011,901100000,901100100,10387,17313,901200000,901200000
0,9012,901200000,901200100,10387,17313,901300000,901300000
0,9013,901300000,901300100,10387,17313,901400000,901400000
0,9014,901400000,901400100,10387,17313,901500000,901500000
0,9015,901500000,901500100,10387,17313,901600000,901600000
0,9016,901600000,901600100,10387,17313,901700000,901700000
0,9017,901700000,901700100,10387,17313,901800000,901800000
0,9018,901800000,901800100,10387,17313,901900000,901900000
0,9019,901900000,901900100,10387,17313,902000000,902000000
0,9020,902000000,902000100,10387,17313,902100000,902100000
0,9021,902100000,902100100,10387,17313,902200000,902200000
0,9022,902200000,902200100,10387,17313,902300000,902300000
0,9023,902300000,902300100,10387,17313,902400000,902400000
0,9024,902400000,902400100,10387,17313,902500000,902500000
0,9025,902500000,902500100,10387,17313,902600000,902600000
0,9026,902600000,902600100,10387,17313,902700000,902700000
0,9027,902700000,902700100,10387,17313,902800000,902800000
0,9028,902800000,902800100,10387,17313,902900000,902900000
0,9029,902900000,902900100,10387,17313,903000000,903000000
0,9030,903000000,903000100,10387,17313,903100000,903100000
0,9031,903100000,903100100,10387,17313,903200000,903200000
0,9032,903200000,903200100,10387,17313,903300000,903300000
0,9033,903300000,903300100,10387,17313,903400000,903400000
0,9034,903400000,903400100,10387,17313,903500000,903500000
0,9035,903500000,903500100,10387,17313,903600000,903600000
0,9036,903600000,903600100,10387,17313,903700000,903700000
0,9037,903700000,903700100,10387,17313,903800000,903800000
0,9038,903800000,903800100,10387,17313,903900000,903900000
0,9039,903900000,903900100,10387,17313,904000000,904000000
0,9040,904000000,904000100,10387,17313,904100000,904100000
0,9041,904100000,904100100,10387,17313,904200000,904200000
0,9042,904200000,904200100,10387,17313,904300000,904300000
0,9043,904300000,904300100,10387,17313,904400000,904400000
0,9044,904400000,904400100,10387,17313,904500000,904500000
0,9045,904500000,904500100,10387,17313,904600000,904600000
0,9046,904600000,904600100,10387,17313,904700000,904700000
0,9047,904700000,904700100,10387,17313,904800000,904800000
0,9048,904800000,904800100,10387,17313,904900000,904900000
0,9049,904900000,904900100,10387,17313,905000000,905000000
0,9050,905000000,905000100,10387,17313,905100000,905100000
0,9051,905100000,905100100,10387,17313,905200000,905200000
0,9052,905200000,905200100,10387,17313,905300000,905300000
0,9053,905300000,905300100,10387,17313,905400000,905400000
0,9054,905400000,905400100,10387,17313,905500000,905500000
0,9055,905500000,905500100,10387,17313,905600000,905600000
0,9056,905600000,905600100,10387,17313,905700000,905700000
0,9057,905700000,905700100,10387,17313,905800000,905800000
0,9058,905800000,905800100,10387,17313,905900000,905900000
0,9059,905900000,905900100,10387,17313,906000000,906000000
0,9060,906000000,906000100,10387,17313,906100000,906100000
0,9061,906100000,906100100,10387,17313,906200000,906200000
0,9062,906200000,906200100,10387,17313,906300000,906300000
0,9063,906300000,906300100,10387,17313,906400000,906400000
0,9064,906400000,906400100,10387,17313,906500000,906500000
0,9065,906500000,906500100,10387,17313,906600000,906600000
0,9066,906600000,906600100,10387,17313,906700000,906700000
0,9067,906700000,906700100,10387,17313,906800000,906800000
0,9068,906800000,906800100,10387,17313,906900000,906900000
0,9069,906900000,906900100,10387,17313,907000000,907000000
0,9070,907000000,907000100,10387,17313,907100000,907100000
0,9071,907100000,907100100,10387,17313,907200000,907200000
0,9072,907200000,907200100,10387,17313,907300000,907300000
0,9073,907300000,907300100,10387,17313,907400000,907400000
0,9074,907400000,907400100,10387,17313,907500000,907500000
0,9075,907500000,907500100,10387,17313,907600000,907600000
0,9076,907600000,907600100,10387,17313,907700000,907700000
0,9077,907700000,907700100,10387,17313,907800000,907800000
0,9078,907800000,907800100,10387,17313,907900000,907900000
0,9079,907900000,907900100,10387,17313,908000000,908000000
0,9080,908000000,908000100,10387,17313,908100000,908100000
0,9081,908100000,908100100,10387,17313,908200000,908200000
0,9082,908200000,908200100,10387,17313,908300000,908300000
0,9083,908300000,908300100,10387,17313,908400000,908400000
0,9084,908400000,908400100,10387,17313,908500000,908500000
0,9085,908500000,908500100,10387,17313,908600000,908600000
0,9086,908600000,908600100,10387,17313,908700000,908700000
0,9087,908700000,908700100,10387,17313,908800000,908800000
0,9088,908800000,908800100,10387,17313,908900000,908900000
0,9089,908900000,908900100,10387,17313,909000000,909000000
0,9090,909000000,909000100,10387,17313,909100000,909100000
0,9091,909100000,909100100,10387,17313,909200000,909200000
0,9092,909200000,909200100,10387,17313,909300000,909300000
0,9093,909300000,909300100,10387,17313,909400000,909400000
0,9094,909400000,909400100,10387,17313,909500000,909500000
0,9095,909500000,909500100,10387,17313,909600000,909600000
0,9096,909600000,909600100,10387,17313,909700000,909700000
0,9097,909700000,909700100,10387,17313,909800000,909800000
0,9098,909800000,909800100,10387,17313,909900000,909900000
0,9099,909900000,909900100,10387,17313,910000000,910000000
0,9100,910000000,910000100,10387,17313,910100000,910100000
0,9101,910100000,910100100,10387,17313,910200000,910200000
0,9102,910200000,910200100,10387,17313,910300000,910300000
0,9103,910300000,910300100,10387,17313,910400000,910400000
0,9104,910400000,910400100,10387,17313,910500000,910500000
0,9105,910500000,910500100,10387,17313,910600000,910600000
0,9106,910600000,910600100,10387,17313,910700000,910700000
0,9107,910700000,910700100,10387,17313,910800000,910800000
0,9108,910800000,910800100,10387,17313,910900000,910900000
0,9109,910900000,910900100,10387,17313,911000000,911000000
0,9110,911000000,911000100,10387,17313,911100000,911100000
0,9111,911100000,911100100,10387,17313,911200000,911200000
0,9112,911200000,911200100,10387,17313,911300000,911300000
0,9113,911300000,911300100,10387,17313,911400000,911400000
0,9114,911400000,911400100,10387,17313,911500000,911500000
0,9115,911500000,911500100,10387,17313,911600000,911600000
0,9116,911600000,911600100,10387,17313,911700000,911700000
0,9117,911700000,911700100,10387,17313,911800000,911800000
0,9118,911800000,911800100,10387,17313,911900000,911900000
0,9119,911900000,911900100,10387,17313,912000000,912000000
0,9120,912000000,912000100,10387,17313,912100000,912100000
0,9121,912100000,912100100,10387,17313,912200000,912200000
0,9122,912200000,912200100,10387,17313,912300000,912300000
0,9123,912300000,912300100,10387,17313,912400000,912400000
0,9124,912400000,912400100,10387,17313,912500000,912500000
0,9125,912500000,912500100,10387,17313,912600000,912600000
0,9126,912600000,912600100,10387,17313,912700000,912700000
0,9127,912700000,912700100,10387,17313,912800000,912800000
0,9128,912800000,912800100,10387,17313,912900000,912900000
0,9129,912900000,912900100,10387,17313,913000000,913000000
0,9130,913000000,913000100,10387,17313,913100000,913100000
0,9131,913100000,913100100,10387,17313,913200000,913200000
0,9132,913200000,913200100,10387,17313,913300000,913300000
0,9133,913300000,913300100,10387,17313,913400000,913400000
0,9134,913400000,913400100,10387,17313,913500000,913500000
0,9135,913500000,913500100,10387,17313,913600000,913600000
0,9136,913600000,913600100,10387,17313,913700000,913700000
0,9137,913700000,913700100,10387,17313,913800000,913800000
0,9138,913800000,913800100,10387,17313,913900000,913900000
0,9139,913900000,913900100,10387,17313,914000000,914000000
0,9140,914000000,914000100,10387,17313,914100000,914100000
0,9141,914100000,914100100,10387,17313,914200000,914200000
0,9142,914200000,914200100,10387,17313,914300000,914300000
0,9143,914300000,914300100,10387,17313,914400000,914400000
0,9144,914400000,914400100,10387,17313,914500000,914500000
0,9145,914500000,914500100,10387,17313,914600000,914600000
0,9146,914600000,914600100,10387,17313,914700000,914700000
0,9147,914700000,914700100,10387,17313,914800000,914800000
0,9148,914800000,914800100,10387,17313,914900000,914900000
0,9149,914900000,914900100,10387,17313,915000000,915000000
0,9150,915000000,915000100,10387,17313,915100000,915100000
0,9151,915100000,915100100,10387,17313,915200000,915200000
0,9152,915200000,915200100,10387,17313,915300000,915300000
0,9153,915300000,915300100,10387,17313,915400000,915400000
0,9154,915400000,915400100,10387,17313,915500000,915500000
0,9155,915500000,915500100,10387,17313,915600000,915600000
0,9156,915600000,915600100,10387,17313,915700000,915700000
0,9157,915700000,915700100,10387,17313,915800000,915800000
0,9158,915800000,915800100,10387,17313,915900000,915900000
0,9159,915900000,915900100,10387,17313,916000000,916000000
0,9160,916000000,916000100,10387,17313,916100000,916100000
0,9161,916100000,916100100,10387,17313,916200000,916200000
0,9162,916200000,916200100,10387,17313,916300000,916300000
0,9163,916300000,916300100,10387,17313,916400000,916400000
0,9164,916400000,916400100,10387,17313,916500000,916500000
0,9165,916500000,916500100,10387,17313,916600000,916600000
0,9166,916600000,916600100,10387,17313,916700000,916700000
0,9167,916700000,916700100,10387,17313,916800000,916800000
0,9168,916800000,916800100,10387,17313,916900000,916900000
0,9169,916900000,916900100,10387,17313,917000000,917000000
0,9170,917000000,917000100,10387,17313,917100000,917100000
0,9171,917100000,917100100,10387,17313,917200000,917200000
0,9172,917200000,917200100,10387,17313,917300000,917300000
0,9173,917300000,917300100,10387,17313,917400000,917400000
0,9174,917400000,917400100,10387,17313,917500000,917500000
0,9175,917500000,917500100,10387,17313,917600000,917600000
0,9176,917600000,917600100,10387,17313,917700000,917700000
0,9177,917700000,917700100,10387,17313,917800000,917800000
0,9178,917800000,917800100,10387,17313,917900000,917900000
0,9179,917900000,917900100,10387,17313,918000000,918000000
0,9180,918000000,918000100,10387,17313,918100000,918100000
0,9181,918100000,918100100,10387,17313,918200000,918200000
0,9182,918200000,918200100,10387,17313,918300000,918300000
0,9183,918300000,918300100,10387,17313,918400000,918400000
0,9184,918400000,918400100,10387,17313,918500000,918500000
0,9185,918500000,918500100,10387,17313,918600000,918600000
0,9186,918600000,918600100,10387,17313,918700000,918700000
0,9187,918700000,918700100,10387,17313,918800000,918800000
0,9188,918800000,918800100,10387,17313,918900000,918900000
0,9189,918900000,918900100,10387,17313,919000000,919000000
0,9190,919000000,919000100,10387,17313,919100000,919100000
0,9191,919100000,919100100,10387,17313,919200000,919200000
0,9192,919200000,919200100,10387,17313,919300000,919300000
0,9193,919300000,919300100,10387,17313,919400000,919400000
0,9194,919400000,919400100,10387,17313,919500000,919500000
0,9195,919500000,919500100,10387,17313,919600000,919600000
0,9196,919600000,919600100,10387,17313,919700000,919700000
0,9197,919700000,919700100,10387,17313,919800000,919800000
0,9198,919800000,919800100,10387,17313,919900000,919900000
0,9199,919900000,919900100,10387,17313,920000000,920000000
0,9200,920000000,920000100,10387,17313,920100000,920100000
0,9201,920100000,920100100,10387,17313,920200000,920200000
0,9202,920200000,920200100,10387,17313,920300000,920300000
0,9203,920300000,920300100,10387,17313,920400000,920400000
0,9204,920400000,920400100,10387,17313,920500000,920500000
0,9205,920500000,920500100,10387,17313,920600000,920600000
0,9206,920600000,920600100,10387,17313,920700000,920700000
0,9207,920700000,920700100,10387,17313,920800000,920800000
0,9208,920800000,920800100,10387,17313,920900000,920900000
0,9209,920900000,920900100,10387,17313,921000000,921000000
0,9210,921000000,921000100,10387,17313,921100000,921100000
0,9211,921100000,921100100,10387,17313,921200000,921200000
0,9212,921200000,921200100,10387,17313,921300000,921300000
0,9213,921300000,921300100,10387,17313,921400000,921400000
0,9214,921400000,921400100,10387,17313,921500000,921500000
0,9215,921500000,921500100,10387,17313,921600000,921600000
0,9216,921600000,921600100,10387,17313,921700000,921700000
0,9217,921700000,921700100,10387,17313,921800000,921800000
0,9218,921800000,921800100,10387,17313,921900000,921900000
0,9219,921900000,921900100,10387,17313,922000000,922000000
0,9220,922000000,922000100,10387,17313,922100000,922100000
0,9221,922100000,922100100,10387,17313,922200000,922200000
0,9222,922200000,922200100,10387,17313,922300000,922300000
0,9223,922300000,922300100,10387,17313,922400000,922400000
0,9224,922400000,922400100,10387,17313,922500000,922500000
0,9225,922500000,922500100,10387,17313,922600000,922600000
0,9226,922600000,922600100,10387,17313,922700000,922700000
0,9227,922700000,922700100,10387,17313,922800000,922800000
0,9228,922800000,922800100,10387,17313,922900000,922900000
0,9229,922900000,922900100,10387,17313,923000000,923000000
0,9230,923000000,923000100,10387,17313,923100000,923100000
0,9231,923100000,923100100,10387,17313,923200000,923200000
0,9232,923200000,923200100,10387,17313,923300000,923300000
0,9233,923300000,923300100,10387,17313,923400000,923400000
0,9234,923400000,923400100,10387,17313,923500000,923500000
0,9235,923500000,923500100,10387,17313,923600000,923600000
0,9236,923600000,923600100,10387,17313,923700000,923700000
0,9237,923700000,923700100,10387,17313,923800000,923800000
0,9238,923800000,923800100,10387,17313,923900000,923900000
0,9239,923900000,923900100,10387,17313,924000000,924000000
0,9240,924000000,924000100,10387,17313,924100000,924100000
0,9241,924100000,924100100,10387,17313,924200000,924200000
0,9242,924200000,924200100,10387,17313,924300000,924300000
0,9243,924300000,924300100,10387,17313,924400000,924400000
0,9244,924400000,924400100,10387,17313,924500000,924500000
0,9245,924500000,924500100,10387,17313,924600000,924600000
0,9246,924600000,924600100,10387,17313,924700000,924700000
0,9247,924700000,924700100,10387,17313,924800000,924800000
0,9248,924800000,924800100,10387,17313,924900000,924900000
0,9249,924900000,924900100,10387,17313,925000000,925000000
0,9250,925000000,925000100,10387,17313,925100000,925100000
0,9251,925100000,925100100,10387,17313,925200000,925200000
0,9252,925200000,925200100,10387,17313,925300000,925300000
0,9253,925300000,925300100,10387,17313,925400000,925400000
0,9254,925400000,925400100,10387,17313,925500000,925500000
0,9255,925500000,925500100,10387,17313,925600000,925600000
0,9256,925600000,925600100,10387,17313,925700000,925700000
0,9257,925700000,925700100,10387,17313,925800000,925800000
0,9258,925800000,925800100,10387,17313,925900000,925900000
0,9259,925900000,925900100,10387,17313,926000000,926000000
0,9260,926000000,926000100,10387,17313,926100000,926100000
0,9261,926100000,926100100,10387,17313,926200000,926200000
0,9262,926200000,926200100,10387,17313,926300000,926300000
0,9263,926300000,926300100,10387,17313,926400000,926400000
0,9264,926400000,926400100,10387,17313,926500000,926500000
0,9265,926500000,926500100,10387,17313,926600000,926600000
0,9266,926600000,926600100,10387,17313,926700000,926700000
0,9267,926700000,926700100,10387,17313,926800000,926800000
0,9268,926800000,926800100,10387,17313,926900000,926900000
0,9269,926900000,926900100,10387,17313,927000000,927000000
0,9270,927000000,927000100,10387,17313,927100000,927100000
0,9271,927100000,927100100,10387,17313,927200000,927200000
0,9272,927200000,927200100,10387,17313,927300000,927300000
0,9273,927300000,927300100,10387,17313,927400000,927400000
0,9274,927400000,927400100,10387,17313,927500000,927500000
0,9275,927500000,927500100,10387,17313,927600000,927600000
0,9276,927600000,927600100,10387,17313,927700000,927700000
0,9277,927700000,927700100,10387,17313,927800000,927800000
0,9278,927800000,927800100,10387,17313,927900000,927900000
0,9279,927900000,927900100,10387,17313,928000000,928000000
0,9280,928000000,928000100,10387,17313,928100000,928100000
0,9281,928100000,928100100,10387,17313,928200000,928200000
0,9282,928200000,928200100,10387,17313,928300000,928300000
0,9283,928300000,928300100,10387,17313,928400000,928400000
0,9284,928400000,928400100,10387,17313,928500000,928500000
0,9285,928500000,928500100,10387,17313,928600000,928600000
0,9286,928600000,928600100,10387,17313,928700000,928700000
0,9287,928700000,928700100,10387,17313,928800000,928800000
0,9288,928800000,928800100,10387,17313,928900000,928900000
0,9289,928900000,928900100,10387,17313,929000000,929000000
0,9290,929000000,929000100,10387,17313,929100000,929100000
0,9291,929100000,929100100,10387,17313,929200000,929200000
0,9292,929200000,929200100,10387,17313,929300000,929300000
0,9293,929300000,929300100,10387,17313,929400000,929400000
0,9294,929400000,929400100,10387,17313,929500000,929500000
0,9295,929500000,929500100,10387,17313,929600000,929600000
0,9296,929600000,929600100,10387,17313,929700000,929700000
0,9297,929700000,929700100,10387,17313,929800000,929800000
0,9298,929800000,929800100,10387,17313,929900000,929900000
0,9299,929900000,929900100,10387,17313,930000000,930000000
0,9300,930000000,930000100,10387,17313,930100000,930100000
0,9301,930100000,930100100,10387,17313,930200000,930200000
0,9302,930200000,930200100,10387,17313,930300000,930300000
0,9303,930300000,930300100,10387,17313,930400000,930400000
0,9304,930400000,930400100,10387,17313,930500000,930500000
0,9305,930500000,930500100,10387,17313,930600000,930600000
0,9306,930600000,930600100,10387,17313,930700000,930700000
0,9307,930700000,930700100,10387,17313,930800000,930800000
0,9308,930800000,930800100,10387,17313,930900000,930900000
0,9309,930900000,930900100,10387,17313,931000000,931000000
0,9310,931000000,931000100,10387,17313,931100000,931100000
0,9311,931100000,931100100,10387,17313,931200000,931200000
0,9312,931200000,931200100,10387,17313,931300000,931300000
0,9313,931300000,931300100,10387,17313,931400000,931400000
0,9314,931400000,931400100,10387,17313,931500000,931500000
0,9315,931500000,931500100,10387,17313,931600000,931600000
0,9316,931600000,931600100,10387,17313,931700000,931700000
0,9317,931700000,931700100,10387,17313,931800000,931800000
0,9318,931800000,931800100,10387,17313,931900000,931900000
0,9319,931900000,931900100,10387,17313,932000000,932000000
0,9320,932000000,932000100,10387,17313,932100000,932100000
0,9321,932100000,932100100,10387,17313,932200000,932200000
0,9322,932200000,932200100,10387,17313,932300000,932300000
0,9323,932300000,932300100,10387,17313,932400000,932400000
0,9324,932400000,932400100,10387,17313,932500000,932500000
0,9325,932500000,932500100,10387,17313,932600000,932600000
0,9326,932600000,932600100,10387,17313,932700000,932700000
0,9327,932700000,932700100,10387,17313,932800000,932800000
0,9328,932800000,932800100,10387,17313,932900000,932900000
0,9329,932900000,932900100,10387,17313,933000000,933000000
0,9330,933000000,933000100,10387,17313,933100000,933100000
0,9331,933100000,933100100,10387,17313,933200000,933200000
0,9332,933200000,933200100,10387,17313,933300000,933300000
0,9333,933300000,933300100,10387,17313,933400000,933400000
0,9334,933400000,933400100,10387,17313,933500000,933500000
0,9335,933500000,933500100,10387,17313,933600000,933600000
0,9336,933600000,933600100,10387,17313,933700000,933700000
0,9337,933700000,933700100,10387,17313,933800000,933800000
0,9338,933800000,933800100,10387,17313,933900000,933900000
0,9339,933900000,933900100,10387,17313,934000000,934000000
0,9340,934000000,934000100,10387,17313,934100000,934100000
0,9341,934100000,934100100,10387,17313,934200000,934200000
0,9342,934200000,934200100,10387,17313,934300000,934300000
0,9343,934300000,934300100,10387,17313,934400000,934400000
0,9344,934400000,934400100,10387,17313,934500000,934500000
0,9345,934500000,934500100,10387,17313,934600000,934600000
0,9346,934600000,934600100,10387,17313,934700000,934700000
0,9347,934700000,934700100,10387,17313,934800000,934800000
0,9348,934800000,934800100,10387,17313,934900000,934900000
0,9349,934900000,934900100,10387,17313,935000000,935000000
0,9350,935000000,935000100,10387,17313,935100000,935100000
0,9351,935100000,935100100,10387,17313,935200000,935200000
0,9352,935200000,935200100,10387,17313,935300000,935300000
0,9353,935300000,935300100,10387,17313,935400000,935400000
0,9354,935400000,935400100,10387,17313,935500000,935500000
0,9355,935500000,935500100,10387,17313,935600000,935600000
0,9356,935600000,935600100,10387,17313,935700000,935700000
0,9357,935700000,935700100,10387,17313,935800000,935800000
0,9358,935800000,935800100,10387,17313,935900000,935900000
0,9359,935900000,935900100,10387,17313,936000000,936000000
0,9360,936000000,936000100,10387,17313,936100000,936100000
0,9361,936100000,936100100,10387,17313,936200000,936200000
0,9362,936200000,936200100,10387,17313,936300000,936300000
0,9363,936300000,936300100,10387,17313,936400000,936400000
0,9364,936400000,936400100,10387,17313,936500000,936500000
0,9365,936500000,936500100,10387,17313,936600000,936600000
0,9366,936600000,936600100,10387,17313,936700000,936700000
0,9367,936700000,936700100,10387,17313,936800000,936800000
0,9368,936800000,936800100,10387,17313,936900000,936900000
0,9369,936900000,936900100,10387,17313,937000000,937000000
0,9370,937000000,937000100,10387,17313,937100000,937100000
0,9371,937100000,937100100,10387,17313,937200000,937200000
0,9372,937200000,937200100,10387,17313,937300000,937300000
0,9373,937300000,937300100,10387,17313,937400000,937400000
0,9374,937400000,937400100,10387,17313,937500000,937500000
0,9375,937500000,937500100,10387,17313,937600000,937600000
0,9376,937600000,937600100,10387,17313,937700000,937700000
0,9377,937700000,937700100,10387,17313,937800000,937800000
0,9378,937800000,937800100,10387,17313,937900000,937900000
0,9379,937900000,937900100,10387,17313,938000000,938000000
0,9380,938000000,938000100,10387,17313,938100000,938100000
0,9381,938100000,938100100,10387,17313,938200000,938200000
0,9382,938200000,938200100,10387,17313,938300000,938300000
0,9383,938300000,938300100,10387,17313,938400000,938400000
0,9384,938400000,938400100,10387,17313,938500000,938500000
0,9385,938500000,938500100,10387,17313,938600000,938600000
0,9386,938600000,938600100,10387,17313,938700000,938700000
0,9387,938700000,938700100,10387,17313,938800000,938800000
0,9388,938800000,938800100,10387,17313,938900000,938900000
0,9389,938900000,938900100,10387,17313,939000000,939000000
0,9390,939000000,939000100,10387,17313,939100000,939100000
0,9391,939100000,939100100,10387,17313,939200000,939200000
0,9392,939200000,939200100,10387,17313,939300000,939300000
0,9393,939300000,939300100,10387,17313,939400000,939400000
0,9394,939400000,939400100,10387,17313,939500000,939500000
0,9395,939500000,939500100,10387,17313,939600000,939600000
0,9396,939600000,939600100,10387,17313,939700000,939700000
0,9397,939700000,939700100,10387,17313,939800000,939800000
0,9398,939800000,939800100,10387,17313,939900000,939900000
0,9399,939900000,939900100,10387,17313,940000000,940000000
0,9400,940000000,940000100,10387,17313,940100000,940100000
0,9401,940100000,940100100,10387,17313,940200000,940200000
0,9402,940200000,940200100,10387,17313,940300000,940300000
0,9403,940300000,940300100,10387,17313,940400000,940400000
0,9404,940400000,940400100,10387,17313,940500000,940500000
0,9405,940500000,940500100,10387,17313,940600000,940600000
0,9406,940600000,940600100,10387,17313,940700000,940700000
0,9407,940700000,940700100,10387,17313,940800000,940800000
0,9408,940800000,940800100,10387,17313,940900000,940900000
0,9409,940900000,940900100,10387,17313,941000000,941000000
0,9410,941000000,941000100,10387,17313,941100000,941100000
0,9411,941100000,941100100,10387,17313,941200000,941200000
0,9412,941200000,941200100,10387,17313,941300000,941300000
0,9413,941300000,941300100,10387,17313,941400000,941400000
0,9414,941400000,941400100,10387,17313,941500000,941500000
0,9415,941500000,941500100,10387,17313,941600000,941600000
0,9416,941600000,941600100,10387,17313,941700000,941700000
0,9417,941700000,941700100,10387,17313,941800000,941800000
0,9418,941800000,941800100,10387,17313,941900000,941900000
0,9419,941900000,941900100,10387,17313,942000000,942000000
0,9420,942000000,942000100,10387,17313,942100000,942100000
0,9421,942100000,942100100,10387,17313,942200000,942200000
0,9422,942200000,942200100,10387,17313,942300000,942300000
0,9423,942300000,942300100,10387,17313,942400000,942400000
0,9424,942400000,942400100,10387,17313,942500000,942500000
0,9425,942500000,942500100,10387,17313,942600000,942600000
0,9426,942600000,942600100,10387,17313,942700000,942700000
0,9427,942700000,942700100,10387,17313,942800000,942800000
0,9428,942800000,942800100,10387,17313,942900000,942900000
0,9429,942900000,942900100,10387,17313,943000000,943000000
0,9430,943000000,943000100,10387,17313,943100000,943100000
0,9431,943100000,943100100,10387,17313,943200000,943200000
0,9432,943200000,943200100,10387,17313,943300000,943300000
0,9433,943300000,943300100,10387,17313,943400000,943400000
0,9434,943400000,943400100,10387,17313,943500000,943500000
0,9435,943500000,943500100,10387,17313,943600000,943600000
0,9436,943600000,943600100,10387,17313,943700000,943700000
0,9437,943700000,943700100,10387,17313,943800000,943800000
0,9438,943800000,943800100,10387,17313,943900000,943900000
0,9439,943900000,943900100,10387,17313,944000000,944000000
0,9440,944000000,944000100,10387,17313,944100000,944100000
0,9441,944100000,944100100,10387,17313,944200000,944200000
0,9442,944200000,944200100,10387,17313,944300000,944300000
0,9443,944300000,944300100,10387,17313,944400000,944400000
0,9444,944400000,944400100,10387,17313,944500000,944500000
0,9445,944500000,944500100,10387,17313,944600000,944600000
0,9446,944600000,944600100,10387,17313,944700000,944700000
0,9447,944700000,944700100,10387,17313,944800000,944800000
0,9448,944800000,944800100,10387,17313,944900000,944900000
0,9449,944900000,944900100,10387,17313,945000000,945000000
0,9450,945000000,945000100,10387,17313,945100000,945100000
0,9451,945100000,945100100,10387,17313,945200000,945200000
0,9452,945200000,945200100,10387,17313,945300000,945300000
0,9453,945300000,945300100,10387,17313,945400000,945400000
0,9454,945400000,945400100,10387,17313,945500000,945500000
0,9455,945500000,945500100,10387,17313,945600000,945600000
0,9456,945600000,945600100,10387,17313,945700000,945700000
0,9457,945700000,945700100,10387,17313,945800000,945800000
0,9458,945800000,945800100,10387,17313,945900000,945900000
0,9459,945900000,945900100,10387,17313,946000000,946000000
0,9460,946000000,946000100,10387,17313,946100000,946100000
0,9461,946100000,946100100,10387,17313,946200000,946200000
0,9462,946200000,946200100,10387,17313,946300000,946300000
0,9463,946300000,946300100,10387,17313,946400000,946400000
0,9464,946400000,946400100,10387,17313,946500000,946500000
0,9465,946500000,946500100,10387,17313,946600000,946600000
0,9466,946600000,946600100,10387,17313,946700000,946700000
0,9467,946700000,946700100,10387,17313,946800000,946800000
0,9468,946800000,946800100,10387,17313,946900000,946900000
0,9469,946900000,946900100,10387,17313,947000000,947000000
0,9470,947000000,947000100,10387,17313,947100000,947100000
0,9471,947100000,947100100,10387,17313,947200000,947200000
0,9472,947200000,947200100,10387,17313,947300000,947300000
0,9473,947300000,947300100,10387,17313,947400000,947400000
0,9474,947400000,947400100,10387,17313,947500000,947500000
0,9475,947500000,947500100,10387,17313,947600000,947600000
0,9476,947600000,947600100,10387,17313,947700000,947700000
0,9477,947700000,947700100,10387,17313,947800000,947800000
0,9478,947800000,947800100,10387,17313,947900000,947900000
0,9479,947900000,947900100,10387,17313,948000000,948000000
0,9480,948000000,948000100,10387,17313,948100000,948100000
0,9481,948100000,948100100,10387,17313,948200000,948200000
0,9482,948200000,948200100,10387,17313,948300000,948300000
0,9483,948300000,948300100,10387,17313,948400000,948400000
0,9484,948400000,948400100,10387,17313,948500000,948500000
0,9485,948500000,948500100,10387,17313,948600000,948600000
0,9486,948600000,948600100,10387,17313,948700000,948700000
0,9487,948700000,948700100,10387,17313,948800000,948800000
0,9488,948800000,948800100,10387,17313,948900000,948900000
0,9489,948900000,948900100,10387,17313,949000000,949000000
0,9490,949000000,949000100,10387,17313,949100000,949100000
0,9491,949100000,949100100,10387,17313,949200000,949200000
0,9492,949200000,949200100,10387,17313,949300000,949300000
0,9493,949300000,949300100,10387,17313,949400000,949400000
0,9494,949400000,949400100,10387,17313,949500000,949500000
0,9495,949500000,949500100,10387,17313,949600000,949600000
0,9496,949600000,949600100,10387,17313,949700000,949700000
0,9497,949700000,949700100,10387,17313,949800000,949800000
0,9498,949800000,949800100,10387,17313,949900000,949900000
0,9499,949900000,949900100,10387,17313,950000000,950000000
0,9500,950000000,950000100,10387,17313,950100000,950100000
0,9501,950100000,950100100,10387,17313,950200000,950200000
0,9502,950200000,950200100,10387,17313,950300000,950300000
0,9503,950300000,950300100,10387,17313,950400000,950400000
0,9504,950400000,950400100,10387,17313,950500000,950500000
0,9505,950500000,950500100,10387,17313,950600000,950600000
0,9506,950600000,950600100,10387,17313,950700000,950700000
0,9507,950700000,950700100,10387,17313,950800000,950800000
0,9508,950800000,950800100,10387,17313,950900000,950900000
0,9509,950900000,950900100,10387,17313,951000000,951000000
0,9510,951000000,951000100,10387,17313,951100000,951100000
0,9511,951100000,951100100,10387,17313,951200000,951200000
0,9512,951200000,951200100,10387,17313,951300000,951300000
0,9513,951300000,951300100,10387,17313,951400000,951400000
0,9514,951400000,951400100,10387,17313,951500000,951500000
0,9515,951500000,951500100,10387,17313,951600000,951600000
0,9516,951600000,951600100,10387,17313,951700000,951700000
0,9517,951700000,951700100,10387,17313,951800000,951800000
0,9518,951800000,951800100,10387,17313,951900000,951900000
0,9519,951900000,951900100,10387,17313,952000000,952000000
0,9520,952000000,952000100,10387,17313,952100000,952100000
0,9521,952100000,952100100,10387,17313,952200000,952200000
0,9522,952200000,952200100,10387,17313,952300000,952300000
0,9523,952300000,952300100,10387,17313,952400000,952400000
0,9524,952400000,952400100,10387,17313,952500000,952500000
0,9525,952500000,952500100,10387,17313,952600000,952600000
0,9526,952600000,952600100,10387,17313,952700000,952700000
0,9527,952700000,952700100,10387,17313,952800000,952800000
0,9528,952800000,952800100,10387,17313,952900000,952900000
0,9529,952900000,952900100,10387,17313,953000000,953000000
0,9530,953000000,953000100,10387,17313,953100000,953100000
0,9531,953100000,953100100,10387,17313,953200000,953200000
0,9532,953200000,953200100,10387,17313,953300000,953300000
0,9533,953300000,953300100,10387,17313,953400000,953400000
0,9534,953400000,953400100,10387,17313,953500000,953500000
0,9535,953500000,953500100,10387,17313,953600000,953600000
0,9536,953600000,953600100,10387,17313,953700000,953700000
0,9537,953700000,953700100,10387,17313,953800000,953800000
0,9538,953800000,953800100,10387,17313,953900000,953900000
0,9539,953900000,953900100,10387,17313,954000000,954000000
0,9540,954000000,954000100,10387,17313,954100000,954100000
0,9541,954100000,954100100,10387,17313,954200000,954200000
0,9542,954200000,954200100,10387,17313,954300000,954300000
0,9543,954300000,954300100,10387,17313,954400000,954400000
0,9544,954400000,954400100,10387,17313,954500000,954500000
0,9545,954500000,954500100,10387,17313,954600000,954600000
0,9546,954600000,954600100,10387,17313,954700000,954700000
0,9547,954700000,954700100,10387,17313,954800000,954800000
0,9548,954800000,954800100,10387,17313,954900000,954900000
0,9549,954900000,954900100,10387,17313,955000000,955000000
0,9550,955000000,955000100,10387,17313,955100000,955100000
0,9551,955100000,955100100,10387,17313,955200000,955200000
0,9552,955200000,955200100,10387,17313,955300000,955300000
0,9553,955300000,955300100,10387,17313,955400000,955400000
0,9554,955400000,955400100,10387,17313,955500000,955500000
0,9555,955500000,955500100,10387,17313,955600000,955600000
0,9556,955600000,955600100,10387,17313,955700000,955700000
0,9557,955700000,955700100,10387,17313,955800000,955800000
0,9558,955800000,955800100,10387,17313,955900000,955900000
0,9559,955900000,955900100,10387,17313,956000000,956000000
0,9560,956000000,956000100,10387,17313,956100000,956100000
0,9561,956100000,956100100,10387,17313,956200000,956200000
0,9562,956200000,956200100,10387,17313,956300000,956300000
0,9563,956300000,956300100,10387,17313,956400000,956400000
0,9564,956400000,956400100,10387,17313,956500000,956500000
0,9565,956500000,956500100,10387,17313,956600000,956600000
0,9566,956600000,956600100,10387,17313,956700000,956700000
0,9567,956700000,956700100,10387,17313,956800000,956800000
0,9568,956800000,956800100,10387,17313,956900000,956900000
0,9569,956900000,956900100,10387,17313,957000000,957000000
0,9570,957000000,957000100,10387,17313,957100000,957100000
0,9571,957100000,957100100,10387,17313,957200000,957200000
0,9572,957200000,957200100,10387,17313,957300000,957300000
0,9573,957300000,957300100,10387,17313,957400000,957400000
0,9574,957400000,957400100,10387,17313,957500000,957500000
0,9575,957500000,957500100,10387,17313,957600000,957600000
0,9576,957600000,957600100,10387,17313,957700000,957700000
0,9577,957700000,957700100,10387,17313,957800000,957800000
0,9578,957800000,957800100,10387,17313,957900000,957900000
0,9579,957900000,957900100,10387,17313,958000000,958000000
0,9580,958000000,958000100,10387,17313,958100000,958100000
0,9581,958100000,958100100,10387,17313,958200000,958200000
0,9582,958200000,958200100,10387,17313,958300000,958300000
0,9583,958300000,958300100,10387,17313,958400000,958400000
0,9584,958400000,958400100,10387,17313,958500000,958500000
0,9585,958500000,958500100,10387,17313,958600000,958600000
0,9586,958600000,958600100,10387,17313,958700000,958700000
0,9587,958700000,958700100,10387,17313,958800000,958800000
0,9588,958800000,958800100,10387,17313,958900000,958900000
0,9589,958900000,958900100,10387,17313,959000000,959000000
0,9590,959000000,959000100,10387,17313,959100000,959100000
0,9591,959100000,959100100,10387,17313,959200000,959200000
0,9592,959200000,959200100,10387,17313,959300000,959300000
0,9593,959300000,959300100,10387,17313,959400000,959400000
0,9594,959400000,959400100,10387,17313,959500000,959500000
0,9595,959500000,959500100,10387,17313,959600000,959600000
0,9596,959600000,959600100,10387,17313,959700000,959700000
0,9597,959700000,959700100,10387,17313,959800000,959800000
0,9598,959800000,959800100,10387,17313,959900000,959900000
0,9599,959900000,959900100,10387,17313,960000000,960000000
0,9600,960000000,960000100,10387,17313,960100000,960100000
0,9601,960100000,960100100,10387,17313,960200000,960200000
0,9602,960200000,960200100,10387,17313,960300000,960300000
0,9603,960300000,960300100,10387,17313,960400000,960400000
0,9604,960400000,960400100,10387,17313,960500000,960500000
0,9605,960500000,960500100,10387,17313,960600000,960600000
0,9606,960600000,960600100,10387,17313,960700000,960700000
0,9607,960700000,960700100,10387,17313,960800000,960800000
0,9608,960800000,960800100,10387,17313,960900000,960900000
0,9609,960900000,960900100,10387,17313,961000000,961000000
0,9610,961000000,961000100,10387,17313,961100000,961100000
0,9611,961100000,961100100,10387,17313,961200000,961200000
0,9612,961200000,961200100,10387,17313,961300000,961300000
0,9613,961300000,961300100,10387,17313,961400000,961400000
0,9614,961400000,961400100,10387,17313,961500000,961500000
0,9615,961500000,961500100,10387,17313,961600000,961600000
0,9616,961600000,961600100,10387,17313,961700000,961700000
0,9617,961700000,961700100,10387,17313,961800000,961800000
0,9618,961800000,961800100,10387,17313,961900000,961900000
0,9619,961900000,961900100,10387,17313,962000000,962000000
0,9620,962000000,962000100,10387,17313,962100000,962100000
0,9621,962100000,962100100,10387,17313,962200000,962200000
0,9622,962200000,962200100,10387,17313,962300000,962300000
0,9623,962300000,962300100,10387,17313,962400000,962400000
0,9624,962400000,962400100,10387,17313,962500000,962500000
0,9625,962500000,962500100,10387,17313,962600000,962600000
0,9626,962600000,962600100,10387,17313,962700000,962700000
0,9627,962700000,962700100,10387,17313,962800000,962800000
0,9628,962800000,962800100,10387,17313,962900000,962900000
0,9629,962900000,962900100,10387,17313,963000000,963000000
0,9630,963000000,963000100,10387,17313,963100000,963100000
0,9631,963100000,963100100,10387,17313,963200000,963200000
0,9632,963200000,963200100,10387,17313,963300000,963300000
0,9633,963300000,963300100,10387,17313,963400000,963400000
0,9634,963400000,963400100,10387,17313,963500000,963500000
0,9635,963500000,963500100,10387,17313,963600000,963600000
0,9636,963600000,963600100,10387,17313,963700000,963700000
0,9637,963700000,963700100,10387,17313,963800000,963800000
0,9638,963800000,963800100,10387,17313,963900000,963900000
0,9639,963900000,963900100,10387,17313,964000000,964000000
0,9640,964000000,964000100,10387,17313,964100000,964100000
0,9641,964100000,964100100,10387,17313,964200000,964200000
0,9642,964200000,964200100,10387,17313,964300000,964300000
0,9643,964300000,964300100,10387,17313,964400000,964400000
0,9644,964400000,964400100,10387,17313,964500000,964500000
0,9645,964500000,964500100,10387,17313,964600000,964600000
0,9646,964600000,964600100,10387,17313,964700000,964700000
0,9647,964700000,964700100,10387,17313,964800000,964800000
0,9648,964800000,964800100,10387,17313,964900000,964900000
0,9649,964900000,964900100,10387,17313,965000000,965000000
0,9650,965000000,965000100,10387,17313,965100000,965100000
0,9651,965100000,965100100,10387,17313,965200000,965200000
0,9652,965200000,965200100,10387,17313,965300000,965300000
0,9653,965300000,965300100,10387,17313,965400000,965400000
0,9654,965400000,965400100,10387,17313,965500000,965500000
0,9655,965500000,965500100,10387,17313,965600000,965600000
0,9656,965600000,965600100,10387,17313,965700000,965700000
0,9657,965700000,965700100,10387,17313,965800000,965800000
0,9658,965800000,965800100,10387,17313,965900000,965900000
0,9659,965900000,965900100,10387,17313,966000000,966000000
0,9660,966000000,966000100,10387,17313,966100000,966100000
0,9661,966100000,966100100,10387,17313,966200000,966200000
0,9662,966200000,966200100,10387,17313,966300000,966300000
0,9663,966300000,966300100,10387,17313,966400000,966400000
0,9664,966400000,966400100,10387,17313,966500000,966500000
0,9665,966500000,966500100,10387,17313,966600000,966600000
0,9666,966600000,966600100,10387,17313,966700000,966700000
0,9667,966700000,966700100,10387,17313,966800000,966800000
0,9668,966800000,966800100,10387,17313,966900000,966900000
0,9669,966900000,966900100,10387,17313,967000000,967000000
0,9670,967000000,967000100,10387,17313,967100000,967100000
0,9671,967100000,967100100,10387,17313,967200000,967200000
0,9672,967200000,967200100,10387,17313,967300000,967300000
0,9673,967300000,967300100,10387,17313,967400000,967400000
0,9674,967400000,967400100,10387,17313,967500000,967500000
0,9675,967500000,967500100,10387,17313,967600000,967600000
0,9676,967600000,967600100,10387,17313,967700000,967700000
0,9677,967700000,967700100,10387,17313,967800000,967800000
0,9678,967800000,967800100,10387,17313,967900000,967900000
0,9679,967900000,967900100,10387,17313,968000000,968000000
0,9680,968000000,968000100,10387,17313,968100000,968100000
0,9681,968100000,968100100,10387,17313,968200000,968200000
0,9682,968200000,968200100,10387,17313,968300000,968300000
0,9683,968300000,968300100,10387,17313,968400000,968400000
0,9684,968400000,968400100,10387,17313,968500000,968500000
0,9685,968500000,968500100,10387,17313,968600000,968600000
0,9686,968600000,968600100,10387,17313,968700000,968700000
0,9687,968700000,968700100,10387,17313,968800000,968800000
0,9688,968800000,968800100,10387,17313,968900000,968900000
0,9689,968900000,968900100,10387,17313,969000000,969000000
0,9690,969000000,969000100,10387,17313,969100000,969100000
0,9691,969100000,969100100,10387,17313,969200000,969200000
0,9692,969200000,969200100,10387,17313,969300000,969300000
0,9693,969300000,969300100,10387,17313,969400000,969400000
0,9694,969400000,969400100,10387,17313,969500000,969500000
0,9695,969500000,969500100,10387,17313,969600000,969600000
0,9696,969600000,969600100,10387,17313,969700000,969700000
0,9697,969700000,969700100,10387,17313,969800000,969800000
0,9698,969800000,969800100,10387,17313,969900000,969900000
0,9699,969900000,969900100,10387,17313,970000000,970000000
0,9700,970000000,970000100,10387,17313,970100000,970100000
0,9701,970100000,970100100,10387,17313,970200000,970200000
0,9702,970200000,970200100,10387,17313,970300000,970300000
0,9703,970300000,970300100,10387,17313,970400000,970400000
0,9704,970400000,970400100,10387,17313,970500000,970500000
0,9705,970500000,970500100,10387,17313,970600000,970600000
0,9706,970600000,970600100,10387,17313,970700000,970700000
0,9707,970700000,970700100,10387,17313,970800000,970800000
0,9708,970800000,970800100,10387,17313,970900000,970900000
0,9709,970900000,970900100,10387,17313,971000000,971000000
0,9710,971000000,971000100,10387,17313,971100000,971100000
0,9711,971100000,971100100,10387,17313,971200000,971200000
0,9712,971200000,971200100,10387,17313,971300000,971300000
0,9713,971300000,971300100,10387,17313,971400000,971400000
0,9714,971400000,971400100,10387,17313,971500000,971500000
0,9715,971500000,971500100,10387,17313,971600000,971600000
0,9716,971600000,971600100,10387,17313,971700000,971700000
0,9717,971700000,971700100,10387,17313,971800000,971800000
0,9718,971800000,971800100,10387,17313,971900000,971900000
0,9719,971900000,971900100,10387,17313,972000000,972000000
0,9720,972000000,972000100,10387,17313,972100000,972100000
0,9721,972100000,972100100,10387,17313,972200000,972200000
0,9722,972200000,972200100,10387,17313,972300000,972300000
0,9723,972300000,972300100,10387,17313,972400000,972400000
0,9724,972400000,972400100,10387,17313,972500000,972500000
0,9725,972500000,972500100,10387,17313,972600000,972600000
0,9726,972600000,972600100,10387,17313,972700000,972700000
0,9727,972700000,972700100,10387,17313,972800000,972800000
0,9728,972800000,972800100,10387,17313,972900000,972900000
0,9729,972900000,972900100,10387,17313,973000000,973000000
0,9730,973000000,973000100,10387,17313,973100000,973100000
0,9731,973100000,973100100,10387,17313,973200000,973200000
0,9732,973200000,973200100,10387,17313,973300000,973300000
0,9733,973300000,973300100,10387,17313,973400000,973400000
0,9734,973400000,973400100,10387,17313,973500000,973500000
0,9735,973500000,973500100,10387,17313,973600000,973600000
0,9736,973600000,973600100,10387,17313,973700000,973700000
0,9737,973700000,973700100,10387,17313,973800000,973800000
0,9738,973800000,973800100,10387,17313,973900000,973900000
0,9739,973900000,973900100,10387,17313,974000000,974000000
0,9740,974000000,974000100,10387,17313,974100000,974100000
0,9741,974100000,974100100,10387,17313,974200000,974200000
0,9742,974200000,974200100,10387,17313,974300000,974300000
0,9743,974300000,974300100,10387,17313,974400000,974400000
0,9744,974400000,974400100,10387,17313,974500000,974500000
0,9745,974500000,974500100,10387,17313,974600000,974600000
0,9746,974600000,974600100,10387,17313,974700000,974700000
0,9747,974700000,974700100,10387,17313,974800000,974800000
0,9748,974800000,974800100,10387,17313,974900000,974900000
0,9749,974900000,974900100,10387,17313,975000000,975000000
0,9750,975000000,975000100,10387,17313,975100000,975100000
0,9751,975100000,975100100,10387,17313,975200000,975200000
0,9752,975200000,975200100,10387,17313,975300000,975300000
0,9753,975300000,975300100,10387,17313,975400000,975400000
0,9754,975400000,975400100,10387,17313,975500000,975500000
0,9755,975500000,975500100,10387,17313,975600000,975600000
0,9756,975600000,975600100,10387,17313,975700000,975700000
0,9757,975700000,975700100,10387,17313,975800000,975800000
0,9758,975800000,975800100,10387,17313,975900000,975900000
0,9759,975900000,975900100,10387,17313,976000000,976000000
0,9760,976000000,976000100,10387,17313,976100000,976100000
0,9761,976100000,976100100,10387,17313,976200000,976200000
0,9762,976200000,976200100,10387,17313,976300000,976300000
0,9763,976300000,976300100,10387,17313,976400000,976400000
0,9764,976400000,976400100,10387,17313,976500000,976500000
0,9765,976500000,976500100,10387,17313,976600000,976600000
0,9766,976600000,976600100,10387,17313,976700000,976700000
0,9767,976700000,976700100,10387,17313,976800000,976800000
0,9768,976800000,976800100,10387,17313,976900000,976900000
0,9769,976900000,976900100,10387,17313,977000000,977000000
0,9770,977000000,977000100,10387,17313,977100000,977100000
0,9771,977100000,977100100,10387,17313,977200000,977200000
0,9772,977200000,977200100,10387,17313,977300000,977300000
0,9773,977300000,977300100,10387,17313,977400000,977400000
0,9774,977400000,977400100,10387,17313,977500000,977500000
0,9775,977500000,977500100,10387,17313,977600000,977600000
0,9776,977600000,977600100,10387,17313,977700000,977700000
0,9777,977700000,977700100,10387,17313,977800000,977800000
0,9778,977800000,977800100,10387,17313,977900000,977900000
0,9779,977900000,977900100,10387,17313,978000000,978000000
0,9780,978000000,978000100,10387,17313,978100000,978100000
0,9781,978100000,978100100,10387,17313,978200000,978200000
0,9782,978200000,978200100,10387,17313,978300000,978300000
0,9783,978300000,978300100,10387,17313,978400000,978400000
0,9784,978400000,978400100,10387,17313,978500000,978500000
0,9785,978500000,978500100,10387,17313,978600000,978600000
0,9786,978600000,978600100,10387,17313,978700000,978700000
0,9787,978700000,978700100,10387,17313,978800000,978800000
0,9788,978800000,978800100,10387,17313,978900000,978900000
0,9789,978900000,978900100,10387,17313,979000000,979000000
0,9790,979000000,979000100,10387,17313,979100000,979100000
0,9791,979100000,979100100,10387,17313,979200000,979200000
0,9792,979200000,979200100,10387,17313,979300000,979300000
0,9793,979300000,979300100,10387,17313,979400000,979400000
0,9794,979400000,979400100,10387,17313,979500000,979500000
0,9795,979500000,979500100,10387,17313,979600000,979600000
0,9796,979600000,979600100,10387,17313,979700000,979700000
0,9797,979700000,979700100,10387,17313,979800000,979800000
0,9798,979800000,979800100,10387,17313,979900000,979900000
0,9799,979900000,979900100,10387,17313,980000000,980000000
0,9800,980000000,980000100,10387,17313,980100000,980100000
0,9801,980100000,980100100,10387,17313,980200000,980200000
0,9802,980200000,980200100,10387,17313,980300000,980300000
0,9803,980300000,980300100,10387,17313,980400000,980400000
0,9804,980400000,980400100,10387,17313,980500000,980500000
0,9805,980500000,980500100,10387,17313,980600000,980600000
0,9806,980600000,980600100,10387,17313,980700000,980700000
0,9807,980700000,980700100,10387,17313,980800000,980800000
0,9808,980800000,980800100,10387,17313,980900000,980900000
0,9809,980900000,980900100,10387,17313,981000000,981000000
0,9810,981000000,981000100,10387,17313,981100000,981100000
0,9811,981100000,981100100,10387,17313,981200000,981200000
0,9812,981200000,981200100,10387,17313,981300000,981300000
0,9813,981300000,981300100,10387,17313,981400000,981400000
0,9814,981400000,981400100,10387,17313,981500000,981500000
0,9815,981500000,981500100,10387,17313,981600000,981600000
0,9816,981600000,981600100,10387,17313,981700000,981700000
0,9817,981700000,981700100,10387,17313,981800000,981800000
0,9818,981800000,981800100,10387,17313,981900000,981900000
0,9819,981900000,981900100,10387,17313,982000000,982000000
0,9820,982000000,982000100,10387,17313,982100000,982100000
0,9821,982100000,982100100,10387,17313,982200000,982200000
0,9822,982200000,982200100,10387,17313,982300000,982300000
0,9823,982300000,982300100,10387,17313,982400000,982400000
0,9824,982400000,982400100,10387,17313,982500000,982500000
0,9825,982500000,982500100,10387,17313,982600000,982600000
0,9826,982600000,982600100,10387,17313,982700000,982700000
0,9827,982700000,982700100,10387,17313,982800000,982800000
0,9828,982800000,982800100,10387,17313,982900000,982900000
0,9829,982900000,982900100,10387,17313,983000000,983000000
0,9830,983000000,983000100,10387,17313,983100000,983100000
0,9831,983100000,983100100,10387,17313,983200000,983200000
0,9832,983200000,983200100,10387,17313,983300000,983300000
0,9833,983300000,983300100,10387,17313,983400000,983400000
0,9834,983400000,983400100,10387,17313,983500000,983500000
0,9835,983500000,983500100,10387,17313,983600000,983600000
0,9836,983600000,983600100,10387,17313,983700000,983700000
0,9837,983700000,983700100,10387,17313,983800000,983800000
0,9838,983800000,983800100,10387,17313,983900000,983900000
0,9839,983900000,983900100,10387,17313,984000000,984000000
0,9840,984000000,984000100,10387,17313,984100000,984100000
0,9841,984100000,984100100,10387,17313,984200000,984200000
0,9842,984200000,984200100,10387,17313,984300000,984300000
0,9843,984300000,984300100,10387,17313,984400000,984400000
0,9844,984400000,984400100,10387,17313,984500000,984500000
0,9845,984500000,984500100,10387,17313,984600000,984600000
0,9846,984600000,984600100,10387,17313,984700000,984700000
0,9847,984700000,984700100,10387,17313,984800000,984800000
0,9848,984800000,984800100,10387,17313,984900000,984900000
0,9849,984900000,984900100,10387,17313,985000000,985000000
0,9850,985000000,985000100,10387,17313,985100000,985100000
0,9851,985100000,985100100,10387,17313,985200000,985200000
0,9852,985200000,985200100,10387,17313,985300000,985300000
0,9853,985300000,985300100,10387,17313,985400000,985400000
0,9854,985400000,985400100,10387,17313,985500000,985500000
0,9855,985500000,985500100,10387,17313,985600000,985600000
0,9856,985600000,985600100,10387,17313,985700000,985700000
0,9857,985700000,985700100,10387,17313,985800000,985800000
0,9858,985800000,985800100,10387,17313,985900000,985900000
0,9859,985900000,985900100,10387,17313,986000000,986000000
0,9860,986000000,986000100,10387,17313,986100000,986100000
0,9861,986100000,986100100,10387,17313,986200000,986200000
0,9862,986200000,986200100,10387,17313,986300000,986300000
0,9863,986300000,986300100,10387,17313,986400000,986400000
0,9864,986400000,986400100,10387,17313,986500000,986500000
0,9865,986500000,986500100,10387,17313,986600000,986600000
0,9866,986600000,986600100,10387,17313,986700000,986700000
0,9867,986700000,986700100,10387,17313,986800000,986800000
0,9868,986800000,986800100,10387,17313,986900000,986900000
0,9869,986900000,986900100,10387,17313,987000000,987000000
0,9870,987000000,987000100,10387,17313,987100000,987100000
0,9871,987100000,987100100,10387,17313,987200000,987200000
0,9872,987200000,987200100,10387,17313,987300000,987300000
0,9873,987300000,987300100,10387,17313,987400000,987400000
0,9874,987400000,987400100,10387,17313,987500000,987500000
0,9875,987500000,987500100,10387,17313,987600000,987600000
0,9876,987600000,987600100,10387,17313,987700000,987700000
0,9877,987700000,987700100,10387,17313,987800000,987800000
0,9878,987800000,987800100,10387,17313,987900000,987900000
0,9879,987900000,987900100,10387,17313,988000000,988000000
0,9880,988000000,988000100,10387,17313,988100000,988100000
0,9881,988100000,988100100,10387,17313,988200000,988200000
0,9882,988200000,988200100,10387,17313,988300000,988300000
0,9883,988300000,988300100,10387,17313,988400000,988400000
0,9884,988400000,988400100,10387,17313,988500000,988500000
0,9885,988500000,988500100,10387,17313,988600000,988600000
0,9886,988600000,988600100,10387,17313,988700000,988700000
0,9887,988700000,988700100,10387,17313,988800000,988800000
0,9888,988800000,988800100,10387,17313,988900000,988900000
0,9889,988900000,988900100,10387,17313,989000000,989000000
0,9890,989000000,989000100,10387,17313,989100000,989100000
0,9891,989100000,989100100,10387,17313,989200000,989200000
0,9892,989200000,989200100,10387,17313,989300000,989300000
0,9893,989300000,989300100,10387,17313,989400000,989400000
0,9894,989400000,989400100,10387,17313,989500000,989500000
0,9895,989500000,989500100,10387,17313,989600000,989600000
0,9896,989600000,989600100,10387,17313,989700000,989700000
0,9897,989700000,989700100,10387,17313,989800000,989800000
0,9898,989800000,989800100,10387,17313,989900000,989900000
0,9899,989900000,989900100,10387,17313,990000000,990000000
0,9900,990000000,990000100,10387,17313,990100000,990100000
0,9901,990100000,990100100,10387,17313,990200000,990200000
0,9902,990200000,990200100,10387,17313,990300000,990300000
0,9903,990300000,990300100,10387,17313,990400000,990400000
0,9904,990400000,990400100,10387,17313,990500000,990500000
0,9905,990500000,990500100,10387,17313,990600000,990600000
0,9906,990600000,990600100,10387,17313,990700000,990700000
0,9907,990700000,990700100,10387,17313,990800000,990800000
0,9908,990800000,990800100,10387,17313,990900000,990900000
0,9909,990900000,990900100,10387,17313,991000000,991000000
0,9910,991000000,991000100,10387,17313,991100000,991100000
0,9911,991100000,991100100,10387,17313,991200000,991200000
0,9912,991200000,991200100,10387,17313,991300000,991300000
0,9913,991300000,991300100,10387,17313,991400000,991400000
0,9914,991400000,991400100,10387,17313,991500000,991500000
0,9915,991500000,991500100,10387,17313,991600000,991600000
0,9916,991600000,991600100,10387,17313,991700000,991700000
0,9917,991700000,991700100,10387,17313,991800000,991800000
0,9918,991800000,991800100,10387,17313,991900000,991900000
0,9919,991900000,991900100,10387,17313,992000000,992000000
0,9920,992000000,992000100,10387,17313,992100000,992100000
0,9921,992100000,992100100,10387,17313,992200000,992200000
0,9922,992200000,992200100,10387,17313,992300000,992300000
0,9923,992300000,992300100,10387,17313,992400000,992400000
0,9924,992400000,992400100,10387,17313,992500000,992500000
0,9925,992500000,992500100,10387,17313,992600000,992600000
0,9926,992600000,992600100,10387,17313,992700000,992700000
0,9927,992700000,992700100,10387,17313,992800000,992800000
0,9928,992800000,992800100,10387,17313,992900000,992900000
0,9929,992900000,992900100,10387,17313,993000000,993000000
0,9930,993000000,993000100,10387,17313,993100000,993100000
0,9931,993100000,993100100,10387,17313,993200000,993200000
0,9932,993200000,993200100,10387,17313,993300000,993300000
0,9933,993300000,993300100,10387,17313,993400000,993400000
0,9934,993400000,993400100,10387,17313,993500000,993500000
0,9935,993500000,993500100,10387,17313,993600000,993600000
0,9936,993600000,993600100,10387,17313,993700000,993700000
0,9937,993700000,993700100,10387,17313,993800000,993800000
0,9938,993800000,993800100,10387,17313,993900000,993900000
0,9939,993900000,993900100,10387,17313,994000000,994000000
0,9940,994000000,994000100,10387,17313,994100000,994100000
0,9941,994100000,994100100,10387,17313,994200000,994200000
0,9942,994200000,994200100,10387,17313,994300000,994300000
0,9943,994300000,994300100,10387,17313,994400000,994400000
0,9944,994400000,994400100,10387,17313,994500000,994500000
0,9945,994500000,994500100,10387,17313,994600000,994600000
0,9946,994600000,994600100,10387,17313,994700000,994700000
0,9947,994700000,994700100,10387,17313,994800000,994800000
0,9948,994800000,994800100,10387,17313,994900000,994900000
0,9949,994900000,994900100,10387,17313,995000000,995000000
0,9950,995000000,995000100,10387,17313,995100000,995100000
0,9951,995100000,995100100,10387,17313,995200000,995200000
0,9952,995200000,995200100,10387,17313,995300000,995300000
0,9953,995300000,995300100,10387,17313,995400000,995400000
0,9954,995400000,995400100,10387,17313,995500000,995500000
0,9955,995500000,995500100,10387,17313,995600000,995600000
0,9956,995600000,995600100,10387,17313,995700000,995700000
0,9957,995700000,995700100,10387,17313,995800000,995800000
0,9958,995800000,995800100,10387,17313,995900000,995900000
0,9959,995900000,995900100,10387,17313,996000000,996000000
0,9960,996000000,996000100,10387,17313,996100000,996100000
0,9961,996100000,996100100,10387,17313,996200000,996200000
0,9962,996200000,996200100,10387,17313,996300000,996300000
0,9963,996300000,996300100,10387,17313,996400000,996400000
0,9964,996400000,996400100,10387,17313,996500000,996500000
0,9965,996500000,996500100,10387,17313,996600000,996600000
0,9966,996600000,996600100,10387,17313,996700000,996700000
0,9967,996700000,996700100,10387,17313,996800000,996800000
0,9968,996800000,996800100,10387,17313,996900000,996900000
0,9969,996900000,996900100,10387,17313,997000000,997000000
0,9970,997000000,997000100,10387,17313,997100000,997100000
0,9971,997100000,997100100,10387,17313,997200000,997200000
0,9972,997200000,997200100,10387,17313,997300000,997300000
0,9973,997300000,997300100,10387,17313,997400000,997400000
0,9974,997400000,997400100,10387,17313,997500000,997500000
0,9975,997500000,997500100,10387,17313,997600000,997600000
0,9976,997600000,997600100,10387,17313,997700000,997700000
0,9977,997700000,997700100,10387,17313,997800000,997800000
0,9978,997800000,997800100,10387,17313,997900000,997900000
0,9979,997900000,997900100,10387,17313,998000000,998000000
0,9980,998000000,998000100,10387,17313,998100000,998100000
0,9981,998100000,998100100,10387,17313,998200000,998200000
0,9982,998200000,998200100,10387,17313,998300000,998300000
0,9983,998300000,998300100,10387,17313,998400000,998400000
0,9984,998400000,998400100,10387,17313,998500000,998500000
0,9985,998500000,998500100,10387,17313,998600000,998600000
0,9986,998600000,998600100,10387,17313,998700000,998700000
0,9987,998700000,998700100,10387,17313,998800000,998800000
0,9988,998800000,998800100,10387,17313,998900000,998900000
0,9989,998900000,998900100,10387,17313,999000000,999000000
0,9990,999000000,999000100,10387,17313,999100000,999100000
0,9991,999100000,999100100,10387,17313,999200000,999200000
0,9992,999200000,999200100,10387,17313,999300000,999300000
0,9993,999300000,999300100,10387,17313,999400000,999400000
0,9994,999400000,999400100,10387,17313,999500000,999500000
0,9995,999500000,999500100,10387,17313,999600000,999600000
0,9996,999600000,999600100,10387,17313,999700000,999700000
0,9997,999700000,999700100,10387,17313,999800000,999800000
0,9998,999800000,999800100,10387,17313,999900000,999900000
0,9999,999900000,999900100,10387,17313,1000000000,1000000000
0,10000,1000000000,1000000100,10387,17313,1000100000,1000100000
0,10001,1000100000,1000100100,10387,17313,1000200000,1000200000
0,10002,1000200000,1000200100,10387,17313,1000300000,1000300000
0,10003,1000300000,1000300100,10387,17313,1000400000,1000400000
0,10004,1000400000,1000400100,10387,17313,1000500000,1000500000
0,10005,1000500000,1000500100,10387,17313,1000600000,1000600000
0,10006,1000600000,1000600100,10387,17313,1000700000,1000700000
0,10007,1000700000,1000700100,10387,17313,1000800000,1000800000
0,10008,1000800000,1000800100,10387,17313,1000900000,1000900000
0,10009,1000900000,1000900100,10387,17313,1001000000,1001000000
0,10010,1001000000,1001000100,10387,17313,1001100000,1001100000
0,10011,1001100000,1001100100,10387,17313,1001200000,1001200000
0,10012,1001200000,1001200100,10387,17313,1001300000,1001300000
0,10013,1001300000,1001300100,10387,17313,1001400000,1001400000
0,10014,1001400000,1001400100,10387,17313,1001500000,1001500000
0,10015,1001500000,1001500100,10387,17313,1001600000,1001600000
0,10016,1001600000,1001600100,10387,17313,1001700000,1001700000
0,10017,1001700000,1001700100,10387,17313,1001800000,1001800000
0,10018,1001800000,1001800100,10387,17313,1001900000,1001900000
0,10019,1001900000,1001900100,10387,17313,1002000000,1002000000
0,10020,1002000000,1002000100,10387,17313,1002100000,1002100000
0,10021,1002100000,1002100100,10387,17313,1002200000,1002200000
0,10022,1002200000,1002200100,10387,17313,1002300000,1002300000
0,10023,1002300000,1002300100,10387,17313,1002400000,1002400000
0,10024,1002400000,1002400100,10387,17313,1002500000,1002500000
0,10025,1002500000,1002500100,10387,17313,1002600000,1002600000
0,10026,1002600000,1002600100,10387,17313,1002700000,1002700000
0,10027,1002700000,1002700100,10387,17313,1002800000,1002800000
0,10028,1002800000,1002800100,10387,17313,1002900000,1002900000
0,10029,1002900000,1002900100,10387,17313,1003000000,1003000000
0,10030,1003000000,1003000100,10387,17313,1003100000,1003100000
0,10031,1003100000,1003100100,10387,17313,1003200000,1003200000
0,10032,1003200000,1003200100,10387,17313,1003300000,1003300000
0,10033,1003300000,1003300100,10387,17313,1003400000,1003400000
0,10034,1003400000,1003400100,10387,17313,1003500000,1003500000
0,10035,1003500000,1003500100,10387,17313,1003600000,1003600000
0,10036,1003600000,1003600100,10387,17313,1003700000,1003700000
0,10037,1003700000,1003700100,10387,17313,1003800000,1003800000
0,10038,1003800000,1003800100,10387,17313,1003900000,1003900000
0,10039,1003900000,1003900100,10387,17313,1004000000,1004000000
0,10040,1004000000,1004000100,10387,17313,1004100000,1004100000
0,10041,1004100000,1004100100,10387,17313,1004200000,1004200000
0,10042,1004200000,1004200100,10387,17313,1004300000,1004300000
0,10043,1004300000,1004300100,10387,17313,1004400000,1004400000
0,10044,1004400000,1004400100,10387,17313,1004500000,1004500000
0,10045,1004500000,1004500100,10387,17313,1004600000,1004600000
0,10046,1004600000,1004600100,10387,17313,1004700000,1004700000
0,10047,1004700000,1004700100,10387,17313,1004800000,1004800000
0,10048,1004800000,1004800100,10387,17313,1004900000,1004900000
0,10049,1004900000,1004900100,10387,17313,1005000000,1005000000
0,10050,1005000000,1005000100,10387,17313,1005100000,1005100000
0,10051,1005100000,1005100100,10387,17313,1005200000,1005200000
0,10052,1005200000,1005200100,10387,17313,1005300000,1005300000
0,10053,1005300000,1005300100,10387,17313,1005400000,1005400000
0,10054,1005400000,1005400100,10387,17313,1005500000,1005500000
0,10055,1005500000,1005500100,10387,17313,1005600000,1005600000
0,10056,1005600000,1005600100,10387,17313,1005700000,1005700000
0,10057,1005700000,1005700100,10387,17313,1005800000,1005800000
0,10058,1005800000,1005800100,10387,17313,1005900000,1005900000
0,10059,1005900000,1005900100,10387,17313,1006000000,1006000000
0,10060,1006000000,1006000100,10387,17313,1006100000,1006100000
0,10061,1006100000,1006100100,10387,17313,1006200000,1006200000
0,10062,1006200000,1006200100,10387,17313,1006300000,1006300000
0,10063,1006300000,1006300100,10387,17313,1006400000,1006400000
0,10064,1006400000,1006400100,10387,17313,1006500000,1006500000
0,10065,1006500000,1006500100,10387,17313,1006600000,1006600000
0,10066,1006600000,1006600100,10387,17313,1006700000,1006700000
0,10067,1006700000,1006700100,10387,17313,1006800000,1006800000
0,10068,1006800000,1006800100,10387,17313,1006900000,1006900000
0,10069,1006900000,1006900100,10387,17313,1007000000,1007000000
0,10070,1007000000,1007000100,10387,17313,1007100000,1007100000
0,10071,1007100000,1007100100,10387,17313,1007200000,1007200000
0,10072,1007200000,1007200100,10387,17313,1007300000,1007300000
0,10073,1007300000,1007300100,10387,17313,1007400000,1007400000
0,10074,1007400000,1007400100,10387,17313,1007500000,1007500000
0,10075,1007500000,1007500100,10387,17313,1007600000,1007600000
0,10076,1007600000,1007600100,10387,17313,1007700000,1007700000
0,10077,1007700000,1007700100,10387,17313,1007800000,1007800000
0,10078,1007800000,1007800100,10387,17313,1007900000,1007900000
0,10079,1007900000,1007900100,10387,17313,1008000000,1008000000
0,10080,1008000000,1008000100,10387,17313,1008100000,1008100000
0,10081,1008100000,1008100100,10387,17313,1008200000,1008200000
0,10082,1008200000,1008200100,10387,17313,1008300000,1008300000
0,10083,1008300000,1008300100,10387,17313,1008400000,1008400000
0,10084,1008400000,1008400100,10387,17313,1008500000,1008500000
0,10085,1008500000,1008500100,10387,17313,1008600000,1008600000
0,10086,1008600000,1008600100,10387,17313,1008700000,1008700000
0,10087,1008700000,1008700100,10387,17313,1008800000,1008800000
0,10088,1008800000,1008800100,10387,17313,1008900000,1008900000
0,10089,1008900000,1008900100,10387,17313,1009000000,1009000000
0,10090,1009000000,1009000100,10387,17313,1009100000,1009100000
0,10091,1009100000,1009100100,10387,17313,1009200000,1009200000
0,10092,1009200000,1009200100,10387,17313,1009300000,1009300000
0,10093,1009300000,1009300100,10387,17313,1009400000,1009400000
0,10094,1009400000,1009400100,10387,17313,1009500000,1009500000
0,10095,1009500000,1009500100,10387,17313,1009600000,1009600000
0,10096,1009600000,1009600100,10387,17313,1009700000,1009700000
0,10097,1009700000,1009700100,10387,17313,1009800000,1009800000
0,10098,1009800000,1009800100,10387,17313,1009900000,1009900000
0,10099,1009900000,1009900100,10387,17313,1010000000,1010000000
0,10100,1010000000,1010000100,10387,17313,1010100000,1010100000
0,10101,1010100000,1010100100,10387,17313,1010200000,1010200000
0,10102,1010200000,1010200100,10387,17313,1010300000,1010300000
0,10103,1010300000,1010300100,10387,17313,1010400000,1010400000
0,10104,1010400000,1010400100,10387,17313,1010500000,1010500000
0,10105,1010500000,1010500100,10387,17313,1010600000,1010600000
0,10106,1010600000,1010600100,10387,17313,1010700000,1010700000
0,10107,1010700000,1010700100,10387,17313,1010800000,1010800000
0,10108,1010800000,1010800100,10387,17313,1010900000,1010900000
0,10109,1010900000,1010900100,10387,17313,1011000000,1011000000
0,10110,1011000000,1011000100,10387,17313,1011100000,1011100000
0,10111,1011100000,1011100100,10387,17313,1011200000,1011200000
0,10112,1011200000,1011200100,10387,17313,1011300000,1011300000
0,10113,1011300000,1011300100,10387,17313,1011400000,1011400000
0,10114,1011400000,1011400100,10387,17313,1011500000,1011500000
0,10115,1011500000,1011500100,10387,17313,1011600000,1011600000
0,10116,1011600000,1011600100,10387,17313,1011700000,1011700000
0,10117,1011700000,1011700100,10387,17313,1011800000,1011800000
0,10118,1011800000,1011800100,10387,17313,1011900000,1011900000
0,10119,1011900000,1011900100,10387,17313,1012000000,1012000000
0,10120,1012000000,1012000100,10387,17313,1012100000,1012100000
0,10121,1012100000,1012100100,10387,17313,1012200000,1012200000
0,10122,1012200000,1012200100,10387,17313,1012300000,1012300000
0,10123,1012300000,1012300100,10387,17313,1012400000,1012400000
0,10124,1012400000,1012400100,10387,17313,1012500000,1012500000
0,10125,1012500000,1012500100,10387,17313,1012600000,1012600000
0,10126,1012600000,1012600100,10387,17313,1012700000,1012700000
0,10127,1012700000,1012700100,10387,17313,1012800000,1012800000
0,10128,1012800000,1012800100,10387,17313,1012900000,1012900000
0,10129,1012900000,1012900100,10387,17313,1013000000,1013000000
0,10130,1013000000,1013000100,10387,17313,1013100000,1013100000
0,10131,1013100000,1013100100,10387,17313,1013200000,1013200000
0,10132,1013200000,1013200100,10387,17313,1013300000,1013300000
0,10133,1013300000,1013300100,10387,17313,1013400000,1013400000
0,10134,1013400000,1013400100,10387,17313,1013500000,1013500000
0,10135,1013500000,1013500100,10387,17313,1013600000,1013600000
0,10136,1013600000,1013600100,10387,17313,1013700000,1013700000
0,10137,1013700000,1013700100,10387,17313,1013800000,1013800000
0,10138,1013800000,1013800100,10387,17313,1013900000,1013900000
0,10139,1013900000,1013900100,10387,17313,1014000000,1014000000
0,10140,1014000000,1014000100,10387,17313,1014100000,1014100000
0,10141,1014100000,1014100100,10387,17313,1014200000,1014200000
0,10142,1014200000,1014200100,10387,17313,1014300000,1014300000
0,10143,1014300000,1014300100,10387,17313,1014400000,1014400000
0,10144,1014400000,1014400100,10387,17313,1014500000,1014500000
0,10145,1014500000,1014500100,10387,17313,1014600000,1014600000
0,10146,1014600000,1014600100,10387,17313,1014700000,1014700000
0,10147,1014700000,1014700100,10387,17313,1014800000,1014800000
0,10148,1014800000,1014800100,10387,17313,1014900000,1014900000
0,10149,1014900000,1014900100,10387,17313,1015000000,1015000000
0,10150,1015000000,1015000100,10387,17313,1015100000,1015100000
0,10151,1015100000,1015100100,10387,17313,1015200000,1015200000
0,10152,1015200000,1015200100,10387,17313,1015300000,1015300000
0,10153,1015300000,1015300100,10387,17313,1015400000,1015400000
0,10154,1015400000,1015400100,10387,17313,1015500000,1015500000
0,10155,1015500000,1015500100,10387,17313,1015600000,1015600000
0,10156,1015600000,1015600100,10387,17313,1015700000,1015700000
0,10157,1015700000,1015700100,10387,17313,1015800000,1015800000
0,10158,1015800000,1015800100,10387,17313,1015900000,1015900000
0,10159,1015900000,1015900100,10387,17313,1016000000,1016000000
0,10160,1016000000,1016000100,10387,17313,1016100000,1016100000
0,10161,1016100000,1016100100,10387,17313,1016200000,1016200000
0,10162,1016200000,1016200100,10387,17313,1016300000,1016300000
0,10163,1016300000,1016300100,10387,17313,1016400000,1016400000
0,10164,1016400000,1016400100,10387,17313,1016500000,1016500000
0,10165,1016500000,1016500100,10387,17313,1016600000,1016600000
0,10166,1016600000,1016600100,10387,17313,1016700000,1016700000
0,10167,1016700000,1016700100,10387,17313,1016800000,1016800000
0,10168,1016800000,1016800100,10387,17313,1016900000,1016900000
0,10169,1016900000,1016900100,10387,17313,1017000000,1017000000
0,10170,1017000000,1017000100,10387,17313,1017100000,1017100000
0,10171,1017100000,1017100100,10387,17313,1017200000,1017200000
0,10172,1017200000,1017200100,10387,17313,1017300000,1017300000
0,10173,1017300000,1017300100,10387,17313,1017400000,1017400000
0,10174,1017400000,1017400100,10387,17313,1017500000,1017500000
0,10175,1017500000,1017500100,10387,17313,1017600000,1017600000
0,10176,1017600000,1017600100,10387,17313,1017700000,1017700000
0,10177,1017700000,1017700100,10387,17313,1017800000,1017800000
0,10178,1017800000,1017800100,10387,17313,1017900000,1017900000
0,10179,1017900000,1017900100,10387,17313,1018000000,1018000000
0,10180,1018000000,1018000100,10387,17313,1018100000,1018100000
0,10181,1018100000,1018100100,10387,17313,1018200000,1018200000
0,10182,1018200000,1018200100,10387,17313,1018300000,1018300000
0,10183,1018300000,1018300100,10387,17313,1018400000,1018400000
0,10184,1018400000,1018400100,10387,17313,1018500000,1018500000
0,10185,1018500000,1018500100,10387,17313,1018600000,1018600000
0,10186,1018600000,1018600100,10387,17313,1018700000,1018700000
0,10187,1018700000,1018700100,10387,17313,1018800000,1018800000
0,10188,1018800000,1018800100,10387,17313,1018900000,1018900000
0,10189,1018900000,1018900100,10387,17313,1019000000,1019000000
0,10190,1019000000,1019000100,10387,17313,1019100000,1019100000
0,10191,1019100000,1019100100,10387,17313,1019200000,1019200000
0,10192,1019200000,1019200100,10387,17313,1019300000,1019300000
0,10193,1019300000,1019300100,10387,17313,1019400000,1019400000
0,10194,1019400000,1019400100,10387,17313,1019500000,1019500000
0,10195,1019500000,1019500100,10387,17313,1019600000,1019600000
0,10196,1019600000,1019600100,10387,17313,1019700000,1019700000
0,10197,1019700000,1019700100,10387,17313,1019800000,1019800000
0,10198,1019800000,1019800100,10387,17313,1019900000,1019900000
0,10199,1019900000,1019900100,10387,17313,1020000000,1020000000
0,10200,1020000000,1020000100,10387,17313,1020100000,1020100000
0,10201,1020100000,1020100100,10387,17313,1020200000,1020200000
0,10202,1020200000,1020200100,10387,17313,1020300000,1020300000
0,10203,1020300000,1020300100,10387,17313,1020400000,1020400000
0,10204,1020400000,1020400100,10387,17313,1020500000,1020500000
0,10205,1020500000,1020500100,10387,17313,1020600000,1020600000
0,10206,1020600000,1020600100,10387,17313,1020700000,1020700000
0,10207,1020700000,1020700100,10387,17313,1020800000,1020800000
0,10208,1020800000,1020800100,10387,17313,1020900000,1020900000
0,10209,1020900000,1020900100,10387,17313,1021000000,1021000000
0,10210,1021000000,1021000100,10387,17313,1021100000,1021100000
0,10211,1021100000,1021100100,10387,17313,1021200000,1021200000
0,10212,1021200000,1021200100,10387,17313,1021300000,1021300000
0,10213,1021300000,1021300100,10387,17313,1021400000,1021400000
0,10214,1021400000,1021400100,10387,17313,1021500000,1021500000
0,10215,1021500000,1021500100,10387,17313,1021600000,1021600000
0,10216,1021600000,1021600100,10387,17313,1021700000,1021700000
0,10217,1021700000,1021700100,10387,17313,1021800000,1021800000
0,10218,1021800000,1021800100,10387,17313,1021900000,1021900000
0,10219,1021900000,1021900100,10387,17313,1022000000,1022000000
0,10220,1022000000,1022000100,10387,17313,1022100000,1022100000
0,10221,1022100000,1022100100,10387,17313,1022200000,1022200000
0,10222,1022200000,1022200100,10387,17313,1022300000,1022300000
0,10223,1022300000,1022300100,10387,17313,1022400000,1022400000
0,10224,1022400000,1022400100,10387,17313,1022500000,1022500000
0,10225,1022500000,1022500100,10387,17313,1022600000,1022600000
0,10226,1022600000,1022600100,10387,17313,1022700000,1022700000
0,10227,1022700000,1022700100,10387,17313,1022800000,1022800000
0,10228,1022800000,1022800100,10387,17313,1022900000,1022900000
0,10229,1022900000,1022900100,10387,17313,1023000000,1023000000
0,10230,1023000000,1023000100,10387,17313,1023100000,1023100000
0,10231,1023100000,1023100100,10387,17313,1023200000,1023200000
0,10232,1023200000,1023200100,10387,17313,1023300000,1023300000
0,10233,1023300000,1023300100,10387,17313,1023400000,1023400000
0,10234,1023400000,1023400100,10387,17313,1023500000,1023500000
0,10235,1023500000,1023500100,10387,17313,1023600000,1023600000
0,10236,1023600000,1023600100,10387,17313,1023700000,1023700000
0,10237,1023700000,1023700100,10387,17313,1023800000,1023800000
0,10238,1023800000,1023800100,10387,17313,1023900000,1023900000
0,10239,1023900000,1023900100,10387,17313,1024000000,1024000000
0,10240,1024000000,1024000100,10387,17313,1024100000,1024100000
0,10241,1024100000,1024100100,10387,17313,1024200000,1024200000
0,10242,1024200000,1024200100,10387,17313,1024300000,1024300000
0,10243,1024300000,1024300100,10387,17313,1024400000,1024400000
0,10244,1024400000,1024400100,10387,17313,1024500000,1024500000
0,10245,1024500000,1024500100,10387,17313,1024600000,1024600000
0,10246,1024600000,1024600100,10387,17313,1024700000,1024700000
0,10247,1024700000,1024700100,10387,17313,1024800000,1024800000
0,10248,1024800000,1024800100,10387,17313,1024900000,1024900000
0,10249,1024900000,1024900100,10387,17313,1025000000,1025000000
0,10250,1025000000,1025000100,10387,17313,1025100000,1025100000
0,10251,1025100000,1025100100,10387,17313,1025200000,1025200000
0,10252,1025200000,1025200100,10387,17313,1025300000,1025300000
0,10253,1025300000,1025300100,10387,17313,1025400000,1025400000
0,10254,1025400000,1025400100,10387,17313,1025500000,1025500000
0,10255,1025500000,1025500100,10387,17313,1025600000,1025600000
0,10256,1025600000,1025600100,10387,17313,1025700000,1025700000
0,10257,1025700000,1025700100,10387,17313,1025800000,1025800000
0,10258,1025800000,1025800100,10387,17313,1025900000,1025900000
0,10259,1025900000,1025900100,10387,17313,1026000000,1026000000
0,10260,1026000000,1026000100,10387,17313,1026100000,1026100000
0,10261,1026100000,1026100100,10387,17313,1026200000,1026200000
0,10262,1026200000,1026200100,10387,17313,1026300000,1026300000
0,10263,1026300000,1026300100,10387,17313,1026400000,1026400000
0,10264,1026400000,1026400100,10387,17313,1026500000,1026500000
0,10265,1026500000,1026500100,10387,17313,1026600000,1026600000
0,10266,1026600000,1026600100,10387,17313,1026700000,1026700000
0,10267,1026700000,1026700100,10387,17313,1026800000,1026800000
0,10268,1026800000,1026800100,10387,17313,1026900000,1026900000
0,10269,1026900000,1026900100,10387,17313,1027000000,1027000000
0,10270,1027000000,1027000100,10387,17313,1027100000,1027100000
0,10271,1027100000,1027100100,10387,17313,1027200000,1027200000
0,10272,1027200000,1027200100,10387,17313,1027300000,1027300000
0,10273,1027300000,1027300100,10387,17313,1027400000,1027400000
0,10274,1027400000,1027400100,10387,17313,1027500000,1027500000
0,10275,1027500000,1027500100,10387,17313,1027600000,1027600000
0,10276,1027600000,1027600100,10387,17313,1027700000,1027700000
0,10277,1027700000,1027700100,10387,17313,1027800000,1027800000
0,10278,1027800000,1027800100,10387,17313,1027900000,1027900000
0,10279,1027900000,1027900100,10387,17313,1028000000,1028000000
0,10280,1028000000,1028000100,10387,17313,1028100000,1028100000
0,10281,1028100000,1028100100,10387,17313,1028200000,1028200000
0,10282,1028200000,1028200100,10387,17313,1028300000,1028300000
0,10283,1028300000,1028300100,10387,17313,1028400000,1028400000
0,10284,1028400000,1028400100,10387,17313,1028500000,1028500000
0,10285,1028500000,1028500100,10387,17313,1028600000,1028600000
0,10286,1028600000,1028600100,10387,17313,1028700000,1028700000
0,10287,1028700000,1028700100,10387,17313,1028800000,1028800000
0,10288,1028800000,1028800100,10387,17313,1028900000,1028900000
0,10289,1028900000,1028900100,10387,17313,1029000000,1029000000
0,10290,1029000000,1029000100,10387,17313,1029100000,1029100000
0,10291,1029100000,1029100100,10387,17313,1029200000,1029200000
0,10292,1029200000,1029200100,10387,17313,1029300000,1029300000
0,10293,1029300000,1029300100,10387,17313,1029400000,1029400000
0,10294,1029400000,1029400100,10387,17313,1029500000,1029500000
0,10295,1029500000,1029500100,10387,17313,1029600000,1029600000
0,10296,1029600000,1029600100,10387,17313,1029700000,1029700000
0,10297,1029700000,1029700100,10387,17313,1029800000,1029800000
0,10298,1029800000,1029800100,10387,17313,1029900000,1029900000
0,10299,1029900000,1029900100,10387,17313,1030000000,1030000000
0,10300,1030000000,1030000100,10387,17313,1030100000,1030100000
0,10301,1030100000,1030100100,10387,17313,1030200000,1030200000
0,10302,1030200000,1030200100,10387,17313,1030300000,1030300000
0,10303,1030300000,1030300100,10387,17313,1030400000,1030400000
0,10304,1030400000,1030400100,10387,17313,1030500000,1030500000
0,10305,1030500000,1030500100,10387,17313,1030600000,1030600000
0,10306,1030600000,1030600100,10387,17313,1030700000,1030700000
0,10307,1030700000,1030700100,10387,17313,1030800000,1030800000
0,10308,1030800000,1030800100,10387,17313,1030900000,1030900000
0,10309,1030900000,1030900100,10387,17313,1031000000,1031000000
0,10310,1031000000,1031000100,10387,17313,1031100000,1031100000
0,10311,1031100000,1031100100,10387,17313,1031200000,1031200000
0,10312,1031200000,1031200100,10387,17313,1031300000,1031300000
0,10313,1031300000,1031300100,10387,17313,1031400000,1031400000
0,10314,1031400000,1031400100,10387,17313,1031500000,1031500000
0,10315,1031500000,1031500100,10387,17313,1031600000,1031600000
0,10316,1031600000,1031600100,10387,17313,1031700000,1031700000
0,10317,1031700000,1031700100,10387,17313,1031800000,1031800000
0,10318,1031800000,1031800100,10387,17313,1031900000,1031900000
0,10319,1031900000,1031900100,10387,17313,1032000000,1032000000
0,10320,1032000000,1032000100,10387,17313,1032100000,1032100000
0,10321,1032100000,1032100100,10387,17313,1032200000,1032200000
0,10322,1032200000,1032200100,10387,17313,1032300000,1032300000
0,10323,1032300000,1032300100,10387,17313,1032400000,1032400000
0,10324,1032400000,1032400100,10387,17313,1032500000,1032500000
0,10325,1032500000,1032500100,10387,17313,1032600000,1032600000
0,10326,1032600000,1032600100,10387,17313,1032700000,1032700000
0,10327,1032700000,1032700100,10387,17313,1032800000,1032800000
0,10328,1032800000,1032800100,10387,17313,1032900000,1032900000
0,10329,1032900000,1032900100,10387,17313,1033000000,1033000000
0,10330,1033000000,1033000100,10387,17313,1033100000,1033100000
0,10331,1033100000,1033100100,10387,17313,1033200000,1033200000
0,10332,1033200000,1033200100,10387,17313,1033300000,1033300000
0,10333,1033300000,1033300100,10387,17313,1033400000,1033400000
0,10334,1033400000,1033400100,10387,17313,1033500000,1033500000
0,10335,1033500000,1033500100,10387,17313,1033600000,1033600000
0,10336,1033600000,1033600100,10387,17313,1033700000,1033700000
0,10337,1033700000,1033700100,10387,17313,1033800000,1033800000
0,10338,1033800000,1033800100,10387,17313,1033900000,1033900000
0,10339,1033900000,1033900100,10387,17313,1034000000,1034000000
0,10340,1034000000,1034000100,10387,17313,1034100000,1034100000
0,10341,1034100000,1034100100,10387,17313,1034200000,1034200000
0,10342,1034200000,1034200100,10387,17313,1034300000,1034300000
0,10343,1034300000,1034300100,10387,17313,1034400000,1034400000
0,10344,1034400000,1034400100,10387,17313,1034500000,1034500000
0,10345,1034500000,1034500100,10387,17313,1034600000,1034600000
0,10346,1034600000,1034600100,10387,17313,1034700000,1034700000
0,10347,1034700000,1034700100,10387,17313,1034800000,1034800000
0,10348,1034800000,1034800100,10387,17313,1034900000,1034900000
0,10349,1034900000,1034900100,10387,17313,1035000000,1035000000
0,10350,1035000000,1035000100,10387,17313,1035100000,1035100000
0,10351,1035100000,1035100100,10387,17313,1035200000,1035200000
0,10352,1035200000,1035200100,10387,17313,1035300000,1035300000
0,10353,1035300000,1035300100,10387,17313,1035400000,1035400000
0,10354,1035400000,1035400100,10387,17313,1035500000,1035500000
0,10355,1035500000,1035500100,10387,17313,1035600000,1035600000
0,10356,1035600000,1035600100,10387,17313,1035700000,1035700000
0,10357,1035700000,1035700100,10387,17313,1035800000,1035800000
0,10358,1035800000,1035800100,10387,17313,1035900000,1035900000
0,10359,1035900000,1035900100,10387,17313,1036000000,1036000000
0,10360,1036000000,1036000100,10387,17313,1036100000,1036100000
0,10361,1036100000,1036100100,10387,17313,1036200000,1036200000
0,10362,1036200000,1036200100,10387,17313,1036300000,1036300000
0,10363,1036300000,1036300100,10387,17313,1036400000,1036400000
0,10364,1036400000,1036400100,10387,17313,1036500000,1036500000
0,10365,1036500000,1036500100,10387,17313,1036600000,1036600000
0,10366,1036600000,1036600100,10387,17313,1036700000,1036700000
0,10367,1036700000,1036700100,10387,17313,1036800000,1036800000
0,10368,1036800000,1036800100,10387,17313,1036900000,1036900000
0,10369,1036900000,1036900100,10387,17313,1037000000,1037000000
0,10370,1037000000,1037000100,10387,17313,1037100000,1037100000
0,10371,1037100000,1037100100,10387,17313,1037200000,1037200000
0,10372,1037200000,1037200100,10387,17313,1037300000,1037300000
0,10373,1037300000,1037300100,10387,17313,1037400000,1037400000
0,10374,1037400000,1037400100,10387,17313,1037500000,1037500000
0,10375,1037500000,1037500100,10387,17313,1037600000,1037600000
0,10376,1037600000,1037600100,10387,17313,1037700000,1037700000
0,10377,1037700000,1037700100,10387,17313,1037800000,1037800000
0,10378,1037800000,1037800100,10387,17313,1037900000,1037900000
0,10379,1037900000,1037900100,10387,17313,1038000000,1038000000
0,10380,1038000000,1038000100,10387,17313,1038100000,1038100000
0,10381,1038100000,1038100100,10387,17313,1038200000,1038200000
0,10382,1038200000,1038200100,10387,17313,1038300000,1038300000
0,10383,1038300000,1038300100,10387,17313,1038400000,1038400000
0,10384,1038400000,1038400100,10387,17313,1038500000,1038500000
0,10385,1038500000,1038500100,10387,17313,1038600000,1038600000
0,10386,1038600000,1038600100,10387,17313,1038700000,1038700000
0,10387,1038700000,1038700100,10387,17313,1038800000,1038800000
0,10388,1038800000,1038800100,10387,17313,1038900000,1038900000
0,10389,1038900000,1038900100,10387,17313,1039000000,1039000000
0,10390,1039000000,1039000100,10387,17313,1039100000,1039100000
0,10391,1039100000,1039100100,10387,17313,1039200000,1039200000
0,10392,1039200000,1039200100,10387,17313,1039300000,1039300000
0,10393,1039300000,1039300100,10387,17313,1039400000,1039400000
0,10394,1039400000,1039400100,10387,17313,1039500000,1039500000
0,10395,1039500000,1039500100,10387,17313,1039600000,1039600000
0,10396,1039600000,1039600100,10387,17313,1039700000,1039700000
0,10397,1039700000,1039700100,10387,17313,1039800000,1039800000
0,10398,1039800000,1039800100,10387,17313,1039900000,1039900000
0,10399,1039900000,1039900100,10387,17313,1040000000,1040000000
0,10400,1040000000,1040000100,10387,17313,1040100000,1040100000
0,10401,1040100000,1040100100,10387,17313,1040200000,1040200000
0,10402,1040200000,1040200100,10387,17313,1040300000,1040300000
0,10403,1040300000,1040300100,10387,17313,1040400000,1040400000
0,10404,1040400000,1040400100,10387,17313,1040500000,1040500000
0,10405,1040500000,1040500100,10387,17313,1040600000,1040600000
0,10406,1040600000,1040600100,10387,17313,1040700000,1040700000
0,10407,1040700000,1040700100,10387,17313,1040800000,1040800000
0,10408,1040800000,1040800100,10387,17313,1040900000,1040900000
0,10409,1040900000,1040900100,10387,17313,1041000000,1041000000
0,10410,1041000000,1041000100,10387,17313,1041100000,1041100000
0,10411,1041100000,1041100100,10387,17313,1041200000,1041200000
0,10412,1041200000,1041200100,10387,17313,1041300000,1041300000
0,10413,1041300000,1041300100,10387,17313,1041400000,1041400000
0,10414,1041400000,1041400100,10387,17313,1041500000,1041500000
0,10415,1041500000,1041500100,10387,17313,1041600000,1041600000
0,10416,1041600000,1041600100,10387,17313,1041700000,1041700000
0,10417,1041700000,1041700100,10387,17313,1041800000,1041800000
0,10418,1041800000,1041800100,10387,17313,1041900000,1041900000
0,10419,1041900000,1041900100,10387,17313,1042000000,1042000000
0,10420,1042000000,1042000100,10387,17313,1042100000,1042100000
0,10421,1042100000,1042100100,10387,17313,1042200000,1042200000
0,10422,1042200000,1042200100,10387,17313,1042300000,1042300000
0,10423,1042300000,1042300100,10387,17313,1042400000,1042400000
0,10424,1042400000,1042400100,10387,17313,1042500000,1042500000
0,10425,1042500000,1042500100,10387,17313,1042600000,1042600000
0,10426,1042600000,1042600100,10387,17313,1042700000,1042700000
0,10427,1042700000,1042700100,10387,17313,1042800000,1042800000
0,10428,1042800000,1042800100,10387,17313,1042900000,1042900000
0,10429,1042900000,1042900100,10387,17313,1043000000,1043000000
0,10430,1043000000,1043000100,10387,17313,1043100000,1043100000
0,10431,1043100000,1043100100,10387,17313,1043200000,1043200000
0,10432,1043200000,1043200100,10387,17313,1043300000,1043300000
0,10433,1043300000,1043300100,10387,17313,1043400000,1043400000
0,10434,1043400000,1043400100,10387,17313,1043500000,1043500000
0,10435,1043500000,1043500100,10387,17313,1043600000,1043600000
0,10436,1043600000,1043600100,10387,17313,1043700000,1043700000
0,10437,1043700000,1043700100,10387,17313,1043800000,1043800000
0,10438,1043800000,1043800100,10387,17313,1043900000,1043900000
0,10439,1043900000,1043900100,10387,17313,1044000000,1044000000
0,10440,1044000000,1044000100,10387,17313,1044100000,1044100000
0,10441,1044100000,1044100100,10387,17313,1044200000,1044200000
0,10442,1044200000,1044200100,10387,17313,1044300000,1044300000
0,10443,1044300000,1044300100,10387,17313,1044400000,1044400000
0,10444,1044400000,1044400100,10387,17313,1044500000,1044500000
0,10445,1044500000,1044500100,10387,17313,1044600000,1044600000
0,10446,1044600000,1044600100,10387,17313,1044700000,1044700000
0,10447,1044700000,1044700100,10387,17313,1044800000,1044800000
0,10448,1044800000,1044800100,10387,17313,1044900000,1044900000
0,10449,1044900000,1044900100,10387,17313,1045000000,1045000000
0,10450,1045000000,1045000100,10387,17313,1045100000,1045100000
0,10451,1045100000,1045100100,10387,17313,1045200000,1045200000
0,10452,1045200000,1045200100,10387,17313,1045300000,1045300000
0,10453,1045300000,1045300100,10387,17313,1045400000,1045400000
0,10454,1045400000,1045400100,10387,17313,1045500000,1045500000
0,10455,1045500000,1045500100,10387,17313,1045600000,1045600000
0,10456,1045600000,1045600100,10387,17313,1045700000,1045700000
0,10457,1045700000,1045700100,10387,17313,1045800000,1045800000
0,10458,1045800000,1045800100,10387,17313,1045900000,1045900000
0,10459,1045900000,1045900100,10387,17313,1046000000,1046000000
0,10460,1046000000,1046000100,10387,17313,1046100000,1046100000
0,10461,1046100000,1046100100,10387,17313,1046200000,1046200000
0,10462,1046200000,1046200100,10387,17313,1046300000,1046300000
0,10463,1046300000,1046300100,10387,17313,1046400000,1046400000
0,10464,1046400000,1046400100,10387,17313,1046500000,1046500000
0,10465,1046500000,1046500100,10387,17313,1046600000,1046600000
0,10466,1046600000,1046600100,10387,17313,1046700000,1046700000
0,10467,1046700000,1046700100,10387,17313,1046800000,1046800000
0,10468,1046800000,1046800100,10387,17313,1046900000,1046900000
0,10469,1046900000,1046900100,10387,17313,1047000000,1047000000
0,10470,1047000000,1047000100,10387,17313,1047100000,1047100000
0,10471,1047100000,1047100100,10387,17313,1047200000,1047200000
0,10472,1047200000,1047200100,10387,17313,1047300000,1047300000
0,10473,1047300000,1047300100,10387,17313,1047400000,1047400000
0,10474,1047400000,1047400100,10387,17313,1047500000,1047500000
0,10475,1047500000,1047500100,10387,17313,1047600000,1047600000
0,10476,1047600000,1047600100,10387,17313,1047700000,1047700000
0,10477,1047700000,1047700100,10387,17313,1047800000,1047800000
0,10478,1047800000,1047800100,10387,17313,1047900000,1047900000
0,10479,1047900000,1047900100,10387,17313,1048000000,1048000000
0,10480,1048000000,1048000100,10387,17313,1048100000,1048100000
0,10481,1048100000,1048100100,10387,17313,1048200000,1048200000
0,10482,1048200000,1048200100,10387,17313,1048300000,1048300000
0,10483,1048300000,1048300100,10387,17313,1048400000,1048400000
0,10484,1048400000,1048400100,10387,17313,1048500000,1048500000
0,10485,1048500000,1048500100,10387,17313,1048600000,1048600000
0,10486,1048600000,1048600100,10387,17313,1048700000,1048700000
0,10487,1048700000,1048700100,10387,17313,1048800000,1048800000
0,10488,1048800000,1048800100,10387,17313,1048900000,1048900000
0,10489,1048900000,1048900100,10387,17313,1049000000,1049000000
0,10490,1049000000,1049000100,10387,17313,1049100000,1049100000
0,10491,1049100000,1049100100,10387,17313,1049200000,1049200000
0,10492,1049200000,1049200100,10387,17313,1049300000,1049300000
0,10493,1049300000,1049300100,10387,17313,1049400000,1049400000
0,10494,1049400000,1049400100,10387,17313,1049500000,1049500000
0,10495,1049500000,1049500100,10387,17313,1049600000,1049600000
0,10496,1049600000,1049600100,10387,17313,1049700000,1049700000
0,10497,1049700000,1049700100,10387,17313,1049800000,1049800000
0,10498,1049800000,1049800100,10387,17313,1049900000,1049900000
0,10499,1049900000,1049900100,10387,17313,1050000000,1050000000
0,10500,1050000000,1050000100,10387,17313,1050100000,1050100000
0,10501,1050100000,1050100100,10387,17313,1050200000,1050200000
0,10502,1050200000,1050200100,10387,17313,1050300000,1050300000
0,10503,1050300000,1050300100,10387,17313,1050400000,1050400000
0,10504,1050400000,1050400100,10387,17313,1050500000,1050500000
0,10505,1050500000,1050500100,10387,17313,1050600000,1050600000
0,10506,1050600000,1050600100,10387,17313,1050700000,1050700000
0,10507,1050700000,1050700100,10387,17313,1050800000,1050800000
0,10508,1050800000,1050800100,10387,17313,1050900000,1050900000
0,10509,1050900000,1050900100,10387,17313,1051000000,1051000000
0,10510,1051000000,1051000100,10387,17313,1051100000,1051100000
0,10511,1051100000,1051100100,10387,17313,1051200000,1051200000
0,10512,1051200000,1051200100,10387,17313,1051300000,1051300000
0,10513,1051300000,1051300100,10387,17313,1051400000,1051400000
0,10514,1051400000,1051400100,10387,17313,1051500000,1051500000
0,10515,1051500000,1051500100,10387,17313,1051600000,1051600000
0,10516,1051600000,1051600100,10387,17313,1051700000,1051700000
0,10517,1051700000,1051700100,10387,17313,1051800000,1051800000
0,10518,1051800000,1051800100,10387,17313,1051900000,1051900000
0,10519,1051900000,1051900100,10387,17313,1052000000,1052000000
0,10520,1052000000,1052000100,10387,17313,1052100000,1052100000
0,10521,1052100000,1052100100,10387,17313,1052200000,1052200000
0,10522,1052200000,1052200100,10387,17313,1052300000,1052300000
0,10523,1052300000,1052300100,10387,17313,1052400000,1052400000
0,10524,1052400000,1052400100,10387,17313,1052500000,1052500000
0,10525,1052500000,1052500100,10387,17313,1052600000,1052600000
0,10526,1052600000,1052600100,10387,17313,1052700000,1052700000
0,10527,1052700000,1052700100,10387,17313,1052800000,1052800000
0,10528,1052800000,1052800100,10387,17313,1052900000,1052900000
0,10529,1052900000,1052900100,10387,17313,1053000000,1053000000
0,10530,1053000000,1053000100,10387,17313,1053100000,1053100000
0,10531,1053100000,1053100100,10387,17313,1053200000,1053200000
0,10532,1053200000,1053200100,10387,17313,1053300000,1053300000
0,10533,1053300000,1053300100,10387,17313,1053400000,1053400000
0,10534,1053400000,1053400100,10387,17313,1053500000,1053500000
0,10535,1053500000,1053500100,10387,17313,1053600000,1053600000
0,10536,1053600000,1053600100,10387,17313,1053700000,1053700000
0,10537,1053700000,1053700100,10387,17313,1053800000,1053800000
0,10538,1053800000,1053800100,10387,17313,1053900000,1053900000
0,10539,1053900000,1053900100,10387,17313,1054000000,1054000000
0,10540,1054000000,1054000100,10387,17313,1054100000,1054100000
0,10541,1054100000,1054100100,10387,17313,1054200000,1054200000
0,10542,1054200000,1054200100,10387,17313,1054300000,1054300000
0,10543,1054300000,1054300100,10387,17313,1054400000,1054400000
0,10544,1054400000,1054400100,10387,17313,1054500000,1054500000
0,10545,1054500000,1054500100,10387,17313,1054600000,1054600000
0,10546,1054600000,1054600100,10387,17313,1054700000,1054700000
0,10547,1054700000,1054700100,10387,17313,1054800000,1054800000
0,10548,1054800000,1054800100,10387,17313,1054900000,1054900000
0,10549,1054900000,1054900100,10387,17313,1055000000,1055000000
0,10550,1055000000,1055000100,10387,17313,1055100000,1055100000
0,10551,1055100000,1055100100,10387,17313,1055200000,1055200000
0,10552,1055200000,1055200100,10387,17313,1055300000,1055300000
0,10553,1055300000,1055300100,10387,17313,1055400000,1055400000
0,10554,1055400000,1055400100,10387,17313,1055500000,1055500000
0,10555,1055500000,1055500100,10387,17313,1055600000,1055600000
0,10556,1055600000,1055600100,10387,17313,1055700000,1055700000
0,10557,1055700000,1055700100,10387,17313,1055800000,1055800000
0,10558,1055800000,1055800100,10387,17313,1055900000,1055900000
0,10559,1055900000,1055900100,10387,17313,1056000000,1056000000
0,10560,1056000000,1056000100,10387,17313,1056100000,1056100000
0,10561,1056100000,1056100100,10387,17313,1056200000,1056200000
0,10562,1056200000,1056200100,10387,17313,1056300000,1056300000
0,10563,1056300000,1056300100,10387,17313,1056400000,1056400000
0,10564,1056400000,1056400100,10387,17313,1056500000,1056500000
0,10565,1056500000,1056500100,10387,17313,1056600000,1056600000
0,10566,1056600000,1056600100,10387,17313,1056700000,1056700000
0,10567,1056700000,1056700100,10387,17313,1056800000,1056800000
0,10568,1056800000,1056800100,10387,17313,1056900000,1056900000
0,10569,1056900000,1056900100,10387,17313,1057000000,1057000000
0,10570,1057000000,1057000100,10387,17313,1057100000,1057100000
0,10571,1057100000,1057100100,10387,17313,1057200000,1057200000
0,10572,1057200000,1057200100,10387,17313,1057300000,1057300000
0,10573,1057300000,1057300100,10387,17313,1057400000,1057400000
0,10574,1057400000,1057400100,10387,17313,1057500000,1057500000
0,10575,1057500000,1057500100,10387,17313,1057600000,1057600000
0,10576,1057600000,1057600100,10387,17313,1057700000,1057700000
0,10577,1057700000,1057700100,10387,17313,1057800000,1057800000
0,10578,1057800000,1057800100,10387,17313,1057900000,1057900000
0,10579,1057900000,1057900100,10387,17313,1058000000,1058000000
0,10580,1058000000,1058000100,10387,17313,1058100000,1058100000
0,10581,1058100000,1058100100,10387,17313,1058200000,1058200000
0,10582,1058200000,1058200100,10387,17313,1058300000,1058300000
0,10583,1058300000,1058300100,10387,17313,1058400000,1058400000
0,10584,1058400000,1058400100,10387,17313,1058500000,1058500000
0,10585,1058500000,1058500100,10387,17313,1058600000,1058600000
0,10586,1058600000,1058600100,10387,17313,1058700000,1058700000
0,10587,1058700000,1058700100,10387,17313,1058800000,1058800000
0,10588,1058800000,1058800100,10387,17313,1058900000,1058900000
0,10589,1058900000,1058900100,10387,17313,1059000000,1059000000
0,10590,1059000000,1059000100,10387,17313,1059100000,1059100000
0,10591,1059100000,1059100100,10387,17313,1059200000,1059200000
0,10592,1059200000,1059200100,10387,17313,1059300000,1059300000
0,10593,1059300000,1059300100,10387,17313,1059400000,1059400000
0,10594,1059400000,1059400100,10387,17313,1059500000,1059500000
0,10595,1059500000,1059500100,10387,17313,1059600000,1059600000
0,10596,1059600000,1059600100,10387,17313,1059700000,1059700000
0,10597,1059700000,1059700100,10387,17313,1059800000,1059800000
0,10598,1059800000,1059800100,10387,17313,1059900000,1059900000
0,10599,1059900000,1059900100,10387,17313,1060000000,1060000000
0,10600,1060000000,1060000100,10387,17313,1060100000,1060100000
0,10601,1060100000,1060100100,10387,17313,1060200000,1060200000
0,10602,1060200000,1060200100,10387,17313,1060300000,1060300000
0,10603,1060300000,1060300100,10387,17313,1060400000,1060400000
0,10604,1060400000,1060400100,10387,17313,1060500000,1060500000
0,10605,1060500000,1060500100,10387,17313,1060600000,1060600000
0,10606,1060600000,1060600100,10387,17313,1060700000,1060700000
0,10607,1060700000,1060700100,10387,17313,1060800000,1060800000
0,10608,1060800000,1060800100,10387,17313,1060900000,1060900000
0,10609,1060900000,1060900100,10387,17313,1061000000,1061000000
0,10610,1061000000,1061000100,10387,17313,1061100000,1061100000
0,10611,1061100000,1061100100,10387,17313,1061200000,1061200000
0,10612,1061200000,1061200100,10387,17313,1061300000,1061300000
0,10613,1061300000,1061300100,10387,17313,1061400000,1061400000
0,10614,1061400000,1061400100,10387,17313,1061500000,1061500000
0,10615,1061500000,1061500100,10387,17313,1061600000,1061600000
0,10616,1061600000,1061600100,10387,17313,1061700000,1061700000
0,10617,1061700000,1061700100,10387,17313,1061800000,1061800000
0,10618,1061800000,1061800100,10387,17313,1061900000,1061900000
0,10619,1061900000,1061900100,10387,17313,1062000000,1062000000
0,10620,1062000000,1062000100,10387,17313,1062100000,1062100000
0,10621,1062100000,1062100100,10387,17313,1062200000,1062200000
0,10622,1062200000,1062200100,10387,17313,1062300000,1062300000
0,10623,1062300000,1062300100,10387,17313,1062400000,1062400000
0,10624,1062400000,1062400100,10387,17313,1062500000,1062500000
0,10625,1062500000,1062500100,10387,17313,1062600000,1062600000
0,10626,1062600000,1062600100,10387,17313,1062700000,1062700000
0,10627,1062700000,1062700100,10387,17313,1062800000,1062800000
0,10628,1062800000,1062800100,10387,17313,1062900000,1062900000
0,10629,1062900000,1062900100,10387,17313,1063000000,1063000000
0,10630,1063000000,1063000100,10387,17313,1063100000,1063100000
0,10631,1063100000,1063100100,10387,17313,1063200000,1063200000
0,10632,1063200000,1063200100,10387,17313,1063300000,1063300000
0,10633,1063300000,1063300100,10387,17313,1063400000,1063400000
0,10634,1063400000,1063400100,10387,17313,1063500000,1063500000
0,10635,1063500000,1063500100,10387,17313,1063600000,1063600000
0,10636,1063600000,1063600100,10387,17313,1063700000,1063700000
0,10637,1063700000,1063700100,10387,17313,1063800000,1063800000
0,10638,1063800000,1063800100,10387,17313,1063900000,1063900000
0,10639,1063900000,1063900100,10387,17313,1064000000,1064000000
0,10640,1064000000,1064000100,10387,17313,1064100000,1064100000
0,10641,1064100000,1064100100,10387,17313,1064200000,1064200000
0,10642,1064200000,1064200100,10387,17313,1064300000,1064300000
0,10643,1064300000,1064300100,10387,17313,1064400000,1064400000
0,10644,1064400000,1064400100,10387,17313,1064500000,1064500000
0,10645,1064500000,1064500100,10387,17313,1064600000,1064600000
0,10646,1064600000,1064600100,10387,17313,1064700000,1064700000
0,10647,1064700000,1064700100,10387,17313,1064800000,1064800000
0,10648,1064800000,1064800100,10387,17313,1064900000,1064900000
0,10649,1064900000,1064900100,10387,17313,1065000000,1065000000
0,10650,1065000000,1065000100,10387,17313,1065100000,1065100000
0,10651,1065100000,1065100100,10387,17313,1065200000,1065200000
0,10652,1065200000,1065200100,10387,17313,1065300000,1065300000
0,10653,1065300000,1065300100,10387,17313,1065400000,1065400000
0,10654,1065400000,1065400100,10387,17313,1065500000,1065500000
0,10655,1065500000,1065500100,10387,17313,1065600000,1065600000
0,10656,1065600000,1065600100,10387,17313,1065700000,1065700000
0,10657,1065700000,1065700100,10387,17313,1065800000,1065800000
0,10658,1065800000,1065800100,10387,17313,1065900000,1065900000
0,10659,1065900000,1065900100,10387,17313,1066000000,1066000000
0,10660,1066000000,1066000100,10387,17313,1066100000,1066100000
0,10661,1066100000,1066100100,10387,17313,1066200000,1066200000
0,10662,1066200000,1066200100,10387,17313,1066300000,1066300000
0,10663,1066300000,1066300100,10387,17313,1066400000,1066400000
0,10664,1066400000,1066400100,10387,17313,1066500000,1066500000
0,10665,1066500000,1066500100,10387,17313,1066600000,1066600000
0,10666,1066600000,1066600100,10387,17313,1066700000,1066700000
0,10667,1066700000,1066700100,10387,17313,1066800000,1066800000
0,10668,1066800000,1066800100,10387,17313,1066900000,1066900000
0,10669,1066900000,1066900100,10387,17313,1067000000,1067000000
0,10670,1067000000,1067000100,10387,17313,1067100000,1067100000
0,10671,1067100000,1067100100,10387,17313,1067200000,1067200000
0,10672,1067200000,1067200100,10387,17313,1067300000,1067300000
0,10673,1067300000,1067300100,10387,17313,1067400000,1067400000
0,10674,1067400000,1067400100,10387,17313,1067500000,1067500000
0,10675,1067500000,1067500100,10387,17313,1067600000,1067600000
0,10676,1067600000,1067600100,10387,17313,1067700000,1067700000
0,10677,1067700000,1067700100,10387,17313,1067800000,1067800000
0,10678,1067800000,1067800100,10387,17313,1067900000,1067900000
0,10679,1067900000,1067900100,10387,17313,1068000000,1068000000
0,10680,1068000000,1068000100,10387,17313,1068100000,1068100000
0,10681,1068100000,1068100100,10387,17313,1068200000,1068200000
0,10682,1068200000,1068200100,10387,17313,1068300000,1068300000
0,10683,1068300000,1068300100,10387,17313,1068400000,1068400000
0,10684,1068400000,1068400100,10387,17313,1068500000,1068500000
0,10685,1068500000,1068500100,10387,17313,1068600000,1068600000
0,10686,1068600000,1068600100,10387,17313,1068700000,1068700000
0,10687,1068700000,1068700100,10387,17313,1068800000,1068800000
0,10688,1068800000,1068800100,10387,17313,1068900000,1068900000
0,10689,1068900000,1068900100,10387,17313,1069000000,1069000000
0,10690,1069000000,1069000100,10387,17313,1069100000,1069100000
0,10691,1069100000,1069100100,10387,17313,1069200000,1069200000
0,10692,1069200000,1069200100,10387,17313,1069300000,1069300000
0,10693,1069300000,1069300100,10387,17313,1069400000,1069400000
0,10694,1069400000,1069400100,10387,17313,1069500000,1069500000
0,10695,1069500000,1069500100,10387,17313,1069600000,1069600000
0,10696,1069600000,1069600100,10387,17313,1069700000,1069700000
0,10697,1069700000,1069700100,10387,17313,1069800000,1069800000
0,10698,1069800000,1069800100,10387,17313,1069900000,1069900000
0,10699,1069900000,1069900100,10387,17313,1070000000,1070000000
0,10700,1070000000,1070000100,10387,17313,1070100000,1070100000
0,10701,1070100000,1070100100,10387,17313,1070200000,1070200000
0,10702,1070200000,1070200100,10387,17313,1070300000,1070300000
0,10703,1070300000,1070300100,10387,17313,1070400000,1070400000
0,10704,1070400000,1070400100,10387,17313,1070500000,1070500000
0,10705,1070500000,1070500100,10387,17313,1070600000,1070600000
0,10706,1070600000,1070600100,10387,17313,1070700000,1070700000
0,10707,1070700000,1070700100,10387,17313,1070800000,1070800000
0,10708,1070800000,1070800100,10387,17313,1070900000,1070900000
0,10709,1070900000,1070900100,10387,17313,1071000000,1071000000
0,10710,1071000000,1071000100,10387,17313,1071100000,1071100000
0,10711,1071100000,1071100100,10387,17313,1071200000,1071200000
0,10712,1071200000,1071200100,10387,17313,1071300000,1071300000
0,10713,1071300000,1071300100,10387,17313,1071400000,1071400000
0,10714,1071400000,1071400100,10387,17313,1071500000,1071500000
0,10715,1071500000,1071500100,10387,17313,1071600000,1071600000
0,10716,1071600000,1071600100,10387,17313,1071700000,1071700000
0,10717,1071700000,1071700100,10387,17313,1071800000,1071800000
0,10718,1071800000,1071800100,10387,17313,1071900000,1071900000
0,10719,1071900000,1071900100,10387,17313,1072000000,1072000000
0,10720,1072000000,1072000100,10387,17313,1072100000,1072100000
0,10721,1072100000,1072100100,10387,17313,1072200000,1072200000
0,10722,1072200000,1072200100,10387,17313,1072300000,1072300000
0,10723,1072300000,1072300100,10387,17313,1072400000,1072400000
0,10724,1072400000,1072400100,10387,17313,1072500000,1072500000
0,10725,1072500000,1072500100,10387,17313,1072600000,1072600000
0,10726,1072600000,1072600100,10387,17313,1072700000,1072700000
0,10727,1072700000,1072700100,10387,17313,1072800000,1072800000
0,10728,1072800000,1072800100,10387,17313,1072900000,1072900000
0,10729,1072900000,1072900100,10387,17313,1073000000,1073000000
0,10730,1073000000,1073000100,10387,17313,1073100000,1073100000
0,10731,1073100000,1073100100,10387,17313,1073200000,1073200000
0,10732,1073200000,1073200100,10387,17313,1073300000,1073300000
0,10733,1073300000,1073300100,10387,17313,1073400000,1073400000
0,10734,1073400000,1073400100,10387,17313,1073500000,1073500000
0,10735,1073500000,1073500100,10387,17313,1073600000,1073600000
0,10736,1073600000,1073600100,10387,17313,1073700000,1073700000
0,10737,1073700000,1073700100,10387,17313,1073800000,1073800000
0,10738,1073800000,1073800100,10387,17313,1073900000,1073900000
0,10739,1073900000,1073900100,10387,17313,1074000000,1074000000
0,10740,1074000000,1074000100,10387,17313,1074100000,1074100000
0,10741,1074100000,1074100100,10387,17313,1074200000,1074200000
0,10742,1074200000,1074200100,10387,17313,1074300000,1074300000
0,10743,1074300000,1074300100,10387,17313,1074400000,1074400000
0,10744,1074400000,1074400100,10387,17313,1074500000,1074500000
0,10745,1074500000,1074500100,10387,17313,1074600000,1074600000
0,10746,1074600000,1074600100,10387,17313,1074700000,1074700000
0,10747,1074700000,1074700100,10387,17313,1074800000,1074800000
0,10748,1074800000,1074800100,10387,17313,1074900000,1074900000
0,10749,1074900000,1074900100,10387,17313,1075000000,1075000000
0,10750,1075000000,1075000100,10387,17313,1075100000,1075100000
0,10751,1075100000,1075100100,10387,17313,1075200000,1075200000
0,10752,1075200000,1075200100,10387,17313,1075300000,1075300000
0,10753,1075300000,1075300100,10387,17313,1075400000,1075400000
0,10754,1075400000,1075400100,10387,17313,1075500000,1075500000
0,10755,1075500000,1075500100,10387,17313,1075600000,1075600000
0,10756,1075600000,1075600100,10387,17313,1075700000,1075700000
0,10757,1075700000,1075700100,10387,17313,1075800000,1075800000
0,10758,1075800000,1075800100,10387,17313,1075900000,1075900000
0,10759,1075900000,1075900100,10387,17313,1076000000,1076000000
0,10760,1076000000,1076000100,10387,17313,1076100000,1076100000
0,10761,1076100000,1076100100,10387,17313,1076200000,1076200000
0,10762,1076200000,1076200100,10387,17313,1076300000,1076300000
0,10763,1076300000,1076300100,10387,17313,1076400000,1076400000
0,10764,1076400000,1076400100,10387,17313,1076500000,1076500000
0,10765,1076500000,1076500100,10387,17313,1076600000,1076600000
0,10766,1076600000,1076600100,10387,17313,1076700000,1076700000
0,10767,1076700000,1076700100,10387,17313,1076800000,1076800000
0,10768,1076800000,1076800100,10387,17313,1076900000,1076900000
0,10769,1076900000,1076900100,10387,17313,1077000000,1077000000
0,10770,1077000000,1077000100,10387,17313,1077100000,1077100000
0,10771,1077100000,1077100100,10387,17313,1077200000,1077200000
0,10772,1077200000,1077200100,10387,17313,1077300000,1077300000
0,10773,1077300000,1077300100,10387,17313,1077400000,1077400000
0,10774,1077400000,1077400100,10387,17313,1077500000,1077500000
0,10775,1077500000,1077500100,10387,17313,1077600000,1077600000
0,10776,1077600000,1077600100,10387,17313,1077700000,1077700000
0,10777,1077700000,1077700100,10387,17313,1077800000,1077800000
0,10778,1077800000,1077800100,10387,17313,1077900000,1077900000
0,10779,1077900000,1077900100,10387,17313,1078000000,1078000000
0,10780,1078000000,1078000100,10387,17313,1078100000,1078100000
0,10781,1078100000,1078100100,10387,17313,1078200000,1078200000
0,10782,1078200000,1078200100,10387,17313,1078300000,1078300000
0,10783,1078300000,1078300100,10387,17313,1078400000,1078400000
0,10784,1078400000,1078400100,10387,17313,1078500000,1078500000
0,10785,1078500000,1078500100,10387,17313,1078600000,1078600000
0,10786,1078600000,1078600100,10387,17313,1078700000,1078700000
0,10787,1078700000,1078700100,10387,17313,1078800000,1078800000
0,10788,1078800000,1078800100,10387,17313,1078900000,1078900000
0,10789,1078900000,1078900100,10387,17313,1079000000,1079000000
0,10790,1079000000,1079000100,10387,17313,1079100000,1079100000
0,10791,1079100000,1079100100,10387,17313,1079200000,1079200000
0,10792,1079200000,1079200100,10387,17313,1079300000,1079300000
0,10793,1079300000,1079300100,10387,17313,1079400000,1079400000
0,10794,1079400000,1079400100,10387,17313,1079500000,1079500000
0,10795,1079500000,1079500100,10387,17313,1079600000,1079600000
0,10796,1079600000,1079600100,10387,17313,1079700000,1079700000
0,10797,1079700000,1079700100,10387,17313,1079800000,1079800000
0,10798,1079800000,1079800100,10387,17313,1079900000,1079900000
0,10799,1079900000,1079900100,10387,17313,1080000000,1080000000
0,10800,1080000000,1080000100,10387,17313,1080100000,1080100000
0,10801,1080100000,1080100100,10387,17313,1080200000,1080200000
0,10802,1080200000,1080200100,10387,17313,1080300000,1080300000
0,10803,1080300000,1080300100,10387,17313,1080400000,1080400000
0,10804,1080400000,1080400100,10387,17313,1080500000,1080500000
0,10805,1080500000,1080500100,10387,17313,1080600000,1080600000
0,10806,1080600000,1080600100,10387,17313,1080700000,1080700000
0,10807,1080700000,1080700100,10387,17313,1080800000,1080800000
0,10808,1080800000,1080800100,10387,17313,1080900000,1080900000
0,10809,1080900000,1080900100,10387,17313,1081000000,1081000000
0,10810,1081000000,1081000100,10387,17313,1081100000,1081100000
0,10811,1081100000,1081100100,10387,17313,1081200000,1081200000
0,10812,1081200000,1081200100,10387,17313,1081300000,1081300000
0,10813,1081300000,1081300100,10387,17313,1081400000,1081400000
0,10814,1081400000,1081400100,10387,17313,1081500000,1081500000
0,10815,1081500000,1081500100,10387,17313,1081600000,1081600000
0,10816,1081600000,1081600100,10387,17313,1081700000,1081700000
0,10817,1081700000,1081700100,10387,17313,1081800000,1081800000
0,10818,1081800000,1081800100,10387,17313,1081900000,1081900000
0,10819,1081900000,1081900100,10387,17313,1082000000,1082000000
0,10820,1082000000,1082000100,10387,17313,1082100000,1082100000
0,10821,1082100000,1082100100,10387,17313,1082200000,1082200000
0,10822,1082200000,1082200100,10387,17313,1082300000,1082300000
0,10823,1082300000,1082300100,10387,17313,1082400000,1082400000
0,10824,1082400000,1082400100,10387,17313,1082500000,1082500000
0,10825,1082500000,1082500100,10387,17313,1082600000,1082600000
0,10826,1082600000,1082600100,10387,17313,1082700000,1082700000
0,10827,1082700000,1082700100,10387,17313,1082800000,1082800000
0,10828,1082800000,1082800100,10387,17313,1082900000,1082900000
0,10829,1082900000,1082900100,10387,17313,1083000000,1083000000
0,10830,1083000000,1083000100,10387,17313,1083100000,1083100000
0,10831,1083100000,1083100100,10387,17313,1083200000,1083200000
0,10832,1083200000,1083200100,10387,17313,1083300000,1083300000
0,10833,1083300000,1083300100,10387,17313,1083400000,1083400000
0,10834,1083400000,1083400100,10387,17313,1083500000,1083500000
0,10835,1083500000,1083500100,10387,17313,1083600000,1083600000
0,10836,1083600000,1083600100,10387,17313,1083700000,1083700000
0,10837,1083700000,1083700100,10387,17313,1083800000,1083800000
0,10838,1083800000,1083800100,10387,17313,1083900000,1083900000
0,10839,1083900000,1083900100,10387,17313,1084000000,1084000000
0,10840,1084000000,1084000100,10387,17313,1084100000,1084100000
0,10841,1084100000,1084100100,10387,17313,1084200000,1084200000
0,10842,1084200000,1084200100,10387,17313,1084300000,1084300000
0,10843,1084300000,1084300100,10387,17313,1084400000,1084400000
0,10844,1084400000,1084400100,10387,17313,1084500000,1084500000
0,10845,1084500000,1084500100,10387,17313,1084600000,1084600000
0,10846,1084600000,1084600100,10387,17313,1084700000,1084700000
0,10847,1084700000,1084700100,10387,17313,1084800000,1084800000
0,10848,1084800000,1084800100,10387,17313,1084900000,1084900000
0,10849,1084900000,1084900100,10387,17313,1085000000,1085000000
0,10850,1085000000,1085000100,10387,17313,1085100000,1085100000
0,10851,1085100000,1085100100,10387,17313,1085200000,1085200000
0,10852,1085200000,1085200100,10387,17313,1085300000,1085300000
0,10853,1085300000,1085300100,10387,17313,1085400000,1085400000
0,10854,1085400000,1085400100,10387,17313,1085500000,1085500000
0,10855,1085500000,1085500100,10387,17313,1085600000,1085600000
0,10856,1085600000,1085600100,10387,17313,1085700000,1085700000
0,10857,1085700000,1085700100,10387,17313,1085800000,1085800000
0,10858,1085800000,1085800100,10387,17313,1085900000,1085900000
0,10859,1085900000,1085900100,10387,17313,1086000000,1086000000
0,10860,1086000000,1086000100,10387,17313,1086100000,1086100000
0,10861,1086100000,1086100100,10387,17313,1086200000,1086200000
0,10862,1086200000,1086200100,10387,17313,1086300000,1086300000
0,10863,1086300000,1086300100,10387,17313,1086400000,1086400000
0,10864,1086400000,1086400100,10387,17313,1086500000,1086500000
0,10865,1086500000,1086500100,10387,17313,1086600000,1086600000
0,10866,1086600000,1086600100,10387,17313,1086700000,1086700000
0,10867,1086700000,1086700100,10387,17313,1086800000,1086800000
0,10868,1086800000,1086800100,10387,17313,1086900000,1086900000
0,10869,1086900000,1086900100,10387,17313,1087000000,1087000000
0,10870,1087000000,1087000100,10387,17313,1087100000,1087100000
0,10871,1087100000,1087100100,10387,17313,1087200000,1087200000
0,10872,1087200000,1087200100,10387,17313,1087300000,1087300000
0,10873,1087300000,1087300100,10387,17313,1087400000,1087400000
0,10874,1087400000,1087400100,10387,17313,1087500000,1087500000
0,10875,1087500000,1087500100,10387,17313,1087600000,1087600000
0,10876,1087600000,1087600100,10387,17313,1087700000,1087700000
0,10877,1087700000,1087700100,10387,17313,1087800000,1087800000
0,10878,1087800000,1087800100,10387,17313,1087900000,1087900000
0,10879,1087900000,1087900100,10387,17313,1088000000,1088000000
0,10880,1088000000,1088000100,10387,17313,1088100000,1088100000
0,10881,1088100000,1088100100,10387,17313,1088200000,1088200000
0,10882,1088200000,1088200100,10387,17313,1088300000,1088300000
0,10883,1088300000,1088300100,10387,17313,1088400000,1088400000
0,10884,1088400000,1088400100,10387,17313,1088500000,1088500000
0,10885,1088500000,1088500100,10387,17313,1088600000,1088600000
0,10886,1088600000,1088600100,10387,17313,1088700000,1088700000
0,10887,1088700000,1088700100,10387,17313,1088800000,1088800000
0,10888,1088800000,1088800100,10387,17313,1088900000,1088900000
0,10889,1088900000,1088900100,10387,17313,1089000000,1089000000
0,10890,1089000000,1089000100,10387,17313,1089100000,1089100000
0,10891,1089100000,1089100100,10387,17313,1089200000,1089200000
0,10892,1089200000,1089200100,10387,17313,1089300000,1089300000
0,10893,1089300000,1089300100,10387,17313,1089400000,1089400000
0,10894,1089400000,1089400100,10387,17313,1089500000,1089500000
0,10895,1089500000,1089500100,10387,17313,1089600000,1089600000
0,10896,1089600000,1089600100,10387,17313,1089700000,1089700000
0,10897,1089700000,1089700100,10387,17313,1089800000,1089800000
0,10898,1089800000,1089800100,10387,17313,1089900000,1089900000
0,10899,1089900000,1089900100,10387,17313,1090000000,1090000000
0,10900,1090000000,1090000100,10387,17313,1090100000,1090100000
0,10901,1090100000,1090100100,10387,17313,1090200000,1090200000
0,10902,1090200000,1090200100,10387,17313,1090300000,1090300000
0,10903,1090300000,1090300100,10387,17313,1090400000,1090400000
0,10904,1090400000,1090400100,10387,17313,1090500000,1090500000
0,10905,1090500000,1090500100,10387,17313,1090600000,1090600000
0,10906,1090600000,1090600100,10387,17313,1090700000,1090700000
0,10907,1090700000,1090700100,10387,17313,1090800000,1090800000
0,10908,1090800000,1090800100,10387,17313,1090900000,1090900000
0,10909,1090900000,1090900100,10387,17313,1091000000,1091000000
0,10910,1091000000,1091000100,10387,17313,1091100000,1091100000
0,10911,1091100000,1091100100,10387,17313,1091200000,1091200000
0,10912,1091200000,1091200100,10387,17313,1091300000,1091300000
0,10913,1091300000,1091300100,10387,17313,1091400000,1091400000
0,10914,1091400000,1091400100,10387,17313,1091500000,1091500000
0,10915,1091500000,1091500100,10387,17313,1091600000,1091600000
0,10916,1091600000,1091600100,10387,17313,1091700000,1091700000
0,10917,1091700000,1091700100,10387,17313,1091800000,1091800000
0,10918,1091800000,1091800100,10387,17313,1091900000,1091900000
0,10919,1091900000,1091900100,10387,17313,1092000000,1092000000
0,10920,1092000000,1092000100,10387,17313,1092100000,1092100000
0,10921,1092100000,1092100100,10387,17313,1092200000,1092200000
0,10922,1092200000,1092200100,10387,17313,1092300000,1092300000
0,10923,1092300000,1092300100,10387,17313,1092400000,1092400000
0,10924,1092400000,1092400100,10387,17313,1092500000,1092500000
0,10925,1092500000,1092500100,10387,17313,1092600000,1092600000
0,10926,1092600000,1092600100,10387,17313,1092700000,1092700000
0,10927,1092700000,1092700100,10387,17313,1092800000,1092800000
0,10928,1092800000,1092800100,10387,17313,1092900000,1092900000
0,10929,1092900000,1092900100,10387,17313,1093000000,1093000000
0,10930,1093000000,1093000100,10387,17313,1093100000,1093100000
0,10931,1093100000,1093100100,10387,17313,1093200000,1093200000
0,10932,1093200000,1093200100,10387,17313,1093300000,1093300000
0,10933,1093300000,1093300100,10387,17313,1093400000,1093400000
0,10934,1093400000,1093400100,10387,17313,1093500000,1093500000
0,10935,1093500000,1093500100,10387,17313,1093600000,1093600000
0,10936,1093600000,1093600100,10387,17313,1093700000,1093700000
0,10937,1093700000,1093700100,10387,17313,1093800000,1093800000
0,10938,1093800000,1093800100,10387,17313,1093900000,1093900000
0,10939,1093900000,1093900100,10387,17313,1094000000,1094000000
0,10940,1094000000,1094000100,10387,17313,1094100000,1094100000
0,10941,1094100000,1094100100,10387,17313,1094200000,1094200000
0,10942,1094200000,1094200100,10387,17313,1094300000,1094300000
0,10943,1094300000,1094300100,10387,17313,1094400000,1094400000
0,10944,1094400000,1094400100,10387,17313,1094500000,1094500000
0,10945,1094500000,1094500100,10387,17313,1094600000,1094600000
0,10946,1094600000,1094600100,10387,17313,1094700000,1094700000
0,10947,1094700000,1094700100,10387,17313,1094800000,1094800000
0,10948,1094800000,1094800100,10387,17313,1094900000,1094900000
0,10949,1094900000,1094900100,10387,17313,1095000000,1095000000
0,10950,1095000000,1095000100,10387,17313,1095100000,1095100000
0,10951,1095100000,1095100100,10387,17313,1095200000,1095200000
0,10952,1095200000,1095200100,10387,17313,1095300000,1095300000
0,10953,1095300000,1095300100,10387,17313,1095400000,1095400000
0,10954,1095400000,1095400100,10387,17313,1095500000,1095500000
0,10955,1095500000,1095500100,10387,17313,1095600000,1095600000
0,10956,1095600000,1095600100,10387,17313,1095700000,1095700000
0,10957,1095700000,1095700100,10387,17313,1095800000,1095800000
0,10958,1095800000,1095800100,10387,17313,1095900000,1095900000
0,10959,1095900000,1095900100,10387,17313,1096000000,1096000000
0,10960,1096000000,1096000100,10387,17313,1096100000,1096100000
0,10961,1096100000,1096100100,10387,17313,1096200000,1096200000
0,10962,1096200000,1096200100,10387,17313,1096300000,1096300000
0,10963,1096300000,1096300100,10387,17313,1096400000,1096400000
0,10964,1096400000,1096400100,10387,17313,1096500000,1096500000
0,10965,1096500000,1096500100,10387,17313,1096600000,1096600000
0,10966,1096600000,1096600100,10387,17313,1096700000,1096700000
0,10967,1096700000,1096700100,10387,17313,1096800000,1096800000
0,10968,1096800000,1096800100,10387,17313,1096900000,1096900000
0,10969,1096900000,1096900100,10387,17313,1097000000,1097000000
0,10970,1097000000,1097000100,10387,17313,1097100000,1097100000
0,10971,1097100000,1097100100,10387,17313,1097200000,1097200000
0,10972,1097200000,1097200100,10387,17313,1097300000,1097300000
0,10973,1097300000,1097300100,10387,17313,1097400000,1097400000
0,10974,1097400000,1097400100,10387,17313,1097500000,1097500000
0,10975,1097500000,1097500100,10387,17313,1097600000,1097600000
0,10976,1097600000,1097600100,10387,17313,1097700000,1097700000
0,10977,1097700000,1097700100,10387,17313,1097800000,1097800000
0,10978,1097800000,1097800100,10387,17313,1097900000,1097900000
0,10979,1097900000,1097900100,10387,17313,1098000000,1098000000
0,10980,1098000000,1098000100,10387,17313,1098100000,1098100000
0,10981,1098100000,1098100100,10387,17313,1098200000,1098200000
0,10982,1098200000,1098200100,10387,17313,1098300000,1098300000
0,10983,1098300000,1098300100,10387,17313,1098400000,1098400000
0,10984,1098400000,1098400100,10387,17313,1098500000,1098500000
0,10985,1098500000,1098500100,10387,17313,1098600000,1098600000
0,10986,1098600000,1098600100,10387,17313,1098700000,1098700000
0,10987,1098700000,1098700100,10387,17313,1098800000,1098800000
0,10988,1098800000,1098800100,10387,17313,1098900000,1098900000
0,10989,1098900000,1098900100,10387,17313,1099000000,1099000000
0,10990,1099000000,1099000100,10387,17313,1099100000,1099100000
0,10991,1099100000,1099100100,10387,17313,1099200000,1099200000
0,10992,1099200000,1099200100,10387,17313,1099300000,1099300000
0,10993,1099300000,1099300100,10387,17313,1099400000,1099400000
0,10994,1099400000,1099400100,10387,17313,1099500000,1099500000
0,10995,1099500000,1099500100,10387,17313,1099600000,1099600000
0,10996,1099600000,1099600100,10387,17313,1099700000,1099700000
0,10997,1099700000,1099700100,10387,17313,1099800000,1099800000
0,10998,1099800000,1099800100,10387,17313,1099900000,1099900000
0,10999,1099900000,1099900100,10387,17313,1100000000,1100000000
0,11000,1100000000,1100000100,10387,17313,1100100000,1100100000
0,11001,1100100000,1100100100,10387,17313,1100200000,1100200000
0,11002,1100200000,1100200100,10387,17313,1100300000,1100300000
0,11003,1100300000,1100300100,10387,17313,1100400000,1100400000
0,11004,1100400000,1100400100,10387,17313,1100500000,1100500000
0,11005,1100500000,1100500100,10387,17313,1100600000,1100600000
0,11006,1100600000,1100600100,10387,17313,1100700000,1100700000
0,11007,1100700000,1100700100,10387,17313,1100800000,1100800000
0,11008,1100800000,1100800100,10387,17313,1100900000,1100900000
0,11009,1100900000,1100900100,10387,17313,1101000000,1101000000
0,11010,1101000000,1101000100,10387,17313,1101100000,1101100000
0,11011,1101100000,1101100100,10387,17313,1101200000,1101200000
0,11012,1101200000,1101200100,10387,17313,1101300000,1101300000
0,11013,1101300000,1101300100,10387,17313,1101400000,1101400000
0,11014,1101400000,1101400100,10387,17313,1101500000,1101500000
0,11015,1101500000,1101500100,10387,17313,1101600000,1101600000
0,11016,1101600000,1101600100,10387,17313,1101700000,1101700000
0,11017,1101700000,1101700100,10387,17313,1101800000,1101800000
0,11018,1101800000,1101800100,10387,17313,1101900000,1101900000
0,11019,1101900000,1101900100,10387,17313,1102000000,1102000000
0,11020,1102000000,1102000100,10387,17313,1102100000,1102100000
0,11021,1102100000,1102100100,10387,17313,1102200000,1102200000
0,11022,1102200000,1102200100,10387,17313,1102300000,1102300000
0,11023,1102300000,1102300100,10387,17313,1102400000,1102400000
0,11024,1102400000,1102400100,10387,17313,1102500000,1102500000
0,11025,1102500000,1102500100,10387,17313,1102600000,1102600000
0,11026,1102600000,1102600100,10387,17313,1102700000,1102700000
0,11027,1102700000,1102700100,10387,17313,1102800000,1102800000
0,11028,1102800000,1102800100,10387,17313,1102900000,1102900000
0,11029,1102900000,1102900100,10387,17313,1103000000,1103000000
0,11030,1103000000,1103000100,10387,17313,1103100000,1103100000
0,11031,1103100000,1103100100,10387,17313,1103200000,1103200000
0,11032,1103200000,1103200100,10387,17313,1103300000,1103300000
0,11033,1103300000,1103300100,10387,17313,1103400000,1103400000
0,11034,1103400000,1103400100,10387,17313,1103500000,1103500000
0,11035,1103500000,1103500100,10387,17313,1103600000,1103600000
0,11036,1103600000,1103600100,10387,17313,1103700000,1103700000
0,11037,1103700000,1103700100,10387,17313,1103800000,1103800000
0,11038,1103800000,1103800100,10387,17313,1103900000,1103900000
0,11039,1103900000,1103900100,10387,17313,1104000000,1104000000
0,11040,1104000000,1104000100,10387,17313,1104100000,1104100000
0,11041,1104100000,1104100100,10387,17313,1104200000,1104200000
0,11042,1104200000,1104200100,10387,17313,1104300000,1104300000
0,11043,1104300000,1104300100,10387,17313,1104400000,1104400000
0,11044,1104400000,1104400100,10387,17313,1104500000,1104500000
0,11045,1104500000,1104500100,10387,17313,1104600000,1104600000
0,11046,1104600000,1104600100,10387,17313,1104700000,1104700000
0,11047,1104700000,1104700100,10387,17313,1104800000,1104800000
0,11048,1104800000,1104800100,10387,17313,1104900000,1104900000
0,11049,1104900000,1104900100,10387,17313,1105000000,1105000000
0,11050,1105000000,1105000100,10387,17313,1105100000,1105100000
0,11051,1105100000,1105100100,10387,17313,1105200000,1105200000
0,11052,1105200000,1105200100,10387,17313,1105300000,1105300000
0,11053,1105300000,1105300100,10387,17313,1105400000,1105400000
0,11054,1105400000,1105400100,10387,17313,1105500000,1105500000
0,11055,1105500000,1105500100,10387,17313,1105600000,1105600000
0,11056,1105600000,1105600100,10387,17313,1105700000,1105700000
0,11057,1105700000,1105700100,10387,17313,1105800000,1105800000
0,11058,1105800000,1105800100,10387,17313,1105900000,1105900000
0,11059,1105900000,1105900100,10387,17313,1106000000,1106000000
0,11060,1106000000,1106000100,10387,17313,1106100000,1106100000
0,11061,1106100000,1106100100,10387,17313,1106200000,1106200000
0,11062,1106200000,1106200100,10387,17313,1106300000,1106300000
0,11063,1106300000,1106300100,10387,17313,1106400000,1106400000
0,11064,1106400000,1106400100,10387,17313,1106500000,1106500000
0,11065,1106500000,1106500100,10387,17313,1106600000,1106600000
0,11066,1106600000,1106600100,10387,17313,1106700000,1106700000
0,11067,1106700000,1106700100,10387,17313,1106800000,1106800000
0,11068,1106800000,1106800100,10387,17313,1106900000,1106900000
0,11069,1106900000,1106900100,10387,17313,1107000000,1107000000
0,11070,1107000000,1107000100,10387,17313,1107100000,1107100000
0,11071,1107100000,1107100100,10387,17313,1107200000,1107200000
0,11072,1107200000,1107200100,10387,17313,1107300000,1107300000
0,11073,1107300000,1107300100,10387,17313,1107400000,1107400000
0,11074,1107400000,1107400100,10387,17313,1107500000,1107500000
0,11075,1107500000,1107500100,10387,17313,1107600000,1107600000
0,11076,1107600000,1107600100,10387,17313,1107700000,1107700000
0,11077,1107700000,1107700100,10387,17313,1107800000,1107800000
0,11078,1107800000,1107800100,10387,17313,1107900000,1107900000
0,11079,1107900000,1107900100,10387,17313,1108000000,1108000000
0,11080,1108000000,1108000100,10387,17313,1108100000,1108100000
0,11081,1108100000,1108100100,10387,17313,1108200000,1108200000
0,11082,1108200000,1108200100,10387,17313,1108300000,1108300000
0,11083,1108300000,1108300100,10387,17313,1108400000,1108400000
0,11084,1108400000,1108400100,10387,17313,1108500000,1108500000
0,11085,1108500000,1108500100,10387,17313,1108600000,1108600000
0,11086,1108600000,1108600100,10387,17313,1108700000,1108700000
0,11087,1108700000,1108700100,10387,17313,1108800000,1108800000
0,11088,1108800000,1108800100,10387,17313,1108900000,1108900000
0,11089,1108900000,1108900100,10387,17313,1109000000,1109000000
0,11090,1109000000,1109000100,10387,17313,1109100000,1109100000
0,11091,1109100000,1109100100,10387,17313,1109200000,1109200000
0,11092,1109200000,1109200100,10387,17313,1109300000,1109300000
0,11093,1109300000,1109300100,10387,17313,1109400000,1109400000
0,11094,1109400000,1109400100,10387,17313,1109500000,1109500000
0,11095,1109500000,1109500100,10387,17313,1109600000,1109600000
0,11096,1109600000,1109600100,10387,17313,1109700000,1109700000
0,11097,1109700000,1109700100,10387,17313,1109800000,1109800000
0,11098,1109800000,1109800100,10387,17313,1109900000,1109900000
0,11099,1109900000,1109900100,10387,17313,1110000000,1110000000
0,11100,1110000000,1110000100,10387,17313,1110100000,1110100000
0,11101,1110100000,1110100100,10387,17313,1110200000,1110200000
0,11102,1110200000,1110200100,10387,17313,1110300000,1110300000
0,11103,1110300000,1110300100,10387,17313,1110400000,1110400000
0,11104,1110400000,1110400100,10387,17313,1110500000,1110500000
0,11105,1110500000,1110500100,10387,17313,1110600000,1110600000
0,11106,1110600000,1110600100,10387,17313,1110700000,1110700000
0,11107,1110700000,1110700100,10387,17313,1110800000,1110800000
0,11108,1110800000,1110800100,10387,17313,1110900000,1110900000
0,11109,1110900000,1110900100,10387,17313,1111000000,1111000000
0,11110,1111000000,1111000100,10387,17313,1111100000,1111100000
0,11111,1111100000,1111100100,10387,17313,1111200000,1111200000
0,11112,1111200000,1111200100,10387,17313,1111300000,1111300000
0,11113,1111300000,1111300100,10387,17313,1111400000,1111400000
0,11114,1111400000,1111400100,10387,17313,1111500000,1111500000
0,11115,1111500000,1111500100,10387,17313,1111600000,1111600000
0,11116,1111600000,1111600100,10387,17313,1111700000,1111700000
0,11117,1111700000,1111700100,10387,17313,1111800000,1111800000
0,11118,1111800000,1111800100,10387,17313,1111900000,1111900000
0,11119,1111900000,1111900100,10387,17313,1112000000,1112000000
0,11120,1112000000,1112000100,10387,17313,1112100000,1112100000
0,11121,1112100000,1112100100,10387,17313,1112200000,1112200000
0,11122,1112200000,1112200100,10387,17313,1112300000,1112300000
0,11123,1112300000,1112300100,10387,17313,1112400000,1112400000
0,11124,1112400000,1112400100,10387,17313,1112500000,1112500000
0,11125,1112500000,1112500100,10387,17313,1112600000,1112600000
0,11126,1112600000,1112600100,10387,17313,1112700000,1112700000
0,11127,1112700000,1112700100,10387,17313,1112800000,1112800000
0,11128,1112800000,1112800100,10387,17313,1112900000,1112900000
0,11129,1112900000,1112900100,10387,17313,1113000000,1113000000
0,11130,1113000000,1113000100,10387,17313,1113100000,1113100000
0,11131,1113100000,1113100100,10387,17313,1113200000,1113200000
0,11132,1113200000,1113200100,10387,17313,1113300000,1113300000
0,11133,1113300000,1113300100,10387,17313,1113400000,1113400000
0,11134,1113400000,1113400100,10387,17313,1113500000,1113500000
0,11135,1113500000,1113500100,10387,17313,1113600000,1113600000
0,11136,1113600000,1113600100,10387,17313,1113700000,1113700000
0,11137,1113700000,1113700100,10387,17313,1113800000,1113800000
0,11138,1113800000,1113800100,10387,17313,1113900000,1113900000
0,11139,1113900000,1113900100,10387,17313,1114000000,1114000000
0,11140,1114000000,1114000100,10387,17313,1114100000,1114100000
0,11141,1114100000,1114100100,10387,17313,1114200000,1114200000
0,11142,1114200000,1114200100,10387,17313,1114300000,1114300000
0,11143,1114300000,1114300100,10387,17313,1114400000,1114400000
0,11144,1114400000,1114400100,10387,17313,1114500000,1114500000
0,11145,1114500000,1114500100,10387,17313,1114600000,1114600000
0,11146,1114600000,1114600100,10387,17313,1114700000,1114700000
0,11147,1114700000,1114700100,10387,17313,1114800000,1114800000
0,11148,1114800000,1114800100,10387,17313,1114900000,1114900000
0,11149,1114900000,1114900100,10387,17313,1115000000,1115000000
0,11150,1115000000,1115000100,10387,17313,1115100000,1115100000
0,11151,1115100000,1115100100,10387,17313,1115200000,1115200000
0,11152,1115200000,1115200100,10387,17313,1115300000,1115300000
0,11153,1115300000,1115300100,10387,17313,1115400000,1115400000
0,11154,1115400000,1115400100,10387,17313,1115500000,1115500000
0,11155,1115500000,1115500100,10387,17313,1115600000,1115600000
0,11156,1115600000,1115600100,10387,17313,1115700000,1115700000
0,11157,1115700000,1115700100,10387,17313,1115800000,1115800000
0,11158,1115800000,1115800100,10387,17313,1115900000,1115900000
0,11159,1115900000,1115900100,10387,17313,1116000000,1116000000
0,11160,1116000000,1116000100,10387,17313,1116100000,1116100000
0,11161,1116100000,1116100100,10387,17313,1116200000,1116200000
0,11162,1116200000,1116200100,10387,17313,1116300000,1116300000
0,11163,1116300000,1116300100,10387,17313,1116400000,1116400000
0,11164,1116400000,1116400100,10387,17313,1116500000,1116500000
0,11165,1116500000,1116500100,10387,17313,1116600000,1116600000
0,11166,1116600000,1116600100,10387,17313,1116700000,1116700000
0,11167,1116700000,1116700100,10387,17313,1116800000,1116800000
0,11168,1116800000,1116800100,10387,17313,1116900000,1116900000
0,11169,1116900000,1116900100,10387,17313,1117000000,1117000000
0,11170,1117000000,1117000100,10387,17313,1117100000,1117100000
0,11171,1117100000,1117100100,10387,17313,1117200000,1117200000
0,11172,1117200000,1117200100,10387,17313,1117300000,1117300000
0,11173,1117300000,1117300100,10387,17313,1117400000,1117400000
0,11174,1117400000,1117400100,10387,17313,1117500000,1117500000
0,11175,1117500000,1117500100,10387,17313,1117600000,1117600000
0,11176,1117600000,1117600100,10387,17313,1117700000,1117700000
0,11177,1117700000,1117700100,10387,17313,1117800000,1117800000
0,11178,1117800000,1117800100,10387,17313,1117900000,1117900000
0,11179,1117900000,1117900100,10387,17313,1118000000,1118000000
0,11180,1118000000,1118000100,10387,17313,1118100000,1118100000
0,11181,1118100000,1118100100,10387,17313,1118200000,1118200000
0,11182,1118200000,1118200100,10387,17313,1118300000,1118300000
0,11183,1118300000,1118300100,10387,17313,1118400000,1118400000
0,11184,1118400000,1118400100,10387,17313,1118500000,1118500000
0,11185,1118500000,1118500100,10387,17313,1118600000,1118600000
0,11186,1118600000,1118600100,10387,17313,1118700000,1118700000
0,11187,1118700000,1118700100,10387,17313,1118800000,1118800000
0,11188,1118800000,1118800100,10387,17313,1118900000,1118900000
0,11189,1118900000,1118900100,10387,17313,1119000000,1119000000
0,11190,1119000000,1119000100,10387,17313,1119100000,1119100000
0,11191,1119100000,1119100100,10387,17313,1119200000,1119200000
0,11192,1119200000,1119200100,10387,17313,1119300000,1119300000
0,11193,1119300000,1119300100,10387,17313,1119400000,1119400000
0,11194,1119400000,1119400100,10387,17313,1119500000,1119500000
0,11195,1119500000,1119500100,10387,17313,1119600000,1119600000
0,11196,1119600000,1119600100,10387,17313,1119700000,1119700000
0,11197,1119700000,1119700100,10387,17313,1119800000,1119800000
0,11198,1119800000,1119800100,10387,17313,1119900000,1119900000
0,11199,1119900000,1119900100,10387,17313,1120000000,1120000000
0,11200,1120000000,1120000100,10387,17313,1120100000,1120100000
0,11201,1120100000,1120100100,10387,17313,1120200000,1120200000
0,11202,1120200000,1120200100,10387,17313,1120300000,1120300000
0,11203,1120300000,1120300100,10387,17313,1120400000,1120400000
0,11204,1120400000,1120400100,10387,17313,1120500000,1120500000
0,11205,1120500000,1120500100,10387,17313,1120600000,1120600000
0,11206,1120600000,1120600100,10387,17313,1120700000,1120700000
0,11207,1120700000,1120700100,10387,17313,1120800000,1120800000
0,11208,1120800000,1120800100,10387,17313,1120900000,1120900000
0,11209,1120900000,1120900100,10387,17313,1121000000,1121000000
0,11210,1121000000,1121000100,10387,17313,1121100000,1121100000
0,11211,1121100000,1121100100,10387,17313,1121200000,1121200000
0,11212,1121200000,1121200100,10387,17313,1121300000,1121300000
0,11213,1121300000,1121300100,10387,17313,1121400000,1121400000
0,11214,1121400000,1121400100,10387,17313,1121500000,1121500000
0,11215,1121500000,1121500100,10387,17313,1121600000,1121600000
0,11216,1121600000,1121600100,10387,17313,1121700000,1121700000
0,11217,1121700000,1121700100,10387,17313,1121800000,1121800000
0,11218,1121800000,1121800100,10387,17313,1121900000,1121900000
0,11219,1121900000,1121900100,10387,17313,1122000000,1122000000
0,11220,1122000000,1122000100,10387,17313,1122100000,1122100000
0,11221,1122100000,1122100100,10387,17313,1122200000,1122200000
0,11222,1122200000,1122200100,10387,17313,1122300000,1122300000
0,11223,1122300000,1122300100,10387,17313,1122400000,1122400000
0,11224,1122400000,1122400100,10387,17313,1122500000,1122500000
0,11225,1122500000,1122500100,10387,17313,1122600000,1122600000
0,11226,1122600000,1122600100,10387,17313,1122700000,1122700000
0,11227,1122700000,1122700100,10387,17313,1122800000,1122800000
0,11228,1122800000,1122800100,10387,17313,1122900000,1122900000
0,11229,1122900000,1122900100,10387,17313,1123000000,1123000000
0,11230,1123000000,1123000100,10387,17313,1123100000,1123100000
0,11231,1123100000,1123100100,10387,17313,1123200000,1123200000
0,11232,1123200000,1123200100,10387,17313,1123300000,1123300000
0,11233,1123300000,1123300100,10387,17313,1123400000,1123400000
0,11234,1123400000,1123400100,10387,17313,1123500000,1123500000
0,11235,1123500000,1123500100,10387,17313,1123600000,1123600000
0,11236,1123600000,1123600100,10387,17313,1123700000,1123700000
0,11237,1123700000,1123700100,10387,17313,1123800000,1123800000
0,11238,1123800000,1123800100,10387,17313,1123900000,1123900000
0,11239,1123900000,1123900100,10387,17313,1124000000,1124000000
0,11240,1124000000,1124000100,10387,17313,1124100000,1124100000
0,11241,1124100000,1124100100,10387,17313,1124200000,1124200000
0,11242,1124200000,1124200100,10387,17313,1124300000,1124300000
0,11243,1124300000,1124300100,10387,17313,1124400000,1124400000
0,11244,1124400000,1124400100,10387,17313,1124500000,1124500000
0,11245,1124500000,1124500100,10387,17313,1124600000,1124600000
0,11246,1124600000,1124600100,10387,17313,1124700000,1124700000
0,11247,1124700000,1124700100,10387,17313,1124800000,1124800000
0,11248,1124800000,1124800100,10387,17313,1124900000,1124900000
0,11249,1124900000,1124900100,10387,17313,1125000000,1125000000
0,11250,1125000000,1125000100,10387,17313,1125100000,1125100000
0,11251,1125100000,1125100100,10387,17313,1125200000,1125200000
0,11252,1125200000,1125200100,10387,17313,1125300000,1125300000
0,11253,1125300000,1125300100,10387,17313,1125400000,1125400000
0,11254,1125400000,1125400100,10387,17313,1125500000,1125500000
0,11255,1125500000,1125500100,10387,17313,1125600000,1125600000
0,11256,1125600000,1125600100,10387,17313,1125700000,1125700000
0,11257,1125700000,1125700100,10387,17313,1125800000,1125800000
0,11258,1125800000,1125800100,10387,17313,1125900000,1125900000
0,11259,1125900000,1125900100,10387,17313,1126000000,1126000000
0,11260,1126000000,1126000100,10387,17313,1126100000,1126100000
0,11261,1126100000,1126100100,10387,17313,1126200000,1126200000
0,11262,1126200000,1126200100,10387,17313,1126300000,1126300000
0,11263,1126300000,1126300100,10387,17313,1126400000,1126400000
0,11264,1126400000,1126400100,10387,17313,1126500000,1126500000
0,11265,1126500000,1126500100,10387,17313,1126600000,1126600000
0,11266,1126600000,1126600100,10387,17313,1126700000,1126700000
0,11267,1126700000,1126700100,10387,17313,1126800000,1126800000
0,11268,1126800000,1126800100,10387,17313,1126900000,1126900000
0,11269,1126900000,1126900100,10387,17313,1127000000,1127000000
0,11270,1127000000,1127000100,10387,17313,1127100000,1127100000
0,11271,1127100000,1127100100,10387,17313,1127200000,1127200000
0,11272,1127200000,1127200100,10387,17313,1127300000,1127300000
0,11273,1127300000,1127300100,10387,17313,1127400000,1127400000
0,11274,1127400000,1127400100,10387,17313,1127500000,1127500000
0,11275,1127500000,1127500100,10387,17313,1127600000,1127600000
0,11276,1127600000,1127600100,10387,17313,1127700000,1127700000
0,11277,1127700000,1127700100,10387,17313,1127800000,1127800000
0,11278,1127800000,1127800100,10387,17313,1127900000,1127900000
0,11279,1127900000,1127900100,10387,17313,1128000000,1128000000
0,11280,1128000000,1128000100,10387,17313,1128100000,1128100000
0,11281,1128100000,1128100100,10387,17313,1128200000,1128200000
0,11282,1128200000,1128200100,10387,17313,1128300000,1128300000
0,11283,1128300000,1128300100,10387,17313,1128400000,1128400000
0,11284,1128400000,1128400100,10387,17313,1128500000,1128500000
0,11285,1128500000,1128500100,10387,17313,1128600000,1128600000
0,11286,1128600000,1128600100,10387,17313,1128700000,1128700000
0,11287,1128700000,1128700100,10387,17313,1128800000,1128800000
0,11288,1128800000,1128800100,10387,17313,1128900000,1128900000
0,11289,1128900000,1128900100,10387,17313,1129000000,1129000000
0,11290,1129000000,1129000100,10387,17313,1129100000,1129100000
0,11291,1129100000,1129100100,10387,17313,1129200000,1129200000
0,11292,1129200000,1129200100,10387,17313,1129300000,1129300000
0,11293,1129300000,1129300100,10387,17313,1129400000,1129400000
0,11294,1129400000,1129400100,10387,17313,1129500000,1129500000
0,11295,1129500000,1129500100,10387,17313,1129600000,1129600000
0,11296,1129600000,1129600100,10387,17313,1129700000,1129700000
0,11297,1129700000,1129700100,10387,17313,1129800000,1129800000
0,11298,1129800000,1129800100,10387,17313,1129900000,1129900000
0,11299,1129900000,1129900100,10387,17313,1130000000,1130000000
0,11300,1130000000,1130000100,10387,17313,1130100000,1130100000
0,11301,1130100000,1130100100,10387,17313,1130200000,1130200000
0,11302,1130200000,1130200100,10387,17313,1130300000,1130300000
0,11303,1130300000,1130300100,10387,17313,1130400000,1130400000
0,11304,1130400000,1130400100,10387,17313,1130500000,1130500000
0,11305,1130500000,1130500100,10387,17313,1130600000,1130600000
0,11306,1130600000,1130600100,10387,17313,1130700000,1130700000
0,11307,1130700000,1130700100,10387,17313,1130800000,1130800000
0,11308,1130800000,1130800100,10387,17313,1130900000,1130900000
0,11309,1130900000,1130900100,10387,17313,1131000000,1131000000
0,11310,1131000000,1131000100,10387,17313,1131100000,1131100000
0,11311,1131100000,1131100100,10387,17313,1131200000,1131200000
0,11312,1131200000,1131200100,10387,17313,1131300000,1131300000
0,11313,1131300000,1131300100,10387,17313,1131400000,1131400000
0,11314,1131400000,1131400100,10387,17313,1131500000,1131500000
0,11315,1131500000,1131500100,10387,17313,1131600000,1131600000
0,11316,1131600000,1131600100,10387,17313,1131700000,1131700000
0,11317,1131700000,1131700100,10387,17313,1131800000,1131800000
0,11318,1131800000,1131800100,10387,17313,1131900000,1131900000
0,11319,1131900000,1131900100,10387,17313,1132000000,1132000000
0,11320,1132000000,1132000100,10387,17313,1132100000,1132100000
0,11321,1132100000,1132100100,10387,17313,1132200000,1132200000
0,11322,1132200000,1132200100,10387,17313,1132300000,1132300000
0,11323,1132300000,1132300100,10387,17313,1132400000,1132400000
0,11324,1132400000,1132400100,10387,17313,1132500000,1132500000
0,11325,1132500000,1132500100,10387,17313,1132600000,1132600000
0,11326,1132600000,1132600100,10387,17313,1132700000,1132700000
0,11327,1132700000,1132700100,10387,17313,1132800000,1132800000
0,11328,1132800000,1132800100,10387,17313,1132900000,1132900000
0,11329,1132900000,1132900100,10387,17313,1133000000,1133000000
0,11330,1133000000,1133000100,10387,17313,1133100000,1133100000
0,11331,1133100000,1133100100,10387,17313,1133200000,1133200000
0,11332,1133200000,1133200100,10387,17313,1133300000,1133300000
0,11333,1133300000,1133300100,10387,17313,1133400000,1133400000
0,11334,1133400000,1133400100,10387,17313,1133500000,1133500000
0,11335,1133500000,1133500100,10387,17313,1133600000,1133600000
0,11336,1133600000,1133600100,10387,17313,1133700000,1133700000
0,11337,1133700000,1133700100,10387,17313,1133800000,1133800000
0,11338,1133800000,1133800100,10387,17313,1133900000,1133900000
0,11339,1133900000,1133900100,10387,17313,1134000000,1134000000
0,11340,1134000000,1134000100,10387,17313,1134100000,1134100000
0,11341,1134100000,1134100100,10387,17313,1134200000,1134200000
0,11342,1134200000,1134200100,10387,17313,1134300000,1134300000
0,11343,1134300000,1134300100,10387,17313,1134400000,1134400000
0,11344,1134400000,1134400100,10387,17313,1134500000,1134500000
0,11345,1134500000,1134500100,10387,17313,1134600000,1134600000
0,11346,1134600000,1134600100,10387,17313,1134700000,1134700000
0,11347,1134700000,1134700100,10387,17313,1134800000,1134800000
0,11348,1134800000,1134800100,10387,17313,1134900000,1134900000
0,11349,1134900000,1134900100,10387,17313,1135000000,1135000000
0,11350,1135000000,1135000100,10387,17313,1135100000,1135100000
0,11351,1135100000,1135100100,10387,17313,1135200000,1135200000
0,11352,1135200000,1135200100,10387,17313,1135300000,1135300000
0,11353,1135300000,1135300100,10387,17313,1135400000,1135400000
0,11354,1135400000,1135400100,10387,17313,1135500000,1135500000
0,11355,1135500000,1135500100,10387,17313,1135600000,1135600000
0,11356,1135600000,1135600100,10387,17313,1135700000,1135700000
0,11357,1135700000,1135700100,10387,17313,1135800000,1135800000
0,11358,1135800000,1135800100,10387,17313,1135900000,1135900000
0,11359,1135900000,1135900100,10387,17313,1136000000,1136000000
0,11360,1136000000,1136000100,10387,17313,1136100000,1136100000
0,11361,1136100000,1136100100,10387,17313,1136200000,1136200000
0,11362,1136200000,1136200100,10387,17313,1136300000,1136300000
0,11363,1136300000,1136300100,10387,17313,1136400000,1136400000
0,11364,1136400000,1136400100,10387,17313,1136500000,1136500000
0,11365,1136500000,1136500100,10387,17313,1136600000,1136600000
0,11366,1136600000,1136600100,10387,17313,1136700000,1136700000
0,11367,1136700000,1136700100,10387,17313,1136800000,1136800000
0,11368,1136800000,1136800100,10387,17313,1136900000,1136900000
0,11369,1136900000,1136900100,10387,17313,1137000000,1137000000
0,11370,1137000000,1137000100,10387,17313,1137100000,1137100000
0,11371,1137100000,1137100100,10387,17313,1137200000,1137200000
0,11372,1137200000,1137200100,10387,17313,1137300000,1137300000
0,11373,1137300000,1137300100,10387,17313,1137400000,1137400000
0,11374,1137400000,1137400100,10387,17313,1137500000,1137500000
0,11375,1137500000,1137500100,10387,17313,1137600000,1137600000
0,11376,1137600000,1137600100,10387,17313,1137700000,1137700000
0,11377,1137700000,1137700100,10387,17313,1137800000,1137800000
0,11378,1137800000,1137800100,10387,17313,1137900000,1137900000
0,11379,1137900000,1137900100,10387,17313,1138000000,1138000000
0,11380,1138000000,1138000100,10387,17313,1138100000,1138100000
0,11381,1138100000,1138100100,10387,17313,1138200000,1138200000
0,11382,1138200000,1138200100,10387,17313,1138300000,1138300000
0,11383,1138300000,1138300100,10387,17313,1138400000,1138400000
0,11384,1138400000,1138400100,10387,17313,1138500000,1138500000
0,11385,1138500000,1138500100,10387,17313,1138600000,1138600000
0,11386,1138600000,1138600100,10387,17313,1138700000,1138700000
0,11387,1138700000,1138700100,10387,17313,1138800000,1138800000
0,11388,1138800000,1138800100,10387,17313,1138900000,1138900000
0,11389,1138900000,1138900100,10387,17313,1139000000,1139000000
0,11390,1139000000,1139000100,10387,17313,1139100000,1139100000
0,11391,1139100000,1139100100,10387,17313,1139200000,1139200000
0,11392,1139200000,1139200100,10387,17313,1139300000,1139300000
0,11393,1139300000,1139300100,10387,17313,1139400000,1139400000
0,11394,1139400000,1139400100,10387,17313,1139500000,1139500000
0,11395,1139500000,1139500100,10387,17313,1139600000,1139600000
0,11396,1139600000,1139600100,10387,17313,1139700000,1139700000
0,11397,1139700000,1139700100,10387,17313,1139800000,1139800000
0,11398,1139800000,1139800100,10387,17313,1139900000,1139900000
0,11399,1139900000,1139900100,10387,17313,1140000000,1140000000
0,11400,1140000000,1140000100,10387,17313,1140100000,1140100000
0,11401,1140100000,1140100100,10387,17313,1140200000,1140200000
0,11402,1140200000,1140200100,10387,17313,1140300000,1140300000
0,11403,1140300000,1140300100,10387,17313,1140400000,1140400000
0,11404,1140400000,1140400100,10387,17313,1140500000,1140500000
0,11405,1140500000,1140500100,10387,17313,1140600000,1140600000
0,11406,1140600000,1140600100,10387,17313,1140700000,1140700000
0,11407,1140700000,1140700100,10387,17313,1140800000,1140800000
0,11408,1140800000,1140800100,10387,17313,1140900000,1140900000
0,11409,1140900000,1140900100,10387,17313,1141000000,1141000000
0,11410,1141000000,1141000100,10387,17313,1141100000,1141100000
0,11411,1141100000,1141100100,10387,17313,1141200000,1141200000
0,11412,1141200000,1141200100,10387,17313,1141300000,1141300000
0,11413,1141300000,1141300100,10387,17313,1141400000,1141400000
0,11414,1141400000,1141400100,10387,17313,1141500000,1141500000
0,11415,1141500000,1141500100,10387,17313,1141600000,1141600000
0,11416,1141600000,1141600100,10387,17313,1141700000,1141700000
0,11417,1141700000,1141700100,10387,17313,1141800000,1141800000
0,11418,1141800000,1141800100,10387,17313,1141900000,1141900000
0,11419,1141900000,1141900100,10387,17313,1142000000,1142000000
0,11420,1142000000,1142000100,10387,17313,1142100000,1142100000
0,11421,1142100000,1142100100,10387,17313,1142200000,1142200000
0,11422,1142200000,1142200100,10387,17313,1142300000,1142300000
0,11423,1142300000,1142300100,10387,17313,1142400000,1142400000
0,11424,1142400000,1142400100,10387,17313,1142500000,1142500000
0,11425,1142500000,1142500100,10387,17313,1142600000,1142600000
0,11426,1142600000,1142600100,10387,17313,1142700000,1142700000
0,11427,1142700000,1142700100,10387,17313,1142800000,1142800000
0,11428,1142800000,1142800100,10387,17313,1142900000,1142900000
0,11429,1142900000,1142900100,10387,17313,1143000000,1143000000
0,11430,1143000000,1143000100,10387,17313,1143100000,1143100000
0,11431,1143100000,1143100100,10387,17313,1143200000,1143200000
0,11432,1143200000,1143200100,10387,17313,1143300000,1143300000
0,11433,1143300000,1143300100,10387,17313,1143400000,1143400000
0,11434,1143400000,1143400100,10387,17313,1143500000,1143500000
0,11435,1143500000,1143500100,10387,17313,1143600000,1143600000
0,11436,1143600000,1143600100,10387,17313,1143700000,1143700000
0,11437,1143700000,1143700100,10387,17313,1143800000,1143800000
0,11438,1143800000,1143800100,10387,17313,1143900000,1143900000
0,11439,1143900000,1143900100,10387,17313,1144000000,1144000000
0,11440,1144000000,1144000100,10387,17313,1144100000,1144100000
0,11441,1144100000,1144100100,10387,17313,1144200000,1144200000
0,11442,1144200000,1144200100,10387,17313,1144300000,1144300000
0,11443,1144300000,1144300100,10387,17313,1144400000,1144400000
0,11444,1144400000,1144400100,10387,17313,1144500000,1144500000
0,11445,1144500000,1144500100,10387,17313,1144600000,1144600000
0,11446,1144600000,1144600100,10387,17313,1144700000,1144700000
0,11447,1144700000,1144700100,10387,17313,1144800000,1144800000
0,11448,1144800000,1144800100,10387,17313,1144900000,1144900000
0,11449,1144900000,1144900100,10387,17313,1145000000,1145000000
0,11450,1145000000,1145000100,10387,17313,1145100000,1145100000
0,11451,1145100000,1145100100,10387,17313,1145200000,1145200000
0,11452,1145200000,1145200100,10387,17313,1145300000,1145300000
0,11453,1145300000,1145300100,10387,17313,1145400000,1145400000
0,11454,1145400000,1145400100,10387,17313,1145500000,1145500000
0,11455,1145500000,1145500100,10387,17313,1145600000,1145600000
0,11456,1145600000,1145600100,10387,17313,1145700000,1145700000
0,11457,1145700000,1145700100,10387,17313,1145800000,1145800000
0,11458,1145800000,1145800100,10387,17313,1145900000,1145900000
0,11459,1145900000,1145900100,10387,17313,1146000000,1146000000
0,11460,1146000000,1146000100,10387,17313,1146100000,1146100000
0,11461,1146100000,1146100100,10387,17313,1146200000,1146200000
0,11462,1146200000,1146200100,10387,17313,1146300000,1146300000
0,11463,1146300000,1146300100,10387,17313,1146400000,1146400000
0,11464,1146400000,1146400100,10387,17313,1146500000,1146500000
0,11465,1146500000,1146500100,10387,17313,1146600000,1146600000
0,11466,1146600000,1146600100,10387,17313,1146700000,1146700000
0,11467,1146700000,1146700100,10387,17313,1146800000,1146800000
0,11468,1146800000,1146800100,10387,17313,1146900000,1146900000
0,11469,1146900000,1146900100,10387,17313,1147000000,1147000000
0,11470,1147000000,1147000100,10387,17313,1147100000,1147100000
0,11471,1147100000,1147100100,10387,17313,1147200000,1147200000
0,11472,1147200000,1147200100,10387,17313,1147300000,1147300000
0,11473,1147300000,1147300100,10387,17313,1147400000,1147400000
0,11474,1147400000,1147400100,10387,17313,1147500000,1147500000
0,11475,1147500000,1147500100,10387,17313,1147600000,1147600000
0,11476,1147600000,1147600100,10387,17313,1147700000,1147700000
0,11477,1147700000,1147700100,10387,17313,1147800000,1147800000
0,11478,1147800000,1147800100,10387,17313,1147900000,1147900000
0,11479,1147900000,1147900100,10387,17313,1148000000,1148000000
0,11480,1148000000,1148000100,10387,17313,1148100000,1148100000
0,11481,1148100000,1148100100,10387,17313,1148200000,1148200000
0,11482,1148200000,1148200100,10387,17313,1148300000,1148300000
0,11483,1148300000,1148300100,10387,17313,1148400000,1148400000
0,11484,1148400000,1148400100,10387,17313,1148500000,1148500000
0,11485,1148500000,1148500100,10387,17313,1148600000,1148600000
0,11486,1148600000,1148600100,10387,17313,1148700000,1148700000
0,11487,1148700000,1148700100,10387,17313,1148800000,1148800000
0,11488,1148800000,1148800100,10387,17313,1148900000,1148900000
0,11489,1148900000,1148900100,10387,17313,1149000000,1149000000
0,11490,1149000000,1149000100,10387,17313,1149100000,1149100000
0,11491,1149100000,1149100100,10387,17313,1149200000,1149200000
0,11492,1149200000,1149200100,10387,17313,1149300000,1149300000
0,11493,1149300000,1149300100,10387,17313,1149400000,1149400000
0,11494,1149400000,1149400100,10387,17313,1149500000,1149500000
0,11495,1149500000,1149500100,10387,17313,1149600000,1149600000
0,11496,1149600000,1149600100,10387,17313,1149700000,1149700000
0,11497,1149700000,1149700100,10387,17313,1149800000,1149800000
0,11498,1149800000,1149800100,10387,17313,1149900000,1149900000
0,11499,1149900000,1149900100,10387,17313,1150000000,1150000000
0,11500,1150000000,1150000100,10387,17313,1150100000,1150100000
0,11501,1150100000,1150100100,10387,17313,1150200000,1150200000
0,11502,1150200000,1150200100,10387,17313,1150300000,1150300000
0,11503,1150300000,1150300100,10387,17313,1150400000,1150400000
0,11504,1150400000,1150400100,10387,17313,1150500000,1150500000
0,11505,1150500000,1150500100,10387,17313,1150600000,1150600000
0,11506,1150600000,1150600100,10387,17313,1150700000,1150700000
0,11507,1150700000,1150700100,10387,17313,1150800000,1150800000
0,11508,1150800000,1150800100,10387,17313,1150900000,1150900000
0,11509,1150900000,1150900100,10387,17313,1151000000,1151000000
0,11510,1151000000,1151000100,10387,17313,1151100000,1151100000
0,11511,1151100000,1151100100,10387,17313,1151200000,1151200000
0,11512,1151200000,1151200100,10387,17313,1151300000,1151300000
0,11513,1151300000,1151300100,10387,17313,1151400000,1151400000
0,11514,1151400000,1151400100,10387,17313,1151500000,1151500000
0,11515,1151500000,1151500100,10387,17313,1151600000,1151600000
0,11516,1151600000,1151600100,10387,17313,1151700000,1151700000
0,11517,1151700000,1151700100,10387,17313,1151800000,1151800000
0,11518,1151800000,1151800100,10387,17313,1151900000,1151900000
0,11519,1151900000,1151900100,10387,17313,1152000000,1152000000
0,11520,1152000000,1152000100,10387,17313,1152100000,1152100000
0,11521,1152100000,1152100100,10387,17313,1152200000,1152200000
0,11522,1152200000,1152200100,10387,17313,1152300000,1152300000
0,11523,1152300000,1152300100,10387,17313,1152400000,1152400000
0,11524,1152400000,1152400100,10387,17313,1152500000,1152500000
0,11525,1152500000,1152500100,10387,17313,1152600000,1152600000
0,11526,1152600000,1152600100,10387,17313,1152700000,1152700000
0,11527,1152700000,1152700100,10387,17313,1152800000,1152800000
0,11528,1152800000,1152800100,10387,17313,1152900000,1152900000
0,11529,1152900000,1152900100,10387,17313,1153000000,1153000000
0,11530,1153000000,1153000100,10387,17313,1153100000,1153100000
0,11531,1153100000,1153100100,10387,17313,1153200000,1153200000
0,11532,1153200000,1153200100,10387,17313,1153300000,1153300000
0,11533,1153300000,1153300100,10387,17313,1153400000,1153400000
0,11534,1153400000,1153400100,10387,17313,1153500000,1153500000
0,11535,1153500000,1153500100,10387,17313,1153600000,1153600000
0,11536,1153600000,1153600100,10387,17313,1153700000,1153700000
0,11537,1153700000,1153700100,10387,17313,1153800000,1153800000
0,11538,1153800000,1153800100,10387,17313,1153900000,1153900000
0,11539,1153900000,1153900100,10387,17313,1154000000,1154000000
0,11540,1154000000,1154000100,10387,17313,1154100000,1154100000
0,11541,1154100000,1154100100,10387,17313,1154200000,1154200000
0,11542,1154200000,1154200100,10387,17313,1154300000,1154300000
0,11543,1154300000,1154300100,10387,17313,1154400000,1154400000
0,11544,1154400000,1154400100,10387,17313,1154500000,1154500000
0,11545,1154500000,1154500100,10387,17313,1154600000,1154600000
0,11546,1154600000,1154600100,10387,17313,1154700000,1154700000
0,11547,1154700000,1154700100,10387,17313,1154800000,1154800000
0,11548,1154800000,1154800100,10387,17313,1154900000,1154900000
0,11549,1154900000,1154900100,10387,17313,1155000000,1155000000
0,11550,1155000000,1155000100,10387,17313,1155100000,1155100000
0,11551,1155100000,1155100100,10387,17313,1155200000,1155200000
0,11552,1155200000,1155200100,10387,17313,1155300000,1155300000
0,11553,1155300000,1155300100,10387,17313,1155400000,1155400000
0,11554,1155400000,1155400100,10387,17313,1155500000,1155500000
0,11555,1155500000,1155500100,10387,17313,1155600000,1155600000
0,11556,1155600000,1155600100,10387,17313,1155700000,1155700000
0,11557,1155700000,1155700100,10387,17313,1155800000,1155800000
0,11558,1155800000,1155800100,10387,17313,1155900000,1155900000
0,11559,1155900000,1155900100,10387,17313,1156000000,1156000000
0,11560,1156000000,1156000100,10387,17313,1156100000,1156100000
0,11561,1156100000,1156100100,10387,17313,1156200000,1156200000
0,11562,1156200000,1156200100,10387,17313,1156300000,1156300000
0,11563,1156300000,1156300100,10387,17313,1156400000,1156400000
0,11564,1156400000,1156400100,10387,17313,1156500000,1156500000
0,11565,1156500000,1156500100,10387,17313,1156600000,1156600000
0,11566,1156600000,1156600100,10387,17313,1156700000,1156700000
0,11567,1156700000,1156700100,10387,17313,1156800000,1156800000
0,11568,1156800000,1156800100,10387,17313,1156900000,1156900000
0,11569,1156900000,1156900100,10387,17313,1157000000,1157000000
0,11570,1157000000,1157000100,10387,17313,1157100000,1157100000
0,11571,1157100000,1157100100,10387,17313,1157200000,1157200000
0,11572,1157200000,1157200100,10387,17313,1157300000,1157300000
0,11573,1157300000,1157300100,10387,17313,1157400000,1157400000
0,11574,1157400000,1157400100,10387,17313,1157500000,1157500000
0,11575,1157500000,1157500100,10387,17313,1157600000,1157600000
0,11576,1157600000,1157600100,10387,17313,1157700000,1157700000
0,11577,1157700000,1157700100,10387,17313,1157800000,1157800000
0,11578,1157800000,1157800100,10387,17313,1157900000,1157900000
0,11579,1157900000,1157900100,10387,17313,1158000000,1158000000
0,11580,1158000000,1158000100,10387,17313,1158100000,1158100000
0,11581,1158100000,1158100100,10387,17313,1158200000,1158200000
0,11582,1158200000,1158200100,10387,17313,1158300000,1158300000
0,11583,1158300000,1158300100,10387,17313,1158400000,1158400000
0,11584,1158400000,1158400100,10387,17313,1158500000,1158500000
0,11585,1158500000,1158500100,10387,17313,1158600000,1158600000
0,11586,1158600000,1158600100,10387,17313,1158700000,1158700000
0,11587,1158700000,1158700100,10387,17313,1158800000,1158800000
0,11588,1158800000,1158800100,10387,17313,1158900000,1158900000
0,11589,1158900000,1158900100,10387,17313,1159000000,1159000000
0,11590,1159000000,1159000100,10387,17313,1159100000,1159100000
0,11591,1159100000,1159100100,10387,17313,1159200000,1159200000
0,11592,1159200000,1159200100,10387,17313,1159300000,1159300000
0,11593,1159300000,1159300100,10387,17313,1159400000,1159400000
0,11594,1159400000,1159400100,10387,17313,1159500000,1159500000
0,11595,1159500000,1159500100,10387,17313,1159600000,1159600000
0,11596,1159600000,1159600100,10387,17313,1159700000,1159700000
0,11597,1159700000,1159700100,10387,17313,1159800000,1159800000
0,11598,1159800000,1159800100,10387,17313,1159900000,1159900000
0,11599,1159900000,1159900100,10387,17313,1160000000,1160000000
0,11600,1160000000,1160000100,10387,17313,1160100000,1160100000
0,11601,1160100000,1160100100,10387,17313,1160200000,1160200000
0,11602,1160200000,1160200100,10387,17313,1160300000,1160300000
0,11603,1160300000,1160300100,10387,17313,1160400000,1160400000
0,11604,1160400000,1160400100,10387,17313,1160500000,1160500000
0,11605,1160500000,1160500100,10387,17313,1160600000,1160600000
0,11606,1160600000,1160600100,10387,17313,1160700000,1160700000
0,11607,1160700000,1160700100,10387,17313,1160800000,1160800000
0,11608,1160800000,1160800100,10387,17313,1160900000,1160900000
0,11609,1160900000,1160900100,10387,17313,1161000000,1161000000
0,11610,1161000000,1161000100,10387,17313,1161100000,1161100000
0,11611,1161100000,1161100100,10387,17313,1161200000,1161200000
0,11612,1161200000,1161200100,10387,17313,1161300000,1161300000
0,11613,1161300000,1161300100,10387,17313,1161400000,1161400000
0,11614,1161400000,1161400100,10387,17313,1161500000,1161500000
0,11615,1161500000,1161500100,10387,17313,1161600000,1161600000
0,11616,1161600000,1161600100,10387,17313,1161700000,1161700000
0,11617,1161700000,1161700100,10387,17313,1161800000,1161800000
0,11618,1161800000,1161800100,10387,17313,1161900000,1161900000
0,11619,1161900000,1161900100,10387,17313,1162000000,1162000000
0,11620,1162000000,1162000100,10387,17313,1162100000,1162100000
0,11621,1162100000,1162100100,10387,17313,1162200000,1162200000
0,11622,1162200000,1162200100,10387,17313,1162300000,1162300000
0,11623,1162300000,1162300100,10387,17313,1162400000,1162400000
0,11624,1162400000,1162400100,10387,17313,1162500000,1162500000
0,11625,1162500000,1162500100,10387,17313,1162600000,1162600000
0,11626,1162600000,1162600100,10387,17313,1162700000,1162700000
0,11627,1162700000,1162700100,10387,17313,1162800000,1162800000
0,11628,1162800000,1162800100,10387,17313,1162900000,1162900000
0,11629,1162900000,1162900100,10387,17313,1163000000,1163000000
0,11630,1163000000,1163000100,10387,17313,1163100000,1163100000
0,11631,1163100000,1163100100,10387,17313,1163200000,1163200000
0,11632,1163200000,1163200100,10387,17313,1163300000,1163300000
0,11633,1163300000,1163300100,10387,17313,1163400000,1163400000
0,11634,1163400000,1163400100,10387,17313,1163500000,1163500000
0,11635,1163500000,1163500100,10387,17313,1163600000,1163600000
0,11636,1163600000,1163600100,10387,17313,1163700000,1163700000
0,11637,1163700000,1163700100,10387,17313,1163800000,1163800000
0,11638,1163800000,1163800100,10387,17313,1163900000,1163900000
0,11639,1163900000,1163900100,10387,17313,1164000000,1164000000
0,11640,1164000000,1164000100,10387,17313,1164100000,1164100000
0,11641,1164100000,1164100100,10387,17313,1164200000,1164200000
0,11642,1164200000,1164200100,10387,17313,1164300000,1164300000
0,11643,1164300000,1164300100,10387,17313,1164400000,1164400000
0,11644,1164400000,1164400100,10387,17313,1164500000,1164500000
0,11645,1164500000,1164500100,10387,17313,1164600000,1164600000
0,11646,1164600000,1164600100,10387,17313,1164700000,1164700000
0,11647,1164700000,1164700100,10387,17313,1164800000,1164800000
0,11648,1164800000,1164800100,10387,17313,1164900000,1164900000
0,11649,1164900000,1164900100,10387,17313,1165000000,1165000000
0,11650,1165000000,1165000100,10387,17313,1165100000,1165100000
0,11651,1165100000,1165100100,10387,17313,1165200000,1165200000
0,11652,1165200000,1165200100,10387,17313,1165300000,1165300000
0,11653,1165300000,1165300100,10387,17313,1165400000,1165400000
0,11654,1165400000,1165400100,10387,17313,1165500000,1165500000
0,11655,1165500000,1165500100,10387,17313,1165600000,1165600000
0,11656,1165600000,1165600100,10387,17313,1165700000,1165700000
0,11657,1165700000,1165700100,10387,17313,1165800000,1165800000
0,11658,1165800000,1165800100,10387,17313,1165900000,1165900000
0,11659,1165900000,1165900100,10387,17313,1166000000,1166000000
0,11660,1166000000,1166000100,10387,17313,1166100000,1166100000
0,11661,1166100000,1166100100,10387,17313,1166200000,1166200000
0,11662,1166200000,1166200100,10387,17313,1166300000,1166300000
0,11663,1166300000,1166300100,10387,17313,1166400000,1166400000
0,11664,1166400000,1166400100,10387,17313,1166500000,1166500000
0,11665,1166500000,1166500100,10387,17313,1166600000,1166600000
0,11666,1166600000,1166600100,10387,17313,1166700000,1166700000
0,11667,1166700000,1166700100,10387,17313,1166800000,1166800000
0,11668,1166800000,1166800100,10387,17313,1166900000,1166900000
0,11669,1166900000,1166900100,10387,17313,1167000000,1167000000
0,11670,1167000000,1167000100,10387,17313,1167100000,1167100000
0,11671,1167100000,1167100100,10387,17313,1167200000,1167200000
0,11672,1167200000,1167200100,10387,17313,1167300000,1167300000
0,11673,1167300000,1167300100,10387,17313,1167400000,1167400000
0,11674,1167400000,1167400100,10387,17313,1167500000,1167500000
0,11675,1167500000,1167500100,10387,17313,1167600000,1167600000
0,11676,1167600000,1167600100,10387,17313,1167700000,1167700000
0,11677,1167700000,1167700100,10387,17313,1167800000,1167800000
0,11678,1167800000,1167800100,10387,17313,1167900000,1167900000
0,11679,1167900000,1167900100,10387,17313,1168000000,1168000000
0,11680,1168000000,1168000100,10387,17313,1168100000,1168100000
0,11681,1168100000,1168100100,10387,17313,1168200000,1168200000
0,11682,1168200000,1168200100,10387,17313,1168300000,1168300000
0,11683,1168300000,1168300100,10387,17313,1168400000,1168400000
0,11684,1168400000,1168400100,10387,17313,1168500000,1168500000
0,11685,1168500000,1168500100,10387,17313,1168600000,1168600000
0,11686,1168600000,1168600100,10387,17313,1168700000,1168700000
0,11687,1168700000,1168700100,10387,17313,1168800000,1168800000
0,11688,1168800000,1168800100,10387,17313,1168900000,1168900000
0,11689,1168900000,1168900100,10387,17313,1169000000,1169000000
0,11690,1169000000,1169000100,10387,17313,1169100000,1169100000
0,11691,1169100000,1169100100,10387,17313,1169200000,1169200000
0,11692,1169200000,1169200100,10387,17313,1169300000,1169300000
0,11693,1169300000,1169300100,10387,17313,1169400000,1169400000
0,11694,1169400000,1169400100,10387,17313,1169500000,1169500000
0,11695,1169500000,1169500100,10387,17313,1169600000,1169600000
0,11696,1169600000,1169600100,10387,17313,1169700000,1169700000
0,11697,1169700000,1169700100,10387,17313,1169800000,1169800000
0,11698,1169800000,1169800100,10387,17313,1169900000,1169900000
0,11699,1169900000,1169900100,10387,17313,1170000000,1170000000
0,11700,1170000000,1170000100,10387,17313,1170100000,1170100000
0,11701,1170100000,1170100100,10387,17313,1170200000,1170200000
0,11702,1170200000,1170200100,10387,17313,1170300000,1170300000
0,11703,1170300000,1170300100,10387,17313,1170400000,1170400000
0,11704,1170400000,1170400100,10387,17313,1170500000,1170500000
0,11705,1170500000,1170500100,10387,17313,1170600000,1170600000
0,11706,1170600000,1170600100,10387,17313,1170700000,1170700000
0,11707,1170700000,1170700100,10387,17313,1170800000,1170800000
0,11708,1170800000,1170800100,10387,17313,1170900000,1170900000
0,11709,1170900000,1170900100,10387,17313,1171000000,1171000000
0,11710,1171000000,1171000100,10387,17313,1171100000,1171100000
0,11711,1171100000,1171100100,10387,17313,1171200000,1171200000
0,11712,1171200000,1171200100,10387,17313,1171300000,1171300000
0,11713,1171300000,1171300100,10387,17313,1171400000,1171400000
0,11714,1171400000,1171400100,10387,17313,1171500000,1171500000
0,11715,1171500000,1171500100,10387,17313,1171600000,1171600000
0,11716,1171600000,1171600100,10387,17313,1171700000,1171700000
0,11717,1171700000,1171700100,10387,17313,1171800000,1171800000
0,11718,1171800000,1171800100,10387,17313,1171900000,1171900000
0,11719,1171900000,1171900100,10387,17313,1172000000,1172000000
0,11720,1172000000,1172000100,10387,17313,1172100000,1172100000
0,11721,1172100000,1172100100,10387,17313,1172200000,1172200000
0,11722,1172200000,1172200100,10387,17313,1172300000,1172300000
0,11723,1172300000,1172300100,10387,17313,1172400000,1172400000
0,11724,1172400000,1172400100,10387,17313,1172500000,1172500000
0,11725,1172500000,1172500100,10387,17313,1172600000,1172600000
0,11726,1172600000,1172600100,10387,17313,1172700000,1172700000
0,11727,1172700000,1172700100,10387,17313,1172800000,1172800000
0,11728,1172800000,1172800100,10387,17313,1172900000,1172900000
0,11729,1172900000,1172900100,10387,17313,1173000000,1173000000
0,11730,1173000000,1173000100,10387,17313,1173100000,1173100000
0,11731,1173100000,1173100100,10387,17313,1173200000,1173200000
0,11732,1173200000,1173200100,10387,17313,1173300000,1173300000
0,11733,1173300000,1173300100,10387,17313,1173400000,1173400000
0,11734,1173400000,1173400100,10387,17313,1173500000,1173500000
0,11735,1173500000,1173500100,10387,17313,1173600000,1173600000
0,11736,1173600000,1173600100,10387,17313,1173700000,1173700000
0,11737,1173700000,1173700100,10387,17313,1173800000,1173800000
0,11738,1173800000,1173800100,10387,17313,1173900000,1173900000
0,11739,1173900000,1173900100,10387,17313,1174000000,1174000000
0,11740,1174000000,1174000100,10387,17313,1174100000,1174100000
0,11741,1174100000,1174100100,10387,17313,1174200000,1174200000
0,11742,1174200000,1174200100,10387,17313,1174300000,1174300000
0,11743,1174300000,1174300100,10387,17313,1174400000,1174400000
0,11744,1174400000,1174400100,10387,17313,1174500000,1174500000
0,11745,1174500000,1174500100,10387,17313,1174600000,1174600000
0,11746,1174600000,1174600100,10387,17313,1174700000,1174700000
0,11747,1174700000,1174700100,10387,17313,1174800000,1174800000
0,11748,1174800000,1174800100,10387,17313,1174900000,1174900000
0,11749,1174900000,1174900100,10387,17313,1175000000,1175000000
0,11750,1175000000,1175000100,10387,17313,1175100000,1175100000
0,11751,1175100000,1175100100,10387,17313,1175200000,1175200000
0,11752,1175200000,1175200100,10387,17313,1175300000,1175300000
0,11753,1175300000,1175300100,10387,17313,1175400000,1175400000
0,11754,1175400000,1175400100,10387,17313,1175500000,1175500000
0,11755,1175500000,1175500100,10387,17313,1175600000,1175600000
0,11756,1175600000,1175600100,10387,17313,1175700000,1175700000
0,11757,1175700000,1175700100,10387,17313,1175800000,1175800000
0,11758,1175800000,1175800100,10387,17313,1175900000,1175900000
0,11759,1175900000,1175900100,10387,17313,1176000000,1176000000
0,11760,1176000000,1176000100,10387,17313,1176100000,1176100000
0,11761,1176100000,1176100100,10387,17313,1176200000,1176200000
0,11762,1176200000,1176200100,10387,17313,1176300000,1176300000
0,11763,1176300000,1176300100,10387,17313,1176400000,1176400000
0,11764,1176400000,1176400100,10387,17313,1176500000,1176500000
0,11765,1176500000,1176500100,10387,17313,1176600000,1176600000
0,11766,1176600000,1176600100,10387,17313,1176700000,1176700000
0,11767,1176700000,1176700100,10387,17313,1176800000,1176800000
0,11768,1176800000,1176800100,10387,17313,1176900000,1176900000
0,11769,1176900000,1176900100,10387,17313,1177000000,1177000000
0,11770,1177000000,1177000100,10387,17313,1177100000,1177100000
0,11771,1177100000,1177100100,10387,17313,1177200000,1177200000
0,11772,1177200000,1177200100,10387,17313,1177300000,1177300000
0,11773,1177300000,1177300100,10387,17313,1177400000,1177400000
0,11774,1177400000,1177400100,10387,17313,1177500000,1177500000
0,11775,1177500000,1177500100,10387,17313,1177600000,1177600000
0,11776,1177600000,1177600100,10387,17313,1177700000,1177700000
0,11777,1177700000,1177700100,10387,17313,1177800000,1177800000
0,11778,1177800000,1177800100,10387,17313,1177900000,1177900000
0,11779,1177900000,1177900100,10387,17313,1178000000,1178000000
0,11780,1178000000,1178000100,10387,17313,1178100000,1178100000
0,11781,1178100000,1178100100,10387,17313,1178200000,1178200000
0,11782,1178200000,1178200100,10387,17313,1178300000,1178300000
0,11783,1178300000,1178300100,10387,17313,1178400000,1178400000
0,11784,1178400000,1178400100,10387,17313,1178500000,1178500000
0,11785,1178500000,1178500100,10387,17313,1178600000,1178600000
0,11786,1178600000,1178600100,10387,17313,1178700000,1178700000
0,11787,1178700000,1178700100,10387,17313,1178800000,1178800000
0,11788,1178800000,1178800100,10387,17313,1178900000,1178900000
0,11789,1178900000,1178900100,10387,17313,1179000000,1179000000
0,11790,1179000000,1179000100,10387,17313,1179100000,1179100000
0,11791,1179100000,1179100100,10387,17313,1179200000,1179200000
0,11792,1179200000,1179200100,10387,17313,1179300000,1179300000
0,11793,1179300000,1179300100,10387,17313,1179400000,1179400000
0,11794,1179400000,1179400100,10387,17313,1179500000,1179500000
0,11795,1179500000,1179500100,10387,17313,1179600000,1179600000
0,11796,1179600000,1179600100,10387,17313,1179700000,1179700000
0,11797,1179700000,1179700100,10387,17313,1179800000,1179800000
0,11798,1179800000,1179800100,10387,17313,1179900000,1179900000
0,11799,1179900000,1179900100,10387,17313,1180000000,1180000000
0,11800,1180000000,1180000100,10387,17313,1180100000,1180100000
0,11801,1180100000,1180100100,10387,17313,1180200000,1180200000
0,11802,1180200000,1180200100,10387,17313,1180300000,1180300000
0,11803,1180300000,1180300100,10387,17313,1180400000,1180400000
0,11804,1180400000,1180400100,10387,17313,1180500000,1180500000
0,11805,1180500000,1180500100,10387,17313,1180600000,1180600000
0,11806,1180600000,1180600100,10387,17313,1180700000,1180700000
0,11807,1180700000,1180700100,10387,17313,1180800000,1180800000
0,11808,1180800000,1180800100,10387,17313,1180900000,1180900000
0,11809,1180900000,1180900100,10387,17313,1181000000,1181000000
0,11810,1181000000,1181000100,10387,17313,1181100000,1181100000
0,11811,1181100000,1181100100,10387,17313,1181200000,1181200000
0,11812,1181200000,1181200100,10387,17313,1181300000,1181300000
0,11813,1181300000,1181300100,10387,17313,1181400000,1181400000
0,11814,1181400000,1181400100,10387,17313,1181500000,1181500000
0,11815,1181500000,1181500100,10387,17313,1181600000,1181600000
0,11816,1181600000,1181600100,10387,17313,1181700000,1181700000
0,11817,1181700000,1181700100,10387,17313,1181800000,1181800000
0,11818,1181800000,1181800100,10387,17313,1181900000,1181900000
0,11819,1181900000,1181900100,10387,17313,1182000000,1182000000
0,11820,1182000000,1182000100,10387,17313,1182100000,1182100000
0,11821,1182100000,1182100100,10387,17313,1182200000,1182200000
0,11822,1182200000,1182200100,10387,17313,1182300000,1182300000
0,11823,1182300000,1182300100,10387,17313,1182400000,1182400000
0,11824,1182400000,1182400100,10387,17313,1182500000,1182500000
0,11825,1182500000,1182500100,10387,17313,1182600000,1182600000
0,11826,1182600000,1182600100,10387,17313,1182700000,1182700000
0,11827,1182700000,1182700100,10387,17313,1182800000,1182800000
0,11828,1182800000,1182800100,10387,17313,1182900000,1182900000
0,11829,1182900000,1182900100,10387,17313,1183000000,1183000000
0,11830,1183000000,1183000100,10387,17313,1183100000,1183100000
0,11831,1183100000,1183100100,10387,17313,1183200000,1183200000
0,11832,1183200000,1183200100,10387,17313,1183300000,1183300000
0,11833,1183300000,1183300100,10387,17313,1183400000,1183400000
0,11834,1183400000,1183400100,10387,17313,1183500000,1183500000
0,11835,1183500000,1183500100,10387,17313,1183600000,1183600000
0,11836,1183600000,1183600100,10387,17313,1183700000,1183700000
0,11837,1183700000,1183700100,10387,17313,1183800000,1183800000
0,11838,1183800000,1183800100,10387,17313,1183900000,1183900000
0,11839,1183900000,1183900100,10387,17313,1184000000,1184000000
0,11840,1184000000,1184000100,10387,17313,1184100000,1184100000
0,11841,1184100000,1184100100,10387,17313,1184200000,1184200000
0,11842,1184200000,1184200100,10387,17313,1184300000,1184300000
0,11843,1184300000,1184300100,10387,17313,1184400000,1184400000
0,11844,1184400000,1184400100,10387,17313,1184500000,1184500000
0,11845,1184500000,1184500100,10387,17313,1184600000,1184600000
0,11846,1184600000,1184600100,10387,17313,1184700000,1184700000
0,11847,1184700000,1184700100,10387,17313,1184800000,1184800000
0,11848,1184800000,1184800100,10387,17313,1184900000,1184900000
0,11849,1184900000,1184900100,10387,17313,1185000000,1185000000
0,11850,1185000000,1185000100,10387,17313,1185100000,1185100000
0,11851,1185100000,1185100100,10387,17313,1185200000,1185200000
0,11852,1185200000,1185200100,10387,17313,1185300000,1185300000
0,11853,1185300000,1185300100,10387,17313,1185400000,1185400000
0,11854,1185400000,1185400100,10387,17313,1185500000,1185500000
0,11855,1185500000,1185500100,10387,17313,1185600000,1185600000
0,11856,1185600000,1185600100,10387,17313,1185700000,1185700000
0,11857,1185700000,1185700100,10387,17313,1185800000,1185800000
0,11858,1185800000,1185800100,10387,17313,1185900000,1185900000
0,11859,1185900000,1185900100,10387,17313,1186000000,1186000000
0,11860,1186000000,1186000100,10387,17313,1186100000,1186100000
0,11861,1186100000,1186100100,10387,17313,1186200000,1186200000
0,11862,1186200000,1186200100,10387,17313,1186300000,1186300000
0,11863,1186300000,1186300100,10387,17313,1186400000,1186400000
0,11864,1186400000,1186400100,10387,17313,1186500000,1186500000
0,11865,1186500000,1186500100,10387,17313,1186600000,1186600000
0,11866,1186600000,1186600100,10387,17313,1186700000,1186700000
0,11867,1186700000,1186700100,10387,17313,1186800000,1186800000
0,11868,1186800000,1186800100,10387,17313,1186900000,1186900000
0,11869,1186900000,1186900100,10387,17313,1187000000,1187000000
0,11870,1187000000,1187000100,10387,17313,1187100000,1187100000
0,11871,1187100000,1187100100,10387,17313,1187200000,1187200000
0,11872,1187200000,1187200100,10387,17313,1187300000,1187300000
0,11873,1187300000,1187300100,10387,17313,1187400000,1187400000
0,11874,1187400000,1187400100,10387,17313,1187500000,1187500000
0,11875,1187500000,1187500100,10387,17313,1187600000,1187600000
0,11876,1187600000,1187600100,10387,17313,1187700000,1187700000
0,11877,1187700000,1187700100,10387,17313,1187800000,1187800000
0,11878,1187800000,1187800100,10387,17313,1187900000,1187900000
0,11879,1187900000,1187900100,10387,17313,1188000000,1188000000
0,11880,1188000000,1188000100,10387,17313,1188100000,1188100000
0,11881,1188100000,1188100100,10387,17313,1188200000,1188200000
0,11882,1188200000,1188200100,10387,17313,1188300000,1188300000
0,11883,1188300000,1188300100,10387,17313,1188400000,1188400000
0,11884,1188400000,1188400100,10387,17313,1188500000,1188500000
0,11885,1188500000,1188500100,10387,17313,1188600000,1188600000
0,11886,1188600000,1188600100,10387,17313,1188700000,1188700000
0,11887,1188700000,1188700100,10387,17313,1188800000,1188800000
0,11888,1188800000,1188800100,10387,17313,1188900000,1188900000
0,11889,1188900000,1188900100,10387,17313,1189000000,1189000000
0,11890,1189000000,1189000100,10387,17313,1189100000,1189100000
0,11891,1189100000,1189100100,10387,17313,1189200000,1189200000
0,11892,1189200000,1189200100,10387,17313,1189300000,1189300000
0,11893,1189300000,1189300100,10387,17313,1189400000,1189400000
0,11894,1189400000,1189400100,10387,17313,1189500000,1189500000
0,11895,1189500000,1189500100,10387,17313,1189600000,1189600000
0,11896,1189600000,1189600100,10387,17313,1189700000,1189700000
0,11897,1189700000,1189700100,10387,17313,1189800000,1189800000
0,11898,1189800000,1189800100,10387,17313,1189900000,1189900000
0,11899,1189900000,1189900100,10387,17313,1190000000,1190000000
0,11900,1190000000,1190000100,10387,17313,1190100000,1190100000
0,11901,1190100000,1190100100,10387,17313,1190200000,1190200000
0,11902,1190200000,1190200100,10387,17313,1190300000,1190300000
0,11903,1190300000,1190300100,10387,17313,1190400000,1190400000
0,11904,1190400000,1190400100,10387,17313,1190500000,1190500000
0,11905,1190500000,1190500100,10387,17313,1190600000,1190600000
0,11906,1190600000,1190600100,10387,17313,1190700000,1190700000
0,11907,1190700000,1190700100,10387,17313,1190800000,1190800000
0,11908,1190800000,1190800100,10387,17313,1190900000,1190900000
0,11909,1190900000,1190900100,10387,17313,1191000000,1191000000
0,11910,1191000000,1191000100,10387,17313,1191100000,1191100000
0,11911,1191100000,1191100100,10387,17313,1191200000,1191200000
0,11912,1191200000,1191200100,10387,17313,1191300000,1191300000
0,11913,1191300000,1191300100,10387,17313,1191400000,1191400000
0,11914,1191400000,1191400100,10387,17313,1191500000,1191500000
0,11915,1191500000,1191500100,10387,17313,1191600000,1191600000
0,11916,1191600000,1191600100,10387,17313,1191700000,1191700000
0,11917,1191700000,1191700100,10387,17313,1191800000,1191800000
0,11918,1191800000,1191800100,10387,17313,1191900000,1191900000
0,11919,1191900000,1191900100,10387,17313,1192000000,1192000000
0,11920,1192000000,1192000100,10387,17313,1192100000,1192100000
0,11921,1192100000,1192100100,10387,17313,1192200000,1192200000
0,11922,1192200000,1192200100,10387,17313,1192300000,1192300000
0,11923,1192300000,1192300100,10387,17313,1192400000,1192400000
0,11924,1192400000,1192400100,10387,17313,1192500000,1192500000
0,11925,1192500000,1192500100,10387,17313,1192600000,1192600000
0,11926,1192600000,1192600100,10387,17313,1192700000,1192700000
0,11927,1192700000,1192700100,10387,17313,1192800000,1192800000
0,11928,1192800000,1192800100,10387,17313,1192900000,1192900000
0,11929,1192900000,1192900100,10387,17313,1193000000,1193000000
0,11930,1193000000,1193000100,10387,17313,1193100000,1193100000
0,11931,1193100000,1193100100,10387,17313,1193200000,1193200000
0,11932,1193200000,1193200100,10387,17313,1193300000,1193300000
0,11933,1193300000,1193300100,10387,17313,1193400000,1193400000
0,11934,1193400000,1193400100,10387,17313,1193500000,1193500000
0,11935,1193500000,1193500100,10387,17313,1193600000,1193600000
0,11936,1193600000,1193600100,10387,17313,1193700000,1193700000
0,11937,1193700000,1193700100,10387,17313,1193800000,1193800000
0,11938,1193800000,1193800100,10387,17313,1193900000,1193900000
0,11939,1193900000,1193900100,10387,17313,1194000000,1194000000
0,11940,1194000000,1194000100,10387,17313,1194100000,1194100000
0,11941,1194100000,1194100100,10387,17313,1194200000,1194200000
0,11942,1194200000,1194200100,10387,17313,1194300000,1194300000
0,11943,1194300000,1194300100,10387,17313,1194400000,1194400000
0,11944,1194400000,1194400100,10387,17313,1194500000,1194500000
0,11945,1194500000,1194500100,10387,17313,1194600000,1194600000
0,11946,1194600000,1194600100,10387,17313,1194700000,1194700000
0,11947,1194700000,1194700100,10387,17313,1194800000,1194800000
0,11948,1194800000,1194800100,10387,17313,1194900000,1194900000
0,11949,1194900000,1194900100,10387,17313,1195000000,1195000000
0,11950,1195000000,1195000100,10387,17313,1195100000,1195100000
0,11951,1195100000,1195100100,10387,17313,1195200000,1195200000
0,11952,1195200000,1195200100,10387,17313,1195300000,1195300000
0,11953,1195300000,1195300100,10387,17313,1195400000,1195400000
0,11954,1195400000,1195400100,10387,17313,1195500000,1195500000
0,11955,1195500000,1195500100,10387,17313,1195600000,1195600000
0,11956,1195600000,1195600100,10387,17313,1195700000,1195700000
0,11957,1195700000,1195700100,10387,17313,1195800000,1195800000
0,11958,1195800000,1195800100,10387,17313,1195900000,1195900000
0,11959,1195900000,1195900100,10387,17313,1196000000,1196000000
0,11960,1196000000,1196000100,10387,17313,1196100000,1196100000
0,11961,1196100000,1196100100,10387,17313,1196200000,1196200000
0,11962,1196200000,1196200100,10387,17313,1196300000,1196300000
0,11963,1196300000,1196300100,10387,17313,1196400000,1196400000
0,11964,1196400000,1196400100,10387,17313,1196500000,1196500000
0,11965,1196500000,1196500100,10387,17313,1196600000,1196600000
0,11966,1196600000,1196600100,10387,17313,1196700000,1196700000
0,11967,1196700000,1196700100,10387,17313,1196800000,1196800000
0,11968,1196800000,1196800100,10387,17313,1196900000,1196900000
0,11969,1196900000,1196900100,10387,17313,1197000000,1197000000
1,0,0,100,17418,29031,100000,100000
1,1,100000,100100,17418,29031,200000,200000
1,2,200000,200100,17418,29031,300000,300000
1,3,300000,300100,17418,29031,400000,400000
1,4,400000,400100,17418,29031,500000,500000
1,5,500000,500100,17418,29031,600000,600000
1,6,600000,600100,17418,29031,700000,700000
1,7,700000,700100,17418,29031,800000,800000
1,8,800000,800100,17418,29031,900000,900000
1,9,900000,900100,17418,29031,1000000,1000000
1,10,1000000,1000100,17418,29031,1100000,1100000
1,11,1100000,1100100,17418,29031,1200000,1200000
1,12,1200000,1200100,17418,29031,1300000,1300000
1,13,1300000,1300100,17418,29031,1400000,1400000
1,14,1400000,1400100,17418,29031,1500000,1500000
1,15,1500000,1500100,17418,29031,1600000,1600000
1,16,1600000,1600100,17418,29031,1700000,1700000
1,17,1700000,1700100,17418,29031,1800000,1800000
1,18,1800000,1800100,17418,29031,1900000,1900000
1,19,1900000,1900100,17418,29031,2000000,2000000
1,20,2000000,2000100,17418,29031,2100000,2100000
1,21,2100000,2100100,17418,29031,2200000,2200000
1,22,2200000,2200100,17418,29031,2300000,2300000
1,23,2300000,2300100,17418,29031,2400000,2400000
1,24,2400000,2400100,17418,29031,2500000,2500000
1,25,2500000,2500100,17418,29031,2600000,2600000
1,26,2600000,2600100,17418,29031,2700000,2700000
1,27,2700000,2700100,17418,29031,2800000,2800000
1,28,2800000,2800100,17418,29031,2900000,2900000
1,29,2900000,2900100,17418,29031,3000000,3000000
1,30,3000000,3000100,17418,29031,3100000,3100000
1,31,3100000,3100100,17418,29031,3200000,3200000
1,32,3200000,3200100,17418,29031,3300000,3300000
1,33,3300000,3300100,17418,29031,3400000,3400000
1,34,3400000,3400100,17418,29031,3500000,3500000
1,35,3500000,3500100,17418,29031,3600000,3600000
1,36,3600000,3600100,17418,29031,3700000,3700000
1,37,3700000,3700100,17418,29031,3800000,3800000
1,38,3800000,3800100,17418,29031,3900000,3900000
1,39,3900000,3900100,17418,29031,4000000,4000000
1,40,4000000,4000100,17418,29031,4100000,4100000
1,41,4100000,4100100,17418,29031,4200000,4200000
1,42,4200000,4200100,17418,29031,4300000,4300000
1,43,4300000,4300100,17418,29031,4400000,4400000
1,44,4400000,4400100,17418,29031,4500000,4500000
1,45,4500000,4500100,17418,29031,4600000,4600000
1,46,4600000,4600100,17418,29031,4700000,4700000
1,47,4700000,4700100,17418,29031,4800000,4800000
1,48,4800000,4800100,17418,29031,4900000,4900000
1,49,4900000,4900100,17418,29031,5000000,5000000
1,50,5000000,5000100,17418,29031,5100000,5100000
1,51,5100000,5100100,17418,29031,5200000,5200000
1,52,5200000,5200100,17418,29031,5300000,5300000
1,53,5300000,5300100,17418,29031,5400000,5400000
1,54,5400000,5400100,17418,29031,5500000,5500000
1,55,5500000,5500100,17418,29031,5600000,5600000
1,56,5600000,5600100,17418,29031,5700000,5700000
1,57,5700000,5700100,17418,29031,5800000,5800000
1,58,5800000,5800100,17418,29031,5900000,5900000
1,59,5900000,5900100,17418,29031,6000000,6000000
1,60,6000000,6000100,17418,29031,6100000,6100000
1,61,6100000,6100100,17418,29031,6200000,6200000
1,62,6200000,6200100,17418,29031,6300000,6300000
1,63,6300000,6300100,17418,29031,6400000,6400000
1,64,6400000,6400100,17418,29031,6500000,6500000
1,65,6500000,6500100,17418,29031,6600000,6600000
1,66,6600000,6600100,17418,29031,6700000,6700000
1,67,6700000,6700100,17418,29031,6800000,6800000
1,68,6800000,6800100,17418,29031,6900000,6900000
1,69,6900000,6900100,17418,29031,7000000,7000000
1,70,7000000,7000100,17418,29031,7100000,7100000
1,71,7100000,7100100,17418,29031,7200000,7200000
1,72,7200000,7200100,17418,29031,7300000,7300000
1,73,7300000,7300100,17418,29031,7400000,7400000
1,74,7400000,7400100,17418,29031,7500000,7500000
1,75,7500000,7500100,17418,29031,7600000,7600000
1,76,7600000,7600100,17418,29031,7700000,7700000
1,77,7700000,7700100,17418,29031,7800000,7800000
1,78,7800000,7800100,17418,29031,7900000,7900000
1,79,7900000,7900100,17418,29031,8000000,8000000
1,80,8000000,8000100,17418,29031,8100000,8100000
1,81,8100000,8100100,17418,29031,8200000,8200000
1,82,8200000,8200100,17418,29031,8300000,8300000
1,83,8300000,8300100,17418,29031,8400000,8400000
1,84,8400000,8400100,17418,29031,8500000,8500000
1,85,8500000,8500100,17418,29031,8600000,8600000
1,86,8600000,8600100,17418,29031,8700000,8700000
1,87,8700000,8700100,17418,29031,8800000,8800000
1,88,8800000,8800100,17418,29031,8900000,8900000
1,89,8900000,8900100,17418,29031,9000000,9000000
1,90,9000000,9000100,17418,29031,9100000,9100000
1,91,9100000,9100100,17418,29031,9200000,9200000
1,92,9200000,9200100,17418,29031,9300000,9300000
1,93,9300000,9300100,17418,29031,9400000,9400000
1,94,9400000,9400100,17418,29031,9500000,9500000
1,95,9500000,9500100,17418,29031,9600000,9600000
1,96,9600000,9600100,17418,29031,9700000,9700000
1,97,9700000,9700100,17418,29031,9800000,9800000
1,98,9800000,9800100,17418,29031,9900000,9900000
1,99,9900000,9900100,17418,29031,10000000,10000000
1,100,10000000,10000100,17418,29031,10100000,10100000
1,101,10100000,10100100,17418,29031,10200000,10200000
1,102,10200000,10200100,17418,29031,10300000,10300000
1,103,10300000,10300100,17418,29031,10400000,10400000
1,104,10400000,10400100,17418,29031,10500000,10500000
1,105,10500000,10500100,17418,29031,10600000,10600000
1,106,10600000,10600100,17418,29031,10700000,10700000
1,107,10700000,10700100,17418,29031,10800000,10800000
1,108,10800000,10800100,17418,29031,10900000,10900000
1,109,10900000,10900100,17418,29031,11000000,11000000
1,110,11000000,11000100,17418,29031,11100000,11100000
1,111,11100000,11100100,17418,29031,11200000,11200000
1,112,11200000,11200100,17418,29031,11300000,11300000
1,113,11300000,11300100,17418,29031,11400000,11400000
1,114,11400000,11400100,17418,29031,11500000,11500000
1,115,11500000,11500100,17418,29031,11600000,11600000
1,116,11600000,11600100,17418,29031,11700000,11700000
1,117,11700000,11700100,17418,29031,11800000,11800000
1,118,11800000,11800100,17418,29031,11900000,11900000
1,119,11900000,11900100,17418,29031,12000000,12000000
1,120,12000000,12000100,17418,29031,12100000,12100000
1,121,12100000,12100100,17418,29031,12200000,12200000
1,122,12200000,12200100,17418,29031,12300000,12300000
1,123,12300000,12300100,17418,29031,12400000,12400000
1,124,12400000,12400100,17418,29031,12500000,12500000
1,125,12500000,12500100,17418,29031,12600000,12600000
1,126,12600000,12600100,17418,29031,12700000,12700000
1,127,12700000,12700100,17418,29031,12800000,12800000
1,128,12800000,12800100,17418,29031,12900000,12900000
1,129,12900000,12900100,17418,29031,13000000,13000000
1,130,13000000,13000100,17418,29031,13100000,13100000
1,131,13100000,13100100,17418,29031,13200000,13200000
1,132,13200000,13200100,17418,29031,13300000,13300000
1,133,13300000,13300100,17418,29031,13400000,13400000
1,134,13400000,13400100,17418,29031,13500000,13500000
1,135,13500000,13500100,17418,29031,13600000,13600000
1,136,13600000,13600100,17418,29031,13700000,13700000
1,137,13700000,13700100,17418,29031,13800000,13800000
1,138,13800000,13800100,17418,29031,13900000,13900000
1,139,13900000,13900100,17418,29031,14000000,14000000
1,140,14000000,14000100,17418,29031,14100000,14100000
1,141,14100000,14100100,17418,29031,14200000,14200000
1,142,14200000,14200100,17418,29031,14300000,14300000
1,143,14300000,14300100,17418,29031,14400000,14400000
1,144,14400000,14400100,17418,29031,14500000,14500000
1,145,14500000,14500100,17418,29031,14600000,14600000
1,146,14600000,14600100,17418,29031,14700000,14700000
1,147,14700000,14700100,17418,29031,14800000,14800000
1,148,14800000,14800100,17418,29031,14900000,14900000
1,149,14900000,14900100,17418,29031,15000000,15000000
1,150,15000000,15000100,17418,29031,15100000,15100000
1,151,15100000,15100100,17418,29031,15200000,15200000
1,152,15200000,15200100,17418,29031,15300000,15300000
1,153,15300000,15300100,17418,29031,15400000,15400000
1,154,15400000,15400100,17418,29031,15500000,15500000
1,155,15500000,15500100,17418,29031,15600000,15600000
1,156,15600000,15600100,17418,29031,15700000,15700000
1,157,15700000,15700100,17418,29031,15800000,15800000
1,158,15800000,15800100,17418,29031,15900000,15900000
1,159,15900000,15900100,17418,29031,16000000,16000000
1,160,16000000,16000100,17418,29031,16100000,16100000
1,161,16100000,16100100,17418,29031,16200000,16200000
1,162,16200000,16200100,17418,29031,16300000,16300000
1,163,16300000,16300100,17418,29031,16400000,16400000
1,164,16400000,16400100,17418,29031,16500000,16500000
1,165,16500000,16500100,17418,29031,16600000,16600000
1,166,16600000,16600100,17418,29031,16700000,16700000
1,167,16700000,16700100,17418,29031,16800000,16800000
1,168,16800000,16800100,17418,29031,16900000,16900000
1,169,16900000,16900100,17418,29031,17000000,17000000
1,170,17000000,17000100,17418,29031,17100000,17100000
1,171,17100000,17100100,17418,29031,17200000,17200000
1,172,17200000,17200100,17418,29031,17300000,17300000
1,173,17300000,17300100,17418,29031,17400000,17400000
1,174,17400000,17400100,17418,29031,17500000,17500000
1,175,17500000,17500100,17418,29031,17600000,17600000
1,176,17600000,17600100,17418,29031,17700000,17700000
1,177,17700000,17700100,17418,29031,17800000,17800000
1,178,17800000,17800100,17418,29031,17900000,17900000
1,179,17900000,17900100,17418,29031,18000000,18000000
1,180,18000000,18000100,17418,29031,18100000,18100000
1,181,18100000,18100100,17418,29031,18200000,18200000
1,182,18200000,18200100,17418,29031,18300000,18300000
1,183,18300000,18300100,17418,29031,18400000,18400000
1,184,18400000,18400100,17418,29031,18500000,18500000
1,185,18500000,18500100,17418,29031,18600000,18600000
1,186,18600000,18600100,17418,29031,18700000,18700000
1,187,18700000,18700100,17418,29031,18800000,18800000
1,188,18800000,18800100,17418,29031,18900000,18900000
1,189,18900000,18900100,17418,29031,19000000,19000000
1,190,19000000,19000100,17418,29031,19100000,19100000
1,191,19100000,19100100,17418,29031,19200000,19200000
1,192,19200000,19200100,17418,29031,19300000,19300000
1,193,19300000,19300100,17418,29031,19400000,19400000
1,194,19400000,19400100,17418,29031,19500000,19500000
1,195,19500000,19500100,17418,29031,19600000,19600000
1,196,19600000,19600100,17418,29031,19700000,19700000
1,197,19700000,19700100,17418,29031,19800000,19800000
1,198,19800000,19800100,17418,29031,19900000,19900000
1,199,19900000,19900100,17418,29031,20000000,20000000
1,200,20000000,20000100,17418,29031,20100000,20100000
1,201,20100000,20100100,17418,29031,20200000,20200000
1,202,20200000,20200100,17418,29031,20300000,20300000
1,203,20300000,20300100,17418,29031,20400000,20400000
1,204,20400000,20400100,17418,29031,20500000,20500000
1,205,20500000,20500100,17418,29031,20600000,20600000
1,206,20600000,20600100,17418,29031,20700000,20700000
1,207,20700000,20700100,17418,29031,20800000,20800000
1,208,20800000,20800100,17418,29031,20900000,20900000
1,209,20900000,20900100,17418,29031,21000000,21000000
1,210,21000000,21000100,17418,29031,21100000,21100000
1,211,21100000,21100100,17418,29031,21200000,21200000
1,212,21200000,21200100,17418,29031,21300000,21300000
1,213,21300000,21300100,17418,29031,21400000,21400000
1,214,21400000,21400100,17418,29031,21500000,21500000
1,215,21500000,21500100,17418,29031,21600000,21600000
1,216,21600000,21600100,17418,29031,21700000,21700000
1,217,21700000,21700100,17418,29031,21800000,21800000
1,218,21800000,21800100,17418,29031,21900000,21900000
1,219,21900000,21900100,17418,29031,22000000,22000000
1,220,22000000,22000100,17418,29031,22100000,22100000
1,221,22100000,22100100,17418,29031,22200000,22200000
1,222,22200000,22200100,17418,29031,22300000,22300000
1,223,22300000,22300100,17418,29031,22400000,22400000
1,224,22400000,22400100,17418,29031,22500000,22500000
1,225,22500000,22500100,17418,29031,22600000,22600000
1,226,22600000,22600100,17418,29031,22700000,22700000
1,227,22700000,22700100,17418,29031,22800000,22800000
1,228,22800000,22800100,17418,29031,22900000,22900000
1,229,22900000,22900100,17418,29031,23000000,23000000
1,230,23000000,23000100,17418,29031,23100000,23100000
1,231,23100000,23100100,17418,29031,23200000,23200000
1,232,23200000,23200100,17418,29031,23300000,23300000
1,233,23300000,23300100,17418,29031,23400000,23400000
1,234,23400000,23400100,17418,29031,23500000,23500000
1,235,23500000,23500100,17418,29031,23600000,23600000
1,236,23600000,23600100,17418,29031,23700000,23700000
1,237,23700000,23700100,17418,29031,23800000,23800000
1,238,23800000,23800100,17418,29031,23900000,23900000
1,239,23900000,23900100,17418,29031,24000000,24000000
1,240,24000000,24000100,17418,29031,24100000,24100000
1,241,24100000,24100100,17418,29031,24200000,24200000
1,242,24200000,24200100,17418,29031,24300000,24300000
1,243,24300000,24300100,17418,29031,24400000,24400000
1,244,24400000,24400100,17418,29031,24500000,24500000
1,245,24500000,24500100,17418,29031,24600000,24600000
1,246,24600000,24600100,17418,29031,24700000,24700000
1,247,24700000,24700100,17418,29031,24800000,24800000
1,248,24800000,24800100,17418,29031,24900000,24900000
1,249,24900000,24900100,17418,29031,25000000,25000000
1,250,25000000,25000100,17418,29031,25100000,25100000
1,251,25100000,25100100,17418,29031,25200000,25200000
1,252,25200000,25200100,17418,29031,25300000,25300000
1,253,25300000,25300100,17418,29031,25400000,25400000
1,254,25400000,25400100,17418,29031,25500000,25500000
1,255,25500000,25500100,17418,29031,25600000,25600000
1,256,25600000,25600100,17418,29031,25700000,25700000
1,257,25700000,25700100,17418,29031,25800000,25800000
1,258,25800000,25800100,17418,29031,25900000,25900000
1,259,25900000,25900100,17418,29031,26000000,26000000
1,260,26000000,26000100,17418,29031,26100000,26100000
1,261,26100000,26100100,17418,29031,26200000,26200000
1,262,26200000,26200100,17418,29031,26300000,26300000
1,263,26300000,26300100,17418,29031,26400000,26400000
1,264,26400000,26400100,17418,29031,26500000,26500000
1,265,26500000,26500100,17418,29031,26600000,26600000
1,266,26600000,26600100,17418,29031,26700000,26700000
1,267,26700000,26700100,17418,29031,26800000,26800000
1,268,26800000,26800100,17418,29031,26900000,26900000
1,269,26900000,26900100,17418,29031,27000000,27000000
1,270,27000000,27000100,17418,29031,27100000,27100000
1,271,27100000,27100100,17418,29031,27200000,27200000
1,272,27200000,27200100,17418,29031,27300000,27300000
1,273,27300000,27300100,17418,29031,27400000,27400000
1,274,27400000,27400100,17418,29031,27500000,27500000
1,275,27500000,27500100,17418,29031,27600000,27600000
1,276,27600000,27600100,17418,29031,27700000,27700000
1,277,27700000,27700100,17418,29031,27800000,27800000
1,278,27800000,27800100,17418,29031,27900000,27900000
1,279,27900000,27900100,17418,29031,28000000,28000000
1,280,28000000,28000100,17418,29031,28100000,28100000
1,281,28100000,28100100,17418,29031,28200000,28200000
1,282,28200000,28200100,17418,29031,28300000,28300000
1,283,28300000,28300100,17418,29031,28400000,28400000
1,284,28400000,28400100,17418,29031,28500000,28500000
1,285,28500000,28500100,17418,29031,28600000,28600000
1,286,28600000,28600100,17418,29031,28700000,28700000
1,287,28700000,28700100,17418,29031,28800000,28800000
1,288,28800000,28800100,17418,29031,28900000,28900000
1,289,28900000,28900100,17418,29031,29000000,29000000
1,290,29000000,29000100,17418,29031,29100000,29100000
1,291,29100000,29100100,17418,29031,29200000,29200000
1,292,29200000,29200100,17418,29031,29300000,29300000
1,293,29300000,29300100,17418,29031,29400000,29400000
1,294,29400000,29400100,17418,29031,29500000,29500000
1,295,29500000,29500100,17418,29031,29600000,29600000
1,296,29600000,29600100,17418,29031,29700000,29700000
1,297,29700000,29700100,17418,29031,29800000,29800000
1,298,29800000,29800100,17418,29031,29900000,29900000
1,299,29900000,29900100,17418,29031,30000000,30000000
1,300,30000000,30000100,17418,29031,30100000,30100000
1,301,30100000,30100100,17418,29031,30200000,30200000
1,302,30200000,30200100,17418,29031,30300000,30300000
1,303,30300000,30300100,17418,29031,30400000,30400000
1,304,30400000,30400100,17418,29031,30500000,30500000
1,305,30500000,30500100,17418,29031,30600000,30600000
1,306,30600000,30600100,17418,29031,30700000,30700000
1,307,30700000,30700100,17418,29031,30800000,30800000
1,308,30800000,30800100,17418,29031,30900000,30900000
1,309,30900000,30900100,17418,29031,31000000,31000000
1,310,31000000,31000100,17418,29031,31100000,31100000
1,311,31100000,31100100,17418,29031,31200000,31200000
1,312,31200000,31200100,17418,29031,31300000,31300000
1,313,31300000,31300100,17418,29031,31400000,31400000
1,314,31400000,31400100,17418,29031,31500000,31500000
1,315,31500000,31500100,17418,29031,31600000,31600000
1,316,31600000,31600100,17418,29031,31700000,31700000
1,317,31700000,31700100,17418,29031,31800000,31800000
1,318,31800000,31800100,17418,29031,31900000,31900000
1,319,31900000,31900100,17418,29031,32000000,32000000
1,320,32000000,32000100,17418,29031,32100000,32100000
1,321,32100000,32100100,17418,29031,32200000,32200000
1,322,32200000,32200100,17418,29031,32300000,32300000
1,323,32300000,32300100,17418,29031,32400000,32400000
1,324,32400000,32400100,17418,29031,32500000,32500000
1,325,32500000,32500100,17418,29031,32600000,32600000
1,326,32600000,32600100,17418,29031,32700000,32700000
1,327,32700000,32700100,17418,29031,32800000,32800000
1,328,32800000,32800100,17418,29031,32900000,32900000
1,329,32900000,32900100,17418,29031,33000000,33000000
1,330,33000000,33000100,17418,29031,33100000,33100000
1,331,33100000,33100100,17418,29031,33200000,33200000
1,332,33200000,33200100,17418,29031,33300000,33300000
1,333,33300000,33300100,17418,29031,33400000,33400000
1,334,33400000,33400100,17418,29031,33500000,33500000
1,335,33500000,33500100,17418,29031,33600000,33600000
1,336,33600000,33600100,17418,29031,33700000,33700000
1,337,33700000,33700100,17418,29031,33800000,33800000
1,338,33800000,33800100,17418,29031,33900000,33900000
1,339,33900000,33900100,17418,29031,34000000,34000000
1,340,34000000,34000100,17418,29031,34100000,34100000
1,341,34100000,34100100,17418,29031,34200000,34200000
1,342,34200000,34200100,17418,29031,34300000,34300000
1,343,34300000,34300100,17418,29031,34400000,34400000
1,344,34400000,34400100,17418,29031,34500000,34500000
1,345,34500000,34500100,17418,29031,34600000,34600000
1,346,34600000,34600100,17418,29031,34700000,34700000
1,347,34700000,34700100,17418,29031,34800000,34800000
1,348,34800000,34800100,17418,29031,34900000,34900000
1,349,34900000,34900100,17418,29031,35000000,35000000
1,350,35000000,35000100,17418,29031,35100000,35100000
1,351,35100000,35100100,17418,29031,35200000,35200000
1,352,35200000,35200100,17418,29031,35300000,35300000
1,353,35300000,35300100,17418,29031,35400000,35400000
1,354,35400000,35400100,17418,29031,35500000,35500000
1,355,35500000,35500100,17418,29031,35600000,35600000
1,356,35600000,35600100,17418,29031,35700000,35700000
1,357,35700000,35700100,17418,29031,35800000,35800000
1,358,35800000,35800100,17418,29031,35900000,35900000
1,359,35900000,35900100,17418,29031,36000000,36000000
1,360,36000000,36000100,17418,29031,36100000,36100000
1,361,36100000,36100100,17418,29031,36200000,36200000
1,362,36200000,36200100,17418,29031,36300000,36300000
1,363,36300000,36300100,17418,29031,36400000,36400000
1,364,36400000,36400100,17418,29031,36500000,36500000
1,365,36500000,36500100,17418,29031,36600000,36600000
1,366,36600000,36600100,17418,29031,36700000,36700000
1,367,36700000,36700100,17418,29031,36800000,36800000
1,368,36800000,36800100,17418,29031,36900000,36900000
1,369,36900000,36900100,17418,29031,37000000,37000000
1,370,37000000,37000100,17418,29031,37100000,37100000
1,371,37100000,37100100,17418,29031,37200000,37200000
1,372,37200000,37200100,17418,29031,37300000,37300000
1,373,37300000,37300100,17418,29031,37400000,37400000
1,374,37400000,37400100,17418,29031,37500000,37500000
1,375,37500000,37500100,17418,29031,37600000,37600000
1,376,37600000,37600100,17418,29031,37700000,37700000
1,377,37700000,37700100,17418,29031,37800000,37800000
1,378,37800000,37800100,17418,29031,37900000,37900000
1,379,37900000,37900100,17418,29031,38000000,38000000
1,380,38000000,38000100,17418,29031,38100000,38100000
1,381,38100000,38100100,17418,29031,38200000,38200000
1,382,38200000,38200100,17418,29031,38300000,38300000
1,383,38300000,38300100,17418,29031,38400000,38400000
1,384,38400000,38400100,17418,29031,38500000,38500000
1,385,38500000,38500100,17418,29031,38600000,38600000
1,386,38600000,38600100,17418,29031,38700000,38700000
1,387,38700000,38700100,17418,29031,38800000,38800000
1,388,38800000,38800100,17418,29031,38900000,38900000
1,389,38900000,38900100,17418,29031,39000000,39000000
1,390,39000000,39000100,17418,29031,39100000,39100000
1,391,39100000,39100100,17418,29031,39200000,39200000
1,392,39200000,39200100,17418,29031,39300000,39300000
1,393,39300000,39300100,17418,29031,39400000,39400000
1,394,39400000,39400100,17418,29031,39500000,39500000
1,395,39500000,39500100,17418,29031,39600000,39600000
1,396,39600000,39600100,17418,29031,39700000,39700000
1,397,39700000,39700100,17418,29031,39800000,39800000
1,398,39800000,39800100,17418,29031,39900000,39900000
1,399,39900000,39900100,17418,29031,40000000,40000000
1,400,40000000,40000100,17418,29031,40100000,40100000
1,401,40100000,40100100,17418,29031,40200000,40200000
1,402,40200000,40200100,17418,29031,40300000,40300000
1,403,40300000,40300100,17418,29031,40400000,40400000
1,404,40400000,40400100,17418,29031,40500000,40500000
1,405,40500000,40500100,17418,29031,40600000,40600000
1,406,40600000,40600100,17418,29031,40700000,40700000
1,407,40700000,40700100,17418,29031,40800000,40800000
1,408,40800000,40800100,17418,29031,40900000,40900000
1,409,40900000,40900100,17418,29031,41000000,41000000
1,410,41000000,41000100,17418,29031,41100000,41100000
1,411,41100000,41100100,17418,29031,41200000,41200000
1,412,41200000,41200100,17418,29031,41300000,41300000
1,413,41300000,41300100,17418,29031,41400000,41400000
1,414,41400000,41400100,17418,29031,41500000,41500000
1,415,41500000,41500100,17418,29031,41600000,41600000
1,416,41600000,41600100,17418,29031,41700000,41700000
1,417,41700000,41700100,17418,29031,41800000,41800000
1,418,41800000,41800100,17418,29031,41900000,41900000
1,419,41900000,41900100,17418,29031,42000000,42000000
1,420,42000000,42000100,17418,29031,42100000,42100000
1,421,42100000,42100100,17418,29031,42200000,42200000
1,422,42200000,42200100,17418,29031,42300000,42300000
1,423,42300000,42300100,17418,29031,42400000,42400000
1,424,42400000,42400100,17418,29031,42500000,42500000
1,425,42500000,42500100,17418,29031,42600000,42600000
1,426,42600000,42600100,17418,29031,42700000,42700000
1,427,42700000,42700100,17418,29031,42800000,42800000
1,428,42800000,42800100,17418,29031,42900000,42900000
1,429,42900000,42900100,17418,29031,43000000,43000000
1,430,43000000,43000100,17418,29031,43100000,43100000
1,431,43100000,43100100,17418,29031,43200000,43200000
1,432,43200000,43200100,17418,29031,43300000,43300000
1,433,43300000,43300100,17418,29031,43400000,43400000
1,434,43400000,43400100,17418,29031,43500000,43500000
1,435,43500000,43500100,17418,29031,43600000,43600000
1,436,43600000,43600100,17418,29031,43700000,43700000
1,437,43700000,43700100,17418,29031,43800000,43800000
1,438,43800000,43800100,17418,29031,43900000,43900000
1,439,43900000,43900100,17418,29031,44000000,44000000
1,440,44000000,44000100,17418,29031,44100000,44100000
1,441,44100000,44100100,17418,29031,44200000,44200000
1,442,44200000,44200100,17418,29031,44300000,44300000
1,443,44300000,44300100,17418,29031,44400000,44400000
1,444,44400000,44400100,17418,29031,44500000,44500000
1,445,44500000,44500100,17418,29031,44600000,44600000
1,446,44600000,44600100,17418,29031,44700000,44700000
1,447,44700000,44700100,17418,29031,44800000,44800000
1,448,44800000,44800100,17418,29031,44900000,44900000
1,449,44900000,44900100,17418,29031,45000000,45000000
1,450,45000000,45000100,17418,29031,45100000,45100000
1,451,45100000,45100100,17418,29031,45200000,45200000
1,452,45200000,45200100,17418,29031,45300000,45300000
1,453,45300000,45300100,17418,29031,45400000,45400000
1,454,45400000,45400100,17418,29031,45500000,45500000
1,455,45500000,45500100,17418,29031,45600000,45600000
1,456,45600000,45600100,17418,29031,45700000,45700000
1,457,45700000,45700100,17418,29031,45800000,45800000
1,458,45800000,45800100,17418,29031,45900000,45900000
1,459,45900000,45900100,17418,29031,46000000,46000000
1,460,46000000,46000100,17418,29031,46100000,46100000
1,461,46100000,46100100,17418,29031,46200000,46200000
1,462,46200000,46200100,17418,29031,46300000,46300000
1,463,46300000,46300100,17418,29031,46400000,46400000
1,464,46400000,46400100,17418,29031,46500000,46500000
1,465,46500000,46500100,17418,29031,46600000,46600000
1,466,46600000,46600100,17418,29031,46700000,46700000
1,467,46700000,46700100,17418,29031,46800000,46800000
1,468,46800000,46800100,17418,29031,46900000,46900000
1,469,46900000,46900100,17418,29031,47000000,47000000
1,470,47000000,47000100,17418,29031,47100000,47100000
1,471,47100000,47100100,17418,29031,47200000,47200000
1,472,47200000,47200100,17418,29031,47300000,47300000
1,473,47300000,47300100,17418,29031,47400000,47400000
1,474,47400000,47400100,17418,29031,47500000,47500000
1,475,47500000,47500100,17418,29031,47600000,47600000
1,476,47600000,47600100,17418,29031,47700000,47700000
1,477,47700000,47700100,17418,29031,47800000,47800000
1,478,47800000,47800100,17418,29031,47900000,47900000
1,479,47900000,47900100,17418,29031,48000000,48000000
1,480,48000000,48000100,17418,29031,48100000,48100000
1,481,48100000,48100100,17418,29031,48200000,48200000
1,482,48200000,48200100,17418,29031,48300000,48300000
1,483,48300000,48300100,17418,29031,48400000,48400000
1,484,48400000,48400100,17418,29031,48500000,48500000
1,485,48500000,48500100,17418,29031,48600000,48600000
1,486,48600000,48600100,17418,29031,48700000,48700000
1,487,48700000,48700100,17418,29031,48800000,48800000
1,488,48800000,48800100,17418,29031,48900000,48900000
1,489,48900000,48900100,17418,29031,49000000,49000000
1,490,49000000,49000100,17418,29031,49100000,49100000
1,491,49100000,49100100,17418,29031,49200000,49200000
1,492,49200000,49200100,17418,29031,49300000,49300000
1,493,49300000,49300100,17418,29031,49400000,49400000
1,494,49400000,49400100,17418,29031,49500000,49500000
1,495,49500000,49500100,17418,29031,49600000,49600000
1,496,49600000,49600100,17418,29031,49700000,49700000
1,497,49700000,49700100,17418,29031,49800000,49800000
1,498,49800000,49800100,17418,29031,49900000,49900000
1,499,49900000,49900100,17418,29031,50000000,50000000
1,500,50000000,50000100,17418,29031,50100000,50100000
1,501,50100000,50100100,17418,29031,50200000,50200000
1,502,50200000,50200100,17418,29031,50300000,50300000
1,503,50300000,50300100,17418,29031,50400000,50400000
1,504,50400000,50400100,17418,29031,50500000,50500000
1,505,50500000,50500100,17418,29031,50600000,50600000
1,506,50600000,50600100,17418,29031,50700000,50700000
1,507,50700000,50700100,17418,29031,50800000,50800000
1,508,50800000,50800100,17418,29031,50900000,50900000
1,509,50900000,50900100,17418,29031,51000000,51000000
1,510,51000000,51000100,17418,29031,51100000,51100000
1,511,51100000,51100100,17418,29031,51200000,51200000
1,512,51200000,51200100,17418,29031,51300000,51300000
1,513,51300000,51300100,17418,29031,51400000,51400000
1,514,51400000,51400100,17418,29031,51500000,51500000
1,515,51500000,51500100,17418,29031,51600000,51600000
1,516,51600000,51600100,17418,29031,51700000,51700000
1,517,51700000,51700100,17418,29031,51800000,51800000
1,518,51800000,51800100,17418,29031,51900000,51900000
1,519,51900000,51900100,17418,29031,52000000,52000000
1,520,52000000,52000100,17418,29031,52100000,52100000
1,521,52100000,52100100,17418,29031,52200000,52200000
1,522,52200000,52200100,17418,29031,52300000,52300000
1,523,52300000,52300100,17418,29031,52400000,52400000
1,524,52400000,52400100,17418,29031,52500000,52500000
1,525,52500000,52500100,17418,29031,52600000,52600000
1,526,52600000,52600100,17418,29031,52700000,52700000
1,527,52700000,52700100,17418,29031,52800000,52800000
1,528,52800000,52800100,17418,29031,52900000,52900000
1,529,52900000,52900100,17418,29031,53000000,53000000
1,530,53000000,53000100,17418,29031,53100000,53100000
1,531,53100000,53100100,17418,29031,53200000,53200000
1,532,53200000,53200100,17418,29031,53300000,53300000
1,533,53300000,53300100,17418,29031,53400000,53400000
1,534,53400000,53400100,17418,29031,53500000,53500000
1,535,53500000,53500100,17418,29031,53600000,53600000
1,536,53600000,53600100,17418,29031,53700000,53700000
1,537,53700000,53700100,17418,29031,53800000,53800000
1,538,53800000,53800100,17418,29031,53900000,53900000
1,539,53900000,53900100,17418,29031,54000000,54000000
1,540,54000000,54000100,17418,29031,54100000,54100000
1,541,54100000,54100100,17418,29031,54200000,54200000
1,542,54200000,54200100,17418,29031,54300000,54300000
1,543,54300000,54300100,17418,29031,54400000,54400000
1,544,54400000,54400100,17418,29031,54500000,54500000
1,545,54500000,54500100,17418,29031,54600000,54600000
1,546,54600000,54600100,17418,29031,54700000,54700000
1,547,54700000,54700100,17418,29031,54800000,54800000
1,548,54800000,54800100,17418,29031,54900000,54900000
1,549,54900000,54900100,17418,29031,55000000,55000000
1,550,55000000,55000100,17418,29031,55100000,55100000
1,551,55100000,55100100,17418,29031,55200000,55200000
1,552,55200000,55200100,17418,29031,55300000,55300000
1,553,55300000,55300100,17418,29031,55400000,55400000
1,554,55400000,55400100,17418,29031,55500000,55500000
1,555,55500000,55500100,17418,29031,55600000,55600000
1,556,55600000,55600100,17418,29031,55700000,55700000
1,557,55700000,55700100,17418,29031,55800000,55800000
1,558,55800000,55800100,17418,29031,55900000,55900000
1,559,55900000,55900100,17418,29031,56000000,56000000
1,560,56000000,56000100,17418,29031,56100000,56100000
1,561,56100000,56100100,17418,29031,56200000,56200000
1,562,56200000,56200100,17418,29031,56300000,56300000
1,563,56300000,56300100,17418,29031,56400000,56400000
1,564,56400000,56400100,17418,29031,56500000,56500000
1,565,56500000,56500100,17418,29031,56600000,56600000
1,566,56600000,56600100,17418,29031,56700000,56700000
1,567,56700000,56700100,17418,29031,56800000,56800000
1,568,56800000,56800100,17418,29031,56900000,56900000
1,569,56900000,56900100,17418,29031,57000000,57000000
1,570,57000000,57000100,17418,29031,57100000,57100000
1,571,57100000,57100100,17418,29031,57200000,57200000
1,572,57200000,57200100,17418,29031,57300000,57300000
1,573,57300000,57300100,17418,29031,57400000,57400000
1,574,57400000,57400100,17418,29031,57500000,57500000
1,575,57500000,57500100,17418,29031,57600000,57600000
1,576,57600000,57600100,17418,29031,57700000,57700000
1,577,57700000,57700100,17418,29031,57800000,57800000
1,578,57800000,57800100,17418,29031,57900000,57900000
1,579,57900000,57900100,17418,29031,58000000,58000000
1,580,58000000,58000100,17418,29031,58100000,58100000
1,581,58100000,58100100,17418,29031,58200000,58200000
1,582,58200000,58200100,17418,29031,58300000,58300000
1,583,58300000,58300100,17418,29031,58400000,58400000
1,584,58400000,58400100,17418,29031,58500000,58500000
1,585,58500000,58500100,17418,29031,58600000,58600000
1,586,58600000,58600100,17418,29031,58700000,58700000
1,587,58700000,58700100,17418,29031,58800000,58800000
1,588,58800000,58800100,17418,29031,58900000,58900000
1,589,58900000,58900100,17418,29031,59000000,59000000
1,590,59000000,59000100,17418,29031,59100000,59100000
1,591,59100000,59100100,17418,29031,59200000,59200000
1,592,59200000,59200100,17418,29031,59300000,59300000
1,593,59300000,59300100,17418,29031,59400000,59400000
1,594,59400000,59400100,17418,29031,59500000,59500000
1,595,59500000,59500100,17418,29031,59600000,59600000
1,596,59600000,59600100,17418,29031,59700000,59700000
1,597,59700000,59700100,17418,29031,59800000,59800000
1,598,59800000,59800100,17418,29031,59900000,59900000
1,599,59900000,59900100,17418,29031,60000000,60000000
1,600,60000000,60000100,17418,29031,60100000,60100000
1,601,60100000,60100100,17418,29031,60200000,60200000
1,602,60200000,60200100,17418,29031,60300000,60300000
1,603,60300000,60300100,17418,29031,60400000,60400000
1,604,60400000,60400100,17418,29031,60500000,60500000
1,605,60500000,60500100,17418,29031,60600000,60600000
1,606,60600000,60600100,17418,29031,60700000,60700000
1,607,60700000,60700100,17418,29031,60800000,60800000
1,608,60800000,60800100,17418,29031,60900000,60900000
1,609,60900000,60900100,17418,29031,61000000,61000000
1,610,61000000,61000100,17418,29031,61100000,61100000
1,611,61100000,61100100,17418,29031,61200000,61200000
1,612,61200000,61200100,17418,29031,61300000,61300000
1,613,61300000,61300100,17418,29031,61400000,61400000
1,614,61400000,61400100,17418,29031,61500000,61500000
1,615,61500000,61500100,17418,29031,61600000,61600000
1,616,61600000,61600100,17418,29031,61700000,61700000
1,617,61700000,61700100,17418,29031,61800000,61800000
1,618,61800000,61800100,17418,29031,61900000,61900000
1,619,61900000,61900100,17418,29031,62000000,62000000
1,620,62000000,62000100,17418,29031,62100000,62100000
1,621,62100000,62100100,17418,29031,62200000,62200000
1,622,62200000,62200100,17418,29031,62300000,62300000
1,623,62300000,62300100,17418,29031,62400000,62400000
1,624,62400000,62400100,17418,29031,62500000,62500000
1,625,62500000,62500100,17418,29031,62600000,62600000
1,626,62600000,62600100,17418,29031,62700000,62700000
1,627,62700000,62700100,17418,29031,62800000,62800000
1,628,62800000,62800100,17418,29031,62900000,62900000
1,629,62900000,62900100,17418,29031,63000000,63000000
1,630,63000000,63000100,17418,29031,63100000,63100000
1,631,63100000,63100100,17418,29031,63200000,63200000
1,632,63200000,63200100,17418,29031,63300000,63300000
1,633,63300000,63300100,17418,29031,63400000,63400000
1,634,63400000,63400100,17418,29031,63500000,63500000
1,635,63500000,63500100,17418,29031,63600000,63600000
1,636,63600000,63600100,17418,29031,63700000,63700000
1,637,63700000,63700100,17418,29031,63800000,63800000
1,638,63800000,63800100,17418,29031,63900000,63900000
1,639,63900000,63900100,17418,29031,64000000,64000000
1,640,64000000,64000100,17418,29031,64100000,64100000
1,641,64100000,64100100,17418,29031,64200000,64200000
1,642,64200000,64200100,17418,29031,64300000,64300000
1,643,64300000,64300100,17418,29031,64400000,64400000
1,644,64400000,64400100,17418,29031,64500000,64500000
1,645,64500000,64500100,17418,29031,64600000,64600000
1,646,64600000,64600100,17418,29031,64700000,64700000
1,647,64700000,64700100,17418,29031,64800000,64800000
1,648,64800000,64800100,17418,29031,64900000,64900000
1,649,64900000,64900100,17418,29031,65000000,65000000
1,650,65000000,65000100,17418,29031,65100000,65100000
1,651,65100000,65100100,17418,29031,65200000,65200000
1,652,65200000,65200100,17418,29031,65300000,65300000
1,653,65300000,65300100,17418,29031,65400000,65400000
1,654,65400000,65400100,17418,29031,65500000,65500000
1,655,65500000,65500100,17418,29031,65600000,65600000
1,656,65600000,65600100,17418,29031,65700000,65700000
1,657,65700000,65700100,17418,29031,65800000,65800000
1,658,65800000,65800100,17418,29031,65900000,65900000
1,659,65900000,65900100,17418,29031,66000000,66000000
1,660,66000000,66000100,17418,29031,66100000,66100000
1,661,66100000,66100100,17418,29031,66200000,66200000
1,662,66200000,66200100,17418,29031,66300000,66300000
1,663,66300000,66300100,17418,29031,66400000,66400000
1,664,66400000,66400100,17418,29031,66500000,66500000
1,665,66500000,66500100,17418,29031,66600000,66600000
1,666,66600000,66600100,17418,29031,66700000,66700000
1,667,66700000,66700100,17418,29031,66800000,66800000
1,668,66800000,66800100,17418,29031,66900000,66900000
1,669,66900000,66900100,17418,29031,67000000,67000000
1,670,67000000,67000100,17418,29031,67100000,67100000
1,671,67100000,67100100,17418,29031,67200000,67200000
1,672,67200000,67200100,17418,29031,67300000,67300000
1,673,67300000,67300100,17418,29031,67400000,67400000
1,674,67400000,67400100,17418,29031,67500000,67500000
1,675,67500000,67500100,17418,29031,67600000,67600000
1,676,67600000,67600100,17418,29031,67700000,67700000
1,677,67700000,67700100,17418,29031,67800000,67800000
1,678,67800000,67800100,17418,29031,67900000,67900000
1,679,67900000,67900100,17418,29031,68000000,68000000
1,680,68000000,68000100,17418,29031,68100000,68100000
1,681,68100000,68100100,17418,29031,68200000,68200000
1,682,68200000,68200100,17418,29031,68300000,68300000
1,683,68300000,68300100,17418,29031,68400000,68400000
1,684,68400000,68400100,17418,29031,68500000,68500000
1,685,68500000,68500100,17418,29031,68600000,68600000
1,686,68600000,68600100,17418,29031,68700000,68700000
1,687,68700000,68700100,17418,29031,68800000,68800000
1,688,68800000,68800100,17418,29031,68900000,68900000
1,689,68900000,68900100,17418,29031,69000000,69000000
1,690,69000000,69000100,17418,29031,69100000,69100000
1,691,69100000,69100100,17418,29031,69200000,69200000
1,692,69200000,69200100,17418,29031,69300000,69300000
1,693,69300000,69300100,17418,29031,69400000,69400000
1,694,69400000,69400100,17418,29031,69500000,69500000
1,695,69500000,69500100,17418,29031,69600000,69600000
1,696,69600000,69600100,17418,29031,69700000,69700000
1,697,69700000,69700100,17418,29031,69800000,69800000
1,698,69800000,69800100,17418,29031,69900000,69900000
1,699,69900000,69900100,17418,29031,70000000,70000000
1,700,70000000,70000100,17418,29031,70100000,70100000
1,701,70100000,70100100,17418,29031,70200000,70200000
1,702,70200000,70200100,17418,29031,70300000,70300000
1,703,70300000,70300100,17418,29031,70400000,70400000
1,704,70400000,70400100,17418,29031,70500000,70500000
1,705,70500000,70500100,17418,29031,70600000,70600000
1,706,70600000,70600100,17418,29031,70700000,70700000
1,707,70700000,70700100,17418,29031,70800000,70800000
1,708,70800000,70800100,17418,29031,70900000,70900000
1,709,70900000,70900100,17418,29031,71000000,71000000
1,710,71000000,71000100,17418,29031,71100000,71100000
1,711,71100000,71100100,17418,29031,71200000,71200000
1,712,71200000,71200100,17418,29031,71300000,71300000
1,713,71300000,71300100,17418,29031,71400000,71400000
1,714,71400000,71400100,17418,29031,71500000,71500000
1,715,71500000,71500100,17418,29031,71600000,71600000
1,716,71600000,71600100,17418,29031,71700000,71700000
1,717,71700000,71700100,17418,29031,71800000,71800000
1,718,71800000,71800100,17418,29031,71900000,71900000
1,719,71900000,71900100,17418,29031,72000000,72000000
1,720,72000000,72000100,17418,29031,72100000,72100000
1,721,72100000,72100100,17418,29031,72200000,72200000
1,722,72200000,72200100,17418,29031,72300000,72300000
1,723,72300000,72300100,17418,29031,72400000,72400000
1,724,72400000,72400100,17418,29031,72500000,72500000
1,725,72500000,72500100,17418,29031,72600000,72600000
1,726,72600000,72600100,17418,29031,72700000,72700000
1,727,72700000,72700100,17418,29031,72800000,72800000
1,728,72800000,72800100,17418,29031,72900000,72900000
1,729,72900000,72900100,17418,29031,73000000,73000000
1,730,73000000,73000100,17418,29031,73100000,73100000
1,731,73100000,73100100,17418,29031,73200000,73200000
1,732,73200000,73200100,17418,29031,73300000,73300000
1,733,73300000,73300100,17418,29031,73400000,73400000
1,734,73400000,73400100,17418,29031,73500000,73500000
1,735,73500000,73500100,17418,29031,73600000,73600000
1,736,73600000,73600100,17418,29031,73700000,73700000
1,737,73700000,73700100,17418,29031,73800000,73800000
1,738,73800000,73800100,17418,29031,73900000,73900000
1,739,73900000,73900100,17418,29031,74000000,74000000
1,740,74000000,74000100,17418,29031,74100000,74100000
1,741,74100000,74100100,17418,29031,74200000,74200000
1,742,74200000,74200100,17418,29031,74300000,74300000
1,743,74300000,74300100,17418,29031,74400000,74400000
1,744,74400000,74400100,17418,29031,74500000,74500000
1,745,74500000,74500100,17418,29031,74600000,74600000
1,746,74600000,74600100,17418,29031,74700000,74700000
1,747,74700000,74700100,17418,29031,74800000,74800000
1,748,74800000,74800100,17418,29031,74900000,74900000
1,749,74900000,74900100,17418,29031,75000000,75000000
1,750,75000000,75000100,17418,29031,75100000,75100000
1,751,75100000,75100100,17418,29031,75200000,75200000
1,752,75200000,75200100,17418,29031,75300000,75300000
1,753,75300000,75300100,17418,29031,75400000,75400000
1,754,75400000,75400100,17418,29031,75500000,75500000
1,755,75500000,75500100,17418,29031,75600000,75600000
1,756,75600000,75600100,17418,29031,75700000,75700000
1,757,75700000,75700100,17418,29031,75800000,75800000
1,758,75800000,75800100,17418,29031,75900000,75900000
1,759,75900000,75900100,17418,29031,76000000,76000000
1,760,76000000,76000100,17418,29031,76100000,76100000
1,761,76100000,76100100,17418,29031,76200000,76200000
1,762,76200000,76200100,17418,29031,76300000,76300000
1,763,76300000,76300100,17418,29031,76400000,76400000
1,764,76400000,76400100,17418,29031,76500000,76500000
1,765,76500000,76500100,17418,29031,76600000,76600000
1,766,76600000,76600100,17418,29031,76700000,76700000
1,767,76700000,76700100,17418,29031,76800000,76800000
1,768,76800000,76800100,17418,29031,76900000,76900000
1,769,76900000,76900100,17418,29031,77000000,77000000
1,770,77000000,77000100,17418,29031,77100000,77100000
1,771,77100000,77100100,17418,29031,77200000,77200000
1,772,77200000,77200100,17418,29031,77300000,77300000
1,773,77300000,77300100,17418,29031,77400000,77400000
1,774,77400000,77400100,17418,29031,77500000,77500000
1,775,77500000,77500100,17418,29031,77600000,77600000
1,776,77600000,77600100,17418,29031,77700000,77700000
1,777,77700000,77700100,17418,29031,77800000,77800000
1,778,77800000,77800100,17418,29031,77900000,77900000
1,779,77900000,77900100,17418,29031,78000000,78000000
1,780,78000000,78000100,17418,29031,78100000,78100000
1,781,78100000,78100100,17418,29031,78200000,78200000
1,782,78200000,78200100,17418,29031,78300000,78300000
1,783,78300000,78300100,17418,29031,78400000,78400000
1,784,78400000,78400100,17418,29031,78500000,78500000
1,785,78500000,78500100,17418,29031,78600000,78600000
1,786,78600000,78600100,17418,29031,78700000,78700000
1,787,78700000,78700100,17418,29031,78800000,78800000
1,788,78800000,78800100,17418,29031,78900000,78900000
1,789,78900000,78900100,17418,29031,79000000,79000000
1,790,79000000,79000100,17418,29031,79100000,79100000
1,791,79100000,79100100,17418,29031,79200000,79200000
1,792,79200000,79200100,17418,29031,79300000,79300000
1,793,79300000,79300100,17418,29031,79400000,79400000
1,794,79400000,79400100,17418,29031,79500000,79500000
1,795,79500000,79500100,17418,29031,79600000,79600000
1,796,79600000,79600100,17418,29031,79700000,79700000
1,797,79700000,79700100,17418,29031,79800000,79800000
1,798,79800000,79800100,17418,29031,79900000,79900000
1,799,79900000,79900100,17418,29031,80000000,80000000
1,800,80000000,80000100,17418,29031,80100000,80100000
1,801,80100000,80100100,17418,29031,80200000,80200000
1,802,80200000,80200100,17418,29031,80300000,80300000
1,803,80300000,80300100,17418,29031,80400000,80400000
1,804,80400000,80400100,17418,29031,80500000,80500000
1,805,80500000,80500100,17418,29031,80600000,80600000
1,806,80600000,80600100,17418,29031,80700000,80700000
1,807,80700000,80700100,17418,29031,80800000,80800000
1,808,80800000,80800100,17418,29031,80900000,80900000
1,809,80900000,80900100,17418,29031,81000000,81000000
1,810,81000000,81000100,17418,29031,81100000,81100000
1,811,81100000,81100100,17418,29031,81200000,81200000
1,812,81200000,81200100,17418,29031,81300000,81300000
1,813,81300000,81300100,17418,29031,81400000,81400000
1,814,81400000,81400100,17418,29031,81500000,81500000
1,815,81500000,81500100,17418,29031,81600000,81600000
1,816,81600000,81600100,17418,29031,81700000,81700000
1,817,81700000,81700100,17418,29031,81800000,81800000
1,818,81800000,81800100,17418,29031,81900000,81900000
1,819,81900000,81900100,17418,29031,82000000,82000000
1,820,82000000,82000100,17418,29031,82100000,82100000
1,821,82100000,82100100,17418,29031,82200000,82200000
1,822,82200000,82200100,17418,29031,82300000,82300000
1,823,82300000,82300100,17418,29031,82400000,82400000
1,824,82400000,82400100,17418,29031,82500000,82500000
1,825,82500000,82500100,17418,29031,82600000,82600000
1,826,82600000,82600100,17418,29031,82700000,82700000
1,827,82700000,82700100,17418,29031,82800000,82800000
1,828,82800000,82800100,17418,29031,82900000,82900000
1,829,82900000,82900100,17418,29031,83000000,83000000
1,830,83000000,83000100,17418,29031,83100000,83100000
1,831,83100000,83100100,17418,29031,83200000,83200000
1,832,83200000,83200100,17418,29031,83300000,83300000
1,833,83300000,83300100,17418,29031,83400000,83400000
1,834,83400000,83400100,17418,29031,83500000,83500000
1,835,83500000,83500100,17418,29031,83600000,83600000
1,836,83600000,83600100,17418,29031,83700000,83700000
1,837,83700000,83700100,17418,29031,83800000,83800000
1,838,83800000,83800100,17418,29031,83900000,83900000
1,839,83900000,83900100,17418,29031,84000000,84000000
1,840,84000000,84000100,17418,29031,84100000,84100000
1,841,84100000,84100100,17418,29031,84200000,84200000
1,842,84200000,84200100,17418,29031,84300000,84300000
1,843,84300000,84300100,17418,29031,84400000,84400000
1,844,84400000,84400100,17418,29031,84500000,84500000
1,845,84500000,84500100,17418,29031,84600000,84600000
1,846,84600000,84600100,17418,29031,84700000,84700000
1,847,84700000,84700100,17418,29031,84800000,84800000
1,848,84800000,84800100,17418,29031,84900000,84900000
1,849,84900000,84900100,17418,29031,85000000,85000000
1,850,85000000,85000100,17418,29031,85100000,85100000
1,851,85100000,85100100,17418,29031,85200000,85200000
1,852,85200000,85200100,17418,29031,85300000,85300000
1,853,85300000,85300100,17418,29031,85400000,85400000
1,854,85400000,85400100,17418,29031,85500000,85500000
1,855,85500000,85500100,17418,29031,85600000,85600000
1,856,85600000,85600100,17418,29031,85700000,85700000
1,857,85700000,85700100,17418,29031,85800000,85800000
1,858,85800000,85800100,17418,29031,85900000,85900000
1,859,85900000,85900100,17418,29031,86000000,86000000
1,860,86000000,86000100,17418,29031,86100000,86100000
1,861,86100000,86100100,17418,29031,86200000,86200000
1,862,86200000,86200100,17418,29031,86300000,86300000
1,863,86300000,86300100,17418,29031,86400000,86400000
1,864,86400000,86400100,17418,29031,86500000,86500000
1,865,86500000,86500100,17418,29031,86600000,86600000
1,866,86600000,86600100,17418,29031,86700000,86700000
1,867,86700000,86700100,17418,29031,86800000,86800000
1,868,86800000,86800100,17418,29031,86900000,86900000
1,869,86900000,86900100,17418,29031,87000000,87000000
1,870,87000000,87000100,17418,29031,87100000,87100000
1,871,87100000,87100100,17418,29031,87200000,87200000
1,872,87200000,87200100,17418,29031,87300000,87300000
1,873,87300000,87300100,17418,29031,87400000,87400000
1,874,87400000,87400100,17418,29031,87500000,87500000
1,875,87500000,87500100,17418,29031,87600000,87600000
1,876,87600000,87600100,17418,29031,87700000,87700000
1,877,87700000,87700100,17418,29031,87800000,87800000
1,878,87800000,87800100,17418,29031,87900000,87900000
1,879,87900000,87900100,17418,29031,88000000,88000000
1,880,88000000,88000100,17418,29031,88100000,88100000
1,881,88100000,88100100,17418,29031,88200000,88200000
1,882,88200000,88200100,17418,29031,88300000,88300000
1,883,88300000,88300100,17418,29031,88400000,88400000
1,884,88400000,88400100,17418,29031,88500000,88500000
1,885,88500000,88500100,17418,29031,88600000,88600000
1,886,88600000,88600100,17418,29031,88700000,88700000
1,887,88700000,88700100,17418,29031,88800000,88800000
1,888,88800000,88800100,17418,29031,88900000,88900000
1,889,88900000,88900100,17418,29031,89000000,89000000
1,890,89000000,89000100,17418,29031,89100000,89100000
1,891,89100000,89100100,17418,29031,89200000,89200000
1,892,89200000,89200100,17418,29031,89300000,89300000
1,893,89300000,89300100,17418,29031,89400000,89400000
1,894,89400000,89400100,17418,29031,89500000,89500000
1,895,89500000,89500100,17418,29031,89600000,89600000
1,896,89600000,89600100,17418,29031,89700000,89700000
1,897,89700000,89700100,17418,29031,89800000,89800000
1,898,89800000,89800100,17418,29031,89900000,89900000
1,899,89900000,89900100,17418,29031,90000000,90000000
1,900,90000000,90000100,17418,29031,90100000,90100000
1,901,90100000,90100100,17418,29031,90200000,90200000
1,902,90200000,90200100,17418,29031,90300000,90300000
1,903,90300000,90300100,17418,29031,90400000,90400000
1,904,90400000,90400100,17418,29031,90500000,90500000
1,905,90500000,90500100,17418,29031,90600000,90600000
1,906,90600000,90600100,17418,29031,90700000,90700000
1,907,90700000,90700100,17418,29031,90800000,90800000
1,908,90800000,90800100,17418,29031,90900000,90900000
1,909,90900000,90900100,17418,29031,91000000,91000000
1,910,91000000,91000100,17418,29031,91100000,91100000
1,911,91100000,91100100,17418,29031,91200000,91200000
1,912,91200000,91200100,17418,29031,91300000,91300000
1,913,91300000,91300100,17418,29031,91400000,91400000
1,914,91400000,91400100,17418,29031,91500000,91500000
1,915,91500000,91500100,17418,29031,91600000,91600000
1,916,91600000,91600100,17418,29031,91700000,91700000
1,917,91700000,91700100,17418,29031,91800000,91800000
1,918,91800000,91800100,17418,29031,91900000,91900000
1,919,91900000,91900100,17418,29031,92000000,92000000
1,920,92000000,92000100,17418,29031,92100000,92100000
1,921,92100000,92100100,17418,29031,92200000,92200000
1,922,92200000,92200100,17418,29031,92300000,92300000
1,923,92300000,92300100,17418,29031,92400000,92400000
1,924,92400000,92400100,17418,29031,92500000,92500000
1,925,92500000,92500100,17418,29031,92600000,92600000
1,926,92600000,92600100,17418,29031,92700000,92700000
1,927,92700000,92700100,17418,29031,92800000,92800000
1,928,92800000,92800100,17418,29031,92900000,92900000
1,929,92900000,92900100,17418,29031,93000000,93000000
1,930,93000000,93000100,17418,29031,93100000,93100000
1,931,93100000,93100100,17418,29031,93200000,93200000
1,932,93200000,93200100,17418,29031,93300000,93300000
1,933,93300000,93300100,17418,29031,93400000,93400000
1,934,93400000,93400100,17418,29031,93500000,93500000
1,935,93500000,93500100,17418,29031,93600000,93600000
1,936,93600000,93600100,17418,29031,93700000,93700000
1,937,93700000,93700100,17418,29031,93800000,93800000
1,938,93800000,93800100,17418,29031,93900000,93900000
1,939,93900000,93900100,17418,29031,94000000,94000000
1,940,94000000,94000100,17418,29031,94100000,94100000
1,941,94100000,94100100,17418,29031,94200000,94200000
1,942,94200000,94200100,17418,29031,94300000,94300000
1,943,94300000,94300100,17418,29031,94400000,94400000
1,944,94400000,94400100,17418,29031,94500000,94500000
1,945,94500000,94500100,17418,29031,94600000,94600000
1,946,94600000,94600100,17418,29031,94700000,94700000
1,947,94700000,94700100,17418,29031,94800000,94800000
1,948,94800000,94800100,17418,29031,94900000,94900000
1,949,94900000,94900100,17418,29031,95000000,95000000
1,950,95000000,95000100,17418,29031,95100000,95100000
1,951,95100000,95100100,17418,29031,95200000,95200000
1,952,95200000,95200100,17418,29031,95300000,95300000
1,953,95300000,95300100,17418,29031,95400000,95400000
1,954,95400000,95400100,17418,29031,95500000,95500000
1,955,95500000,95500100,17418,29031,95600000,95600000
1,956,95600000,95600100,17418,29031,95700000,95700000
1,957,95700000,95700100,17418,29031,95800000,95800000
1,958,95800000,95800100,17418,29031,95900000,95900000
1,959,95900000,95900100,17418,29031,96000000,96000000
1,960,96000000,96000100,17418,29031,96100000,96100000
1,961,96100000,96100100,17418,29031,96200000,96200000
1,962,96200000,96200100,17418,29031,96300000,96300000
1,963,96300000,96300100,17418,29031,96400000,96400000
1,964,96400000,96400100,17418,29031,96500000,96500000
1,965,96500000,96500100,17418,29031,96600000,96600000
1,966,96600000,96600100,17418,29031,96700000,96700000
1,967,96700000,96700100,17418,29031,96800000,96800000
1,968,96800000,96800100,17418,29031,96900000,96900000
1,969,96900000,96900100,17418,29031,97000000,97000000
1,970,97000000,97000100,17418,29031,97100000,97100000
1,971,97100000,97100100,17418,29031,97200000,97200000
1,972,97200000,97200100,17418,29031,97300000,97300000
1,973,97300000,97300100,17418,29031,97400000,97400000
1,974,97400000,97400100,17418,29031,97500000,97500000
1,975,97500000,97500100,17418,29031,97600000,97600000
1,976,97600000,97600100,17418,29031,97700000,97700000
1,977,97700000,97700100,17418,29031,97800000,97800000
1,978,97800000,97800100,17418,29031,97900000,97900000
1,979,97900000,97900100,17418,29031,98000000,98000000
1,980,98000000,98000100,17418,29031,98100000,98100000
1,981,98100000,98100100,17418,29031,98200000,98200000
1,982,98200000,98200100,17418,29031,98300000,98300000
1,983,98300000,98300100,17418,29031,98400000,98400000
1,984,98400000,98400100,17418,29031,98500000,98500000
1,985,98500000,98500100,17418,29031,98600000,98600000
1,986,98600000,98600100,17418,29031,98700000,98700000
1,987,98700000,98700100,17418,29031,98800000,98800000
1,988,98800000,98800100,17418,29031,98900000,98900000
1,989,98900000,98900100,17418,29031,99000000,99000000
1,990,99000000,99000100,17418,29031,99100000,99100000
1,991,99100000,99100100,17418,29031,99200000,99200000
1,992,99200000,99200100,17418,29031,99300000,99300000
1,993,99300000,99300100,17418,29031,99400000,99400000
1,994,99400000,99400100,17418,29031,99500000,99500000
1,995,99500000,99500100,17418,29031,99600000,99600000
1,996,99600000,99600100,17418,29031,99700000,99700000
1,997,99700000,99700100,17418,29031,99800000,99800000
1,998,99800000,99800100,17418,29031,99900000,99900000
1,999,99900000,99900100,17418,29031,100000000,100000000
1,1000,100000000,100000100,17418,29031,100100000,100100000
1,1001,100100000,100100100,17418,29031,100200000,100200000
1,1002,100200000,100200100,17418,29031,100300000,100300000
1,1003,100300000,100300100,17418,29031,100400000,100400000
1,1004,100400000,100400100,17418,29031,100500000,100500000
1,1005,100500000,100500100,17418,29031,100600000,100600000
1,1006,100600000,100600100,17418,29031,100700000,100700000
1,1007,100700000,100700100,17418,29031,100800000,100800000
1,1008,100800000,100800100,17418,29031,100900000,100900000
1,1009,100900000,100900100,17418,29031,101000000,101000000
1,1010,101000000,101000100,17418,29031,101100000,101100000
1,1011,101100000,101100100,17418,29031,101200000,101200000
1,1012,101200000,101200100,17418,29031,101300000,101300000
1,1013,101300000,101300100,17418,29031,101400000,101400000
1,1014,101400000,101400100,17418,29031,101500000,101500000
1,1015,101500000,101500100,17418,29031,101600000,101600000
1,1016,101600000,101600100,17418,29031,101700000,101700000
1,1017,101700000,101700100,17418,29031,101800000,101800000
1,1018,101800000,101800100,17418,29031,101900000,101900000
1,1019,101900000,101900100,17418,29031,102000000,102000000
1,1020,102000000,102000100,17418,29031,102100000,102100000
1,1021,102100000,102100100,17418,29031,102200000,102200000
1,1022,102200000,102200100,17418,29031,102300000,102300000
1,1023,102300000,102300100,17418,29031,102400000,102400000
1,1024,102400000,102400100,17418,29031,102500000,102500000
1,1025,102500000,102500100,17418,29031,102600000,102600000
1,1026,102600000,102600100,17418,29031,102700000,102700000
1,1027,102700000,102700100,17418,29031,102800000,102800000
1,1028,102800000,102800100,17418,29031,102900000,102900000
1,1029,102900000,102900100,17418,29031,103000000,103000000
1,1030,103000000,103000100,17418,29031,103100000,103100000
1,1031,103100000,103100100,17418,29031,103200000,103200000
1,1032,103200000,103200100,17418,29031,103300000,103300000
1,1033,103300000,103300100,17418,29031,103400000,103400000
1,1034,103400000,103400100,17418,29031,103500000,103500000
1,1035,103500000,103500100,17418,29031,103600000,103600000
1,1036,103600000,103600100,17418,29031,103700000,103700000
1,1037,103700000,103700100,17418,29031,103800000,103800000
1,1038,103800000,103800100,17418,29031,103900000,103900000
1,1039,103900000,103900100,17418,29031,104000000,104000000
1,1040,104000000,104000100,17418,29031,104100000,104100000
1,1041,104100000,104100100,17418,29031,104200000,104200000
1,1042,104200000,104200100,17418,29031,104300000,104300000
1,1043,104300000,104300100,17418,29031,104400000,104400000
1,1044,104400000,104400100,17418,29031,104500000,104500000
1,1045,104500000,104500100,17418,29031,104600000,104600000
1,1046,104600000,104600100,17418,29031,104700000,104700000
1,1047,104700000,104700100,17418,29031,104800000,104800000
1,1048,104800000,104800100,17418,29031,104900000,104900000
1,1049,104900000,104900100,17418,29031,105000000,105000000
1,1050,105000000,105000100,17418,29031,105100000,105100000
1,1051,105100000,105100100,17418,29031,105200000,105200000
1,1052,105200000,105200100,17418,29031,105300000,105300000
1,1053,105300000,105300100,17418,29031,105400000,105400000
1,1054,105400000,105400100,17418,29031,105500000,105500000
1,1055,105500000,105500100,17418,29031,105600000,105600000
1,1056,105600000,105600100,17418,29031,105700000,105700000
1,1057,105700000,105700100,17418,29031,105800000,105800000
1,1058,105800000,105800100,17418,29031,105900000,105900000
1,1059,105900000,105900100,17418,29031,106000000,106000000
1,1060,106000000,106000100,17418,29031,106100000,106100000
1,1061,106100000,106100100,17418,29031,106200000,106200000
1,1062,106200000,106200100,17418,29031,106300000,106300000
1,1063,106300000,106300100,17418,29031,106400000,106400000
1,1064,106400000,106400100,17418,29031,106500000,106500000
1,1065,106500000,106500100,17418,29031,106600000,106600000
1,1066,106600000,106600100,17418,29031,106700000,106700000
1,1067,106700000,106700100,17418,29031,106800000,106800000
1,1068,106800000,106800100,17418,29031,106900000,106900000
1,1069,106900000,106900100,17418,29031,107000000,107000000
1,1070,107000000,107000100,17418,29031,107100000,107100000
1,1071,107100000,107100100,17418,29031,107200000,107200000
1,1072,107200000,107200100,17418,29031,107300000,107300000
1,1073,107300000,107300100,17418,29031,107400000,107400000
1,1074,107400000,107400100,17418,29031,107500000,107500000
1,1075,107500000,107500100,17418,29031,107600000,107600000
1,1076,107600000,107600100,17418,29031,107700000,107700000
1,1077,107700000,107700100,17418,29031,107800000,107800000
1,1078,107800000,107800100,17418,29031,107900000,107900000
1,1079,107900000,107900100,17418,29031,108000000,108000000
1,1080,108000000,108000100,17418,29031,108100000,108100000
1,1081,108100000,108100100,17418,29031,108200000,108200000
1,1082,108200000,108200100,17418,29031,108300000,108300000
1,1083,108300000,108300100,17418,29031,108400000,108400000
1,1084,108400000,108400100,17418,29031,108500000,108500000
1,1085,108500000,108500100,17418,29031,108600000,108600000
1,1086,108600000,108600100,17418,29031,108700000,108700000
1,1087,108700000,108700100,17418,29031,108800000,108800000
1,1088,108800000,108800100,17418,29031,108900000,108900000
1,1089,108900000,108900100,17418,29031,109000000,109000000
1,1090,109000000,109000100,17418,29031,109100000,109100000
1,1091,109100000,109100100,17418,29031,109200000,109200000
1,1092,109200000,109200100,17418,29031,109300000,109300000
1,1093,109300000,109300100,17418,29031,109400000,109400000
1,1094,109400000,109400100,17418,29031,109500000,109500000
1,1095,109500000,109500100,17418,29031,109600000,109600000
1,1096,109600000,109600100,17418,29031,109700000,109700000
1,1097,109700000,109700100,17418,29031,109800000,109800000
1,1098,109800000,109800100,17418,29031,109900000,109900000
1,1099,109900000,109900100,17418,29031,110000000,110000000
1,1100,110000000,110000100,17418,29031,110100000,110100000
1,1101,110100000,110100100,17418,29031,110200000,110200000
1,1102,110200000,110200100,17418,29031,110300000,110300000
1,1103,110300000,110300100,17418,29031,110400000,110400000
1,1104,110400000,110400100,17418,29031,110500000,110500000
1,1105,110500000,110500100,17418,29031,110600000,110600000
1,1106,110600000,110600100,17418,29031,110700000,110700000
1,1107,110700000,110700100,17418,29031,110800000,110800000
1,1108,110800000,110800100,17418,29031,110900000,110900000
1,1109,110900000,110900100,17418,29031,111000000,111000000
1,1110,111000000,111000100,17418,29031,111100000,111100000
1,1111,111100000,111100100,17418,29031,111200000,111200000
1,1112,111200000,111200100,17418,29031,111300000,111300000
1,1113,111300000,111300100,17418,29031,111400000,111400000
1,1114,111400000,111400100,17418,29031,111500000,111500000
1,1115,111500000,111500100,17418,29031,111600000,111600000
1,1116,111600000,111600100,17418,29031,111700000,111700000
1,1117,111700000,111700100,17418,29031,111800000,111800000
1,1118,111800000,111800100,17418,29031,111900000,111900000
1,1119,111900000,111900100,17418,29031,112000000,112000000
1,1120,112000000,112000100,17418,29031,112100000,112100000
1,1121,112100000,112100100,17418,29031,112200000,112200000
1,1122,112200000,112200100,17418,29031,112300000,112300000
1,1123,112300000,112300100,17418,29031,112400000,112400000
1,1124,112400000,112400100,17418,29031,112500000,112500000
1,1125,112500000,112500100,17418,29031,112600000,112600000
1,1126,112600000,112600100,17418,29031,112700000,112700000
1,1127,112700000,112700100,17418,29031,112800000,112800000
1,1128,112800000,112800100,17418,29031,112900000,112900000
1,1129,112900000,112900100,17418,29031,113000000,113000000
1,1130,113000000,113000100,17418,29031,113100000,113100000
1,1131,113100000,113100100,17418,29031,113200000,113200000
1,1132,113200000,113200100,17418,29031,113300000,113300000
1,1133,113300000,113300100,17418,29031,113400000,113400000
1,1134,113400000,113400100,17418,29031,113500000,113500000
1,1135,113500000,113500100,17418,29031,113600000,113600000
1,1136,113600000,113600100,17418,29031,113700000,113700000
1,1137,113700000,113700100,17418,29031,113800000,113800000
1,1138,113800000,113800100,17418,29031,113900000,113900000
1,1139,113900000,113900100,17418,29031,114000000,114000000
1,1140,114000000,114000100,17418,29031,114100000,114100000
1,1141,114100000,114100100,17418,29031,114200000,114200000
1,1142,114200000,114200100,17418,29031,114300000,114300000
1,1143,114300000,114300100,17418,29031,114400000,114400000
1,1144,114400000,114400100,17418,29031,114500000,114500000
1,1145,114500000,114500100,17418,29031,114600000,114600000
1,1146,114600000,114600100,17418,29031,114700000,114700000
1,1147,114700000,114700100,17418,29031,114800000,114800000
1,1148,114800000,114800100,17418,29031,114900000,114900000
1,1149,114900000,114900100,17418,29031,115000000,115000000
1,1150,115000000,115000100,17418,29031,115100000,115100000
1,1151,115100000,115100100,17418,29031,115200000,115200000
1,1152,115200000,115200100,17418,29031,115300000,115300000
1,1153,115300000,115300100,17418,29031,115400000,115400000
1,1154,115400000,115400100,17418,29031,115500000,115500000
1,1155,115500000,115500100,17418,29031,115600000,115600000
1,1156,115600000,115600100,17418,29031,115700000,115700000
1,1157,115700000,115700100,17418,29031,115800000,115800000
1,1158,115800000,115800100,17418,29031,115900000,115900000
1,1159,115900000,115900100,17418,29031,116000000,116000000
1,1160,116000000,116000100,17418,29031,116100000,116100000
1,1161,116100000,116100100,17418,29031,116200000,116200000
1,1162,116200000,116200100,17418,29031,116300000,116300000
1,1163,116300000,116300100,17418,29031,116400000,116400000
1,1164,116400000,116400100,17418,29031,116500000,116500000
1,1165,116500000,116500100,17418,29031,116600000,116600000
1,1166,116600000,116600100,17418,29031,116700000,116700000
1,1167,116700000,116700100,17418,29031,116800000,116800000
1,1168,116800000,116800100,17418,29031,116900000,116900000
1,1169,116900000,116900100,17418,29031,117000000,117000000
1,1170,117000000,117000100,17418,29031,117100000,117100000
1,1171,117100000,117100100,17418,29031,117200000,117200000
1,1172,117200000,117200100,17418,29031,117300000,117300000
1,1173,117300000,117300100,17418,29031,117400000,117400000
1,1174,117400000,117400100,17418,29031,117500000,117500000
1,1175,117500000,117500100,17418,29031,117600000,117600000
1,1176,117600000,117600100,17418,29031,117700000,117700000
1,1177,117700000,117700100,17418,29031,117800000,117800000
1,1178,117800000,117800100,17418,29031,117900000,117900000
1,1179,117900000,117900100,17418,29031,118000000,118000000
1,1180,118000000,118000100,17418,29031,118100000,118100000
1,1181,118100000,118100100,17418,29031,118200000,118200000
1,1182,118200000,118200100,17418,29031,118300000,118300000
1,1183,118300000,118300100,17418,29031,118400000,118400000
1,1184,118400000,118400100,17418,29031,118500000,118500000
1,1185,118500000,118500100,17418,29031,118600000,118600000
1,1186,118600000,118600100,17418,29031,118700000,118700000
1,1187,118700000,118700100,17418,29031,118800000,118800000
1,1188,118800000,118800100,17418,29031,118900000,118900000
1,1189,118900000,118900100,17418,29031,119000000,119000000
1,1190,119000000,119000100,17418,29031,119100000,119100000
1,1191,119100000,119100100,17418,29031,119200000,119200000
1,1192,119200000,119200100,17418,29031,119300000,119300000
1,1193,119300000,119300100,17418,29031,119400000,119400000
1,1194,119400000,119400100,17418,29031,119500000,119500000
1,1195,119500000,119500100,17418,29031,119600000,119600000
1,1196,119600000,119600100,17418,29031,119700000,119700000
1,1197,119700000,119700100,17418,29031,119800000,119800000
1,1198,119800000,119800100,17418,29031,119900000,119900000
1,1199,119900000,119900100,17418,29031,120000000,120000000
1,1200,120000000,120000100,17418,29031,120100000,120100000
1,1201,120100000,120100100,17418,29031,120200000,120200000
1,1202,120200000,120200100,17418,29031,120300000,120300000
1,1203,120300000,120300100,17418,29031,120400000,120400000
1,1204,120400000,120400100,17418,29031,120500000,120500000
1,1205,120500000,120500100,17418,29031,120600000,120600000
1,1206,120600000,120600100,17418,29031,120700000,120700000
1,1207,120700000,120700100,17418,29031,120800000,120800000
1,1208,120800000,120800100,17418,29031,120900000,120900000
1,1209,120900000,120900100,17418,29031,121000000,121000000
1,1210,121000000,121000100,17418,29031,121100000,121100000
1,1211,121100000,121100100,17418,29031,121200000,121200000
1,1212,121200000,121200100,17418,29031,121300000,121300000
1,1213,121300000,121300100,17418,29031,121400000,121400000
1,1214,121400000,121400100,17418,29031,121500000,121500000
1,1215,121500000,121500100,17418,29031,121600000,121600000
1,1216,121600000,121600100,17418,29031,121700000,121700000
1,1217,121700000,121700100,17418,29031,121800000,121800000
1,1218,121800000,121800100,17418,29031,121900000,121900000
1,1219,121900000,121900100,17418,29031,122000000,122000000
1,1220,122000000,122000100,17418,29031,122100000,122100000
1,1221,122100000,122100100,17418,29031,122200000,122200000
1,1222,122200000,122200100,17418,29031,122300000,122300000
1,1223,122300000,122300100,17418,29031,122400000,122400000
1,1224,122400000,122400100,17418,29031,122500000,122500000
1,1225,122500000,122500100,17418,29031,122600000,122600000
1,1226,122600000,122600100,17418,29031,122700000,122700000
1,1227,122700000,122700100,17418,29031,122800000,122800000
1,1228,122800000,122800100,17418,29031,122900000,122900000
1,1229,122900000,122900100,17418,29031,123000000,123000000
1,1230,123000000,123000100,17418,29031,123100000,123100000
1,1231,123100000,123100100,17418,29031,123200000,123200000
1,1232,123200000,123200100,17418,29031,123300000,123300000
1,1233,123300000,123300100,17418,29031,123400000,123400000
1,1234,123400000,123400100,17418,29031,123500000,123500000
1,1235,123500000,123500100,17418,29031,123600000,123600000
1,1236,123600000,123600100,17418,29031,123700000,123700000
1,1237,123700000,123700100,17418,29031,123800000,123800000
1,1238,123800000,123800100,17418,29031,123900000,123900000
1,1239,123900000,123900100,17418,29031,124000000,124000000
1,1240,124000000,124000100,17418,29031,124100000,124100000
1,1241,124100000,124100100,17418,29031,124200000,124200000
1,1242,124200000,124200100,17418,29031,124300000,124300000
1,1243,124300000,124300100,17418,29031,124400000,124400000
1,1244,124400000,124400100,17418,29031,124500000,124500000
1,1245,124500000,124500100,17418,29031,124600000,124600000
1,1246,124600000,124600100,17418,29031,124700000,124700000
1,1247,124700000,124700100,17418,29031,124800000,124800000
1,1248,124800000,124800100,17418,29031,124900000,124900000
1,1249,124900000,124900100,17418,29031,125000000,125000000
1,1250,125000000,125000100,17418,29031,125100000,125100000
1,1251,125100000,125100100,17418,29031,125200000,125200000
1,1252,125200000,125200100,17418,29031,125300000,125300000
1,1253,125300000,125300100,17418,29031,125400000,125400000
1,1254,125400000,125400100,17418,29031,125500000,125500000
1,1255,125500000,125500100,17418,29031,125600000,125600000
1,1256,125600000,125600100,17418,29031,125700000,125700000
1,1257,125700000,125700100,17418,29031,125800000,125800000
1,1258,125800000,125800100,17418,29031,125900000,125900000
1,1259,125900000,125900100,17418,29031,126000000,126000000
1,1260,126000000,126000100,17418,29031,126100000,126100000
1,1261,126100000,126100100,17418,29031,126200000,126200000
1,1262,126200000,126200100,17418,29031,126300000,126300000
1,1263,126300000,126300100,17418,29031,126400000,126400000
1,1264,126400000,126400100,17418,29031,126500000,126500000
1,1265,126500000,126500100,17418,29031,126600000,126600000
1,1266,126600000,126600100,17418,29031,126700000,126700000
1,1267,126700000,126700100,17418,29031,126800000,126800000
1,1268,126800000,126800100,17418,29031,126900000,126900000
1,1269,126900000,126900100,17418,29031,127000000,127000000
1,1270,127000000,127000100,17418,29031,127100000,127100000
1,1271,127100000,127100100,17418,29031,127200000,127200000
1,1272,127200000,127200100,17418,29031,127300000,127300000
1,1273,127300000,127300100,17418,29031,127400000,127400000
1,1274,127400000,127400100,17418,29031,127500000,127500000
1,1275,127500000,127500100,17418,29031,127600000,127600000
1,1276,127600000,127600100,17418,29031,127700000,127700000
1,1277,127700000,127700100,17418,29031,127800000,127800000
1,1278,127800000,127800100,17418,29031,127900000,127900000
1,1279,127900000,127900100,17418,29031,128000000,128000000
1,1280,128000000,128000100,17418,29031,128100000,128100000
1,1281,128100000,128100100,17418,29031,128200000,128200000
1,1282,128200000,128200100,17418,29031,128300000,128300000
1,1283,128300000,128300100,17418,29031,128400000,128400000
1,1284,128400000,128400100,17418,29031,128500000,128500000
1,1285,128500000,128500100,17418,29031,128600000,128600000
1,1286,128600000,128600100,17418,29031,128700000,128700000
1,1287,128700000,128700100,17418,29031,128800000,128800000
1,1288,128800000,128800100,17418,29031,128900000,128900000
1,1289,128900000,128900100,17418,29031,129000000,129000000
1,1290,129000000,129000100,17418,29031,129100000,129100000
1,1291,129100000,129100100,17418,29031,129200000,129200000
1,1292,129200000,129200100,17418,29031,129300000,129300000
1,1293,129300000,129300100,17418,29031,129400000,129400000
1,1294,129400000,129400100,17418,29031,129500000,129500000
1,1295,129500000,129500100,17418,29031,129600000,129600000
1,1296,129600000,129600100,17418,29031,129700000,129700000
1,1297,129700000,129700100,17418,29031,129800000,129800000
1,1298,129800000,129800100,17418,29031,129900000,129900000
1,1299,129900000,129900100,17418,29031,130000000,130000000
1,1300,130000000,130000100,17418,29031,130100000,130100000
1,1301,130100000,130100100,17418,29031,130200000,130200000
1,1302,130200000,130200100,17418,29031,130300000,130300000
1,1303,130300000,130300100,17418,29031,130400000,130400000
1,1304,130400000,130400100,17418,29031,130500000,130500000
1,1305,130500000,130500100,17418,29031,130600000,130600000
1,1306,130600000,130600100,17418,29031,130700000,130700000
1,1307,130700000,130700100,17418,29031,130800000,130800000
1,1308,130800000,130800100,17418,29031,130900000,130900000
1,1309,130900000,130900100,17418,29031,131000000,131000000
1,1310,131000000,131000100,17418,29031,131100000,131100000
1,1311,131100000,131100100,17418,29031,131200000,131200000
1,1312,131200000,131200100,17418,29031,131300000,131300000
1,1313,131300000,131300100,17418,29031,131400000,131400000
1,1314,131400000,131400100,17418,29031,131500000,131500000
1,1315,131500000,131500100,17418,29031,131600000,131600000
1,1316,131600000,131600100,17418,29031,131700000,131700000
1,1317,131700000,131700100,17418,29031,131800000,131800000
1,1318,131800000,131800100,17418,29031,131900000,131900000
1,1319,131900000,131900100,17418,29031,132000000,132000000
1,1320,132000000,132000100,17418,29031,132100000,132100000
1,1321,132100000,132100100,17418,29031,132200000,132200000
1,1322,132200000,132200100,17418,29031,132300000,132300000
1,1323,132300000,132300100,17418,29031,132400000,132400000
1,1324,132400000,132400100,17418,29031,132500000,132500000
1,1325,132500000,132500100,17418,29031,132600000,132600000
1,1326,132600000,132600100,17418,29031,132700000,132700000
1,1327,132700000,132700100,17418,29031,132800000,132800000
1,1328,132800000,132800100,17418,29031,132900000,132900000
1,1329,132900000,132900100,17418,29031,133000000,133000000
1,1330,133000000,133000100,17418,29031,133100000,133100000
1,1331,133100000,133100100,17418,29031,133200000,133200000
1,1332,133200000,133200100,17418,29031,133300000,133300000
1,1333,133300000,133300100,17418,29031,133400000,133400000
1,1334,133400000,133400100,17418,29031,133500000,133500000
1,1335,133500000,133500100,17418,29031,133600000,133600000
1,1336,133600000,133600100,17418,29031,133700000,133700000
1,1337,133700000,133700100,17418,29031,133800000,133800000
1,1338,133800000,133800100,17418,29031,133900000,133900000
1,1339,133900000,133900100,17418,29031,134000000,134000000
1,1340,134000000,134000100,17418,29031,134100000,134100000
1,1341,134100000,134100100,17418,29031,134200000,134200000
1,1342,134200000,134200100,17418,29031,134300000,134300000
1,1343,134300000,134300100,17418,29031,134400000,134400000
1,1344,134400000,134400100,17418,29031,134500000,134500000
1,1345,134500000,134500100,17418,29031,134600000,134600000
1,1346,134600000,134600100,17418,29031,134700000,134700000
1,1347,134700000,134700100,17418,29031,134800000,134800000
1,1348,134800000,134800100,17418,29031,134900000,134900000
1,1349,134900000,134900100,17418,29031,135000000,135000000
1,1350,135000000,135000100,17418,29031,135100000,135100000
1,1351,135100000,135100100,17418,29031,135200000,135200000
1,1352,135200000,135200100,17418,29031,135300000,135300000
1,1353,135300000,135300100,17418,29031,135400000,135400000
1,1354,135400000,135400100,17418,29031,135500000,135500000
1,1355,135500000,135500100,17418,29031,135600000,135600000
1,1356,135600000,135600100,17418,29031,135700000,135700000
1,1357,135700000,135700100,17418,29031,135800000,135800000
1,1358,135800000,135800100,17418,29031,135900000,135900000
1,1359,135900000,135900100,17418,29031,136000000,136000000
1,1360,136000000,136000100,17418,29031,136100000,136100000
1,1361,136100000,136100100,17418,29031,136200000,136200000
1,1362,136200000,136200100,17418,29031,136300000,136300000
1,1363,136300000,136300100,17418,29031,136400000,136400000
1,1364,136400000,136400100,17418,29031,136500000,136500000
1,1365,136500000,136500100,17418,29031,136600000,136600000
1,1366,136600000,136600100,17418,29031,136700000,136700000
1,1367,136700000,136700100,17418,29031,136800000,136800000
1,1368,136800000,136800100,17418,29031,136900000,136900000
1,1369,136900000,136900100,17418,29031,137000000,137000000
1,1370,137000000,137000100,17418,29031,137100000,137100000
1,1371,137100000,137100100,17418,29031,137200000,137200000
1,1372,137200000,137200100,17418,29031,137300000,137300000
1,1373,137300000,137300100,17418,29031,137400000,137400000
1,1374,137400000,137400100,17418,29031,137500000,137500000
1,1375,137500000,137500100,17418,29031,137600000,137600000
1,1376,137600000,137600100,17418,29031,137700000,137700000
1,1377,137700000,137700100,17418,29031,137800000,137800000
1,1378,137800000,137800100,17418,29031,137900000,137900000
1,1379,137900000,137900100,17418,29031,138000000,138000000
1,1380,138000000,138000100,17418,29031,138100000,138100000
1,1381,138100000,138100100,17418,29031,138200000,138200000
1,1382,138200000,138200100,17418,29031,138300000,138300000
1,1383,138300000,138300100,17418,29031,138400000,138400000
1,1384,138400000,138400100,17418,29031,138500000,138500000
1,1385,138500000,138500100,17418,29031,138600000,138600000
1,1386,138600000,138600100,17418,29031,138700000,138700000
1,1387,138700000,138700100,17418,29031,138800000,138800000
1,1388,138800000,138800100,17418,29031,138900000,138900000
1,1389,138900000,138900100,17418,29031,139000000,139000000
1,1390,139000000,139000100,17418,29031,139100000,139100000
1,1391,139100000,139100100,17418,29031,139200000,139200000
1,1392,139200000,139200100,17418,29031,139300000,139300000
1,1393,139300000,139300100,17418,29031,139400000,139400000
1,1394,139400000,139400100,17418,29031,139500000,139500000
1,1395,139500000,139500100,17418,29031,139600000,139600000
1,1396,139600000,139600100,17418,29031,139700000,139700000
1,1397,139700000,139700100,17418,29031,139800000,139800000
1,1398,139800000,139800100,17418,29031,139900000,139900000
1,1399,139900000,139900100,17418,29031,140000000,140000000
1,1400,140000000,140000100,17418,29031,140100000,140100000
1,1401,140100000,140100100,17418,29031,140200000,140200000
1,1402,140200000,140200100,17418,29031,140300000,140300000
1,1403,140300000,140300100,17418,29031,140400000,140400000
1,1404,140400000,140400100,17418,29031,140500000,140500000
1,1405,140500000,140500100,17418,29031,140600000,140600000
1,1406,140600000,140600100,17418,29031,140700000,140700000
1,1407,140700000,140700100,17418,29031,140800000,140800000
1,1408,140800000,140800100,17418,29031,140900000,140900000
1,1409,140900000,140900100,17418,29031,141000000,141000000
1,1410,141000000,141000100,17418,29031,141100000,141100000
1,1411,141100000,141100100,17418,29031,141200000,141200000
1,1412,141200000,141200100,17418,29031,141300000,141300000
1,1413,141300000,141300100,17418,29031,141400000,141400000
1,1414,141400000,141400100,17418,29031,141500000,141500000
1,1415,141500000,141500100,17418,29031,141600000,141600000
1,1416,141600000,141600100,17418,29031,141700000,141700000
1,1417,141700000,141700100,17418,29031,141800000,141800000
1,1418,141800000,141800100,17418,29031,141900000,141900000
1,1419,141900000,141900100,17418,29031,142000000,142000000
1,1420,142000000,142000100,17418,29031,142100000,142100000
1,1421,142100000,142100100,17418,29031,142200000,142200000
1,1422,142200000,142200100,17418,29031,142300000,142300000
1,1423,142300000,142300100,17418,29031,142400000,142400000
1,1424,142400000,142400100,17418,29031,142500000,142500000
1,1425,142500000,142500100,17418,29031,142600000,142600000
1,1426,142600000,142600100,17418,29031,142700000,142700000
1,1427,142700000,142700100,17418,29031,142800000,142800000
1,1428,142800000,142800100,17418,29031,142900000,142900000
1,1429,142900000,142900100,17418,29031,143000000,143000000
1,1430,143000000,143000100,17418,29031,143100000,143100000
1,1431,143100000,143100100,17418,29031,143200000,143200000
1,1432,143200000,143200100,17418,29031,143300000,143300000
1,1433,143300000,143300100,17418,29031,143400000,143400000
1,1434,143400000,143400100,17418,29031,143500000,143500000
1,1435,143500000,143500100,17418,29031,143600000,143600000
1,1436,143600000,143600100,17418,29031,143700000,143700000
1,1437,143700000,143700100,17418,29031,143800000,143800000
1,1438,143800000,143800100,17418,29031,143900000,143900000
1,1439,143900000,143900100,17418,29031,144000000,144000000
1,1440,144000000,144000100,17418,29031,144100000,144100000
1,1441,144100000,144100100,17418,29031,144200000,144200000
1,1442,144200000,144200100,17418,29031,144300000,144300000
1,1443,144300000,144300100,17418,29031,144400000,144400000
1,1444,144400000,144400100,17418,29031,144500000,144500000
1,1445,144500000,144500100,17418,29031,144600000,144600000
1,1446,144600000,144600100,17418,29031,144700000,144700000
1,1447,144700000,144700100,17418,29031,144800000,144800000
1,1448,144800000,144800100,17418,29031,144900000,144900000
1,1449,144900000,144900100,17418,29031,145000000,145000000
1,1450,145000000,145000100,17418,29031,145100000,145100000
1,1451,145100000,145100100,17418,29031,145200000,145200000
1,1452,145200000,145200100,17418,29031,145300000,145300000
1,1453,145300000,145300100,17418,29031,145400000,145400000
1,1454,145400000,145400100,17418,29031,145500000,145500000
1,1455,145500000,145500100,17418,29031,145600000,145600000
1,1456,145600000,145600100,17418,29031,145700000,145700000
1,1457,145700000,145700100,17418,29031,145800000,145800000
1,1458,145800000,145800100,17418,29031,145900000,145900000
1,1459,145900000,145900100,17418,29031,146000000,146000000
1,1460,146000000,146000100,17418,29031,146100000,146100000
1,1461,146100000,146100100,17418,29031,146200000,146200000
1,1462,146200000,146200100,17418,29031,146300000,146300000
1,1463,146300000,146300100,17418,29031,146400000,146400000
1,1464,146400000,146400100,17418,29031,146500000,146500000
1,1465,146500000,146500100,17418,29031,146600000,146600000
1,1466,146600000,146600100,17418,29031,146700000,146700000
1,1467,146700000,146700100,17418,29031,146800000,146800000
1,1468,146800000,146800100,17418,29031,146900000,146900000
1,1469,146900000,146900100,17418,29031,147000000,147000000
1,1470,147000000,147000100,17418,29031,147100000,147100000
1,1471,147100000,147100100,17418,29031,147200000,147200000
1,1472,147200000,147200100,17418,29031,147300000,147300000
1,1473,147300000,147300100,17418,29031,147400000,147400000
1,1474,147400000,147400100,17418,29031,147500000,147500000
1,1475,147500000,147500100,17418,29031,147600000,147600000
1,1476,147600000,147600100,17418,29031,147700000,147700000
1,1477,147700000,147700100,17418,29031,147800000,147800000
1,1478,147800000,147800100,17418,29031,147900000,147900000
1,1479,147900000,147900100,17418,29031,148000000,148000000
1,1480,148000000,148000100,17418,29031,148100000,148100000
1,1481,148100000,148100100,17418,29031,148200000,148200000
1,1482,148200000,148200100,17418,29031,148300000,148300000
1,1483,148300000,148300100,17418,29031,148400000,148400000
1,1484,148400000,148400100,17418,29031,148500000,148500000
1,1485,148500000,148500100,17418,29031,148600000,148600000
1,1486,148600000,148600100,17418,29031,148700000,148700000
1,1487,148700000,148700100,17418,29031,148800000,148800000
1,1488,148800000,148800100,17418,29031,148900000,148900000
1,1489,148900000,148900100,17418,29031,149000000,149000000
1,1490,149000000,149000100,17418,29031,149100000,149100000
1,1491,149100000,149100100,17418,29031,149200000,149200000
1,1492,149200000,149200100,17418,29031,149300000,149300000
1,1493,149300000,149300100,17418,29031,149400000,149400000
1,1494,149400000,149400100,17418,29031,149500000,149500000
1,1495,149500000,149500100,17418,29031,149600000,149600000
1,1496,149600000,149600100,17418,29031,149700000,149700000
1,1497,149700000,149700100,17418,29031,149800000,149800000
1,1498,149800000,149800100,17418,29031,149900000,149900000
1,1499,149900000,149900100,17418,29031,150000000,150000000
1,1500,150000000,150000100,17418,29031,150100000,150100000
1,1501,150100000,150100100,17418,29031,150200000,150200000
1,1502,150200000,150200100,17418,29031,150300000,150300000
1,1503,150300000,150300100,17418,29031,150400000,150400000
1,1504,150400000,150400100,17418,29031,150500000,150500000
1,1505,150500000,150500100,17418,29031,150600000,150600000
1,1506,150600000,150600100,17418,29031,150700000,150700000
1,1507,150700000,150700100,17418,29031,150800000,150800000
1,1508,150800000,150800100,17418,29031,150900000,150900000
1,1509,150900000,150900100,17418,29031,151000000,151000000
1,1510,151000000,151000100,17418,29031,151100000,151100000
1,1511,151100000,151100100,17418,29031,151200000,151200000
1,1512,151200000,151200100,17418,29031,151300000,151300000
1,1513,151300000,151300100,17418,29031,151400000,151400000
1,1514,151400000,151400100,17418,29031,151500000,151500000
1,1515,151500000,151500100,17418,29031,151600000,151600000
1,1516,151600000,151600100,17418,29031,151700000,151700000
1,1517,151700000,151700100,17418,29031,151800000,151800000
1,1518,151800000,151800100,17418,29031,151900000,151900000
1,1519,151900000,151900100,17418,29031,152000000,152000000
1,1520,152000000,152000100,17418,29031,152100000,152100000
1,1521,152100000,152100100,17418,29031,152200000,152200000
1,1522,152200000,152200100,17418,29031,152300000,152300000
1,1523,152300000,152300100,17418,29031,152400000,152400000
1,1524,152400000,152400100,17418,29031,152500000,152500000
1,1525,152500000,152500100,17418,29031,152600000,152600000
1,1526,152600000,152600100,17418,29031,152700000,152700000
1,1527,152700000,152700100,17418,29031,152800000,152800000
1,1528,152800000,152800100,17418,29031,152900000,152900000
1,1529,152900000,152900100,17418,29031,153000000,153000000
1,1530,153000000,153000100,17418,29031,153100000,153100000
1,1531,153100000,153100100,17418,29031,153200000,153200000
1,1532,153200000,153200100,17418,29031,153300000,153300000
1,1533,153300000,153300100,17418,29031,153400000,153400000
1,1534,153400000,153400100,17418,29031,153500000,153500000
1,1535,153500000,153500100,17418,29031,153600000,153600000
1,1536,153600000,153600100,17418,29031,153700000,153700000
1,1537,153700000,153700100,17418,29031,153800000,153800000
1,1538,153800000,153800100,17418,29031,153900000,153900000
1,1539,153900000,153900100,17418,29031,154000000,154000000
1,1540,154000000,154000100,17418,29031,154100000,154100000
1,1541,154100000,154100100,17418,29031,154200000,154200000
1,1542,154200000,154200100,17418,29031,154300000,154300000
1,1543,154300000,154300100,17418,29031,154400000,154400000
1,1544,154400000,154400100,17418,29031,154500000,154500000
1,1545,154500000,154500100,17418,29031,154600000,154600000
1,1546,154600000,154600100,17418,29031,154700000,154700000
1,1547,154700000,154700100,17418,29031,154800000,154800000
1,1548,154800000,154800100,17418,29031,154900000,154900000
1,1549,154900000,154900100,17418,29031,155000000,155000000
1,1550,155000000,155000100,17418,29031,155100000,155100000
1,1551,155100000,155100100,17418,29031,155200000,155200000
1,1552,155200000,155200100,17418,29031,155300000,155300000
1,1553,155300000,155300100,17418,29031,155400000,155400000
1,1554,155400000,155400100,17418,29031,155500000,155500000
1,1555,155500000,155500100,17418,29031,155600000,155600000
1,1556,155600000,155600100,17418,29031,155700000,155700000
1,1557,155700000,155700100,17418,29031,155800000,155800000
1,1558,155800000,155800100,17418,29031,155900000,155900000
1,1559,155900000,155900100,17418,29031,156000000,156000000
1,1560,156000000,156000100,17418,29031,156100000,156100000
1,1561,156100000,156100100,17418,29031,156200000,156200000
1,1562,156200000,156200100,17418,29031,156300000,156300000
1,1563,156300000,156300100,17418,29031,156400000,156400000
1,1564,156400000,156400100,17418,29031,156500000,156500000
1,1565,156500000,156500100,17418,29031,156600000,156600000
1,1566,156600000,156600100,17418,29031,156700000,156700000
1,1567,156700000,156700100,17418,29031,156800000,156800000
1,1568,156800000,156800100,17418,29031,156900000,156900000
1,1569,156900000,156900100,17418,29031,157000000,157000000
1,1570,157000000,157000100,17418,29031,157100000,157100000
1,1571,157100000,157100100,17418,29031,157200000,157200000
1,1572,157200000,157200100,17418,29031,157300000,157300000
1,1573,157300000,157300100,17418,29031,157400000,157400000
1,1574,157400000,157400100,17418,29031,157500000,157500000
1,1575,157500000,157500100,17418,29031,157600000,157600000
1,1576,157600000,157600100,17418,29031,157700000,157700000
1,1577,157700000,157700100,17418,29031,157800000,157800000
1,1578,157800000,157800100,17418,29031,157900000,157900000
1,1579,157900000,157900100,17418,29031,158000000,158000000
1,1580,158000000,158000100,17418,29031,158100000,158100000
1,1581,158100000,158100100,17418,29031,158200000,158200000
1,1582,158200000,158200100,17418,29031,158300000,158300000
1,1583,158300000,158300100,17418,29031,158400000,158400000
1,1584,158400000,158400100,17418,29031,158500000,158500000
1,1585,158500000,158500100,17418,29031,158600000,158600000
1,1586,158600000,158600100,17418,29031,158700000,158700000
1,1587,158700000,158700100,17418,29031,158800000,158800000
1,1588,158800000,158800100,17418,29031,158900000,158900000
1,1589,158900000,158900100,17418,29031,159000000,159000000
1,1590,159000000,159000100,17418,29031,159100000,159100000
1,1591,159100000,159100100,17418,29031,159200000,159200000
1,1592,159200000,159200100,17418,29031,159300000,159300000
1,1593,159300000,159300100,17418,29031,159400000,159400000
1,1594,159400000,159400100,17418,29031,159500000,159500000
1,1595,159500000,159500100,17418,29031,159600000,159600000
1,1596,159600000,159600100,17418,29031,159700000,159700000
1,1597,159700000,159700100,17418,29031,159800000,159800000
1,1598,159800000,159800100,17418,29031,159900000,159900000
1,1599,159900000,159900100,17418,29031,160000000,160000000
1,1600,160000000,160000100,17418,29031,160100000,160100000
1,1601,160100000,160100100,17418,29031,160200000,160200000
1,1602,160200000,160200100,17418,29031,160300000,160300000
1,1603,160300000,160300100,17418,29031,160400000,160400000
1,1604,160400000,160400100,17418,29031,160500000,160500000
1,1605,160500000,160500100,17418,29031,160600000,160600000
1,1606,160600000,160600100,17418,29031,160700000,160700000
1,1607,160700000,160700100,17418,29031,160800000,160800000
1,1608,160800000,160800100,17418,29031,160900000,160900000
1,1609,160900000,160900100,17418,29031,161000000,161000000
1,1610,161000000,161000100,17418,29031,161100000,161100000
1,1611,161100000,161100100,17418,29031,161200000,161200000
1,1612,161200000,161200100,17418,29031,161300000,161300000
1,1613,161300000,161300100,17418,29031,161400000,161400000
1,1614,161400000,161400100,17418,29031,161500000,161500000
1,1615,161500000,161500100,17418,29031,161600000,161600000
1,1616,161600000,161600100,17418,29031,161700000,161700000
1,1617,161700000,161700100,17418,29031,161800000,161800000
1,1618,161800000,161800100,17418,29031,161900000,161900000
1,1619,161900000,161900100,17418,29031,162000000,162000000
1,1620,162000000,162000100,17418,29031,162100000,162100000
1,1621,162100000,162100100,17418,29031,162200000,162200000
1,1622,162200000,162200100,17418,29031,162300000,162300000
1,1623,162300000,162300100,17418,29031,162400000,162400000
1,1624,162400000,162400100,17418,29031,162500000,162500000
1,1625,162500000,162500100,17418,29031,162600000,162600000
1,1626,162600000,162600100,17418,29031,162700000,162700000
1,1627,162700000,162700100,17418,29031,162800000,162800000
1,1628,162800000,162800100,17418,29031,162900000,162900000
1,1629,162900000,162900100,17418,29031,163000000,163000000
1,1630,163000000,163000100,17418,29031,163100000,163100000
1,1631,163100000,163100100,17418,29031,163200000,163200000
1,1632,163200000,163200100,17418,29031,163300000,163300000
1,1633,163300000,163300100,17418,29031,163400000,163400000
1,1634,163400000,163400100,17418,29031,163500000,163500000
1,1635,163500000,163500100,17418,29031,163600000,163600000
1,1636,163600000,163600100,17418,29031,163700000,163700000
1,1637,163700000,163700100,17418,29031,163800000,163800000
1,1638,163800000,163800100,17418,29031,163900000,163900000
1,1639,163900000,163900100,17418,29031,164000000,164000000
1,1640,164000000,164000100,17418,29031,164100000,164100000
1,1641,164100000,164100100,17418,29031,164200000,164200000
1,1642,164200000,164200100,17418,29031,164300000,164300000
1,1643,164300000,164300100,17418,29031,164400000,164400000
1,1644,164400000,164400100,17418,29031,164500000,164500000
1,1645,164500000,164500100,17418,29031,164600000,164600000
1,1646,164600000,164600100,17418,29031,164700000,164700000
1,1647,164700000,164700100,17418,29031,164800000,164800000
1,1648,164800000,164800100,17418,29031,164900000,164900000
1,1649,164900000,164900100,17418,29031,165000000,165000000
1,1650,165000000,165000100,17418,29031,165100000,165100000
1,1651,165100000,165100100,17418,29031,165200000,165200000
1,1652,165200000,165200100,17418,29031,165300000,165300000
1,1653,165300000,165300100,17418,29031,165400000,165400000
1,1654,165400000,165400100,17418,29031,165500000,165500000
1,1655,165500000,165500100,17418,29031,165600000,165600000
1,1656,165600000,165600100,17418,29031,165700000,165700000
1,1657,165700000,165700100,17418,29031,165800000,165800000
1,1658,165800000,165800100,17418,29031,165900000,165900000
1,1659,165900000,165900100,17418,29031,166000000,166000000
1,1660,166000000,166000100,17418,29031,166100000,166100000
1,1661,166100000,166100100,17418,29031,166200000,166200000
1,1662,166200000,166200100,17418,29031,166300000,166300000
1,1663,166300000,166300100,17418,29031,166400000,166400000
1,1664,166400000,166400100,17418,29031,166500000,166500000
1,1665,166500000,166500100,17418,29031,166600000,166600000
1,1666,166600000,166600100,17418,29031,166700000,166700000
1,1667,166700000,166700100,17418,29031,166800000,166800000
1,1668,166800000,166800100,17418,29031,166900000,166900000
1,1669,166900000,166900100,17418,29031,167000000,167000000
1,1670,167000000,167000100,17418,29031,167100000,167100000
1,1671,167100000,167100100,17418,29031,167200000,167200000
1,1672,167200000,167200100,17418,29031,167300000,167300000
1,1673,167300000,167300100,17418,29031,167400000,167400000
1,1674,167400000,167400100,17418,29031,167500000,167500000
1,1675,167500000,167500100,17418,29031,167600000,167600000
1,1676,167600000,167600100,17418,29031,167700000,167700000
1,1677,167700000,167700100,17418,29031,167800000,167800000
1,1678,167800000,167800100,17418,29031,167900000,167900000
1,1679,167900000,167900100,17418,29031,168000000,168000000
1,1680,168000000,168000100,17418,29031,168100000,168100000
1,1681,168100000,168100100,17418,29031,168200000,168200000
1,1682,168200000,168200100,17418,29031,168300000,168300000
1,1683,168300000,168300100,17418,29031,168400000,168400000
1,1684,168400000,168400100,17418,29031,168500000,168500000
1,1685,168500000,168500100,17418,29031,168600000,168600000
1,1686,168600000,168600100,17418,29031,168700000,168700000
1,1687,168700000,168700100,17418,29031,168800000,168800000
1,1688,168800000,168800100,17418,29031,168900000,168900000
1,1689,168900000,168900100,17418,29031,169000000,169000000
1,1690,169000000,169000100,17418,29031,169100000,169100000
1,1691,169100000,169100100,17418,29031,169200000,169200000
1,1692,169200000,169200100,17418,29031,169300000,169300000
1,1693,169300000,169300100,17418,29031,169400000,169400000
1,1694,169400000,169400100,17418,29031,169500000,169500000
1,1695,169500000,169500100,17418,29031,169600000,169600000
1,1696,169600000,169600100,17418,29031,169700000,169700000
1,1697,169700000,169700100,17418,29031,169800000,169800000
1,1698,169800000,169800100,17418,29031,169900000,169900000
1,1699,169900000,169900100,17418,29031,170000000,170000000
1,1700,170000000,170000100,17418,29031,170100000,170100000
1,1701,170100000,170100100,17418,29031,170200000,170200000
1,1702,170200000,170200100,17418,29031,170300000,170300000
1,1703,170300000,170300100,17418,29031,170400000,170400000
1,1704,170400000,170400100,17418,29031,170500000,170500000
1,1705,170500000,170500100,17418,29031,170600000,170600000
1,1706,170600000,170600100,17418,29031,170700000,170700000
1,1707,170700000,170700100,17418,29031,170800000,170800000
1,1708,170800000,170800100,17418,29031,170900000,170900000
1,1709,170900000,170900100,17418,29031,171000000,171000000
1,1710,171000000,171000100,17418,29031,171100000,171100000
1,1711,171100000,171100100,17418,29031,171200000,171200000
1,1712,171200000,171200100,17418,29031,171300000,171300000
1,1713,171300000,171300100,17418,29031,171400000,171400000
1,1714,171400000,171400100,17418,29031,171500000,171500000
1,1715,171500000,171500100,17418,29031,171600000,171600000
1,1716,171600000,171600100,17418,29031,171700000,171700000
1,1717,171700000,171700100,17418,29031,171800000,171800000
1,1718,171800000,171800100,17418,29031,171900000,171900000
1,1719,171900000,171900100,17418,29031,172000000,172000000
1,1720,172000000,172000100,17418,29031,172100000,172100000
1,1721,172100000,172100100,17418,29031,172200000,172200000
1,1722,172200000,172200100,17418,29031,172300000,172300000
1,1723,172300000,172300100,17418,29031,172400000,172400000
1,1724,172400000,172400100,17418,29031,172500000,172500000
1,1725,172500000,172500100,17418,29031,172600000,172600000
1,1726,172600000,172600100,17418,29031,172700000,172700000
1,1727,172700000,172700100,17418,29031,172800000,172800000
1,1728,172800000,172800100,17418,29031,172900000,172900000
1,1729,172900000,172900100,17418,29031,173000000,173000000
1,1730,173000000,173000100,17418,29031,173100000,173100000
1,1731,173100000,173100100,17418,29031,173200000,173200000
1,1732,173200000,173200100,17418,29031,173300000,173300000
1,1733,173300000,173300100,17418,29031,173400000,173400000
1,1734,173400000,173400100,17418,29031,173500000,173500000
1,1735,173500000,173500100,17418,29031,173600000,173600000
1,1736,173600000,173600100,17418,29031,173700000,173700000
1,1737,173700000,173700100,17418,29031,173800000,173800000
1,1738,173800000,173800100,17418,29031,173900000,173900000
1,1739,173900000,173900100,17418,29031,174000000,174000000
1,1740,174000000,174000100,17418,29031,174100000,174100000
1,1741,174100000,174100100,17418,29031,174200000,174200000
1,1742,174200000,174200100,17418,29031,174300000,174300000
1,1743,174300000,174300100,17418,29031,174400000,174400000
1,1744,174400000,174400100,17418,29031,174500000,174500000
1,1745,174500000,174500100,17418,29031,174600000,174600000
1,1746,174600000,174600100,17418,29031,174700000,174700000
1,1747,174700000,174700100,17418,29031,174800000,174800000
1,1748,174800000,174800100,17418,29031,174900000,174900000
1,1749,174900000,174900100,17418,29031,175000000,175000000
1,1750,175000000,175000100,17418,29031,175100000,175100000
1,1751,175100000,175100100,17418,29031,175200000,175200000
1,1752,175200000,175200100,17418,29031,175300000,175300000
1,1753,175300000,175300100,17418,29031,175400000,175400000
1,1754,175400000,175400100,17418,29031,175500000,175500000
1,1755,175500000,175500100,17418,29031,175600000,175600000
1,1756,175600000,175600100,17418,29031,175700000,175700000
1,1757,175700000,175700100,17418,29031,175800000,175800000
1,1758,175800000,175800100,17418,29031,175900000,175900000
1,1759,175900000,175900100,17418,29031,176000000,176000000
1,1760,176000000,176000100,17418,29031,176100000,176100000
1,1761,176100000,176100100,17418,29031,176200000,176200000
1,1762,176200000,176200100,17418,29031,176300000,176300000
1,1763,176300000,176300100,17418,29031,176400000,176400000
1,1764,176400000,176400100,17418,29031,176500000,176500000
1,1765,176500000,176500100,17418,29031,176600000,176600000
1,1766,176600000,176600100,17418,29031,176700000,176700000
1,1767,176700000,176700100,17418,29031,176800000,176800000
1,1768,176800000,176800100,17418,29031,176900000,176900000
1,1769,176900000,176900100,17418,29031,177000000,177000000
1,1770,177000000,177000100,17418,29031,177100000,177100000
1,1771,177100000,177100100,17418,29031,177200000,177200000
1,1772,177200000,177200100,17418,29031,177300000,177300000
1,1773,177300000,177300100,17418,29031,177400000,177400000
1,1774,177400000,177400100,17418,29031,177500000,177500000
1,1775,177500000,177500100,17418,29031,177600000,177600000
1,1776,177600000,177600100,17418,29031,177700000,177700000
1,1777,177700000,177700100,17418,29031,177800000,177800000
1,1778,177800000,177800100,17418,29031,177900000,177900000
1,1779,177900000,177900100,17418,29031,178000000,178000000
1,1780,178000000,178000100,17418,29031,178100000,178100000
1,1781,178100000,178100100,17418,29031,178200000,178200000
1,1782,178200000,178200100,17418,29031,178300000,178300000
1,1783,178300000,178300100,17418,29031,178400000,178400000
1,1784,178400000,178400100,17418,29031,178500000,178500000
1,1785,178500000,178500100,17418,29031,178600000,178600000
1,1786,178600000,178600100,17418,29031,178700000,178700000
1,1787,178700000,178700100,17418,29031,178800000,178800000
1,1788,178800000,178800100,17418,29031,178900000,178900000
1,1789,178900000,178900100,17418,29031,179000000,179000000
1,1790,179000000,179000100,17418,29031,179100000,179100000
1,1791,179100000,179100100,17418,29031,179200000,179200000
1,1792,179200000,179200100,17418,29031,179300000,179300000
1,1793,179300000,179300100,17418,29031,179400000,179400000
1,1794,179400000,179400100,17418,29031,179500000,179500000
1,1795,179500000,179500100,17418,29031,179600000,179600000
1,1796,179600000,179600100,17418,29031,179700000,179700000
1,1797,179700000,179700100,17418,29031,179800000,179800000
1,1798,179800000,179800100,17418,29031,179900000,179900000
1,1799,179900000,179900100,17418,29031,180000000,180000000
1,1800,180000000,180000100,17418,29031,180100000,180100000
1,1801,180100000,180100100,17418,29031,180200000,180200000
1,1802,180200000,180200100,17418,29031,180300000,180300000
1,1803,180300000,180300100,17418,29031,180400000,180400000
1,1804,180400000,180400100,17418,29031,180500000,180500000
1,1805,180500000,180500100,17418,29031,180600000,180600000
1,1806,180600000,180600100,17418,29031,180700000,180700000
1,1807,180700000,180700100,17418,29031,180800000,180800000
1,1808,180800000,180800100,17418,29031,180900000,180900000
1,1809,180900000,180900100,17418,29031,181000000,181000000
1,1810,181000000,181000100,17418,29031,181100000,181100000
1,1811,181100000,181100100,17418,29031,181200000,181200000
1,1812,181200000,181200100,17418,29031,181300000,181300000
1,1813,181300000,181300100,17418,29031,181400000,181400000
1,1814,181400000,181400100,17418,29031,181500000,181500000
1,1815,181500000,181500100,17418,29031,181600000,181600000
1,1816,181600000,181600100,17418,29031,181700000,181700000
1,1817,181700000,181700100,17418,29031,181800000,181800000
1,1818,181800000,181800100,17418,29031,181900000,181900000
1,1819,181900000,181900100,17418,29031,182000000,182000000
1,1820,182000000,182000100,17418,29031,182100000,182100000
1,1821,182100000,182100100,17418,29031,182200000,182200000
1,1822,182200000,182200100,17418,29031,182300000,182300000
1,1823,182300000,182300100,17418,29031,182400000,182400000
1,1824,182400000,182400100,17418,29031,182500000,182500000
1,1825,182500000,182500100,17418,29031,182600000,182600000
1,1826,182600000,182600100,17418,29031,182700000,182700000
1,1827,182700000,182700100,17418,29031,182800000,182800000
1,1828,182800000,182800100,17418,29031,182900000,182900000
1,1829,182900000,182900100,17418,29031,183000000,183000000
1,1830,183000000,183000100,17418,29031,183100000,183100000
1,1831,183100000,183100100,17418,29031,183200000,183200000
1,1832,183200000,183200100,17418,29031,183300000,183300000
1,1833,183300000,183300100,17418,29031,183400000,183400000
1,1834,183400000,183400100,17418,29031,183500000,183500000
1,1835,183500000,183500100,17418,29031,183600000,183600000
1,1836,183600000,183600100,17418,29031,183700000,183700000
1,1837,183700000,183700100,17418,29031,183800000,183800000
1,1838,183800000,183800100,17418,29031,183900000,183900000
1,1839,183900000,183900100,17418,29031,184000000,184000000
1,1840,184000000,184000100,17418,29031,184100000,184100000
1,1841,184100000,184100100,17418,29031,184200000,184200000
1,1842,184200000,184200100,17418,29031,184300000,184300000
1,1843,184300000,184300100,17418,29031,184400000,184400000
1,1844,184400000,184400100,17418,29031,184500000,184500000
1,1845,184500000,184500100,17418,29031,184600000,184600000
1,1846,184600000,184600100,17418,29031,184700000,184700000
1,1847,184700000,184700100,17418,29031,184800000,184800000
1,1848,184800000,184800100,17418,29031,184900000,184900000
1,1849,184900000,184900100,17418,29031,185000000,185000000
1,1850,185000000,185000100,17418,29031,185100000,185100000
1,1851,185100000,185100100,17418,29031,185200000,185200000
1,1852,185200000,185200100,17418,29031,185300000,185300000
1,1853,185300000,185300100,17418,29031,185400000,185400000
1,1854,185400000,185400100,17418,29031,185500000,185500000
1,1855,185500000,185500100,17418,29031,185600000,185600000
1,1856,185600000,185600100,17418,29031,185700000,185700000
1,1857,185700000,185700100,17418,29031,185800000,185800000
1,1858,185800000,185800100,17418,29031,185900000,185900000
1,1859,185900000,185900100,17418,29031,186000000,186000000
1,1860,186000000,186000100,17418,29031,186100000,186100000
1,1861,186100000,186100100,17418,29031,186200000,186200000
1,1862,186200000,186200100,17418,29031,186300000,186300000
1,1863,186300000,186300100,17418,29031,186400000,186400000
1,1864,186400000,186400100,17418,29031,186500000,186500000
1,1865,186500000,186500100,17418,29031,186600000,186600000
1,1866,186600000,186600100,17418,29031,186700000,186700000
1,1867,186700000,186700100,17418,29031,186800000,186800000
1,1868,186800000,186800100,17418,29031,186900000,186900000
1,1869,186900000,186900100,17418,29031,187000000,187000000
1,1870,187000000,187000100,17418,29031,187100000,187100000
1,1871,187100000,187100100,17418,29031,187200000,187200000
1,1872,187200000,187200100,17418,29031,187300000,187300000
1,1873,187300000,187300100,17418,29031,187400000,187400000
1,1874,187400000,187400100,17418,29031,187500000,187500000
1,1875,187500000,187500100,17418,29031,187600000,187600000
1,1876,187600000,187600100,17418,29031,187700000,187700000
1,1877,187700000,187700100,17418,29031,187800000,187800000
1,1878,187800000,187800100,17418,29031,187900000,187900000
1,1879,187900000,187900100,17418,29031,188000000,188000000
1,1880,188000000,188000100,17418,29031,188100000,188100000
1,1881,188100000,188100100,17418,29031,188200000,188200000
1,1882,188200000,188200100,17418,29031,188300000,188300000
1,1883,188300000,188300100,17418,29031,188400000,188400000
1,1884,188400000,188400100,17418,29031,188500000,188500000
1,1885,188500000,188500100,17418,29031,188600000,188600000
1,1886,188600000,188600100,17418,29031,188700000,188700000
1,1887,188700000,188700100,17418,29031,188800000,188800000
1,1888,188800000,188800100,17418,29031,188900000,188900000
1,1889,188900000,188900100,17418,29031,189000000,189000000
1,1890,189000000,189000100,17418,29031,189100000,189100000
1,1891,189100000,189100100,17418,29031,189200000,189200000
1,1892,189200000,189200100,17418,29031,189300000,189300000
1,1893,189300000,189300100,17418,29031,189400000,189400000
1,1894,189400000,189400100,17418,29031,189500000,189500000
1,1895,189500000,189500100,17418,29031,189600000,189600000
1,1896,189600000,189600100,17418,29031,189700000,189700000
1,1897,189700000,189700100,17418,29031,189800000,189800000
1,1898,189800000,189800100,17418,29031,189900000,189900000
1,1899,189900000,189900100,17418,29031,190000000,190000000
1,1900,190000000,190000100,17418,29031,190100000,190100000
1,1901,190100000,190100100,17418,29031,190200000,190200000
1,1902,190200000,190200100,17418,29031,190300000,190300000
1,1903,190300000,190300100,17418,29031,190400000,190400000
1,1904,190400000,190400100,17418,29031,190500000,190500000
1,1905,190500000,190500100,17418,29031,190600000,190600000
1,1906,190600000,190600100,17418,29031,190700000,190700000
1,1907,190700000,190700100,17418,29031,190800000,190800000
1,1908,190800000,190800100,17418,29031,190900000,190900000
1,1909,190900000,190900100,17418,29031,191000000,191000000
1,1910,191000000,191000100,17418,29031,191100000,191100000
1,1911,191100000,191100100,17418,29031,191200000,191200000
1,1912,191200000,191200100,17418,29031,191300000,191300000
1,1913,191300000,191300100,17418,29031,191400000,191400000
1,1914,191400000,191400100,17418,29031,191500000,191500000
1,1915,191500000,191500100,17418,29031,191600000,191600000
1,1916,191600000,191600100,17418,29031,191700000,191700000
1,1917,191700000,191700100,17418,29031,191800000,191800000
1,1918,191800000,191800100,17418,29031,191900000,191900000
1,1919,191900000,191900100,17418,29031,192000000,192000000
1,1920,192000000,192000100,17418,29031,192100000,192100000
1,1921,192100000,192100100,17418,29031,192200000,192200000
1,1922,192200000,192200100,17418,29031,192300000,192300000
1,1923,192300000,192300100,17418,29031,192400000,192400000
1,1924,192400000,192400100,17418,29031,192500000,192500000
1,1925,192500000,192500100,17418,29031,192600000,192600000
1,1926,192600000,192600100,17418,29031,192700000,192700000
1,1927,192700000,192700100,17418,29031,192800000,192800000
1,1928,192800000,192800100,17418,29031,192900000,192900000
1,1929,192900000,192900100,17418,29031,193000000,193000000
1,1930,193000000,193000100,17418,29031,193100000,193100000
1,1931,193100000,193100100,17418,29031,193200000,193200000
1,1932,193200000,193200100,17418,29031,193300000,193300000
1,1933,193300000,193300100,17418,29031,193400000,193400000
1,1934,193400000,193400100,17418,29031,193500000,193500000
1,1935,193500000,193500100,17418,29031,193600000,193600000
1,1936,193600000,193600100,17418,29031,193700000,193700000
1,1937,193700000,193700100,17418,29031,193800000,193800000
1,1938,193800000,193800100,17418,29031,193900000,193900000
1,1939,193900000,193900100,17418,29031,194000000,194000000
1,1940,194000000,194000100,17418,29031,194100000,194100000
1,1941,194100000,194100100,17418,29031,194200000,194200000
1,1942,194200000,194200100,17418,29031,194300000,194300000
1,1943,194300000,194300100,17418,29031,194400000,194400000
1,1944,194400000,194400100,17418,29031,194500000,194500000
1,1945,194500000,194500100,17418,29031,194600000,194600000
1,1946,194600000,194600100,17418,29031,194700000,194700000
1,1947,194700000,194700100,17418,29031,194800000,194800000
1,1948,194800000,194800100,17418,29031,194900000,194900000
1,1949,194900000,194900100,17418,29031,195000000,195000000
1,1950,195000000,195000100,17418,29031,195100000,195100000
1,1951,195100000,195100100,17418,29031,195200000,195200000
1,1952,195200000,195200100,17418,29031,195300000,195300000
1,1953,195300000,195300100,17418,29031,195400000,195400000
1,1954,195400000,195400100,17418,29031,195500000,195500000
1,1955,195500000,195500100,17418,29031,195600000,195600000
1,1956,195600000,195600100,17418,29031,195700000,195700000
1,1957,195700000,195700100,17418,29031,195800000,195800000
1,1958,195800000,195800100,17418,29031,195900000,195900000
1,1959,195900000,195900100,17418,29031,196000000,196000000
1,1960,196000000,196000100,17418,29031,196100000,196100000
1,1961,196100000,196100100,17418,29031,196200000,196200000
1,1962,196200000,196200100,17418,29031,196300000,196300000
1,1963,196300000,196300100,17418,29031,196400000,196400000
1,1964,196400000,196400100,17418,29031,196500000,196500000
1,1965,196500000,196500100,17418,29031,196600000,196600000
1,1966,196600000,196600100,17418,29031,196700000,196700000
1,1967,196700000,196700100,17418,29031,196800000,196800000
1,1968,196800000,196800100,17418,29031,196900000,196900000
1,1969,196900000,196900100,17418,29031,197000000,197000000
1,1970,197000000,197000100,17418,29031,197100000,197100000
1,1971,197100000,197100100,17418,29031,197200000,197200000
1,1972,197200000,197200100,17418,29031,197300000,197300000
1,1973,197300000,197300100,17418,29031,197400000,197400000
1,1974,197400000,197400100,17418,29031,197500000,197500000
1,1975,197500000,197500100,17418,29031,197600000,197600000
1,1976,197600000,197600100,17418,29031,197700000,197700000
1,1977,197700000,197700100,17418,29031,197800000,197800000
1,1978,197800000,197800100,17418,29031,197900000,197900000
1,1979,197900000,197900100,17418,29031,198000000,198000000
1,1980,198000000,198000100,17418,29031,198100000,198100000
1,1981,198100000,198100100,17418,29031,198200000,198200000
1,1982,198200000,198200100,17418,29031,198300000,198300000
1,1983,198300000,198300100,17418,29031,198400000,198400000
1,1984,198400000,198400100,17418,29031,198500000,198500000
1,1985,198500000,198500100,17418,29031,198600000,198600000
1,1986,198600000,198600100,17418,29031,198700000,198700000
1,1987,198700000,198700100,17418,29031,198800000,198800000
1,1988,198800000,198800100,17418,29031,198900000,198900000
1,1989,198900000,198900100,17418,29031,199000000,199000000
1,1990,199000000,199000100,17418,29031,199100000,199100000
1,1991,199100000,199100100,17418,29031,199200000,199200000
1,1992,199200000,199200100,17418,29031,199300000,199300000
1,1993,199300000,199300100,17418,29031,199400000,199400000
1,1994,199400000,199400100,17418,29031,199500000,199500000
1,1995,199500000,199500100,17418,29031,199600000,199600000
1,1996,199600000,199600100,17418,29031,199700000,199700000
1,1997,199700000,199700100,17418,29031,199800000,199800000
1,1998,199800000,199800100,17418,29031,199900000,199900000
1,1999,199900000,199900100,17418,29031,200000000,200000000
1,2000,200000000,200000100,17418,29031,200100000,200100000
1,2001,200100000,200100100,17418,29031,200200000,200200000
1,2002,200200000,200200100,17418,29031,200300000,200300000
1,2003,200300000,200300100,17418,29031,200400000,200400000
1,2004,200400000,200400100,17418,29031,200500000,200500000
1,2005,200500000,200500100,17418,29031,200600000,200600000
1,2006,200600000,200600100,17418,29031,200700000,200700000
1,2007,200700000,200700100,17418,29031,200800000,200800000
1,2008,200800000,200800100,17418,29031,200900000,200900000
1,2009,200900000,200900100,17418,29031,201000000,201000000
1,2010,201000000,201000100,17418,29031,201100000,201100000
1,2011,201100000,201100100,17418,29031,201200000,201200000
1,2012,201200000,201200100,17418,29031,201300000,201300000
1,2013,201300000,201300100,17418,29031,201400000,201400000
1,2014,201400000,201400100,17418,29031,201500000,201500000
1,2015,201500000,201500100,17418,29031,201600000,201600000
1,2016,201600000,201600100,17418,29031,201700000,201700000
1,2017,201700000,201700100,17418,29031,201800000,201800000
1,2018,201800000,201800100,17418,29031,201900000,201900000
1,2019,201900000,201900100,17418,29031,202000000,202000000
1,2020,202000000,202000100,17418,29031,202100000,202100000
1,2021,202100000,202100100,17418,29031,202200000,202200000
1,2022,202200000,202200100,17418,29031,202300000,202300000
1,2023,202300000,202300100,17418,29031,202400000,202400000
1,2024,202400000,202400100,17418,29031,202500000,202500000
1,2025,202500000,202500100,17418,29031,202600000,202600000
1,2026,202600000,202600100,17418,29031,202700000,202700000
1,2027,202700000,202700100,17418,29031,202800000,202800000
1,2028,202800000,202800100,17418,29031,202900000,202900000
1,2029,202900000,202900100,17418,29031,203000000,203000000
1,2030,203000000,203000100,17418,29031,203100000,203100000
1,2031,203100000,203100100,17418,29031,203200000,203200000
1,2032,203200000,203200100,17418,29031,203300000,203300000
1,2033,203300000,203300100,17418,29031,203400000,203400000
1,2034,203400000,203400100,17418,29031,203500000,203500000
1,2035,203500000,203500100,17418,29031,203600000,203600000
1,2036,203600000,203600100,17418,29031,203700000,203700000
1,2037,203700000,203700100,17418,29031,203800000,203800000
1,2038,203800000,203800100,17418,29031,203900000,203900000
1,2039,203900000,203900100,17418,29031,204000000,204000000
1,2040,204000000,204000100,17418,29031,204100000,204100000
1,2041,204100000,204100100,17418,29031,204200000,204200000
1,2042,204200000,204200100,17418,29031,204300000,204300000
1,2043,204300000,204300100,17418,29031,204400000,204400000
1,2044,204400000,204400100,17418,29031,204500000,204500000
1,2045,204500000,204500100,17418,29031,204600000,204600000
1,2046,204600000,204600100,17418,29031,204700000,204700000
1,2047,204700000,204700100,17418,29031,204800000,204800000
1,2048,204800000,204800100,17418,29031,204900000,204900000
1,2049,204900000,204900100,17418,29031,205000000,205000000
1,2050,205000000,205000100,17418,29031,205100000,205100000
1,2051,205100000,205100100,17418,29031,205200000,205200000
1,2052,205200000,205200100,17418,29031,205300000,205300000
1,2053,205300000,205300100,17418,29031,205400000,205400000
1,2054,205400000,205400100,17418,29031,205500000,205500000
1,2055,205500000,205500100,17418,29031,205600000,205600000
1,2056,205600000,205600100,17418,29031,205700000,205700000
1,2057,205700000,205700100,17418,29031,205800000,205800000
1,2058,205800000,205800100,17418,29031,205900000,205900000
1,2059,205900000,205900100,17418,29031,206000000,206000000
1,2060,206000000,206000100,17418,29031,206100000,206100000
1,2061,206100000,206100100,17418,29031,206200000,206200000
1,2062,206200000,206200100,17418,29031,206300000,206300000
1,2063,206300000,206300100,17418,29031,206400000,206400000
1,2064,206400000,206400100,17418,29031,206500000,206500000
1,2065,206500000,206500100,17418,29031,206600000,206600000
1,2066,206600000,206600100,17418,29031,206700000,206700000
1,2067,206700000,206700100,17418,29031,206800000,206800000
1,2068,206800000,206800100,17418,29031,206900000,206900000
1,2069,206900000,206900100,17418,29031,207000000,207000000
1,2070,207000000,207000100,17418,29031,207100000,207100000
1,2071,207100000,207100100,17418,29031,207200000,207200000
1,2072,207200000,207200100,17418,29031,207300000,207300000
1,2073,207300000,207300100,17418,29031,207400000,207400000
1,2074,207400000,207400100,17418,29031,207500000,207500000
1,2075,207500000,207500100,17418,29031,207600000,207600000
1,2076,207600000,207600100,17418,29031,207700000,207700000
1,2077,207700000,207700100,17418,29031,207800000,207800000
1,2078,207800000,207800100,17418,29031,207900000,207900000
1,2079,207900000,207900100,17418,29031,208000000,208000000
1,2080,208000000,208000100,17418,29031,208100000,208100000
1,2081,208100000,208100100,17418,29031,208200000,208200000
1,2082,208200000,208200100,17418,29031,208300000,208300000
1,2083,208300000,208300100,17418,29031,208400000,208400000
1,2084,208400000,208400100,17418,29031,208500000,208500000
1,2085,208500000,208500100,17418,29031,208600000,208600000
1,2086,208600000,208600100,17418,29031,208700000,208700000
1,2087,208700000,208700100,17418,29031,208800000,208800000
1,2088,208800000,208800100,17418,29031,208900000,208900000
1,2089,208900000,208900100,17418,29031,209000000,209000000
1,2090,209000000,209000100,17418,29031,209100000,209100000
1,2091,209100000,209100100,17418,29031,209200000,209200000
1,2092,209200000,209200100,17418,29031,209300000,209300000
1,2093,209300000,209300100,17418,29031,209400000,209400000
1,2094,209400000,209400100,17418,29031,209500000,209500000
1,2095,209500000,209500100,17418,29031,209600000,209600000
1,2096,209600000,209600100,17418,29031,209700000,209700000
1,2097,209700000,209700100,17418,29031,209800000,209800000
1,2098,209800000,209800100,17418,29031,209900000,209900000
1,2099,209900000,209900100,17418,29031,210000000,210000000
1,2100,210000000,210000100,17418,29031,210100000,210100000
1,2101,210100000,210100100,17418,29031,210200000,210200000
1,2102,210200000,210200100,17418,29031,210300000,210300000
1,2103,210300000,210300100,17418,29031,210400000,210400000
1,2104,210400000,210400100,17418,29031,210500000,210500000
1,2105,210500000,210500100,17418,29031,210600000,210600000
1,2106,210600000,210600100,17418,29031,210700000,210700000
1,2107,210700000,210700100,17418,29031,210800000,210800000
1,2108,210800000,210800100,17418,29031,210900000,210900000
1,2109,210900000,210900100,17418,29031,211000000,211000000
1,2110,211000000,211000100,17418,29031,211100000,211100000
1,2111,211100000,211100100,17418,29031,211200000,211200000
1,2112,211200000,211200100,17418,29031,211300000,211300000
1,2113,211300000,211300100,17418,29031,211400000,211400000
1,2114,211400000,211400100,17418,29031,211500000,211500000
1,2115,211500000,211500100,17418,29031,211600000,211600000
1,2116,211600000,211600100,17418,29031,211700000,211700000
1,2117,211700000,211700100,17418,29031,211800000,211800000
1,2118,211800000,211800100,17418,29031,211900000,211900000
1,2119,211900000,211900100,17418,29031,212000000,212000000
1,2120,212000000,212000100,17418,29031,212100000,212100000
1,2121,212100000,212100100,17418,29031,212200000,212200000
1,2122,212200000,212200100,17418,29031,212300000,212300000
1,2123,212300000,212300100,17418,29031,212400000,212400000
1,2124,212400000,212400100,17418,29031,212500000,212500000
1,2125,212500000,212500100,17418,29031,212600000,212600000
1,2126,212600000,212600100,17418,29031,212700000,212700000
1,2127,212700000,212700100,17418,29031,212800000,212800000
1,2128,212800000,212800100,17418,29031,212900000,212900000
1,2129,212900000,212900100,17418,29031,213000000,213000000
1,2130,213000000,213000100,17418,29031,213100000,213100000
1,2131,213100000,213100100,17418,29031,213200000,213200000
1,2132,213200000,213200100,17418,29031,213300000,213300000
1,2133,213300000,213300100,17418,29031,213400000,213400000
1,2134,213400000,213400100,17418,29031,213500000,213500000
1,2135,213500000,213500100,17418,29031,213600000,213600000
1,2136,213600000,213600100,17418,29031,213700000,213700000
1,2137,213700000,213700100,17418,29031,213800000,213800000
1,2138,213800000,213800100,17418,29031,213900000,213900000
1,2139,213900000,213900100,17418,29031,214000000,214000000
1,2140,214000000,214000100,17418,29031,214100000,214100000
1,2141,214100000,214100100,17418,29031,214200000,214200000
1,2142,214200000,214200100,17418,29031,214300000,214300000
1,2143,214300000,214300100,17418,29031,214400000,214400000
1,2144,214400000,214400100,17418,29031,214500000,214500000
1,2145,214500000,214500100,17418,29031,214600000,214600000
1,2146,214600000,214600100,17418,29031,214700000,214700000
1,2147,214700000,214700100,17418,29031,214800000,214800000
1,2148,214800000,214800100,17418,29031,214900000,214900000
1,2149,214900000,214900100,17418,29031,215000000,215000000
1,2150,215000000,215000100,17418,29031,215100000,215100000
1,2151,215100000,215100100,17418,29031,215200000,215200000
1,2152,215200000,215200100,17418,29031,215300000,215300000
1,2153,215300000,215300100,17418,29031,215400000,215400000
1,2154,215400000,215400100,17418,29031,215500000,215500000
1,2155,215500000,215500100,17418,29031,215600000,215600000
1,2156,215600000,215600100,17418,29031,215700000,215700000
1,2157,215700000,215700100,17418,29031,215800000,215800000
1,2158,215800000,215800100,17418,29031,215900000,215900000
1,2159,215900000,215900100,17418,29031,216000000,216000000
1,2160,216000000,216000100,17418,29031,216100000,216100000
1,2161,216100000,216100100,17418,29031,216200000,216200000
1,2162,216200000,216200100,17418,29031,216300000,216300000
1,2163,216300000,216300100,17418,29031,216400000,216400000
1,2164,216400000,216400100,17418,29031,216500000,216500000
1,2165,216500000,216500100,17418,29031,216600000,216600000
1,2166,216600000,216600100,17418,29031,216700000,216700000
1,2167,216700000,216700100,17418,29031,216800000,216800000
1,2168,216800000,216800100,17418,29031,216900000,216900000
1,2169,216900000,216900100,17418,29031,217000000,217000000
1,2170,217000000,217000100,17418,29031,217100000,217100000
1,2171,217100000,217100100,17418,29031,217200000,217200000
1,2172,217200000,217200100,17418,29031,217300000,217300000
1,2173,217300000,217300100,17418,29031,217400000,217400000
1,2174,217400000,217400100,17418,29031,217500000,217500000
1,2175,217500000,217500100,17418,29031,217600000,217600000
1,2176,217600000,217600100,17418,29031,217700000,217700000
1,2177,217700000,217700100,17418,29031,217800000,217800000
1,2178,217800000,217800100,17418,29031,217900000,217900000
1,2179,217900000,217900100,17418,29031,218000000,218000000
1,2180,218000000,218000100,17418,29031,218100000,218100000
1,2181,218100000,218100100,17418,29031,218200000,218200000
1,2182,218200000,218200100,17418,29031,218300000,218300000
1,2183,218300000,218300100,17418,29031,218400000,218400000
1,2184,218400000,218400100,17418,29031,218500000,218500000
1,2185,218500000,218500100,17418,29031,218600000,218600000
1,2186,218600000,218600100,17418,29031,218700000,218700000
1,2187,218700000,218700100,17418,29031,218800000,218800000
1,2188,218800000,218800100,17418,29031,218900000,218900000
1,2189,218900000,218900100,17418,29031,219000000,219000000
1,2190,219000000,219000100,17418,29031,219100000,219100000
1,2191,219100000,219100100,17418,29031,219200000,219200000
1,2192,219200000,219200100,17418,29031,219300000,219300000
1,2193,219300000,219300100,17418,29031,219400000,219400000
1,2194,219400000,219400100,17418,29031,219500000,219500000
1,2195,219500000,219500100,17418,29031,219600000,219600000
1,2196,219600000,219600100,17418,29031,219700000,219700000
1,2197,219700000,219700100,17418,29031,219800000,219800000
1,2198,219800000,219800100,17418,29031,219900000,219900000
1,2199,219900000,219900100,17418,29031,220000000,220000000
1,2200,220000000,220000100,17418,29031,220100000,220100000
1,2201,220100000,220100100,17418,29031,220200000,220200000
1,2202,220200000,220200100,17418,29031,220300000,220300000
1,2203,220300000,220300100,17418,29031,220400000,220400000
1,2204,220400000,220400100,17418,29031,220500000,220500000
1,2205,220500000,220500100,17418,29031,220600000,220600000
1,2206,220600000,220600100,17418,29031,220700000,220700000
1,2207,220700000,220700100,17418,29031,220800000,220800000
1,2208,220800000,220800100,17418,29031,220900000,220900000
1,2209,220900000,220900100,17418,29031,221000000,221000000
1,2210,221000000,221000100,17418,29031,221100000,221100000
1,2211,221100000,221100100,17418,29031,221200000,221200000
1,2212,221200000,221200100,17418,29031,221300000,221300000
1,2213,221300000,221300100,17418,29031,221400000,221400000
1,2214,221400000,221400100,17418,29031,221500000,221500000
1,2215,221500000,221500100,17418,29031,221600000,221600000
1,2216,221600000,221600100,17418,29031,221700000,221700000
1,2217,221700000,221700100,17418,29031,221800000,221800000
1,2218,221800000,221800100,17418,29031,221900000,221900000
1,2219,221900000,221900100,17418,29031,222000000,222000000
1,2220,222000000,222000100,17418,29031,222100000,222100000
1,2221,222100000,222100100,17418,29031,222200000,222200000
1,2222,222200000,222200100,17418,29031,222300000,222300000
1,2223,222300000,222300100,17418,29031,222400000,222400000
1,2224,222400000,222400100,17418,29031,222500000,222500000
1,2225,222500000,222500100,17418,29031,222600000,222600000
1,2226,222600000,222600100,17418,29031,222700000,222700000
1,2227,222700000,222700100,17418,29031,222800000,222800000
1,2228,222800000,222800100,17418,29031,222900000,222900000
1,2229,222900000,222900100,17418,29031,223000000,223000000
1,2230,223000000,223000100,17418,29031,223100000,223100000
1,2231,223100000,223100100,17418,29031,223200000,223200000
1,2232,223200000,223200100,17418,29031,223300000,223300000
1,2233,223300000,223300100,17418,29031,223400000,223400000
1,2234,223400000,223400100,17418,29031,223500000,223500000
1,2235,223500000,223500100,17418,29031,223600000,223600000
1,2236,223600000,223600100,17418,29031,223700000,223700000
1,2237,223700000,223700100,17418,29031,223800000,223800000
1,2238,223800000,223800100,17418,29031,223900000,223900000
1,2239,223900000,223900100,17418,29031,224000000,224000000
1,2240,224000000,224000100,17418,29031,224100000,224100000
1,2241,224100000,224100100,17418,29031,224200000,224200000
1,2242,224200000,224200100,17418,29031,224300000,224300000
1,2243,224300000,224300100,17418,29031,224400000,224400000
1,2244,224400000,224400100,17418,29031,224500000,224500000
1,2245,224500000,224500100,17418,29031,224600000,224600000
1,2246,224600000,224600100,17418,29031,224700000,224700000
1,2247,224700000,224700100,17418,29031,224800000,224800000
1,2248,224800000,224800100,17418,29031,224900000,224900000
1,2249,224900000,224900100,17418,29031,225000000,225000000
1,2250,225000000,225000100,17418,29031,225100000,225100000
1,2251,225100000,225100100,17418,29031,225200000,225200000
1,2252,225200000,225200100,17418,29031,225300000,225300000
1,2253,225300000,225300100,17418,29031,225400000,225400000
1,2254,225400000,225400100,17418,29031,225500000,225500000
1,2255,225500000,225500100,17418,29031,225600000,225600000
1,2256,225600000,225600100,17418,29031,225700000,225700000
1,2257,225700000,225700100,17418,29031,225800000,225800000
1,2258,225800000,225800100,17418,29031,225900000,225900000
1,2259,225900000,225900100,17418,29031,226000000,226000000
1,2260,226000000,226000100,17418,29031,226100000,226100000
1,2261,226100000,226100100,17418,29031,226200000,226200000
1,2262,226200000,226200100,17418,29031,226300000,226300000
1,2263,226300000,226300100,17418,29031,226400000,226400000
1,2264,226400000,226400100,17418,29031,226500000,226500000
1,2265,226500000,226500100,17418,29031,226600000,226600000
1,2266,226600000,226600100,17418,29031,226700000,226700000
1,2267,226700000,226700100,17418,29031,226800000,226800000
1,2268,226800000,226800100,17418,29031,226900000,226900000
1,2269,226900000,226900100,17418,29031,227000000,227000000
1,2270,227000000,227000100,17418,29031,227100000,227100000
1,2271,227100000,227100100,17418,29031,227200000,227200000
1,2272,227200000,227200100,17418,29031,227300000,227300000
1,2273,227300000,227300100,17418,29031,227400000,227400000
1,2274,227400000,227400100,17418,29031,227500000,227500000
1,2275,227500000,227500100,17418,29031,227600000,227600000
1,2276,227600000,227600100,17418,29031,227700000,227700000
1,2277,227700000,227700100,17418,29031,227800000,227800000
1,2278,227800000,227800100,17418,29031,227900000,227900000
1,2279,227900000,227900100,17418,29031,228000000,228000000
1,2280,228000000,228000100,17418,29031,228100000,228100000
1,2281,228100000,228100100,17418,29031,228200000,228200000
1,2282,228200000,228200100,17418,29031,228300000,228300000
1,2283,228300000,228300100,17418,29031,228400000,228400000
1,2284,228400000,228400100,17418,29031,228500000,228500000
1,2285,228500000,228500100,17418,29031,228600000,228600000
1,2286,228600000,228600100,17418,29031,228700000,228700000
1,2287,228700000,228700100,17418,29031,228800000,228800000
1,2288,228800000,228800100,17418,29031,228900000,228900000
1,2289,228900000,228900100,17418,29031,229000000,229000000
1,2290,229000000,229000100,17418,29031,229100000,229100000
1,2291,229100000,229100100,17418,29031,229200000,229200000
1,2292,229200000,229200100,17418,29031,229300000,229300000
1,2293,229300000,229300100,17418,29031,229400000,229400000
1,2294,229400000,229400100,17418,29031,229500000,229500000
1,2295,229500000,229500100,17418,29031,229600000,229600000
1,2296,229600000,229600100,17418,29031,229700000,229700000
1,2297,229700000,229700100,17418,29031,229800000,229800000
1,2298,229800000,229800100,17418,29031,229900000,229900000
1,2299,229900000,229900100,17418,29031,230000000,230000000
1,2300,230000000,230000100,17418,29031,230100000,230100000
1,2301,230100000,230100100,17418,29031,230200000,230200000
1,2302,230200000,230200100,17418,29031,230300000,230300000
1,2303,230300000,230300100,17418,29031,230400000,230400000
1,2304,230400000,230400100,17418,29031,230500000,230500000
1,2305,230500000,230500100,17418,29031,230600000,230600000
1,2306,230600000,230600100,17418,29031,230700000,230700000
1,2307,230700000,230700100,17418,29031,230800000,230800000
1,2308,230800000,230800100,17418,29031,230900000,230900000
1,2309,230900000,230900100,17418,29031,231000000,231000000
1,2310,231000000,231000100,17418,29031,231100000,231100000
1,2311,231100000,231100100,17418,29031,231200000,231200000
1,2312,231200000,231200100,17418,29031,231300000,231300000
1,2313,231300000,231300100,17418,29031,231400000,231400000
1,2314,231400000,231400100,17418,29031,231500000,231500000
1,2315,231500000,231500100,17418,29031,231600000,231600000
1,2316,231600000,231600100,17418,29031,231700000,231700000
1,2317,231700000,231700100,17418,29031,231800000,231800000
1,2318,231800000,231800100,17418,29031,231900000,231900000
1,2319,231900000,231900100,17418,29031,232000000,232000000
1,2320,232000000,232000100,17418,29031,232100000,232100000
1,2321,232100000,232100100,17418,29031,232200000,232200000
1,2322,232200000,232200100,17418,29031,232300000,232300000
1,2323,232300000,232300100,17418,29031,232400000,232400000
1,2324,232400000,232400100,17418,29031,232500000,232500000
1,2325,232500000,232500100,17418,29031,232600000,232600000
1,2326,232600000,232600100,17418,29031,232700000,232700000
1,2327,232700000,232700100,17418,29031,232800000,232800000
1,2328,232800000,232800100,17418,29031,232900000,232900000
1,2329,232900000,232900100,17418,29031,233000000,233000000
1,2330,233000000,233000100,17418,29031,233100000,233100000
1,2331,233100000,233100100,17418,29031,233200000,233200000
1,2332,233200000,233200100,17418,29031,233300000,233300000
1,2333,233300000,233300100,17418,29031,233400000,233400000
1,2334,233400000,233400100,17418,29031,233500000,233500000
1,2335,233500000,233500100,17418,29031,233600000,233600000
1,2336,233600000,233600100,17418,29031,233700000,233700000
1,2337,233700000,233700100,17418,29031,233800000,233800000
1,2338,233800000,233800100,17418,29031,233900000,233900000
1,2339,233900000,233900100,17418,29031,234000000,234000000
1,2340,234000000,234000100,17418,29031,234100000,234100000
1,2341,234100000,234100100,17418,29031,234200000,234200000
1,2342,234200000,234200100,17418,29031,234300000,234300000
1,2343,234300000,234300100,17418,29031,234400000,234400000
1,2344,234400000,234400100,17418,29031,234500000,234500000
1,2345,234500000,234500100,17418,29031,234600000,234600000
1,2346,234600000,234600100,17418,29031,234700000,234700000
1,2347,234700000,234700100,17418,29031,234800000,234800000
1,2348,234800000,234800100,17418,29031,234900000,234900000
1,2349,234900000,234900100,17418,29031,235000000,235000000
1,2350,235000000,235000100,17418,29031,235100000,235100000
1,2351,235100000,235100100,17418,29031,235200000,235200000
1,2352,235200000,235200100,17418,29031,235300000,235300000
1,2353,235300000,235300100,17418,29031,235400000,235400000
1,2354,235400000,235400100,17418,29031,235500000,235500000
1,2355,235500000,235500100,17418,29031,235600000,235600000
1,2356,235600000,235600100,17418,29031,235700000,235700000
1,2357,235700000,235700100,17418,29031,235800000,235800000
1,2358,235800000,235800100,17418,29031,235900000,235900000
1,2359,235900000,235900100,17418,29031,236000000,236000000
1,2360,236000000,236000100,17418,29031,236100000,236100000
1,2361,236100000,236100100,17418,29031,236200000,236200000
1,2362,236200000,236200100,17418,29031,236300000,236300000
1,2363,236300000,236300100,17418,29031,236400000,236400000
1,2364,236400000,236400100,17418,29031,236500000,236500000
1,2365,236500000,236500100,17418,29031,236600000,236600000
1,2366,236600000,236600100,17418,29031,236700000,236700000
1,2367,236700000,236700100,17418,29031,236800000,236800000
1,2368,236800000,236800100,17418,29031,236900000,236900000
1,2369,236900000,236900100,17418,29031,237000000,237000000
1,2370,237000000,237000100,17418,29031,237100000,237100000
1,2371,237100000,237100100,17418,29031,237200000,237200000
1,2372,237200000,237200100,17418,29031,237300000,237300000
1,2373,237300000,237300100,17418,29031,237400000,237400000
1,2374,237400000,237400100,17418,29031,237500000,237500000
1,2375,237500000,237500100,17418,29031,237600000,237600000
1,2376,237600000,237600100,17418,29031,237700000,237700000
1,2377,237700000,237700100,17418,29031,237800000,237800000
1,2378,237800000,237800100,17418,29031,237900000,237900000
1,2379,237900000,237900100,17418,29031,238000000,238000000
1,2380,238000000,238000100,17418,29031,238100000,238100000
1,2381,238100000,238100100,17418,29031,238200000,238200000
1,2382,238200000,238200100,17418,29031,238300000,238300000
1,2383,238300000,238300100,17418,29031,238400000,238400000
1,2384,238400000,238400100,17418,29031,238500000,238500000
1,2385,238500000,238500100,17418,29031,238600000,238600000
1,2386,238600000,238600100,17418,29031,238700000,238700000
1,2387,238700000,238700100,17418,29031,238800000,238800000
1,2388,238800000,238800100,17418,29031,238900000,238900000
1,2389,238900000,238900100,17418,29031,239000000,239000000
1,2390,239000000,239000100,17418,29031,239100000,239100000
1,2391,239100000,239100100,17418,29031,239200000,239200000
1,2392,239200000,239200100,17418,29031,239300000,239300000
1,2393,239300000,239300100,17418,29031,239400000,239400000
1,2394,239400000,239400100,17418,29031,239500000,239500000
1,2395,239500000,239500100,17418,29031,239600000,239600000
1,2396,239600000,239600100,17418,29031,239700000,239700000
1,2397,239700000,239700100,17418,29031,239800000,239800000
1,2398,239800000,239800100,17418,29031,239900000,239900000
1,2399,239900000,239900100,17418,29031,240000000,240000000
1,2400,240000000,240000100,17418,29031,240100000,240100000
1,2401,240100000,240100100,17418,29031,240200000,240200000
1,2402,240200000,240200100,17418,29031,240300000,240300000
1,2403,240300000,240300100,17418,29031,240400000,240400000
1,2404,240400000,240400100,17418,29031,240500000,240500000
1,2405,240500000,240500100,17418,29031,240600000,240600000
1,2406,240600000,240600100,17418,29031,240700000,240700000
1,2407,240700000,240700100,17418,29031,240800000,240800000
1,2408,240800000,240800100,17418,29031,240900000,240900000
1,2409,240900000,240900100,17418,29031,241000000,241000000
1,2410,241000000,241000100,17418,29031,241100000,241100000
1,2411,241100000,241100100,17418,29031,241200000,241200000
1,2412,241200000,241200100,17418,29031,241300000,241300000
1,2413,241300000,241300100,17418,29031,241400000,241400000
1,2414,241400000,241400100,17418,29031,241500000,241500000
1,2415,241500000,241500100,17418,29031,241600000,241600000
1,2416,241600000,241600100,17418,29031,241700000,241700000
1,2417,241700000,241700100,17418,29031,241800000,241800000
1,2418,241800000,241800100,17418,29031,241900000,241900000
1,2419,241900000,241900100,17418,29031,242000000,242000000
1,2420,242000000,242000100,17418,29031,242100000,242100000
1,2421,242100000,242100100,17418,29031,242200000,242200000
1,2422,242200000,242200100,17418,29031,242300000,242300000
1,2423,242300000,242300100,17418,29031,242400000,242400000
1,2424,242400000,242400100,17418,29031,242500000,242500000
1,2425,242500000,242500100,17418,29031,242600000,242600000
1,2426,242600000,242600100,17418,29031,242700000,242700000
1,2427,242700000,242700100,17418,29031,242800000,242800000
1,2428,242800000,242800100,17418,29031,242900000,242900000
1,2429,242900000,242900100,17418,29031,243000000,243000000
1,2430,243000000,243000100,17418,29031,243100000,243100000
1,2431,243100000,243100100,17418,29031,243200000,243200000
1,2432,243200000,243200100,17418,29031,243300000,243300000
1,2433,243300000,243300100,17418,29031,243400000,243400000
1,2434,243400000,243400100,17418,29031,243500000,243500000
1,2435,243500000,243500100,17418,29031,243600000,243600000
1,2436,243600000,243600100,17418,29031,243700000,243700000
1,2437,243700000,243700100,17418,29031,243800000,243800000
1,2438,243800000,243800100,17418,29031,243900000,243900000
1,2439,243900000,243900100,17418,29031,244000000,244000000
1,2440,244000000,244000100,17418,29031,244100000,244100000
1,2441,244100000,244100100,17418,29031,244200000,244200000
1,2442,244200000,244200100,17418,29031,244300000,244300000
1,2443,244300000,244300100,17418,29031,244400000,244400000
1,2444,244400000,244400100,17418,29031,244500000,244500000
1,2445,244500000,244500100,17418,29031,244600000,244600000
1,2446,244600000,244600100,17418,29031,244700000,244700000
1,2447,244700000,244700100,17418,29031,244800000,244800000
1,2448,244800000,244800100,17418,29031,244900000,244900000
1,2449,244900000,244900100,17418,29031,245000000,245000000
1,2450,245000000,245000100,17418,29031,245100000,245100000
1,2451,245100000,245100100,17418,29031,245200000,245200000
1,2452,245200000,245200100,17418,29031,245300000,245300000
1,2453,245300000,245300100,17418,29031,245400000,245400000
1,2454,245400000,245400100,17418,29031,245500000,245500000
1,2455,245500000,245500100,17418,29031,245600000,245600000
1,2456,245600000,245600100,17418,29031,245700000,245700000
1,2457,245700000,245700100,17418,29031,245800000,245800000
1,2458,245800000,245800100,17418,29031,245900000,245900000
1,2459,245900000,245900100,17418,29031,246000000,246000000
1,2460,246000000,246000100,17418,29031,246100000,246100000
1,2461,246100000,246100100,17418,29031,246200000,246200000
1,2462,246200000,246200100,17418,29031,246300000,246300000
1,2463,246300000,246300100,17418,29031,246400000,246400000
1,2464,246400000,246400100,17418,29031,246500000,246500000
1,2465,246500000,246500100,17418,29031,246600000,246600000
1,2466,246600000,246600100,17418,29031,246700000,246700000
1,2467,246700000,246700100,17418,29031,246800000,246800000
1,2468,246800000,246800100,17418,29031,246900000,246900000
1,2469,246900000,246900100,17418,29031,247000000,247000000
1,2470,247000000,247000100,17418,29031,247100000,247100000
1,2471,247100000,247100100,17418,29031,247200000,247200000
1,2472,247200000,247200100,17418,29031,247300000,247300000
1,2473,247300000,247300100,17418,29031,247400000,247400000
1,2474,247400000,247400100,17418,29031,247500000,247500000
1,2475,247500000,247500100,17418,29031,247600000,247600000
1,2476,247600000,247600100,17418,29031,247700000,247700000
1,2477,247700000,247700100,17418,29031,247800000,247800000
1,2478,247800000,247800100,17418,29031,247900000,247900000
1,2479,247900000,247900100,17418,29031,248000000,248000000
1,2480,248000000,248000100,17418,29031,248100000,248100000
1,2481,248100000,248100100,17418,29031,248200000,248200000
1,2482,248200000,248200100,17418,29031,248300000,248300000
1,2483,248300000,248300100,17418,29031,248400000,248400000
1,2484,248400000,248400100,17418,29031,248500000,248500000
1,2485,248500000,248500100,17418,29031,248600000,248600000
1,2486,248600000,248600100,17418,29031,248700000,248700000
1,2487,248700000,248700100,17418,29031,248800000,248800000
1,2488,248800000,248800100,17418,29031,248900000,248900000
1,2489,248900000,248900100,17418,29031,249000000,249000000
1,2490,249000000,249000100,17418,29031,249100000,249100000
1,2491,249100000,249100100,17418,29031,249200000,249200000
1,2492,249200000,249200100,17418,29031,249300000,249300000
1,2493,249300000,249300100,17418,29031,249400000,249400000
1,2494,249400000,249400100,17418,29031,249500000,249500000
1,2495,249500000,249500100,17418,29031,249600000,249600000
1,2496,249600000,249600100,17418,29031,249700000,249700000
1,2497,249700000,249700100,17418,29031,249800000,249800000
1,2498,249800000,249800100,17418,29031,249900000,249900000
1,2499,249900000,249900100,17418,29031,250000000,250000000
1,2500,250000000,250000100,17418,29031,250100000,250100000
1,2501,250100000,250100100,17418,29031,250200000,250200000
1,2502,250200000,250200100,17418,29031,250300000,250300000
1,2503,250300000,250300100,17418,29031,250400000,250400000
1,2504,250400000,250400100,17418,29031,250500000,250500000
1,2505,250500000,250500100,17418,29031,250600000,250600000
1,2506,250600000,250600100,17418,29031,250700000,250700000
1,2507,250700000,250700100,17418,29031,250800000,250800000
1,2508,250800000,250800100,17418,29031,250900000,250900000
1,2509,250900000,250900100,17418,29031,251000000,251000000
1,2510,251000000,251000100,17418,29031,251100000,251100000
1,2511,251100000,251100100,17418,29031,251200000,251200000
1,2512,251200000,251200100,17418,29031,251300000,251300000
1,2513,251300000,251300100,17418,29031,251400000,251400000
1,2514,251400000,251400100,17418,29031,251500000,251500000
1,2515,251500000,251500100,17418,29031,251600000,251600000
1,2516,251600000,251600100,17418,29031,251700000,251700000
1,2517,251700000,251700100,17418,29031,251800000,251800000
1,2518,251800000,251800100,17418,29031,251900000,251900000
1,2519,251900000,251900100,17418,29031,252000000,252000000
1,2520,252000000,252000100,17418,29031,252100000,252100000
1,2521,252100000,252100100,17418,29031,252200000,252200000
1,2522,252200000,252200100,17418,29031,252300000,252300000
1,2523,252300000,252300100,17418,29031,252400000,252400000
1,2524,252400000,252400100,17418,29031,252500000,252500000
1,2525,252500000,252500100,17418,29031,252600000,252600000
1,2526,252600000,252600100,17418,29031,252700000,252700000
1,2527,252700000,252700100,17418,29031,252800000,252800000
1,2528,252800000,252800100,17418,29031,252900000,252900000
1,2529,252900000,252900100,17418,29031,253000000,253000000
1,2530,253000000,253000100,17418,29031,253100000,253100000
1,2531,253100000,253100100,17418,29031,253200000,253200000
1,2532,253200000,253200100,17418,29031,253300000,253300000
1,2533,253300000,253300100,17418,29031,253400000,253400000
1,2534,253400000,253400100,17418,29031,253500000,253500000
1,2535,253500000,253500100,17418,29031,253600000,253600000
1,2536,253600000,253600100,17418,29031,253700000,253700000
1,2537,253700000,253700100,17418,29031,253800000,253800000
1,2538,253800000,253800100,17418,29031,253900000,253900000
1,2539,253900000,253900100,17418,29031,254000000,254000000
1,2540,254000000,254000100,17418,29031,254100000,254100000
1,2541,254100000,254100100,17418,29031,254200000,254200000
1,2542,254200000,254200100,17418,29031,254300000,254300000
1,2543,254300000,254300100,17418,29031,254400000,254400000
1,2544,254400000,254400100,17418,29031,254500000,254500000
1,2545,254500000,254500100,17418,29031,254600000,254600000
1,2546,254600000,254600100,17418,29031,254700000,254700000
1,2547,254700000,254700100,17418,29031,254800000,254800000
1,2548,254800000,254800100,17418,29031,254900000,254900000
1,2549,254900000,254900100,17418,29031,255000000,255000000
1,2550,255000000,255000100,17418,29031,255100000,255100000
1,2551,255100000,255100100,17418,29031,255200000,255200000
1,2552,255200000,255200100,17418,29031,255300000,255300000
1,2553,255300000,255300100,17418,29031,255400000,255400000
1,2554,255400000,255400100,17418,29031,255500000,255500000
1,2555,255500000,255500100,17418,29031,255600000,255600000
1,2556,255600000,255600100,17418,29031,255700000,255700000
1,2557,255700000,255700100,17418,29031,255800000,255800000
1,2558,255800000,255800100,17418,29031,255900000,255900000
1,2559,255900000,255900100,17418,29031,256000000,256000000
1,2560,256000000,256000100,17418,29031,256100000,256100000
1,2561,256100000,256100100,17418,29031,256200000,256200000
1,2562,256200000,256200100,17418,29031,256300000,256300000
1,2563,256300000,256300100,17418,29031,256400000,256400000
1,2564,256400000,256400100,17418,29031,256500000,256500000
1,2565,256500000,256500100,17418,29031,256600000,256600000
1,2566,256600000,256600100,17418,29031,256700000,256700000
1,2567,256700000,256700100,17418,29031,256800000,256800000
1,2568,256800000,256800100,17418,29031,256900000,256900000
1,2569,256900000,256900100,17418,29031,257000000,257000000
1,2570,257000000,257000100,17418,29031,257100000,257100000
1,2571,257100000,257100100,17418,29031,257200000,257200000
1,2572,257200000,257200100,17418,29031,257300000,257300000
1,2573,257300000,257300100,17418,29031,257400000,257400000
1,2574,257400000,257400100,17418,29031,257500000,257500000
1,2575,257500000,257500100,17418,29031,257600000,257600000
1,2576,257600000,257600100,17418,29031,257700000,257700000
1,2577,257700000,257700100,17418,29031,257800000,257800000
1,2578,257800000,257800100,17418,29031,257900000,257900000
1,2579,257900000,257900100,17418,29031,258000000,258000000
1,2580,258000000,258000100,17418,29031,258100000,258100000
1,2581,258100000,258100100,17418,29031,258200000,258200000
1,2582,258200000,258200100,17418,29031,258300000,258300000
1,2583,258300000,258300100,17418,29031,258400000,258400000
1,2584,258400000,258400100,17418,29031,258500000,258500000
1,2585,258500000,258500100,17418,29031,258600000,258600000
1,2586,258600000,258600100,17418,29031,258700000,258700000
1,2587,258700000,258700100,17418,29031,258800000,258800000
1,2588,258800000,258800100,17418,29031,258900000,258900000
1,2589,258900000,258900100,17418,29031,259000000,259000000
1,2590,259000000,259000100,17418,29031,259100000,259100000
1,2591,259100000,259100100,17418,29031,259200000,259200000
1,2592,259200000,259200100,17418,29031,259300000,259300000
1,2593,259300000,259300100,17418,29031,259400000,259400000
1,2594,259400000,259400100,17418,29031,259500000,259500000
1,2595,259500000,259500100,17418,29031,259600000,259600000
1,2596,259600000,259600100,17418,29031,259700000,259700000
1,2597,259700000,259700100,17418,29031,259800000,259800000
1,2598,259800000,259800100,17418,29031,259900000,259900000
1,2599,259900000,259900100,17418,29031,260000000,260000000
1,2600,260000000,260000100,17418,29031,260100000,260100000
1,2601,260100000,260100100,17418,29031,260200000,260200000
1,2602,260200000,260200100,17418,29031,260300000,260300000
1,2603,260300000,260300100,17418,29031,260400000,260400000
1,2604,260400000,260400100,17418,29031,260500000,260500000
1,2605,260500000,260500100,17418,29031,260600000,260600000
1,2606,260600000,260600100,17418,29031,260700000,260700000
1,2607,260700000,260700100,17418,29031,260800000,260800000
1,2608,260800000,260800100,17418,29031,260900000,260900000
1,2609,260900000,260900100,17418,29031,261000000,261000000
1,2610,261000000,261000100,17418,29031,261100000,261100000
1,2611,261100000,261100100,17418,29031,261200000,261200000
1,2612,261200000,261200100,17418,29031,261300000,261300000
1,2613,261300000,261300100,17418,29031,261400000,261400000
1,2614,261400000,261400100,17418,29031,261500000,261500000
1,2615,261500000,261500100,17418,29031,261600000,261600000
1,2616,261600000,261600100,17418,29031,261700000,261700000
1,2617,261700000,261700100,17418,29031,261800000,261800000
1,2618,261800000,261800100,17418,29031,261900000,261900000
1,2619,261900000,261900100,17418,29031,262000000,262000000
1,2620,262000000,262000100,17418,29031,262100000,262100000
1,2621,262100000,262100100,17418,29031,262200000,262200000
1,2622,262200000,262200100,17418,29031,262300000,262300000
1,2623,262300000,262300100,17418,29031,262400000,262400000
1,2624,262400000,262400100,17418,29031,262500000,262500000
1,2625,262500000,262500100,17418,29031,262600000,262600000
1,2626,262600000,262600100,17418,29031,262700000,262700000
1,2627,262700000,262700100,17418,29031,262800000,262800000
1,2628,262800000,262800100,17418,29031,262900000,262900000
1,2629,262900000,262900100,17418,29031,263000000,263000000
1,2630,263000000,263000100,17418,29031,263100000,263100000
1,2631,263100000,263100100,17418,29031,263200000,263200000
1,2632,263200000,263200100,17418,29031,263300000,263300000
1,2633,263300000,263300100,17418,29031,263400000,263400000
1,2634,263400000,263400100,17418,29031,263500000,263500000
1,2635,263500000,263500100,17418,29031,263600000,263600000
1,2636,263600000,263600100,17418,29031,263700000,263700000
1,2637,263700000,263700100,17418,29031,263800000,263800000
1,2638,263800000,263800100,17418,29031,263900000,263900000
1,2639,263900000,263900100,17418,29031,264000000,264000000
1,2640,264000000,264000100,17418,29031,264100000,264100000
1,2641,264100000,264100100,17418,29031,264200000,264200000
1,2642,264200000,264200100,17418,29031,264300000,264300000
1,2643,264300000,264300100,17418,29031,264400000,264400000
1,2644,264400000,264400100,17418,29031,264500000,264500000
1,2645,264500000,264500100,17418,29031,264600000,264600000
1,2646,264600000,264600100,17418,29031,264700000,264700000
1,2647,264700000,264700100,17418,29031,264800000,264800000
1,2648,264800000,264800100,17418,29031,264900000,264900000
1,2649,264900000,264900100,17418,29031,265000000,265000000
1,2650,265000000,265000100,17418,29031,265100000,265100000
1,2651,265100000,265100100,17418,29031,265200000,265200000
1,2652,265200000,265200100,17418,29031,265300000,265300000
1,2653,265300000,265300100,17418,29031,265400000,265400000
1,2654,265400000,265400100,17418,29031,265500000,265500000
1,2655,265500000,265500100,17418,29031,265600000,265600000
1,2656,265600000,265600100,17418,29031,265700000,265700000
1,2657,265700000,265700100,17418,29031,265800000,265800000
1,2658,265800000,265800100,17418,29031,265900000,265900000
1,2659,265900000,265900100,17418,29031,266000000,266000000
1,2660,266000000,266000100,17418,29031,266100000,266100000
1,2661,266100000,266100100,17418,29031,266200000,266200000
1,2662,266200000,266200100,17418,29031,266300000,266300000
1,2663,266300000,266300100,17418,29031,266400000,266400000
1,2664,266400000,266400100,17418,29031,266500000,266500000
1,2665,266500000,266500100,17418,29031,266600000,266600000
1,2666,266600000,266600100,17418,29031,266700000,266700000
1,2667,266700000,266700100,17418,29031,266800000,266800000
1,2668,266800000,266800100,17418,29031,266900000,266900000
1,2669,266900000,266900100,17418,29031,267000000,267000000
1,2670,267000000,267000100,17418,29031,267100000,267100000
1,2671,267100000,267100100,17418,29031,267200000,267200000
1,2672,267200000,267200100,17418,29031,267300000,267300000
1,2673,267300000,267300100,17418,29031,267400000,267400000
1,2674,267400000,267400100,17418,29031,267500000,267500000
1,2675,267500000,267500100,17418,29031,267600000,267600000
1,2676,267600000,267600100,17418,29031,267700000,267700000
1,2677,267700000,267700100,17418,29031,267800000,267800000
1,2678,267800000,267800100,17418,29031,267900000,267900000
1,2679,267900000,267900100,17418,29031,268000000,268000000
1,2680,268000000,268000100,17418,29031,268100000,268100000
1,2681,268100000,268100100,17418,29031,268200000,268200000
1,2682,268200000,268200100,17418,29031,268300000,268300000
1,2683,268300000,268300100,17418,29031,268400000,268400000
1,2684,268400000,268400100,17418,29031,268500000,268500000
1,2685,268500000,268500100,17418,29031,268600000,268600000
1,2686,268600000,268600100,17418,29031,268700000,268700000
1,2687,268700000,268700100,17418,29031,268800000,268800000
1,2688,268800000,268800100,17418,29031,268900000,268900000
1,2689,268900000,268900100,17418,29031,269000000,269000000
1,2690,269000000,269000100,17418,29031,269100000,269100000
1,2691,269100000,269100100,17418,29031,269200000,269200000
1,2692,269200000,269200100,17418,29031,269300000,269300000
1,2693,269300000,269300100,17418,29031,269400000,269400000
1,2694,269400000,269400100,17418,29031,269500000,269500000
1,2695,269500000,269500100,17418,29031,269600000,269600000
1,2696,269600000,269600100,17418,29031,269700000,269700000
1,2697,269700000,269700100,17418,29031,269800000,269800000
1,2698,269800000,269800100,17418,29031,269900000,269900000
1,2699,269900000,269900100,17418,29031,270000000,270000000
1,2700,270000000,270000100,17418,29031,270100000,270100000
1,2701,270100000,270100100,17418,29031,270200000,270200000
1,2702,270200000,270200100,17418,29031,270300000,270300000
1,2703,270300000,270300100,17418,29031,270400000,270400000
1,2704,270400000,270400100,17418,29031,270500000,270500000
1,2705,270500000,270500100,17418,29031,270600000,270600000
1,2706,270600000,270600100,17418,29031,270700000,270700000
1,2707,270700000,270700100,17418,29031,270800000,270800000
1,2708,270800000,270800100,17418,29031,270900000,270900000
1,2709,270900000,270900100,17418,29031,271000000,271000000
1,2710,271000000,271000100,17418,29031,271100000,271100000
1,2711,271100000,271100100,17418,29031,271200000,271200000
1,2712,271200000,271200100,17418,29031,271300000,271300000
1,2713,271300000,271300100,17418,29031,271400000,271400000
1,2714,271400000,271400100,17418,29031,271500000,271500000
1,2715,271500000,271500100,17418,29031,271600000,271600000
1,2716,271600000,271600100,17418,29031,271700000,271700000
1,2717,271700000,271700100,17418,29031,271800000,271800000
1,2718,271800000,271800100,17418,29031,271900000,271900000
1,2719,271900000,271900100,17418,29031,272000000,272000000
1,2720,272000000,272000100,17418,29031,272100000,272100000
1,2721,272100000,272100100,17418,29031,272200000,272200000
1,2722,272200000,272200100,17418,29031,272300000,272300000
1,2723,272300000,272300100,17418,29031,272400000,272400000
1,2724,272400000,272400100,17418,29031,272500000,272500000
1,2725,272500000,272500100,17418,29031,272600000,272600000
1,2726,272600000,272600100,17418,29031,272700000,272700000
1,2727,272700000,272700100,17418,29031,272800000,272800000
1,2728,272800000,272800100,17418,29031,272900000,272900000
1,2729,272900000,272900100,17418,29031,273000000,273000000
1,2730,273000000,273000100,17418,29031,273100000,273100000
1,2731,273100000,273100100,17418,29031,273200000,273200000
1,2732,273200000,273200100,17418,29031,273300000,273300000
1,2733,273300000,273300100,17418,29031,273400000,273400000
1,2734,273400000,273400100,17418,29031,273500000,273500000
1,2735,273500000,273500100,17418,29031,273600000,273600000
1,2736,273600000,273600100,17418,29031,273700000,273700000
1,2737,273700000,273700100,17418,29031,273800000,273800000
1,2738,273800000,273800100,17418,29031,273900000,273900000
1,2739,273900000,273900100,17418,29031,274000000,274000000
1,2740,274000000,274000100,17418,29031,274100000,274100000
1,2741,274100000,274100100,17418,29031,274200000,274200000
1,2742,274200000,274200100,17418,29031,274300000,274300000
1,2743,274300000,274300100,17418,29031,274400000,274400000
1,2744,274400000,274400100,17418,29031,274500000,274500000
1,2745,274500000,274500100,17418,29031,274600000,274600000
1,2746,274600000,274600100,17418,29031,274700000,274700000
1,2747,274700000,274700100,17418,29031,274800000,274800000
1,2748,274800000,274800100,17418,29031,274900000,274900000
1,2749,274900000,274900100,17418,29031,275000000,275000000
1,2750,275000000,275000100,17418,29031,275100000,275100000
1,2751,275100000,275100100,17418,29031,275200000,275200000
1,2752,275200000,275200100,17418,29031,275300000,275300000
1,2753,275300000,275300100,17418,29031,275400000,275400000
1,2754,275400000,275400100,17418,29031,275500000,275500000
1,2755,275500000,275500100,17418,29031,275600000,275600000
1,2756,275600000,275600100,17418,29031,275700000,275700000
1,2757,275700000,275700100,17418,29031,275800000,275800000
1,2758,275800000,275800100,17418,29031,275900000,275900000
1,2759,275900000,275900100,17418,29031,276000000,276000000
1,2760,276000000,276000100,17418,29031,276100000,276100000
1,2761,276100000,276100100,17418,29031,276200000,276200000
1,2762,276200000,276200100,17418,29031,276300000,276300000
1,2763,276300000,276300100,17418,29031,276400000,276400000
1,2764,276400000,276400100,17418,29031,276500000,276500000
1,2765,276500000,276500100,17418,29031,276600000,276600000
1,2766,276600000,276600100,17418,29031,276700000,276700000
1,2767,276700000,276700100,17418,29031,276800000,276800000
1,2768,276800000,276800100,17418,29031,276900000,276900000
1,2769,276900000,276900100,17418,29031,277000000,277000000
1,2770,277000000,277000100,17418,29031,277100000,277100000
1,2771,277100000,277100100,17418,29031,277200000,277200000
1,2772,277200000,277200100,17418,29031,277300000,277300000
1,2773,277300000,277300100,17418,29031,277400000,277400000
1,2774,277400000,277400100,17418,29031,277500000,277500000
1,2775,277500000,277500100,17418,29031,277600000,277600000
1,2776,277600000,277600100,17418,29031,277700000,277700000
1,2777,277700000,277700100,17418,29031,277800000,277800000
1,2778,277800000,277800100,17418,29031,277900000,277900000
1,2779,277900000,277900100,17418,29031,278000000,278000000
1,2780,278000000,278000100,17418,29031,278100000,278100000
1,2781,278100000,278100100,17418,29031,278200000,278200000
1,2782,278200000,278200100,17418,29031,278300000,278300000
1,2783,278300000,278300100,17418,29031,278400000,278400000
1,2784,278400000,278400100,17418,29031,278500000,278500000
1,2785,278500000,278500100,17418,29031,278600000,278600000
1,2786,278600000,278600100,17418,29031,278700000,278700000
1,2787,278700000,278700100,17418,29031,278800000,278800000
1,2788,278800000,278800100,17418,29031,278900000,278900000
1,2789,278900000,278900100,17418,29031,279000000,279000000
1,2790,279000000,279000100,17418,29031,279100000,279100000
1,2791,279100000,279100100,17418,29031,279200000,279200000
1,2792,279200000,279200100,17418,29031,279300000,279300000
1,2793,279300000,279300100,17418,29031,279400000,279400000
1,2794,279400000,279400100,17418,29031,279500000,279500000
1,2795,279500000,279500100,17418,29031,279600000,279600000
1,2796,279600000,279600100,17418,29031,279700000,279700000
1,2797,279700000,279700100,17418,29031,279800000,279800000
1,2798,279800000,279800100,17418,29031,279900000,279900000
1,2799,279900000,279900100,17418,29031,280000000,280000000
1,2800,280000000,280000100,17418,29031,280100000,280100000
1,2801,280100000,280100100,17418,29031,280200000,280200000
1,2802,280200000,280200100,17418,29031,280300000,280300000
1,2803,280300000,280300100,17418,29031,280400000,280400000
1,2804,280400000,280400100,17418,29031,280500000,280500000
1,2805,280500000,280500100,17418,29031,280600000,280600000
1,2806,280600000,280600100,17418,29031,280700000,280700000
1,2807,280700000,280700100,17418,29031,280800000,280800000
1,2808,280800000,280800100,17418,29031,280900000,280900000
1,2809,280900000,280900100,17418,29031,281000000,281000000
1,2810,281000000,281000100,17418,29031,281100000,281100000
1,2811,281100000,281100100,17418,29031,281200000,281200000
1,2812,281200000,281200100,17418,29031,281300000,281300000
1,2813,281300000,281300100,17418,29031,281400000,281400000
1,2814,281400000,281400100,17418,29031,281500000,281500000
1,2815,281500000,281500100,17418,29031,281600000,281600000
1,2816,281600000,281600100,17418,29031,281700000,281700000
1,2817,281700000,281700100,17418,29031,281800000,281800000
1,2818,281800000,281800100,17418,29031,281900000,281900000
1,2819,281900000,281900100,17418,29031,282000000,282000000
1,2820,282000000,282000100,17418,29031,282100000,282100000
1,2821,282100000,282100100,17418,29031,282200000,282200000
1,2822,282200000,282200100,17418,29031,282300000,282300000
1,2823,282300000,282300100,17418,29031,282400000,282400000
1,2824,282400000,282400100,17418,29031,282500000,282500000
1,2825,282500000,282500100,17418,29031,282600000,282600000
1,2826,282600000,282600100,17418,29031,282700000,282700000
1,2827,282700000,282700100,17418,29031,282800000,282800000
1,2828,282800000,282800100,17418,29031,282900000,282900000
1,2829,282900000,282900100,17418,29031,283000000,283000000
1,2830,283000000,283000100,17418,29031,283100000,283100000
1,2831,283100000,283100100,17418,29031,283200000,283200000
1,2832,283200000,283200100,17418,29031,283300000,283300000
1,2833,283300000,283300100,17418,29031,283400000,283400000
1,2834,283400000,283400100,17418,29031,283500000,283500000
1,2835,283500000,283500100,17418,29031,283600000,283600000
1,2836,283600000,283600100,17418,29031,283700000,283700000
1,2837,283700000,283700100,17418,29031,283800000,283800000
1,2838,283800000,283800100,17418,29031,283900000,283900000
1,2839,283900000,283900100,17418,29031,284000000,284000000
1,2840,284000000,284000100,17418,29031,284100000,284100000
1,2841,284100000,284100100,17418,29031,284200000,284200000
1,2842,284200000,284200100,17418,29031,284300000,284300000
1,2843,284300000,284300100,17418,29031,284400000,284400000
1,2844,284400000,284400100,17418,29031,284500000,284500000
1,2845,284500000,284500100,17418,29031,284600000,284600000
1,2846,284600000,284600100,17418,29031,284700000,284700000
1,2847,284700000,284700100,17418,29031,284800000,284800000
1,2848,284800000,284800100,17418,29031,284900000,284900000
1,2849,284900000,284900100,17418,29031,285000000,285000000
1,2850,285000000,285000100,17418,29031,285100000,285100000
1,2851,285100000,285100100,17418,29031,285200000,285200000
1,2852,285200000,285200100,17418,29031,285300000,285300000
1,2853,285300000,285300100,17418,29031,285400000,285400000
1,2854,285400000,285400100,17418,29031,285500000,285500000
1,2855,285500000,285500100,17418,29031,285600000,285600000
1,2856,285600000,285600100,17418,29031,285700000,285700000
1,2857,285700000,285700100,17418,29031,285800000,285800000
1,2858,285800000,285800100,17418,29031,285900000,285900000
1,2859,285900000,285900100,17418,29031,286000000,286000000
1,2860,286000000,286000100,17418,29031,286100000,286100000
1,2861,286100000,286100100,17418,29031,286200000,286200000
1,2862,286200000,286200100,17418,29031,286300000,286300000
1,2863,286300000,286300100,17418,29031,286400000,286400000
1,2864,286400000,286400100,17418,29031,286500000,286500000
1,2865,286500000,286500100,17418,29031,286600000,286600000
1,2866,286600000,286600100,17418,29031,286700000,286700000
1,2867,286700000,286700100,17418,29031,286800000,286800000
1,2868,286800000,286800100,17418,29031,286900000,286900000
1,2869,286900000,286900100,17418,29031,287000000,287000000
1,2870,287000000,287000100,17418,29031,287100000,287100000
1,2871,287100000,287100100,17418,29031,287200000,287200000
1,2872,287200000,287200100,17418,29031,287300000,287300000
1,2873,287300000,287300100,17418,29031,287400000,287400000
1,2874,287400000,287400100,17418,29031,287500000,287500000
1,2875,287500000,287500100,17418,29031,287600000,287600000
1,2876,287600000,287600100,17418,29031,287700000,287700000
1,2877,287700000,287700100,17418,29031,287800000,287800000
1,2878,287800000,287800100,17418,29031,287900000,287900000
1,2879,287900000,287900100,17418,29031,288000000,288000000
1,2880,288000000,288000100,17418,29031,288100000,288100000
1,2881,288100000,288100100,17418,29031,288200000,288200000
1,2882,288200000,288200100,17418,29031,288300000,288300000
1,2883,288300000,288300100,17418,29031,288400000,288400000
1,2884,288400000,288400100,17418,29031,288500000,288500000
1,2885,288500000,288500100,17418,29031,288600000,288600000
1,2886,288600000,288600100,17418,29031,288700000,288700000
1,2887,288700000,288700100,17418,29031,288800000,288800000
1,2888,288800000,288800100,17418,29031,288900000,288900000
1,2889,288900000,288900100,17418,29031,289000000,289000000
1,2890,289000000,289000100,17418,29031,289100000,289100000
1,2891,289100000,289100100,17418,29031,289200000,289200000
1,2892,289200000,289200100,17418,29031,289300000,289300000
1,2893,289300000,289300100,17418,29031,289400000,289400000
1,2894,289400000,289400100,17418,29031,289500000,289500000
1,2895,289500000,289500100,17418,29031,289600000,289600000
1,2896,289600000,289600100,17418,29031,289700000,289700000
1,2897,289700000,289700100,17418,29031,289800000,289800000
1,2898,289800000,289800100,17418,29031,289900000,289900000
1,2899,289900000,289900100,17418,29031,290000000,290000000
1,2900,290000000,290000100,17418,29031,290100000,290100000
1,2901,290100000,290100100,17418,29031,290200000,290200000
1,2902,290200000,290200100,17418,29031,290300000,290300000
1,2903,290300000,290300100,17418,29031,290400000,290400000
1,2904,290400000,290400100,17418,29031,290500000,290500000
1,2905,290500000,290500100,17418,29031,290600000,290600000
1,2906,290600000,290600100,17418,29031,290700000,290700000
1,2907,290700000,290700100,17418,29031,290800000,290800000
1,2908,290800000,290800100,17418,29031,290900000,290900000
1,2909,290900000,290900100,17418,29031,291000000,291000000
1,2910,291000000,291000100,17418,29031,291100000,291100000
1,2911,291100000,291100100,17418,29031,291200000,291200000
1,2912,291200000,291200100,17418,29031,291300000,291300000
1,2913,291300000,291300100,17418,29031,291400000,291400000
1,2914,291400000,291400100,17418,29031,291500000,291500000
1,2915,291500000,291500100,17418,29031,291600000,291600000
1,2916,291600000,291600100,17418,29031,291700000,291700000
1,2917,291700000,291700100,17418,29031,291800000,291800000
1,2918,291800000,291800100,17418,29031,291900000,291900000
1,2919,291900000,291900100,17418,29031,292000000,292000000
1,2920,292000000,292000100,17418,29031,292100000,292100000
1,2921,292100000,292100100,17418,29031,292200000,292200000
1,2922,292200000,292200100,17418,29031,292300000,292300000
1,2923,292300000,292300100,17418,29031,292400000,292400000
1,2924,292400000,292400100,17418,29031,292500000,292500000
1,2925,292500000,292500100,17418,29031,292600000,292600000
1,2926,292600000,292600100,17418,29031,292700000,292700000
1,2927,292700000,292700100,17418,29031,292800000,292800000
1,2928,292800000,292800100,17418,29031,292900000,292900000
1,2929,292900000,292900100,17418,29031,293000000,293000000
1,2930,293000000,293000100,17418,29031,293100000,293100000
1,2931,293100000,293100100,17418,29031,293200000,293200000
1,2932,293200000,293200100,17418,29031,293300000,293300000
1,2933,293300000,293300100,17418,29031,293400000,293400000
1,2934,293400000,293400100,17418,29031,293500000,293500000
1,2935,293500000,293500100,17418,29031,293600000,293600000
1,2936,293600000,293600100,17418,29031,293700000,293700000
1,2937,293700000,293700100,17418,29031,293800000,293800000
1,2938,293800000,293800100,17418,29031,293900000,293900000
1,2939,293900000,293900100,17418,29031,294000000,294000000
1,2940,294000000,294000100,17418,29031,294100000,294100000
1,2941,294100000,294100100,17418,29031,294200000,294200000
1,2942,294200000,294200100,17418,29031,294300000,294300000
1,2943,294300000,294300100,17418,29031,294400000,294400000
1,2944,294400000,294400100,17418,29031,294500000,294500000
1,2945,294500000,294500100,17418,29031,294600000,294600000
1,2946,294600000,294600100,17418,29031,294700000,294700000
1,2947,294700000,294700100,17418,29031,294800000,294800000
1,2948,294800000,294800100,17418,29031,294900000,294900000
1,2949,294900000,294900100,17418,29031,295000000,295000000
1,2950,295000000,295000100,17418,29031,295100000,295100000
1,2951,295100000,295100100,17418,29031,295200000,295200000
1,2952,295200000,295200100,17418,29031,295300000,295300000
1,2953,295300000,295300100,17418,29031,295400000,295400000
1,2954,295400000,295400100,17418,29031,295500000,295500000
1,2955,295500000,295500100,17418,29031,295600000,295600000
1,2956,295600000,295600100,17418,29031,295700000,295700000
1,2957,295700000,295700100,17418,29031,295800000,295800000
1,2958,295800000,295800100,17418,29031,295900000,295900000
1,2959,295900000,295900100,17418,29031,296000000,296000000
1,2960,296000000,296000100,17418,29031,296100000,296100000
1,2961,296100000,296100100,17418,29031,296200000,296200000
1,2962,296200000,296200100,17418,29031,296300000,296300000
1,2963,296300000,296300100,17418,29031,296400000,296400000
1,2964,296400000,296400100,17418,29031,296500000,296500000
1,2965,296500000,296500100,17418,29031,296600000,296600000
1,2966,296600000,296600100,17418,29031,296700000,296700000
1,2967,296700000,296700100,17418,29031,296800000,296800000
1,2968,296800000,296800100,17418,29031,296900000,296900000
1,2969,296900000,296900100,17418,29031,297000000,297000000
1,2970,297000000,297000100,17418,29031,297100000,297100000
1,2971,297100000,297100100,17418,29031,297200000,297200000
1,2972,297200000,297200100,17418,29031,297300000,297300000
1,2973,297300000,297300100,17418,29031,297400000,297400000
1,2974,297400000,297400100,17418,29031,297500000,297500000
1,2975,297500000,297500100,17418,29031,297600000,297600000
1,2976,297600000,297600100,17418,29031,297700000,297700000
1,2977,297700000,297700100,17418,29031,297800000,297800000
1,2978,297800000,297800100,17418,29031,297900000,297900000
1,2979,297900000,297900100,17418,29031,298000000,298000000
1,2980,298000000,298000100,17418,29031,298100000,298100000
1,2981,298100000,298100100,17418,29031,298200000,298200000
1,2982,298200000,298200100,17418,29031,298300000,298300000
1,2983,298300000,298300100,17418,29031,298400000,298400000
1,2984,298400000,298400100,17418,29031,298500000,298500000
1,2985,298500000,298500100,17418,29031,298600000,298600000
1,2986,298600000,298600100,17418,29031,298700000,298700000
1,2987,298700000,298700100,17418,29031,298800000,298800000
1,2988,298800000,298800100,17418,29031,298900000,298900000
1,2989,298900000,298900100,17418,29031,299000000,299000000
1,2990,299000000,299000100,17418,29031,299100000,299100000
1,2991,299100000,299100100,17418,29031,299200000,299200000
1,2992,299200000,299200100,17418,29031,299300000,299300000
1,2993,299300000,299300100,17418,29031,299400000,299400000
1,2994,299400000,299400100,17418,29031,299500000,299500000
1,2995,299500000,299500100,17418,29031,299600000,299600000
1,2996,299600000,299600100,17418,29031,299700000,299700000
1,2997,299700000,299700100,17418,29031,299800000,299800000
1,2998,299800000,299800100,17418,29031,299900000,299900000
1,2999,299900000,299900100,17418,29031,300000000,300000000
1,3000,300000000,300000100,17418,29031,300100000,300100000
1,3001,300100000,300100100,17418,29031,300200000,300200000
1,3002,300200000,300200100,17418,29031,300300000,300300000
1,3003,300300000,300300100,17418,29031,300400000,300400000
1,3004,300400000,300400100,17418,29031,300500000,300500000
1,3005,300500000,300500100,17418,29031,300600000,300600000
1,3006,300600000,300600100,17418,29031,300700000,300700000
1,3007,300700000,300700100,17418,29031,300800000,300800000
1,3008,300800000,300800100,17418,29031,300900000,300900000
1,3009,300900000,300900100,17418,29031,301000000,301000000
1,3010,301000000,301000100,17418,29031,301100000,301100000
1,3011,301100000,301100100,17418,29031,301200000,301200000
1,3012,301200000,301200100,17418,29031,301300000,301300000
1,3013,301300000,301300100,17418,29031,301400000,301400000
1,3014,301400000,301400100,17418,29031,301500000,301500000
1,3015,301500000,301500100,17418,29031,301600000,301600000
1,3016,301600000,301600100,17418,29031,301700000,301700000
1,3017,301700000,301700100,17418,29031,301800000,301800000
1,3018,301800000,301800100,17418,29031,301900000,301900000
1,3019,301900000,301900100,17418,29031,302000000,302000000
1,3020,302000000,302000100,17418,29031,302100000,302100000
1,3021,302100000,302100100,17418,29031,302200000,302200000
1,3022,302200000,302200100,17418,29031,302300000,302300000
1,3023,302300000,302300100,17418,29031,302400000,302400000
1,3024,302400000,302400100,17418,29031,302500000,302500000
1,3025,302500000,302500100,17418,29031,302600000,302600000
1,3026,302600000,302600100,17418,29031,302700000,302700000
1,3027,302700000,302700100,17418,29031,302800000,302800000
1,3028,302800000,302800100,17418,29031,302900000,302900000
1,3029,302900000,302900100,17418,29031,303000000,303000000
1,3030,303000000,303000100,17418,29031,303100000,303100000
1,3031,303100000,303100100,17418,29031,303200000,303200000
1,3032,303200000,303200100,17418,29031,303300000,303300000
1,3033,303300000,303300100,17418,29031,303400000,303400000
1,3034,303400000,303400100,17418,29031,303500000,303500000
1,3035,303500000,303500100,17418,29031,303600000,303600000
1,3036,303600000,303600100,17418,29031,303700000,303700000
1,3037,303700000,303700100,17418,29031,303800000,303800000
1,3038,303800000,303800100,17418,29031,303900000,303900000
1,3039,303900000,303900100,17418,29031,304000000,304000000
1,3040,304000000,304000100,17418,29031,304100000,304100000
1,3041,304100000,304100100,17418,29031,304200000,304200000
1,3042,304200000,304200100,17418,29031,304300000,304300000
1,3043,304300000,304300100,17418,29031,304400000,304400000
1,3044,304400000,304400100,17418,29031,304500000,304500000
1,3045,304500000,304500100,17418,29031,304600000,304600000
1,3046,304600000,304600100,17418,29031,304700000,304700000
1,3047,304700000,304700100,17418,29031,304800000,304800000
1,3048,304800000,304800100,17418,29031,304900000,304900000
1,3049,304900000,304900100,17418,29031,305000000,305000000
1,3050,305000000,305000100,17418,29031,305100000,305100000
1,3051,305100000,305100100,17418,29031,305200000,305200000
1,3052,305200000,305200100,17418,29031,305300000,305300000
1,3053,305300000,305300100,17418,29031,305400000,305400000
1,3054,305400000,305400100,17418,29031,305500000,305500000
1,3055,305500000,305500100,17418,29031,305600000,305600000
1,3056,305600000,305600100,17418,29031,305700000,305700000
1,3057,305700000,305700100,17418,29031,305800000,305800000
1,3058,305800000,305800100,17418,29031,305900000,305900000
1,3059,305900000,305900100,17418,29031,306000000,306000000
1,3060,306000000,306000100,17418,29031,306100000,306100000
1,3061,306100000,306100100,17418,29031,306200000,306200000
1,3062,306200000,306200100,17418,29031,306300000,306300000
1,3063,306300000,306300100,17418,29031,306400000,306400000
1,3064,306400000,306400100,17418,29031,306500000,306500000
1,3065,306500000,306500100,17418,29031,306600000,306600000
1,3066,306600000,306600100,17418,29031,306700000,306700000
1,3067,306700000,306700100,17418,29031,306800000,306800000
1,3068,306800000,306800100,17418,29031,306900000,306900000
1,3069,306900000,306900100,17418,29031,307000000,307000000
1,3070,307000000,307000100,17418,29031,307100000,307100000
1,3071,307100000,307100100,17418,29031,307200000,307200000
1,3072,307200000,307200100,17418,29031,307300000,307300000
1,3073,307300000,307300100,17418,29031,307400000,307400000
1,3074,307400000,307400100,17418,29031,307500000,307500000
1,3075,307500000,307500100,17418,29031,307600000,307600000
1,3076,307600000,307600100,17418,29031,307700000,307700000
1,3077,307700000,307700100,17418,29031,307800000,307800000
1,3078,307800000,307800100,17418,29031,307900000,307900000
1,3079,307900000,307900100,17418,29031,308000000,308000000
1,3080,308000000,308000100,17418,29031,308100000,308100000
1,3081,308100000,308100100,17418,29031,308200000,308200000
1,3082,308200000,308200100,17418,29031,308300000,308300000
1,3083,308300000,308300100,17418,29031,308400000,308400000
1,3084,308400000,308400100,17418,29031,308500000,308500000
1,3085,308500000,308500100,17418,29031,308600000,308600000
1,3086,308600000,308600100,17418,29031,308700000,308700000
1,3087,308700000,308700100,17418,29031,308800000,308800000
1,3088,308800000,308800100,17418,29031,308900000,308900000
1,3089,308900000,308900100,17418,29031,309000000,309000000
1,3090,309000000,309000100,17418,29031,309100000,309100000
1,3091,309100000,309100100,17418,29031,309200000,309200000
1,3092,309200000,309200100,17418,29031,309300000,309300000
1,3093,309300000,309300100,17418,29031,309400000,309400000
1,3094,309400000,309400100,17418,29031,309500000,309500000
1,3095,309500000,309500100,17418,29031,309600000,309600000
1,3096,309600000,309600100,17418,29031,309700000,309700000
1,3097,309700000,309700100,17418,29031,309800000,309800000
1,3098,309800000,309800100,17418,29031,309900000,309900000
1,3099,309900000,309900100,17418,29031,310000000,310000000
1,3100,310000000,310000100,17418,29031,310100000,310100000
1,3101,310100000,310100100,17418,29031,310200000,310200000
1,3102,310200000,310200100,17418,29031,310300000,310300000
1,3103,310300000,310300100,17418,29031,310400000,310400000
1,3104,310400000,310400100,17418,29031,310500000,310500000
1,3105,310500000,310500100,17418,29031,310600000,310600000
1,3106,310600000,310600100,17418,29031,310700000,310700000
1,3107,310700000,310700100,17418,29031,310800000,310800000
1,3108,310800000,310800100,17418,29031,310900000,310900000
1,3109,310900000,310900100,17418,29031,311000000,311000000
1,3110,311000000,311000100,17418,29031,311100000,311100000
1,3111,311100000,311100100,17418,29031,311200000,311200000
1,3112,311200000,311200100,17418,29031,311300000,311300000
1,3113,311300000,311300100,17418,29031,311400000,311400000
1,3114,311400000,311400100,17418,29031,311500000,311500000
1,3115,311500000,311500100,17418,29031,311600000,311600000
1,3116,311600000,311600100,17418,29031,311700000,311700000
1,3117,311700000,311700100,17418,29031,311800000,311800000
1,3118,311800000,311800100,17418,29031,311900000,311900000
1,3119,311900000,311900100,17418,29031,312000000,312000000
1,3120,312000000,312000100,17418,29031,312100000,312100000
1,3121,312100000,312100100,17418,29031,312200000,312200000
1,3122,312200000,312200100,17418,29031,312300000,312300000
1,3123,312300000,312300100,17418,29031,312400000,312400000
1,3124,312400000,312400100,17418,29031,312500000,312500000
1,3125,312500000,312500100,17418,29031,312600000,312600000
1,3126,312600000,312600100,17418,29031,312700000,312700000
1,3127,312700000,312700100,17418,29031,312800000,312800000
1,3128,312800000,312800100,17418,29031,312900000,312900000
1,3129,312900000,312900100,17418,29031,313000000,313000000
1,3130,313000000,313000100,17418,29031,313100000,313100000
1,3131,313100000,313100100,17418,29031,313200000,313200000
1,3132,313200000,313200100,17418,29031,313300000,313300000
1,3133,313300000,313300100,17418,29031,313400000,313400000
1,3134,313400000,313400100,17418,29031,313500000,313500000
1,3135,313500000,313500100,17418,29031,313600000,313600000
1,3136,313600000,313600100,17418,29031,313700000,313700000
1,3137,313700000,313700100,17418,29031,313800000,313800000
1,3138,313800000,313800100,17418,29031,313900000,313900000
1,3139,313900000,313900100,17418,29031,314000000,314000000
1,3140,314000000,314000100,17418,29031,314100000,314100000
1,3141,314100000,314100100,17418,29031,314200000,314200000
1,3142,314200000,314200100,17418,29031,314300000,314300000
1,3143,314300000,314300100,17418,29031,314400000,314400000
1,3144,314400000,314400100,17418,29031,314500000,314500000
1,3145,314500000,314500100,17418,29031,314600000,314600000
1,3146,314600000,314600100,17418,29031,314700000,314700000
1,3147,314700000,314700100,17418,29031,314800000,314800000
1,3148,314800000,314800100,17418,29031,314900000,314900000
1,3149,314900000,314900100,17418,29031,315000000,315000000
1,3150,315000000,315000100,17418,29031,315100000,315100000
1,3151,315100000,315100100,17418,29031,315200000,315200000
1,3152,315200000,315200100,17418,29031,315300000,315300000
1,3153,315300000,315300100,17418,29031,315400000,315400000
1,3154,315400000,315400100,17418,29031,315500000,315500000
1,3155,315500000,315500100,17418,29031,315600000,315600000
1,3156,315600000,315600100,17418,29031,315700000,315700000
1,3157,315700000,315700100,17418,29031,315800000,315800000
1,3158,315800000,315800100,17418,29031,315900000,315900000
1,3159,315900000,315900100,17418,29031,316000000,316000000
1,3160,316000000,316000100,17418,29031,316100000,316100000
1,3161,316100000,316100100,17418,29031,316200000,316200000
1,3162,316200000,316200100,17418,29031,316300000,316300000
1,3163,316300000,316300100,17418,29031,316400000,316400000
1,3164,316400000,316400100,17418,29031,316500000,316500000
1,3165,316500000,316500100,17418,29031,316600000,316600000
1,3166,316600000,316600100,17418,29031,316700000,316700000
1,3167,316700000,316700100,17418,29031,316800000,316800000
1,3168,316800000,316800100,17418,29031,316900000,316900000
1,3169,316900000,316900100,17418,29031,317000000,317000000
1,3170,317000000,317000100,17418,29031,317100000,317100000
1,3171,317100000,317100100,17418,29031,317200000,317200000
1,3172,317200000,317200100,17418,29031,317300000,317300000
1,3173,317300000,317300100,17418,29031,317400000,317400000
1,3174,317400000,317400100,17418,29031,317500000,317500000
1,3175,317500000,317500100,17418,29031,317600000,317600000
1,3176,317600000,317600100,17418,29031,317700000,317700000
1,3177,317700000,317700100,17418,29031,317800000,317800000
1,3178,317800000,317800100,17418,29031,317900000,317900000
1,3179,317900000,317900100,17418,29031,318000000,318000000
1,3180,318000000,318000100,17418,29031,318100000,318100000
1,3181,318100000,318100100,17418,29031,318200000,318200000
1,3182,318200000,318200100,17418,29031,318300000,318300000
1,3183,318300000,318300100,17418,29031,318400000,318400000
1,3184,318400000,318400100,17418,29031,318500000,318500000
1,3185,318500000,318500100,17418,29031,318600000,318600000
1,3186,318600000,318600100,17418,29031,318700000,318700000
1,3187,318700000,318700100,17418,29031,318800000,318800000
1,3188,318800000,318800100,17418,29031,318900000,318900000
1,3189,318900000,318900100,17418,29031,319000000,319000000
1,3190,319000000,319000100,17418,29031,319100000,319100000
1,3191,319100000,319100100,17418,29031,319200000,319200000
1,3192,319200000,319200100,17418,29031,319300000,319300000
1,3193,319300000,319300100,17418,29031,319400000,319400000
1,3194,319400000,319400100,17418,29031,319500000,319500000
1,3195,319500000,319500100,17418,29031,319600000,319600000
1,3196,319600000,319600100,17418,29031,319700000,319700000
1,3197,319700000,319700100,17418,29031,319800000,319800000
1,3198,319800000,319800100,17418,29031,319900000,319900000
1,3199,319900000,319900100,17418,29031,320000000,320000000
1,3200,320000000,320000100,17418,29031,320100000,320100000
1,3201,320100000,320100100,17418,29031,320200000,320200000
1,3202,320200000,320200100,17418,29031,320300000,320300000
1,3203,320300000,320300100,17418,29031,320400000,320400000
1,3204,320400000,320400100,17418,29031,320500000,320500000
1,3205,320500000,320500100,17418,29031,320600000,320600000
1,3206,320600000,320600100,17418,29031,320700000,320700000
1,3207,320700000,320700100,17418,29031,320800000,320800000
1,3208,320800000,320800100,17418,29031,320900000,320900000
1,3209,320900000,320900100,17418,29031,321000000,321000000
1,3210,321000000,321000100,17418,29031,321100000,321100000
1,3211,321100000,321100100,17418,29031,321200000,321200000
1,3212,321200000,321200100,17418,29031,321300000,321300000
1,3213,321300000,321300100,17418,29031,321400000,321400000
1,3214,321400000,321400100,17418,29031,321500000,321500000
1,3215,321500000,321500100,17418,29031,321600000,321600000
1,3216,321600000,321600100,17418,29031,321700000,321700000
1,3217,321700000,321700100,17418,29031,321800000,321800000
1,3218,321800000,321800100,17418,29031,321900000,321900000
1,3219,321900000,321900100,17418,29031,322000000,322000000
1,3220,322000000,322000100,17418,29031,322100000,322100000
1,3221,322100000,322100100,17418,29031,322200000,322200000
1,3222,322200000,322200100,17418,29031,322300000,322300000
1,3223,322300000,322300100,17418,29031,322400000,322400000
1,3224,322400000,322400100,17418,29031,322500000,322500000
1,3225,322500000,322500100,17418,29031,322600000,322600000
1,3226,322600000,322600100,17418,29031,322700000,322700000
1,3227,322700000,322700100,17418,29031,322800000,322800000
1,3228,322800000,322800100,17418,29031,322900000,322900000
1,3229,322900000,322900100,17418,29031,323000000,323000000
1,3230,323000000,323000100,17418,29031,323100000,323100000
1,3231,323100000,323100100,17418,29031,323200000,323200000
1,3232,323200000,323200100,17418,29031,323300000,323300000
1,3233,323300000,323300100,17418,29031,323400000,323400000
1,3234,323400000,323400100,17418,29031,323500000,323500000
1,3235,323500000,323500100,17418,29031,323600000,323600000
1,3236,323600000,323600100,17418,29031,323700000,323700000
1,3237,323700000,323700100,17418,29031,323800000,323800000
1,3238,323800000,323800100,17418,29031,323900000,323900000
1,3239,323900000,323900100,17418,29031,324000000,324000000
1,3240,324000000,324000100,17418,29031,324100000,324100000
1,3241,324100000,324100100,17418,29031,324200000,324200000
1,3242,324200000,324200100,17418,29031,324300000,324300000
1,3243,324300000,324300100,17418,29031,324400000,324400000
1,3244,324400000,324400100,17418,29031,324500000,324500000
1,3245,324500000,324500100,17418,29031,324600000,324600000
1,3246,324600000,324600100,17418,29031,324700000,324700000
1,3247,324700000,324700100,17418,29031,324800000,324800000
1,3248,324800000,324800100,17418,29031,324900000,324900000
1,3249,324900000,324900100,17418,29031,325000000,325000000
1,3250,325000000,325000100,17418,29031,325100000,325100000
1,3251,325100000,325100100,17418,29031,325200000,325200000
1,3252,325200000,325200100,17418,29031,325300000,325300000
1,3253,325300000,325300100,17418,29031,325400000,325400000
1,3254,325400000,325400100,17418,29031,325500000,325500000
1,3255,325500000,325500100,17418,29031,325600000,325600000
1,3256,325600000,325600100,17418,29031,325700000,325700000
1,3257,325700000,325700100,17418,29031,325800000,325800000
1,3258,325800000,325800100,17418,29031,325900000,325900000
1,3259,325900000,325900100,17418,29031,326000000,326000000
1,3260,326000000,326000100,17418,29031,326100000,326100000
1,3261,326100000,326100100,17418,29031,326200000,326200000
1,3262,326200000,326200100,17418,29031,326300000,326300000
1,3263,326300000,326300100,17418,29031,326400000,326400000
1,3264,326400000,326400100,17418,29031,326500000,326500000
1,3265,326500000,326500100,17418,29031,326600000,326600000
1,3266,326600000,326600100,17418,29031,326700000,326700000
1,3267,326700000,326700100,17418,29031,326800000,326800000
1,3268,326800000,326800100,17418,29031,326900000,326900000
1,3269,326900000,326900100,17418,29031,327000000,327000000
1,3270,327000000,327000100,17418,29031,327100000,327100000
1,3271,327100000,327100100,17418,29031,327200000,327200000
1,3272,327200000,327200100,17418,29031,327300000,327300000
1,3273,327300000,327300100,17418,29031,327400000,327400000
1,3274,327400000,327400100,17418,29031,327500000,327500000
1,3275,327500000,327500100,17418,29031,327600000,327600000
1,3276,327600000,327600100,17418,29031,327700000,327700000
1,3277,327700000,327700100,17418,29031,327800000,327800000
1,3278,327800000,327800100,17418,29031,327900000,327900000
1,3279,327900000,327900100,17418,29031,328000000,328000000
1,3280,328000000,328000100,17418,29031,328100000,328100000
1,3281,328100000,328100100,17418,29031,328200000,328200000
1,3282,328200000,328200100,17418,29031,328300000,328300000
1,3283,328300000,328300100,17418,29031,328400000,328400000
1,3284,328400000,328400100,17418,29031,328500000,328500000
1,3285,328500000,328500100,17418,29031,328600000,328600000
1,3286,328600000,328600100,17418,29031,328700000,328700000
1,3287,328700000,328700100,17418,29031,328800000,328800000
1,3288,328800000,328800100,17418,29031,328900000,328900000
1,3289,328900000,328900100,17418,29031,329000000,329000000
1,3290,329000000,329000100,17418,29031,329100000,329100000
1,3291,329100000,329100100,17418,29031,329200000,329200000
1,3292,329200000,329200100,17418,29031,329300000,329300000
1,3293,329300000,329300100,17418,29031,329400000,329400000
1,3294,329400000,329400100,17418,29031,329500000,329500000
1,3295,329500000,329500100,17418,29031,329600000,329600000
1,3296,329600000,329600100,17418,29031,329700000,329700000
1,3297,329700000,329700100,17418,29031,329800000,329800000
1,3298,329800000,329800100,17418,29031,329900000,329900000
1,3299,329900000,329900100,17418,29031,330000000,330000000
1,3300,330000000,330000100,17418,29031,330100000,330100000
1,3301,330100000,330100100,17418,29031,330200000,330200000
1,3302,330200000,330200100,17418,29031,330300000,330300000
1,3303,330300000,330300100,17418,29031,330400000,330400000
1,3304,330400000,330400100,17418,29031,330500000,330500000
1,3305,330500000,330500100,17418,29031,330600000,330600000
1,3306,330600000,330600100,17418,29031,330700000,330700000
1,3307,330700000,330700100,17418,29031,330800000,330800000
1,3308,330800000,330800100,17418,29031,330900000,330900000
1,3309,330900000,330900100,17418,29031,331000000,331000000
1,3310,331000000,331000100,17418,29031,331100000,331100000
1,3311,331100000,331100100,17418,29031,331200000,331200000
1,3312,331200000,331200100,17418,29031,331300000,331300000
1,3313,331300000,331300100,17418,29031,331400000,331400000
1,3314,331400000,331400100,17418,29031,331500000,331500000
1,3315,331500000,331500100,17418,29031,331600000,331600000
1,3316,331600000,331600100,17418,29031,331700000,331700000
1,3317,331700000,331700100,17418,29031,331800000,331800000
1,3318,331800000,331800100,17418,29031,331900000,331900000
1,3319,331900000,331900100,17418,29031,332000000,332000000
1,3320,332000000,332000100,17418,29031,332100000,332100000
1,3321,332100000,332100100,17418,29031,332200000,332200000
1,3322,332200000,332200100,17418,29031,332300000,332300000
1,3323,332300000,332300100,17418,29031,332400000,332400000
1,3324,332400000,332400100,17418,29031,332500000,332500000
1,3325,332500000,332500100,17418,29031,332600000,332600000
1,3326,332600000,332600100,17418,29031,332700000,332700000
1,3327,332700000,332700100,17418,29031,332800000,332800000
1,3328,332800000,332800100,17418,29031,332900000,332900000
1,3329,332900000,332900100,17418,29031,333000000,333000000
1,3330,333000000,333000100,17418,29031,333100000,333100000
1,3331,333100000,333100100,17418,29031,333200000,333200000
1,3332,333200000,333200100,17418,29031,333300000,333300000
1,3333,333300000,333300100,17418,29031,333400000,333400000
1,3334,333400000,333400100,17418,29031,333500000,333500000
1,3335,333500000,333500100,17418,29031,333600000,333600000
1,3336,333600000,333600100,17418,29031,333700000,333700000
1,3337,333700000,333700100,17418,29031,333800000,333800000
1,3338,333800000,333800100,17418,29031,333900000,333900000
1,3339,333900000,333900100,17418,29031,334000000,334000000
1,3340,334000000,334000100,17418,29031,334100000,334100000
1,3341,334100000,334100100,17418,29031,334200000,334200000
1,3342,334200000,334200100,17418,29031,334300000,334300000
1,3343,334300000,334300100,17418,29031,334400000,334400000
1,3344,334400000,334400100,17418,29031,334500000,334500000
1,3345,334500000,334500100,17418,29031,334600000,334600000
1,3346,334600000,334600100,17418,29031,334700000,334700000
1,3347,334700000,334700100,17418,29031,334800000,334800000
1,3348,334800000,334800100,17418,29031,334900000,334900000
1,3349,334900000,334900100,17418,29031,335000000,335000000
1,3350,335000000,335000100,17418,29031,335100000,335100000
1,3351,335100000,335100100,17418,29031,335200000,335200000
1,3352,335200000,335200100,17418,29031,335300000,335300000
1,3353,335300000,335300100,17418,29031,335400000,335400000
1,3354,335400000,335400100,17418,29031,335500000,335500000
1,3355,335500000,335500100,17418,29031,335600000,335600000
1,3356,335600000,335600100,17418,29031,335700000,335700000
1,3357,335700000,335700100,17418,29031,335800000,335800000
1,3358,335800000,335800100,17418,29031,335900000,335900000
1,3359,335900000,335900100,17418,29031,336000000,336000000
1,3360,336000000,336000100,17418,29031,336100000,336100000
1,3361,336100000,336100100,17418,29031,336200000,336200000
1,3362,336200000,336200100,17418,29031,336300000,336300000
1,3363,336300000,336300100,17418,29031,336400000,336400000
1,3364,336400000,336400100,17418,29031,336500000,336500000
1,3365,336500000,336500100,17418,29031,336600000,336600000
1,3366,336600000,336600100,17418,29031,336700000,336700000
1,3367,336700000,336700100,17418,29031,336800000,336800000
1,3368,336800000,336800100,17418,29031,336900000,336900000
1,3369,336900000,336900100,17418,29031,337000000,337000000
1,3370,337000000,337000100,17418,29031,337100000,337100000
1,3371,337100000,337100100,17418,29031,337200000,337200000
1,3372,337200000,337200100,17418,29031,337300000,337300000
1,3373,337300000,337300100,17418,29031,337400000,337400000
1,3374,337400000,337400100,17418,29031,337500000,337500000
1,3375,337500000,337500100,17418,29031,337600000,337600000
1,3376,337600000,337600100,17418,29031,337700000,337700000
1,3377,337700000,337700100,17418,29031,337800000,337800000
1,3378,337800000,337800100,17418,29031,337900000,337900000
1,3379,337900000,337900100,17418,29031,338000000,338000000
1,3380,338000000,338000100,17418,29031,338100000,338100000
1,3381,338100000,338100100,17418,29031,338200000,338200000
1,3382,338200000,338200100,17418,29031,338300000,338300000
1,3383,338300000,338300100,17418,29031,338400000,338400000
1,3384,338400000,338400100,17418,29031,338500000,338500000
1,3385,338500000,338500100,17418,29031,338600000,338600000
1,3386,338600000,338600100,17418,29031,338700000,338700000
1,3387,338700000,338700100,17418,29031,338800000,338800000
1,3388,338800000,338800100,17418,29031,338900000,338900000
1,3389,338900000,338900100,17418,29031,339000000,339000000
1,3390,339000000,339000100,17418,29031,339100000,339100000
1,3391,339100000,339100100,17418,29031,339200000,339200000
1,3392,339200000,339200100,17418,29031,339300000,339300000
1,3393,339300000,339300100,17418,29031,339400000,339400000
1,3394,339400000,339400100,17418,29031,339500000,339500000
1,3395,339500000,339500100,17418,29031,339600000,339600000
1,3396,339600000,339600100,17418,29031,339700000,339700000
1,3397,339700000,339700100,17418,29031,339800000,339800000
1,3398,339800000,339800100,17418,29031,339900000,339900000
1,3399,339900000,339900100,17418,29031,340000000,340000000
1,3400,340000000,340000100,17418,29031,340100000,340100000
1,3401,340100000,340100100,17418,29031,340200000,340200000
1,3402,340200000,340200100,17418,29031,340300000,340300000
1,3403,340300000,340300100,17418,29031,340400000,340400000
1,3404,340400000,340400100,17418,29031,340500000,340500000
1,3405,340500000,340500100,17418,29031,340600000,340600000
1,3406,340600000,340600100,17418,29031,340700000,340700000
1,3407,340700000,340700100,17418,29031,340800000,340800000
1,3408,340800000,340800100,17418,29031,340900000,340900000
1,3409,340900000,340900100,17418,29031,341000000,341000000
1,3410,341000000,341000100,17418,29031,341100000,341100000
1,3411,341100000,341100100,17418,29031,341200000,341200000
1,3412,341200000,341200100,17418,29031,341300000,341300000
1,3413,341300000,341300100,17418,29031,341400000,341400000
1,3414,341400000,341400100,17418,29031,341500000,341500000
1,3415,341500000,341500100,17418,29031,341600000,341600000
1,3416,341600000,341600100,17418,29031,341700000,341700000
1,3417,341700000,341700100,17418,29031,341800000,341800000
1,3418,341800000,341800100,17418,29031,341900000,341900000
1,3419,341900000,341900100,17418,29031,342000000,342000000
1,3420,342000000,342000100,17418,29031,342100000,342100000
1,3421,342100000,342100100,17418,29031,342200000,342200000
1,3422,342200000,342200100,17418,29031,342300000,342300000
1,3423,342300000,342300100,17418,29031,342400000,342400000
1,3424,342400000,342400100,17418,29031,342500000,342500000
1,3425,342500000,342500100,17418,29031,342600000,342600000
1,3426,342600000,342600100,17418,29031,342700000,342700000
1,3427,342700000,342700100,17418,29031,342800000,342800000
1,3428,342800000,342800100,17418,29031,342900000,342900000
1,3429,342900000,342900100,17418,29031,343000000,343000000
1,3430,343000000,343000100,17418,29031,343100000,343100000
1,3431,343100000,343100100,17418,29031,343200000,343200000
1,3432,343200000,343200100,17418,29031,343300000,343300000
1,3433,343300000,343300100,17418,29031,343400000,343400000
1,3434,343400000,343400100,17418,29031,343500000,343500000
1,3435,343500000,343500100,17418,29031,343600000,343600000
1,3436,343600000,343600100,17418,29031,343700000,343700000
1,3437,343700000,343700100,17418,29031,343800000,343800000
1,3438,343800000,343800100,17418,29031,343900000,343900000
1,3439,343900000,343900100,17418,29031,344000000,344000000
1,3440,344000000,344000100,17418,29031,344100000,344100000
1,3441,344100000,344100100,17418,29031,344200000,344200000
1,3442,344200000,344200100,17418,29031,344300000,344300000
1,3443,344300000,344300100,17418,29031,344400000,344400000
1,3444,344400000,344400100,17418,29031,344500000,344500000
1,3445,344500000,344500100,17418,29031,344600000,344600000
1,3446,344600000,344600100,17418,29031,344700000,344700000
1,3447,344700000,344700100,17418,29031,344800000,344800000
1,3448,344800000,344800100,17418,29031,344900000,344900000
1,3449,344900000,344900100,17418,29031,345000000,345000000
1,3450,345000000,345000100,17418,29031,345100000,345100000
1,3451,345100000,345100100,17418,29031,345200000,345200000
1,3452,345200000,345200100,17418,29031,345300000,345300000
1,3453,345300000,345300100,17418,29031,345400000,345400000
1,3454,345400000,345400100,17418,29031,345500000,345500000
1,3455,345500000,345500100,17418,29031,345600000,345600000
1,3456,345600000,345600100,17418,29031,345700000,345700000
1,3457,345700000,345700100,17418,29031,345800000,345800000
1,3458,345800000,345800100,17418,29031,345900000,345900000
1,3459,345900000,345900100,17418,29031,346000000,346000000
1,3460,346000000,346000100,17418,29031,346100000,346100000
1,3461,346100000,346100100,17418,29031,346200000,346200000
1,3462,346200000,346200100,17418,29031,346300000,346300000
1,3463,346300000,346300100,17418,29031,346400000,346400000
1,3464,346400000,346400100,17418,29031,346500000,346500000
1,3465,346500000,346500100,17418,29031,346600000,346600000
1,3466,346600000,346600100,17418,29031,346700000,346700000
1,3467,346700000,346700100,17418,29031,346800000,346800000
1,3468,346800000,346800100,17418,29031,346900000,346900000
1,3469,346900000,346900100,17418,29031,347000000,347000000
1,3470,347000000,347000100,17418,29031,347100000,347100000
1,3471,347100000,347100100,17418,29031,347200000,347200000
1,3472,347200000,347200100,17418,29031,347300000,347300000
1,3473,347300000,347300100,17418,29031,347400000,347400000
1,3474,347400000,347400100,17418,29031,347500000,347500000
1,3475,347500000,347500100,17418,29031,347600000,347600000
1,3476,347600000,347600100,17418,29031,347700000,347700000
1,3477,347700000,347700100,17418,29031,347800000,347800000
1,3478,347800000,347800100,17418,29031,347900000,347900000
1,3479,347900000,347900100,17418,29031,348000000,348000000
1,3480,348000000,348000100,17418,29031,348100000,348100000
1,3481,348100000,348100100,17418,29031,348200000,348200000
1,3482,348200000,348200100,17418,29031,348300000,348300000
1,3483,348300000,348300100,17418,29031,348400000,348400000
1,3484,348400000,348400100,17418,29031,348500000,348500000
1,3485,348500000,348500100,17418,29031,348600000,348600000
1,3486,348600000,348600100,17418,29031,348700000,348700000
1,3487,348700000,348700100,17418,29031,348800000,348800000
1,3488,348800000,348800100,17418,29031,348900000,348900000
1,3489,348900000,348900100,17418,29031,349000000,349000000
1,3490,349000000,349000100,17418,29031,349100000,349100000
1,3491,349100000,349100100,17418,29031,349200000,349200000
1,3492,349200000,349200100,17418,29031,349300000,349300000
1,3493,349300000,349300100,17418,29031,349400000,349400000
1,3494,349400000,349400100,17418,29031,349500000,349500000
1,3495,349500000,349500100,17418,29031,349600000,349600000
1,3496,349600000,349600100,17418,29031,349700000,349700000
1,3497,349700000,349700100,17418,29031,349800000,349800000
1,3498,349800000,349800100,17418,29031,349900000,349900000
1,3499,349900000,349900100,17418,29031,350000000,350000000
1,3500,350000000,350000100,17418,29031,350100000,350100000
1,3501,350100000,350100100,17418,29031,350200000,350200000
1,3502,350200000,350200100,17418,29031,350300000,350300000
1,3503,350300000,350300100,17418,29031,350400000,350400000
1,3504,350400000,350400100,17418,29031,350500000,350500000
1,3505,350500000,350500100,17418,29031,350600000,350600000
1,3506,350600000,350600100,17418,29031,350700000,350700000
1,3507,350700000,350700100,17418,29031,350800000,350800000
1,3508,350800000,350800100,17418,29031,350900000,350900000
1,3509,350900000,350900100,17418,29031,351000000,351000000
1,3510,351000000,351000100,17418,29031,351100000,351100000
1,3511,351100000,351100100,17418,29031,351200000,351200000
1,3512,351200000,351200100,17418,29031,351300000,351300000
1,3513,351300000,351300100,17418,29031,351400000,351400000
1,3514,351400000,351400100,17418,29031,351500000,351500000
1,3515,351500000,351500100,17418,29031,351600000,351600000
1,3516,351600000,351600100,17418,29031,351700000,351700000
1,3517,351700000,351700100,17418,29031,351800000,351800000
1,3518,351800000,351800100,17418,29031,351900000,351900000
1,3519,351900000,351900100,17418,29031,352000000,352000000
1,3520,352000000,352000100,17418,29031,352100000,352100000
1,3521,352100000,352100100,17418,29031,352200000,352200000
1,3522,352200000,352200100,17418,29031,352300000,352300000
1,3523,352300000,352300100,17418,29031,352400000,352400000
1,3524,352400000,352400100,17418,29031,352500000,352500000
1,3525,352500000,352500100,17418,29031,352600000,352600000
1,3526,352600000,352600100,17418,29031,352700000,352700000
1,3527,352700000,352700100,17418,29031,352800000,352800000
1,3528,352800000,352800100,17418,29031,352900000,352900000
1,3529,352900000,352900100,17418,29031,353000000,353000000
1,3530,353000000,353000100,17418,29031,353100000,353100000
1,3531,353100000,353100100,17418,29031,353200000,353200000
1,3532,353200000,353200100,17418,29031,353300000,353300000
1,3533,353300000,353300100,17418,29031,353400000,353400000
1,3534,353400000,353400100,17418,29031,353500000,353500000
1,3535,353500000,353500100,17418,29031,353600000,353600000
1,3536,353600000,353600100,17418,29031,353700000,353700000
1,3537,353700000,353700100,17418,29031,353800000,353800000
1,3538,353800000,353800100,17418,29031,353900000,353900000
1,3539,353900000,353900100,17418,29031,354000000,354000000
1,3540,354000000,354000100,17418,29031,354100000,354100000
1,3541,354100000,354100100,17418,29031,354200000,354200000
1,3542,354200000,354200100,17418,29031,354300000,354300000
1,3543,354300000,354300100,17418,29031,354400000,354400000
1,3544,354400000,354400100,17418,29031,354500000,354500000
1,3545,354500000,354500100,17418,29031,354600000,354600000
1,3546,354600000,354600100,17418,29031,354700000,354700000
1,3547,354700000,354700100,17418,29031,354800000,354800000
1,3548,354800000,354800100,17418,29031,354900000,354900000
1,3549,354900000,354900100,17418,29031,355000000,355000000
1,3550,355000000,355000100,17418,29031,355100000,355100000
1,3551,355100000,355100100,17418,29031,355200000,355200000
1,3552,355200000,355200100,17418,29031,355300000,355300000
1,3553,355300000,355300100,17418,29031,355400000,355400000
1,3554,355400000,355400100,17418,29031,355500000,355500000
1,3555,355500000,355500100,17418,29031,355600000,355600000
1,3556,355600000,355600100,17418,29031,355700000,355700000
1,3557,355700000,355700100,17418,29031,355800000,355800000
1,3558,355800000,355800100,17418,29031,355900000,355900000
1,3559,355900000,355900100,17418,29031,356000000,356000000
1,3560,356000000,356000100,17418,29031,356100000,356100000
1,3561,356100000,356100100,17418,29031,356200000,356200000
1,3562,356200000,356200100,17418,29031,356300000,356300000
1,3563,356300000,356300100,17418,29031,356400000,356400000
1,3564,356400000,356400100,17418,29031,356500000,356500000
1,3565,356500000,356500100,17418,29031,356600000,356600000
1,3566,356600000,356600100,17418,29031,356700000,356700000
1,3567,356700000,356700100,17418,29031,356800000,356800000
1,3568,356800000,356800100,17418,29031,356900000,356900000
1,3569,356900000,356900100,17418,29031,357000000,357000000
1,3570,357000000,357000100,17418,29031,357100000,357100000
1,3571,357100000,357100100,17418,29031,357200000,357200000
1,3572,357200000,357200100,17418,29031,357300000,357300000
1,3573,357300000,357300100,17418,29031,357400000,357400000
1,3574,357400000,357400100,17418,29031,357500000,357500000
1,3575,357500000,357500100,17418,29031,357600000,357600000
1,3576,357600000,357600100,17418,29031,357700000,357700000
1,3577,357700000,357700100,17418,29031,357800000,357800000
1,3578,357800000,357800100,17418,29031,357900000,357900000
1,3579,357900000,357900100,17418,29031,358000000,358000000
1,3580,358000000,358000100,17418,29031,358100000,358100000
1,3581,358100000,358100100,17418,29031,358200000,358200000
1,3582,358200000,358200100,17418,29031,358300000,358300000
1,3583,358300000,358300100,17418,29031,358400000,358400000
1,3584,358400000,358400100,17418,29031,358500000,358500000
1,3585,358500000,358500100,17418,29031,358600000,358600000
1,3586,358600000,358600100,17418,29031,358700000,358700000
1,3587,358700000,358700100,17418,29031,358800000,358800000
1,3588,358800000,358800100,17418,29031,358900000,358900000
1,3589,358900000,358900100,17418,29031,359000000,359000000
1,3590,359000000,359000100,17418,29031,359100000,359100000
1,3591,359100000,359100100,17418,29031,359200000,359200000
1,3592,359200000,359200100,17418,29031,359300000,359300000
1,3593,359300000,359300100,17418,29031,359400000,359400000
1,3594,359400000,359400100,17418,29031,359500000,359500000
1,3595,359500000,359500100,17418,29031,359600000,359600000
1,3596,359600000,359600100,17418,29031,359700000,359700000
1,3597,359700000,359700100,17418,29031,359800000,359800000
1,3598,359800000,359800100,17418,29031,359900000,359900000
1,3599,359900000,359900100,17418,29031,360000000,360000000
1,3600,360000000,360000100,17418,29031,360100000,360100000
1,3601,360100000,360100100,17418,29031,360200000,360200000
1,3602,360200000,360200100,17418,29031,360300000,360300000
1,3603,360300000,360300100,17418,29031,360400000,360400000
1,3604,360400000,360400100,17418,29031,360500000,360500000
1,3605,360500000,360500100,17418,29031,360600000,360600000
1,3606,360600000,360600100,17418,29031,360700000,360700000
1,3607,360700000,360700100,17418,29031,360800000,360800000
1,3608,360800000,360800100,17418,29031,360900000,360900000
1,3609,360900000,360900100,17418,29031,361000000,361000000
1,3610,361000000,361000100,17418,29031,361100000,361100000
1,3611,361100000,361100100,17418,29031,361200000,361200000
1,3612,361200000,361200100,17418,29031,361300000,361300000
1,3613,361300000,361300100,17418,29031,361400000,361400000
1,3614,361400000,361400100,17418,29031,361500000,361500000
1,3615,361500000,361500100,17418,29031,361600000,361600000
1,3616,361600000,361600100,17418,29031,361700000,361700000
1,3617,361700000,361700100,17418,29031,361800000,361800000
1,3618,361800000,361800100,17418,29031,361900000,361900000
1,3619,361900000,361900100,17418,29031,362000000,362000000
1,3620,362000000,362000100,17418,29031,362100000,362100000
1,3621,362100000,362100100,17418,29031,362200000,362200000
1,3622,362200000,362200100,17418,29031,362300000,362300000
1,3623,362300000,362300100,17418,29031,362400000,362400000
1,3624,362400000,362400100,17418,29031,362500000,362500000
1,3625,362500000,362500100,17418,29031,362600000,362600000
1,3626,362600000,362600100,17418,29031,362700000,362700000
1,3627,362700000,362700100,17418,29031,362800000,362800000
1,3628,362800000,362800100,17418,29031,362900000,362900000
1,3629,362900000,362900100,17418,29031,363000000,363000000
1,3630,363000000,363000100,17418,29031,363100000,363100000
1,3631,363100000,363100100,17418,29031,363200000,363200000
1,3632,363200000,363200100,17418,29031,363300000,363300000
1,3633,363300000,363300100,17418,29031,363400000,363400000
1,3634,363400000,363400100,17418,29031,363500000,363500000
1,3635,363500000,363500100,17418,29031,363600000,363600000
1,3636,363600000,363600100,17418,29031,363700000,363700000
1,3637,363700000,363700100,17418,29031,363800000,363800000
1,3638,363800000,363800100,17418,29031,363900000,363900000
1,3639,363900000,363900100,17418,29031,364000000,364000000
1,3640,364000000,364000100,17418,29031,364100000,364100000
1,3641,364100000,364100100,17418,29031,364200000,364200000
1,3642,364200000,364200100,17418,29031,364300000,364300000
1,3643,364300000,364300100,17418,29031,364400000,364400000
1,3644,364400000,364400100,17418,29031,364500000,364500000
1,3645,364500000,364500100,17418,29031,364600000,364600000
1,3646,364600000,364600100,17418,29031,364700000,364700000
1,3647,364700000,364700100,17418,29031,364800000,364800000
1,3648,364800000,364800100,17418,29031,364900000,364900000
1,3649,364900000,364900100,17418,29031,365000000,365000000
1,3650,365000000,365000100,17418,29031,365100000,365100000
1,3651,365100000,365100100,17418,29031,365200000,365200000
1,3652,365200000,365200100,17418,29031,365300000,365300000
1,3653,365300000,365300100,17418,29031,365400000,365400000
1,3654,365400000,365400100,17418,29031,365500000,365500000
1,3655,365500000,365500100,17418,29031,365600000,365600000
1,3656,365600000,365600100,17418,29031,365700000,365700000
1,3657,365700000,365700100,17418,29031,365800000,365800000
1,3658,365800000,365800100,17418,29031,365900000,365900000
1,3659,365900000,365900100,17418,29031,366000000,366000000
1,3660,366000000,366000100,17418,29031,366100000,366100000
1,3661,366100000,366100100,17418,29031,366200000,366200000
1,3662,366200000,366200100,17418,29031,366300000,366300000
1,3663,366300000,366300100,17418,29031,366400000,366400000
1,3664,366400000,366400100,17418,29031,366500000,366500000
1,3665,366500000,366500100,17418,29031,366600000,366600000
1,3666,366600000,366600100,17418,29031,366700000,366700000
1,3667,366700000,366700100,17418,29031,366800000,366800000
1,3668,366800000,366800100,17418,29031,366900000,366900000
1,3669,366900000,366900100,17418,29031,367000000,367000000
1,3670,367000000,367000100,17418,29031,367100000,367100000
1,3671,367100000,367100100,17418,29031,367200000,367200000
1,3672,367200000,367200100,17418,29031,367300000,367300000
1,3673,367300000,367300100,17418,29031,367400000,367400000
1,3674,367400000,367400100,17418,29031,367500000,367500000
1,3675,367500000,367500100,17418,29031,367600000,367600000
1,3676,367600000,367600100,17418,29031,367700000,367700000
1,3677,367700000,367700100,17418,29031,367800000,367800000
1,3678,367800000,367800100,17418,29031,367900000,367900000
1,3679,367900000,367900100,17418,29031,368000000,368000000
1,3680,368000000,368000100,17418,29031,368100000,368100000
1,3681,368100000,368100100,17418,29031,368200000,368200000
1,3682,368200000,368200100,17418,29031,368300000,368300000
1,3683,368300000,368300100,17418,29031,368400000,368400000
1,3684,368400000,368400100,17418,29031,368500000,368500000
1,3685,368500000,368500100,17418,29031,368600000,368600000
1,3686,368600000,368600100,17418,29031,368700000,368700000
1,3687,368700000,368700100,17418,29031,368800000,368800000
1,3688,368800000,368800100,17418,29031,368900000,368900000
1,3689,368900000,368900100,17418,29031,369000000,369000000
1,3690,369000000,369000100,17418,29031,369100000,369100000
1,3691,369100000,369100100,17418,29031,369200000,369200000
1,3692,369200000,369200100,17418,29031,369300000,369300000
1,3693,369300000,369300100,17418,29031,369400000,369400000
1,3694,369400000,369400100,17418,29031,369500000,369500000
1,3695,369500000,369500100,17418,29031,369600000,369600000
1,3696,369600000,369600100,17418,29031,369700000,369700000
1,3697,369700000,369700100,17418,29031,369800000,369800000
1,3698,369800000,369800100,17418,29031,369900000,369900000
1,3699,369900000,369900100,17418,29031,370000000,370000000
1,3700,370000000,370000100,17418,29031,370100000,370100000
1,3701,370100000,370100100,17418,29031,370200000,370200000
1,3702,370200000,370200100,17418,29031,370300000,370300000
1,3703,370300000,370300100,17418,29031,370400000,370400000
1,3704,370400000,370400100,17418,29031,370500000,370500000
1,3705,370500000,370500100,17418,29031,370600000,370600000
1,3706,370600000,370600100,17418,29031,370700000,370700000
1,3707,370700000,370700100,17418,29031,370800000,370800000
1,3708,370800000,370800100,17418,29031,370900000,370900000
1,3709,370900000,370900100,17418,29031,371000000,371000000
1,3710,371000000,371000100,17418,29031,371100000,371100000
1,3711,371100000,371100100,17418,29031,371200000,371200000
1,3712,371200000,371200100,17418,29031,371300000,371300000
1,3713,371300000,371300100,17418,29031,371400000,371400000
1,3714,371400000,371400100,17418,29031,371500000,371500000
1,3715,371500000,371500100,17418,29031,371600000,371600000
1,3716,371600000,371600100,17418,29031,371700000,371700000
1,3717,371700000,371700100,17418,29031,371800000,371800000
1,3718,371800000,371800100,17418,29031,371900000,371900000
1,3719,371900000,371900100,17418,29031,372000000,372000000
1,3720,372000000,372000100,17418,29031,372100000,372100000
1,3721,372100000,372100100,17418,29031,372200000,372200000
1,3722,372200000,372200100,17418,29031,372300000,372300000
1,3723,372300000,372300100,17418,29031,372400000,372400000
1,3724,372400000,372400100,17418,29031,372500000,372500000
1,3725,372500000,372500100,17418,29031,372600000,372600000
1,3726,372600000,372600100,17418,29031,372700000,372700000
1,3727,372700000,372700100,17418,29031,372800000,372800000
1,3728,372800000,372800100,17418,29031,372900000,372900000
1,3729,372900000,372900100,17418,29031,373000000,373000000
1,3730,373000000,373000100,17418,29031,373100000,373100000
1,3731,373100000,373100100,17418,29031,373200000,373200000
1,3732,373200000,373200100,17418,29031,373300000,373300000
1,3733,373300000,373300100,17418,29031,373400000,373400000
1,3734,373400000,373400100,17418,29031,373500000,373500000
1,3735,373500000,373500100,17418,29031,373600000,373600000
1,3736,373600000,373600100,17418,29031,373700000,373700000
1,3737,373700000,373700100,17418,29031,373800000,373800000
1,3738,373800000,373800100,17418,29031,373900000,373900000
1,3739,373900000,373900100,17418,29031,374000000,374000000
1,3740,374000000,374000100,17418,29031,374100000,374100000
1,3741,374100000,374100100,17418,29031,374200000,374200000
1,3742,374200000,374200100,17418,29031,374300000,374300000
1,3743,374300000,374300100,17418,29031,374400000,374400000
1,3744,374400000,374400100,17418,29031,374500000,374500000
1,3745,374500000,374500100,17418,29031,374600000,374600000
1,3746,374600000,374600100,17418,29031,374700000,374700000
1,3747,374700000,374700100,17418,29031,374800000,374800000
1,3748,374800000,374800100,17418,29031,374900000,374900000
1,3749,374900000,374900100,17418,29031,375000000,375000000
1,3750,375000000,375000100,17418,29031,375100000,375100000
1,3751,375100000,375100100,17418,29031,375200000,375200000
1,3752,375200000,375200100,17418,29031,375300000,375300000
1,3753,375300000,375300100,17418,29031,375400000,375400000
1,3754,375400000,375400100,17418,29031,375500000,375500000
1,3755,375500000,375500100,17418,29031,375600000,375600000
1,3756,375600000,375600100,17418,29031,375700000,375700000
1,3757,375700000,375700100,17418,29031,375800000,375800000
1,3758,375800000,375800100,17418,29031,375900000,375900000
1,3759,375900000,375900100,17418,29031,376000000,376000000
1,3760,376000000,376000100,17418,29031,376100000,376100000
1,3761,376100000,376100100,17418,29031,376200000,376200000
1,3762,376200000,376200100,17418,29031,376300000,376300000
1,3763,376300000,376300100,17418,29031,376400000,376400000
1,3764,376400000,376400100,17418,29031,376500000,376500000
1,3765,376500000,376500100,17418,29031,376600000,376600000
1,3766,376600000,376600100,17418,29031,376700000,376700000
1,3767,376700000,376700100,17418,29031,376800000,376800000
1,3768,376800000,376800100,17418,29031,376900000,376900000
1,3769,376900000,376900100,17418,29031,377000000,377000000
1,3770,377000000,377000100,17418,29031,377100000,377100000
1,3771,377100000,377100100,17418,29031,377200000,377200000
1,3772,377200000,377200100,17418,29031,377300000,377300000
1,3773,377300000,377300100,17418,29031,377400000,377400000
1,3774,377400000,377400100,17418,29031,377500000,377500000
1,3775,377500000,377500100,17418,29031,377600000,377600000
1,3776,377600000,377600100,17418,29031,377700000,377700000
1,3777,377700000,377700100,17418,29031,377800000,377800000
1,3778,377800000,377800100,17418,29031,377900000,377900000
1,3779,377900000,377900100,17418,29031,378000000,378000000
1,3780,378000000,378000100,17418,29031,378100000,378100000
1,3781,378100000,378100100,17418,29031,378200000,378200000
1,3782,378200000,378200100,17418,29031,378300000,378300000
1,3783,378300000,378300100,17418,29031,378400000,378400000
1,3784,378400000,378400100,17418,29031,378500000,378500000
1,3785,378500000,378500100,17418,29031,378600000,378600000
1,3786,378600000,378600100,17418,29031,378700000,378700000
1,3787,378700000,378700100,17418,29031,378800000,378800000
1,3788,378800000,378800100,17418,29031,378900000,378900000
1,3789,378900000,378900100,17418,29031,379000000,379000000
1,3790,379000000,379000100,17418,29031,379100000,379100000
1,3791,379100000,379100100,17418,29031,379200000,379200000
1,3792,379200000,379200100,17418,29031,379300000,379300000
1,3793,379300000,379300100,17418,29031,379400000,379400000
1,3794,379400000,379400100,17418,29031,379500000,379500000
1,3795,379500000,379500100,17418,29031,379600000,379600000
1,3796,379600000,379600100,17418,29031,379700000,379700000
1,3797,379700000,379700100,17418,29031,379800000,379800000
1,3798,379800000,379800100,17418,29031,379900000,379900000
1,3799,379900000,379900100,17418,29031,380000000,380000000
1,3800,380000000,380000100,17418,29031,380100000,380100000
1,3801,380100000,380100100,17418,29031,380200000,380200000
1,3802,380200000,380200100,17418,29031,380300000,380300000
1,3803,380300000,380300100,17418,29031,380400000,380400000
1,3804,380400000,380400100,17418,29031,380500000,380500000
1,3805,380500000,380500100,17418,29031,380600000,380600000
1,3806,380600000,380600100,17418,29031,380700000,380700000
1,3807,380700000,380700100,17418,29031,380800000,380800000
1,3808,380800000,380800100,17418,29031,380900000,380900000
1,3809,380900000,380900100,17418,29031,381000000,381000000
1,3810,381000000,381000100,17418,29031,381100000,381100000
1,3811,381100000,381100100,17418,29031,381200000,381200000
1,3812,381200000,381200100,17418,29031,381300000,381300000
1,3813,381300000,381300100,17418,29031,381400000,381400000
1,3814,381400000,381400100,17418,29031,381500000,381500000
1,3815,381500000,381500100,17418,29031,381600000,381600000
1,3816,381600000,381600100,17418,29031,381700000,381700000
1,3817,381700000,381700100,17418,29031,381800000,381800000
1,3818,381800000,381800100,17418,29031,381900000,381900000
1,3819,381900000,381900100,17418,29031,382000000,382000000
1,3820,382000000,382000100,17418,29031,382100000,382100000
1,3821,382100000,382100100,17418,29031,382200000,382200000
1,3822,382200000,382200100,17418,29031,382300000,382300000
1,3823,382300000,382300100,17418,29031,382400000,382400000
1,3824,382400000,382400100,17418,29031,382500000,382500000
1,3825,382500000,382500100,17418,29031,382600000,382600000
1,3826,382600000,382600100,17418,29031,382700000,382700000
1,3827,382700000,382700100,17418,29031,382800000,382800000
1,3828,382800000,382800100,17418,29031,382900000,382900000
1,3829,382900000,382900100,17418,29031,383000000,383000000
1,3830,383000000,383000100,17418,29031,383100000,383100000
1,3831,383100000,383100100,17418,29031,383200000,383200000
1,3832,383200000,383200100,17418,29031,383300000,383300000
1,3833,383300000,383300100,17418,29031,383400000,383400000
1,3834,383400000,383400100,17418,29031,383500000,383500000
1,3835,383500000,383500100,17418,29031,383600000,383600000
1,3836,383600000,383600100,17418,29031,383700000,383700000
1,3837,383700000,383700100,17418,29031,383800000,383800000
1,3838,383800000,383800100,17418,29031,383900000,383900000
1,3839,383900000,383900100,17418,29031,384000000,384000000
1,3840,384000000,384000100,17418,29031,384100000,384100000
1,3841,384100000,384100100,17418,29031,384200000,384200000
1,3842,384200000,384200100,17418,29031,384300000,384300000
1,3843,384300000,384300100,17418,29031,384400000,384400000
1,3844,384400000,384400100,17418,29031,384500000,384500000
1,3845,384500000,384500100,17418,29031,384600000,384600000
1,3846,384600000,384600100,17418,29031,384700000,384700000
1,3847,384700000,384700100,17418,29031,384800000,384800000
1,3848,384800000,384800100,17418,29031,384900000,384900000
1,3849,384900000,384900100,17418,29031,385000000,385000000
1,3850,385000000,385000100,17418,29031,385100000,385100000
1,3851,385100000,385100100,17418,29031,385200000,385200000
1,3852,385200000,385200100,17418,29031,385300000,385300000
1,3853,385300000,385300100,17418,29031,385400000,385400000
1,3854,385400000,385400100,17418,29031,385500000,385500000
1,3855,385500000,385500100,17418,29031,385600000,385600000
1,3856,385600000,385600100,17418,29031,385700000,385700000
1,3857,385700000,385700100,17418,29031,385800000,385800000
1,3858,385800000,385800100,17418,29031,385900000,385900000
1,3859,385900000,385900100,17418,29031,386000000,386000000
1,3860,386000000,386000100,17418,29031,386100000,386100000
1,3861,386100000,386100100,17418,29031,386200000,386200000
1,3862,386200000,386200100,17418,29031,386300000,386300000
1,3863,386300000,386300100,17418,29031,386400000,386400000
1,3864,386400000,386400100,17418,29031,386500000,386500000
1,3865,386500000,386500100,17418,29031,386600000,386600000
1,3866,386600000,386600100,17418,29031,386700000,386700000
1,3867,386700000,386700100,17418,29031,386800000,386800000
1,3868,386800000,386800100,17418,29031,386900000,386900000
1,3869,386900000,386900100,17418,29031,387000000,387000000
1,3870,387000000,387000100,17418,29031,387100000,387100000
1,3871,387100000,387100100,17418,29031,387200000,387200000
1,3872,387200000,387200100,17418,29031,387300000,387300000
1,3873,387300000,387300100,17418,29031,387400000,387400000
1,3874,387400000,387400100,17418,29031,387500000,387500000
1,3875,387500000,387500100,17418,29031,387600000,387600000
1,3876,387600000,387600100,17418,29031,387700000,387700000
1,3877,387700000,387700100,17418,29031,387800000,387800000
1,3878,387800000,387800100,17418,29031,387900000,387900000
1,3879,387900000,387900100,17418,29031,388000000,388000000
1,3880,388000000,388000100,17418,29031,388100000,388100000
1,3881,388100000,388100100,17418,29031,388200000,388200000
1,3882,388200000,388200100,17418,29031,388300000,388300000
1,3883,388300000,388300100,17418,29031,388400000,388400000
1,3884,388400000,388400100,17418,29031,388500000,388500000
1,3885,388500000,388500100,17418,29031,388600000,388600000
1,3886,388600000,388600100,17418,29031,388700000,388700000
1,3887,388700000,388700100,17418,29031,388800000,388800000
1,3888,388800000,388800100,17418,29031,388900000,388900000
1,3889,388900000,388900100,17418,29031,389000000,389000000
1,3890,389000000,389000100,17418,29031,389100000,389100000
1,3891,389100000,389100100,17418,29031,389200000,389200000
1,3892,389200000,389200100,17418,29031,389300000,389300000
1,3893,389300000,389300100,17418,29031,389400000,389400000
1,3894,389400000,389400100,17418,29031,389500000,389500000
1,3895,389500000,389500100,17418,29031,389600000,389600000
1,3896,389600000,389600100,17418,29031,389700000,389700000
1,3897,389700000,389700100,17418,29031,389800000,389800000
1,3898,389800000,389800100,17418,29031,389900000,389900000
1,3899,389900000,389900100,17418,29031,390000000,390000000
1,3900,390000000,390000100,17418,29031,390100000,390100000
1,3901,390100000,390100100,17418,29031,390200000,390200000
1,3902,390200000,390200100,17418,29031,390300000,390300000
1,3903,390300000,390300100,17418,29031,390400000,390400000
1,3904,390400000,390400100,17418,29031,390500000,390500000
1,3905,390500000,390500100,17418,29031,390600000,390600000
1,3906,390600000,390600100,17418,29031,390700000,390700000
1,3907,390700000,390700100,17418,29031,390800000,390800000
1,3908,390800000,390800100,17418,29031,390900000,390900000
1,3909,390900000,390900100,17418,29031,391000000,391000000
1,3910,391000000,391000100,17418,29031,391100000,391100000
1,3911,391100000,391100100,17418,29031,391200000,391200000
1,3912,391200000,391200100,17418,29031,391300000,391300000
1,3913,391300000,391300100,17418,29031,391400000,391400000
1,3914,391400000,391400100,17418,29031,391500000,391500000
1,3915,391500000,391500100,17418,29031,391600000,391600000
1,3916,391600000,391600100,17418,29031,391700000,391700000
1,3917,391700000,391700100,17418,29031,391800000,391800000
1,3918,391800000,391800100,17418,29031,391900000,391900000
1,3919,391900000,391900100,17418,29031,392000000,392000000
1,3920,392000000,392000100,17418,29031,392100000,392100000
1,3921,392100000,392100100,17418,29031,392200000,392200000
1,3922,392200000,392200100,17418,29031,392300000,392300000
1,3923,392300000,392300100,17418,29031,392400000,392400000
1,3924,392400000,392400100,17418,29031,392500000,392500000
1,3925,392500000,392500100,17418,29031,392600000,392600000
1,3926,392600000,392600100,17418,29031,392700000,392700000
1,3927,392700000,392700100,17418,29031,392800000,392800000
1,3928,392800000,392800100,17418,29031,392900000,392900000
1,3929,392900000,392900100,17418,29031,393000000,393000000
1,3930,393000000,393000100,17418,29031,393100000,393100000
1,3931,393100000,393100100,17418,29031,393200000,393200000
1,3932,393200000,393200100,17418,29031,393300000,393300000
1,3933,393300000,393300100,17418,29031,393400000,393400000
1,3934,393400000,393400100,17418,29031,393500000,393500000
1,3935,393500000,393500100,17418,29031,393600000,393600000
1,3936,393600000,393600100,17418,29031,393700000,393700000
1,3937,393700000,393700100,17418,29031,393800000,393800000
1,3938,393800000,393800100,17418,29031,393900000,393900000
1,3939,393900000,393900100,17418,29031,394000000,394000000
1,3940,394000000,394000100,17418,29031,394100000,394100000
1,3941,394100000,394100100,17418,29031,394200000,394200000
1,3942,394200000,394200100,17418,29031,394300000,394300000
1,3943,394300000,394300100,17418,29031,394400000,394400000
1,3944,394400000,394400100,17418,29031,394500000,394500000
1,3945,394500000,394500100,17418,29031,394600000,394600000
1,3946,394600000,394600100,17418,29031,394700000,394700000
1,3947,394700000,394700100,17418,29031,394800000,394800000
1,3948,394800000,394800100,17418,29031,394900000,394900000
1,3949,394900000,394900100,17418,29031,395000000,395000000
1,3950,395000000,395000100,17418,29031,395100000,395100000
1,3951,395100000,395100100,17418,29031,395200000,395200000
1,3952,395200000,395200100,17418,29031,395300000,395300000
1,3953,395300000,395300100,17418,29031,395400000,395400000
1,3954,395400000,395400100,17418,29031,395500000,395500000
1,3955,395500000,395500100,17418,29031,395600000,395600000
1,3956,395600000,395600100,17418,29031,395700000,395700000
1,3957,395700000,395700100,17418,29031,395800000,395800000
1,3958,395800000,395800100,17418,29031,395900000,395900000
1,3959,395900000,395900100,17418,29031,396000000,396000000
1,3960,396000000,396000100,17418,29031,396100000,396100000
1,3961,396100000,396100100,17418,29031,396200000,396200000
1,3962,396200000,396200100,17418,29031,396300000,396300000
1,3963,396300000,396300100,17418,29031,396400000,396400000
1,3964,396400000,396400100,17418,29031,396500000,396500000
1,3965,396500000,396500100,17418,29031,396600000,396600000
1,3966,396600000,396600100,17418,29031,396700000,396700000
1,3967,396700000,396700100,17418,29031,396800000,396800000
1,3968,396800000,396800100,17418,29031,396900000,396900000
1,3969,396900000,396900100,17418,29031,397000000,397000000
1,3970,397000000,397000100,17418,29031,397100000,397100000
1,3971,397100000,397100100,17418,29031,397200000,397200000
1,3972,397200000,397200100,17418,29031,397300000,397300000
1,3973,397300000,397300100,17418,29031,397400000,397400000
1,3974,397400000,397400100,17418,29031,397500000,397500000
1,3975,397500000,397500100,17418,29031,397600000,397600000
1,3976,397600000,397600100,17418,29031,397700000,397700000
1,3977,397700000,397700100,17418,29031,397800000,397800000
1,3978,397800000,397800100,17418,29031,397900000,397900000
1,3979,397900000,397900100,17418,29031,398000000,398000000
1,3980,398000000,398000100,17418,29031,398100000,398100000
1,3981,398100000,398100100,17418,29031,398200000,398200000
1,3982,398200000,398200100,17418,29031,398300000,398300000
1,3983,398300000,398300100,17418,29031,398400000,398400000
1,3984,398400000,398400100,17418,29031,398500000,398500000
1,3985,398500000,398500100,17418,29031,398600000,398600000
1,3986,398600000,398600100,17418,29031,398700000,398700000
1,3987,398700000,398700100,17418,29031,398800000,398800000
1,3988,398800000,398800100,17418,29031,398900000,398900000
1,3989,398900000,398900100,17418,29031,399000000,399000000
1,3990,399000000,399000100,17418,29031,399100000,399100000
1,3991,399100000,399100100,17418,29031,399200000,399200000
1,3992,399200000,399200100,17418,29031,399300000,399300000
1,3993,399300000,399300100,17418,29031,399400000,399400000
1,3994,399400000,399400100,17418,29031,399500000,399500000
1,3995,399500000,399500100,17418,29031,399600000,399600000
1,3996,399600000,399600100,17418,29031,399700000,399700000
1,3997,399700000,399700100,17418,29031,399800000,399800000
1,3998,399800000,399800100,17418,29031,399900000,399900000
1,3999,399900000,399900100,17418,29031,400000000,400000000
1,4000,400000000,400000100,17418,29031,400100000,400100000
1,4001,400100000,400100100,17418,29031,400200000,400200000
1,4002,400200000,400200100,17418,29031,400300000,400300000
1,4003,400300000,400300100,17418,29031,400400000,400400000
1,4004,400400000,400400100,17418,29031,400500000,400500000
1,4005,400500000,400500100,17418,29031,400600000,400600000
1,4006,400600000,400600100,17418,29031,400700000,400700000
1,4007,400700000,400700100,17418,29031,400800000,400800000
1,4008,400800000,400800100,17418,29031,400900000,400900000
1,4009,400900000,400900100,17418,29031,401000000,401000000
1,4010,401000000,401000100,17418,29031,401100000,401100000
1,4011,401100000,401100100,17418,29031,401200000,401200000
1,4012,401200000,401200100,17418,29031,401300000,401300000
1,4013,401300000,401300100,17418,29031,401400000,401400000
1,4014,401400000,401400100,17418,29031,401500000,401500000
1,4015,401500000,401500100,17418,29031,401600000,401600000
1,4016,401600000,401600100,17418,29031,401700000,401700000
1,4017,401700000,401700100,17418,29031,401800000,401800000
1,4018,401800000,401800100,17418,29031,401900000,401900000
1,4019,401900000,401900100,17418,29031,402000000,402000000
1,4020,402000000,402000100,17418,29031,402100000,402100000
1,4021,402100000,402100100,17418,29031,402200000,402200000
1,4022,402200000,402200100,17418,29031,402300000,402300000
1,4023,402300000,402300100,17418,29031,402400000,402400000
1,4024,402400000,402400100,17418,29031,402500000,402500000
1,4025,402500000,402500100,17418,29031,402600000,402600000
1,4026,402600000,402600100,17418,29031,402700000,402700000
1,4027,402700000,402700100,17418,29031,402800000,402800000
1,4028,402800000,402800100,17418,29031,402900000,402900000
1,4029,402900000,402900100,17418,29031,403000000,403000000
1,4030,403000000,403000100,17418,29031,403100000,403100000
1,4031,403100000,403100100,17418,29031,403200000,403200000
1,4032,403200000,403200100,17418,29031,403300000,403300000
1,4033,403300000,403300100,17418,29031,403400000,403400000
1,4034,403400000,403400100,17418,29031,403500000,403500000
1,4035,403500000,403500100,17418,29031,403600000,403600000
1,4036,403600000,403600100,17418,29031,403700000,403700000
1,4037,403700000,403700100,17418,29031,403800000,403800000
1,4038,403800000,403800100,17418,29031,403900000,403900000
1,4039,403900000,403900100,17418,29031,404000000,404000000
1,4040,404000000,404000100,17418,29031,404100000,404100000
1,4041,404100000,404100100,17418,29031,404200000,404200000
1,4042,404200000,404200100,17418,29031,404300000,404300000
1,4043,404300000,404300100,17418,29031,404400000,404400000
1,4044,404400000,404400100,17418,29031,404500000,404500000
1,4045,404500000,404500100,17418,29031,404600000,404600000
1,4046,404600000,404600100,17418,29031,404700000,404700000
1,4047,404700000,404700100,17418,29031,404800000,404800000
1,4048,404800000,404800100,17418,29031,404900000,404900000
1,4049,404900000,404900100,17418,29031,405000000,405000000
1,4050,405000000,405000100,17418,29031,405100000,405100000
1,4051,405100000,405100100,17418,29031,405200000,405200000
1,4052,405200000,405200100,17418,29031,405300000,405300000
1,4053,405300000,405300100,17418,29031,405400000,405400000
1,4054,405400000,405400100,17418,29031,405500000,405500000
1,4055,405500000,405500100,17418,29031,405600000,405600000
1,4056,405600000,405600100,17418,29031,405700000,405700000
1,4057,405700000,405700100,17418,29031,405800000,405800000
1,4058,405800000,405800100,17418,29031,405900000,405900000
1,4059,405900000,405900100,17418,29031,406000000,406000000
1,4060,406000000,406000100,17418,29031,406100000,406100000
1,4061,406100000,406100100,17418,29031,406200000,406200000
1,4062,406200000,406200100,17418,29031,406300000,406300000
1,4063,406300000,406300100,17418,29031,406400000,406400000
1,4064,406400000,406400100,17418,29031,406500000,406500000
1,4065,406500000,406500100,17418,29031,406600000,406600000
1,4066,406600000,406600100,17418,29031,406700000,406700000
1,4067,406700000,406700100,17418,29031,406800000,406800000
1,4068,406800000,406800100,17418,29031,406900000,406900000
1,4069,406900000,406900100,17418,29031,407000000,407000000
1,4070,407000000,407000100,17418,29031,407100000,407100000
1,4071,407100000,407100100,17418,29031,407200000,407200000
1,4072,407200000,407200100,17418,29031,407300000,407300000
1,4073,407300000,407300100,17418,29031,407400000,407400000
1,4074,407400000,407400100,17418,29031,407500000,407500000
1,4075,407500000,407500100,17418,29031,407600000,407600000
1,4076,407600000,407600100,17418,29031,407700000,407700000
1,4077,407700000,407700100,17418,29031,407800000,407800000
1,4078,407800000,407800100,17418,29031,407900000,407900000
1,4079,407900000,407900100,17418,29031,408000000,408000000
1,4080,408000000,408000100,17418,29031,408100000,408100000
1,4081,408100000,408100100,17418,29031,408200000,408200000
1,4082,408200000,408200100,17418,29031,408300000,408300000
1,4083,408300000,408300100,17418,29031,408400000,408400000
1,4084,408400000,408400100,17418,29031,408500000,408500000
1,4085,408500000,408500100,17418,29031,408600000,408600000
1,4086,408600000,408600100,17418,29031,408700000,408700000
1,4087,408700000,408700100,17418,29031,408800000,408800000
1,4088,408800000,408800100,17418,29031,408900000,408900000
1,4089,408900000,408900100,17418,29031,409000000,409000000
1,4090,409000000,409000100,17418,29031,409100000,409100000
1,4091,409100000,409100100,17418,29031,409200000,409200000
1,4092,409200000,409200100,17418,29031,409300000,409300000
1,4093,409300000,409300100,17418,29031,409400000,409400000
1,4094,409400000,409400100,17418,29031,409500000,409500000
1,4095,409500000,409500100,17418,29031,409600000,409600000
1,4096,409600000,409600100,17418,29031,409700000,409700000
1,4097,409700000,409700100,17418,29031,409800000,409800000
1,4098,409800000,409800100,17418,29031,409900000,409900000
1,4099,409900000,409900100,17418,29031,410000000,410000000
1,4100,410000000,410000100,17418,29031,410100000,410100000
1,4101,410100000,410100100,17418,29031,410200000,410200000
1,4102,410200000,410200100,17418,29031,410300000,410300000
1,4103,410300000,410300100,17418,29031,410400000,410400000
1,4104,410400000,410400100,17418,29031,410500000,410500000
1,4105,410500000,410500100,17418,29031,410600000,410600000
1,4106,410600000,410600100,17418,29031,410700000,410700000
1,4107,410700000,410700100,17418,29031,410800000,410800000
1,4108,410800000,410800100,17418,29031,410900000,410900000
1,4109,410900000,410900100,17418,29031,411000000,411000000
1,4110,411000000,411000100,17418,29031,411100000,411100000
1,4111,411100000,411100100,17418,29031,411200000,411200000
1,4112,411200000,411200100,17418,29031,411300000,411300000
1,4113,411300000,411300100,17418,29031,411400000,411400000
1,4114,411400000,411400100,17418,29031,411500000,411500000
1,4115,411500000,411500100,17418,29031,411600000,411600000
1,4116,411600000,411600100,17418,29031,411700000,411700000
1,4117,411700000,411700100,17418,29031,411800000,411800000
1,4118,411800000,411800100,17418,29031,411900000,411900000
1,4119,411900000,411900100,17418,29031,412000000,412000000
1,4120,412000000,412000100,17418,29031,412100000,412100000
1,4121,412100000,412100100,17418,29031,412200000,412200000
1,4122,412200000,412200100,17418,29031,412300000,412300000
1,4123,412300000,412300100,17418,29031,412400000,412400000
1,4124,412400000,412400100,17418,29031,412500000,412500000
1,4125,412500000,412500100,17418,29031,412600000,412600000
1,4126,412600000,412600100,17418,29031,412700000,412700000
1,4127,412700000,412700100,17418,29031,412800000,412800000
1,4128,412800000,412800100,17418,29031,412900000,412900000
1,4129,412900000,412900100,17418,29031,413000000,413000000
1,4130,413000000,413000100,17418,29031,413100000,413100000
1,4131,413100000,413100100,17418,29031,413200000,413200000
1,4132,413200000,413200100,17418,29031,413300000,413300000
1,4133,413300000,413300100,17418,29031,413400000,413400000
1,4134,413400000,413400100,17418,29031,413500000,413500000
1,4135,413500000,413500100,17418,29031,413600000,413600000
1,4136,413600000,413600100,17418,29031,413700000,413700000
1,4137,413700000,413700100,17418,29031,413800000,413800000
1,4138,413800000,413800100,17418,29031,413900000,413900000
1,4139,413900000,413900100,17418,29031,414000000,414000000
1,4140,414000000,414000100,17418,29031,414100000,414100000
1,4141,414100000,414100100,17418,29031,414200000,414200000
1,4142,414200000,414200100,17418,29031,414300000,414300000
1,4143,414300000,414300100,17418,29031,414400000,414400000
1,4144,414400000,414400100,17418,29031,414500000,414500000
1,4145,414500000,414500100,17418,29031,414600000,414600000
1,4146,414600000,414600100,17418,29031,414700000,414700000
1,4147,414700000,414700100,17418,29031,414800000,414800000
1,4148,414800000,414800100,17418,29031,414900000,414900000
1,4149,414900000,414900100,17418,29031,415000000,415000000
1,4150,415000000,415000100,17418,29031,415100000,415100000
1,4151,415100000,415100100,17418,29031,415200000,415200000
1,4152,415200000,415200100,17418,29031,415300000,415300000
1,4153,415300000,415300100,17418,29031,415400000,415400000
1,4154,415400000,415400100,17418,29031,415500000,415500000
1,4155,415500000,415500100,17418,29031,415600000,415600000
1,4156,415600000,415600100,17418,29031,415700000,415700000
1,4157,415700000,415700100,17418,29031,415800000,415800000
1,4158,415800000,415800100,17418,29031,415900000,415900000
1,4159,415900000,415900100,17418,29031,416000000,416000000
1,4160,416000000,416000100,17418,29031,416100000,416100000
1,4161,416100000,416100100,17418,29031,416200000,416200000
1,4162,416200000,416200100,17418,29031,416300000,416300000
1,4163,416300000,416300100,17418,29031,416400000,416400000
1,4164,416400000,416400100,17418,29031,416500000,416500000
1,4165,416500000,416500100,17418,29031,416600000,416600000
1,4166,416600000,416600100,17418,29031,416700000,416700000
1,4167,416700000,416700100,17418,29031,416800000,416800000
1,4168,416800000,416800100,17418,29031,416900000,416900000
1,4169,416900000,416900100,17418,29031,417000000,417000000
1,4170,417000000,417000100,17418,29031,417100000,417100000
1,4171,417100000,417100100,17418,29031,417200000,417200000
1,4172,417200000,417200100,17418,29031,417300000,417300000
1,4173,417300000,417300100,17418,29031,417400000,417400000
1,4174,417400000,417400100,17418,29031,417500000,417500000
1,4175,417500000,417500100,17418,29031,417600000,417600000
1,4176,417600000,417600100,17418,29031,417700000,417700000
1,4177,417700000,417700100,17418,29031,417800000,417800000
1,4178,417800000,417800100,17418,29031,417900000,417900000
1,4179,417900000,417900100,17418,29031,418000000,418000000
1,4180,418000000,418000100,17418,29031,418100000,418100000
1,4181,418100000,418100100,17418,29031,418200000,418200000
1,4182,418200000,418200100,17418,29031,418300000,418300000
1,4183,418300000,418300100,17418,29031,418400000,418400000
1,4184,418400000,418400100,17418,29031,418500000,418500000
1,4185,418500000,418500100,17418,29031,418600000,418600000
1,4186,418600000,418600100,17418,29031,418700000,418700000
1,4187,418700000,418700100,17418,29031,418800000,418800000
1,4188,418800000,418800100,17418,29031,418900000,418900000
1,4189,418900000,418900100,17418,29031,419000000,419000000
1,4190,419000000,419000100,17418,29031,419100000,419100000
1,4191,419100000,419100100,17418,29031,419200000,419200000
1,4192,419200000,419200100,17418,29031,419300000,419300000
1,4193,419300000,419300100,17418,29031,419400000,419400000
1,4194,419400000,419400100,17418,29031,419500000,419500000
1,4195,419500000,419500100,17418,29031,419600000,419600000
1,4196,419600000,419600100,17418,29031,419700000,419700000
1,4197,419700000,419700100,17418,29031,419800000,419800000
1,4198,419800000,419800100,17418,29031,419900000,419900000
1,4199,419900000,419900100,17418,29031,420000000,420000000
1,4200,420000000,420000100,17418,29031,420100000,420100000
1,4201,420100000,420100100,17418,29031,420200000,420200000
1,4202,420200000,420200100,17418,29031,420300000,420300000
1,4203,420300000,420300100,17418,29031,420400000,420400000
1,4204,420400000,420400100,17418,29031,420500000,420500000
1,4205,420500000,420500100,17418,29031,420600000,420600000
1,4206,420600000,420600100,17418,29031,420700000,420700000
1,4207,420700000,420700100,17418,29031,420800000,420800000
1,4208,420800000,420800100,17418,29031,420900000,420900000
1,4209,420900000,420900100,17418,29031,421000000,421000000
1,4210,421000000,421000100,17418,29031,421100000,421100000
1,4211,421100000,421100100,17418,29031,421200000,421200000
1,4212,421200000,421200100,17418,29031,421300000,421300000
1,4213,421300000,421300100,17418,29031,421400000,421400000
1,4214,421400000,421400100,17418,29031,421500000,421500000
1,4215,421500000,421500100,17418,29031,421600000,421600000
1,4216,421600000,421600100,17418,29031,421700000,421700000
1,4217,421700000,421700100,17418,29031,421800000,421800000
1,4218,421800000,421800100,17418,29031,421900000,421900000
1,4219,421900000,421900100,17418,29031,422000000,422000000
1,4220,422000000,422000100,17418,29031,422100000,422100000
1,4221,422100000,422100100,17418,29031,422200000,422200000
1,4222,422200000,422200100,17418,29031,422300000,422300000
1,4223,422300000,422300100,17418,29031,422400000,422400000
1,4224,422400000,422400100,17418,29031,422500000,422500000
1,4225,422500000,422500100,17418,29031,422600000,422600000
1,4226,422600000,422600100,17418,29031,422700000,422700000
1,4227,422700000,422700100,17418,29031,422800000,422800000
1,4228,422800000,422800100,17418,29031,422900000,422900000
1,4229,422900000,422900100,17418,29031,423000000,423000000
1,4230,423000000,423000100,17418,29031,423100000,423100000
1,4231,423100000,423100100,17418,29031,423200000,423200000
1,4232,423200000,423200100,17418,29031,423300000,423300000
1,4233,423300000,423300100,17418,29031,423400000,423400000
1,4234,423400000,423400100,17418,29031,423500000,423500000
1,4235,423500000,423500100,17418,29031,423600000,423600000
1,4236,423600000,423600100,17418,29031,423700000,423700000
1,4237,423700000,423700100,17418,29031,423800000,423800000
1,4238,423800000,423800100,17418,29031,423900000,423900000
1,4239,423900000,423900100,17418,29031,424000000,424000000
1,4240,424000000,424000100,17418,29031,424100000,424100000
1,4241,424100000,424100100,17418,29031,424200000,424200000
1,4242,424200000,424200100,17418,29031,424300000,424300000
1,4243,424300000,424300100,17418,29031,424400000,424400000
1,4244,424400000,424400100,17418,29031,424500000,424500000
1,4245,424500000,424500100,17418,29031,424600000,424600000
1,4246,424600000,424600100,17418,29031,424700000,424700000
1,4247,424700000,424700100,17418,29031,424800000,424800000
1,4248,424800000,424800100,17418,29031,424900000,424900000
1,4249,424900000,424900100,17418,29031,425000000,425000000
1,4250,425000000,425000100,17418,29031,425100000,425100000
1,4251,425100000,425100100,17418,29031,425200000,425200000
1,4252,425200000,425200100,17418,29031,425300000,425300000
1,4253,425300000,425300100,17418,29031,425400000,425400000
1,4254,425400000,425400100,17418,29031,425500000,425500000
1,4255,425500000,425500100,17418,29031,425600000,425600000
1,4256,425600000,425600100,17418,29031,425700000,425700000
1,4257,425700000,425700100,17418,29031,425800000,425800000
1,4258,425800000,425800100,17418,29031,425900000,425900000
1,4259,425900000,425900100,17418,29031,426000000,426000000
1,4260,426000000,426000100,17418,29031,426100000,426100000
1,4261,426100000,426100100,17418,29031,426200000,426200000
1,4262,426200000,426200100,17418,29031,426300000,426300000
1,4263,426300000,426300100,17418,29031,426400000,426400000
1,4264,426400000,426400100,17418,29031,426500000,426500000
1,4265,426500000,426500100,17418,29031,426600000,426600000
1,4266,426600000,426600100,17418,29031,426700000,426700000
1,4267,426700000,426700100,17418,29031,426800000,426800000
1,4268,426800000,426800100,17418,29031,426900000,426900000
1,4269,426900000,426900100,17418,29031,427000000,427000000
1,4270,427000000,427000100,17418,29031,427100000,427100000
1,4271,427100000,427100100,17418,29031,427200000,427200000
1,4272,427200000,427200100,17418,29031,427300000,427300000
1,4273,427300000,427300100,17418,29031,427400000,427400000
1,4274,427400000,427400100,17418,29031,427500000,427500000
1,4275,427500000,427500100,17418,29031,427600000,427600000
1,4276,427600000,427600100,17418,29031,427700000,427700000
1,4277,427700000,427700100,17418,29031,427800000,427800000
1,4278,427800000,427800100,17418,29031,427900000,427900000
1,4279,427900000,427900100,17418,29031,428000000,428000000
1,4280,428000000,428000100,17418,29031,428100000,428100000
1,4281,428100000,428100100,17418,29031,428200000,428200000
1,4282,428200000,428200100,17418,29031,428300000,428300000
1,4283,428300000,428300100,17418,29031,428400000,428400000
1,4284,428400000,428400100,17418,29031,428500000,428500000
1,4285,428500000,428500100,17418,29031,428600000,428600000
1,4286,428600000,428600100,17418,29031,428700000,428700000
1,4287,428700000,428700100,17418,29031,428800000,428800000
1,4288,428800000,428800100,17418,29031,428900000,428900000
1,4289,428900000,428900100,17418,29031,429000000,429000000
1,4290,429000000,429000100,17418,29031,429100000,429100000
1,4291,429100000,429100100,17418,29031,429200000,429200000
1,4292,429200000,429200100,17418,29031,429300000,429300000
1,4293,429300000,429300100,17418,29031,429400000,429400000
1,4294,429400000,429400100,17418,29031,429500000,429500000
1,4295,429500000,429500100,17418,29031,429600000,429600000
1,4296,429600000,429600100,17418,29031,429700000,429700000
1,4297,429700000,429700100,17418,29031,429800000,429800000
1,4298,429800000,429800100,17418,29031,429900000,429900000
1,4299,429900000,429900100,17418,29031,430000000,430000000
1,4300,430000000,430000100,17418,29031,430100000,430100000
1,4301,430100000,430100100,17418,29031,430200000,430200000
1,4302,430200000,430200100,17418,29031,430300000,430300000
1,4303,430300000,430300100,17418,29031,430400000,430400000
1,4304,430400000,430400100,17418,29031,430500000,430500000
1,4305,430500000,430500100,17418,29031,430600000,430600000
1,4306,430600000,430600100,17418,29031,430700000,430700000
1,4307,430700000,430700100,17418,29031,430800000,430800000
1,4308,430800000,430800100,17418,29031,430900000,430900000
1,4309,430900000,430900100,17418,29031,431000000,431000000
1,4310,431000000,431000100,17418,29031,431100000,431100000
1,4311,431100000,431100100,17418,29031,431200000,431200000
1,4312,431200000,431200100,17418,29031,431300000,431300000
1,4313,431300000,431300100,17418,29031,431400000,431400000
1,4314,431400000,431400100,17418,29031,431500000,431500000
1,4315,431500000,431500100,17418,29031,431600000,431600000
1,4316,431600000,431600100,17418,29031,431700000,431700000
1,4317,431700000,431700100,17418,29031,431800000,431800000
1,4318,431800000,431800100,17418,29031,431900000,431900000
1,4319,431900000,431900100,17418,29031,432000000,432000000
1,4320,432000000,432000100,17418,29031,432100000,432100000
1,4321,432100000,432100100,17418,29031,432200000,432200000
1,4322,432200000,432200100,17418,29031,432300000,432300000
1,4323,432300000,432300100,17418,29031,432400000,432400000
1,4324,432400000,432400100,17418,29031,432500000,432500000
1,4325,432500000,432500100,17418,29031,432600000,432600000
1,4326,432600000,432600100,17418,29031,432700000,432700000
1,4327,432700000,432700100,17418,29031,432800000,432800000
1,4328,432800000,432800100,17418,29031,432900000,432900000
1,4329,432900000,432900100,17418,29031,433000000,433000000
1,4330,433000000,433000100,17418,29031,433100000,433100000
1,4331,433100000,433100100,17418,29031,433200000,433200000
1,4332,433200000,433200100,17418,29031,433300000,433300000
1,4333,433300000,433300100,17418,29031,433400000,433400000
1,4334,433400000,433400100,17418,29031,433500000,433500000
1,4335,433500000,433500100,17418,29031,433600000,433600000
1,4336,433600000,433600100,17418,29031,433700000,433700000
1,4337,433700000,433700100,17418,29031,433800000,433800000
1,4338,433800000,433800100,17418,29031,433900000,433900000
1,4339,433900000,433900100,17418,29031,434000000,434000000
1,4340,434000000,434000100,17418,29031,434100000,434100000
1,4341,434100000,434100100,17418,29031,434200000,434200000
1,4342,434200000,434200100,17418,29031,434300000,434300000
1,4343,434300000,434300100,17418,29031,434400000,434400000
1,4344,434400000,434400100,17418,29031,434500000,434500000
1,4345,434500000,434500100,17418,29031,434600000,434600000
1,4346,434600000,434600100,17418,29031,434700000,434700000
1,4347,434700000,434700100,17418,29031,434800000,434800000
1,4348,434800000,434800100,17418,29031,434900000,434900000
1,4349,434900000,434900100,17418,29031,435000000,435000000
1,4350,435000000,435000100,17418,29031,435100000,435100000
1,4351,435100000,435100100,17418,29031,435200000,435200000
1,4352,435200000,435200100,17418,29031,435300000,435300000
1,4353,435300000,435300100,17418,29031,435400000,435400000
1,4354,435400000,435400100,17418,29031,435500000,435500000
1,4355,435500000,435500100,17418,29031,435600000,435600000
1,4356,435600000,435600100,17418,29031,435700000,435700000
1,4357,435700000,435700100,17418,29031,435800000,435800000
1,4358,435800000,435800100,17418,29031,435900000,435900000
1,4359,435900000,435900100,17418,29031,436000000,436000000
1,4360,436000000,436000100,17418,29031,436100000,436100000
1,4361,436100000,436100100,17418,29031,436200000,436200000
1,4362,436200000,436200100,17418,29031,436300000,436300000
1,4363,436300000,436300100,17418,29031,436400000,436400000
1,4364,436400000,436400100,17418,29031,436500000,436500000
1,4365,436500000,436500100,17418,29031,436600000,436600000
1,4366,436600000,436600100,17418,29031,436700000,436700000
1,4367,436700000,436700100,17418,29031,436800000,436800000
1,4368,436800000,436800100,17418,29031,436900000,436900000
1,4369,436900000,436900100,17418,29031,437000000,437000000
1,4370,437000000,437000100,17418,29031,437100000,437100000
1,4371,437100000,437100100,17418,29031,437200000,437200000
1,4372,437200000,437200100,17418,29031,437300000,437300000
1,4373,437300000,437300100,17418,29031,437400000,437400000
1,4374,437400000,437400100,17418,29031,437500000,437500000
1,4375,437500000,437500100,17418,29031,437600000,437600000
1,4376,437600000,437600100,17418,29031,437700000,437700000
1,4377,437700000,437700100,17418,29031,437800000,437800000
1,4378,437800000,437800100,17418,29031,437900000,437900000
1,4379,437900000,437900100,17418,29031,438000000,438000000
1,4380,438000000,438000100,17418,29031,438100000,438100000
1,4381,438100000,438100100,17418,29031,438200000,438200000
1,4382,438200000,438200100,17418,29031,438300000,438300000
1,4383,438300000,438300100,17418,29031,438400000,438400000
1,4384,438400000,438400100,17418,29031,438500000,438500000
1,4385,438500000,438500100,17418,29031,438600000,438600000
1,4386,438600000,438600100,17418,29031,438700000,438700000
1,4387,438700000,438700100,17418,29031,438800000,438800000
1,4388,438800000,438800100,17418,29031,438900000,438900000
1,4389,438900000,438900100,17418,29031,439000000,439000000
1,4390,439000000,439000100,17418,29031,439100000,439100000
1,4391,439100000,439100100,17418,29031,439200000,439200000
1,4392,439200000,439200100,17418,29031,439300000,439300000
1,4393,439300000,439300100,17418,29031,439400000,439400000
1,4394,439400000,439400100,17418,29031,439500000,439500000
1,4395,439500000,439500100,17418,29031,439600000,439600000
1,4396,439600000,439600100,17418,29031,439700000,439700000
1,4397,439700000,439700100,17418,29031,439800000,439800000
1,4398,439800000,439800100,17418,29031,439900000,439900000
1,4399,439900000,439900100,17418,29031,440000000,440000000
1,4400,440000000,440000100,17418,29031,440100000,440100000
1,4401,440100000,440100100,17418,29031,440200000,440200000
1,4402,440200000,440200100,17418,29031,440300000,440300000
1,4403,440300000,440300100,17418,29031,440400000,440400000
1,4404,440400000,440400100,17418,29031,440500000,440500000
1,4405,440500000,440500100,17418,29031,440600000,440600000
1,4406,440600000,440600100,17418,29031,440700000,440700000
1,4407,440700000,440700100,17418,29031,440800000,440800000
1,4408,440800000,440800100,17418,29031,440900000,440900000
1,4409,440900000,440900100,17418,29031,441000000,441000000
1,4410,441000000,441000100,17418,29031,441100000,441100000
1,4411,441100000,441100100,17418,29031,441200000,441200000
1,4412,441200000,441200100,17418,29031,441300000,441300000
1,4413,441300000,441300100,17418,29031,441400000,441400000
1,4414,441400000,441400100,17418,29031,441500000,441500000
1,4415,441500000,441500100,17418,29031,441600000,441600000
1,4416,441600000,441600100,17418,29031,441700000,441700000
1,4417,441700000,441700100,17418,29031,441800000,441800000
1,4418,441800000,441800100,17418,29031,441900000,441900000
1,4419,441900000,441900100,17418,29031,442000000,442000000
1,4420,442000000,442000100,17418,29031,442100000,442100000
1,4421,442100000,442100100,17418,29031,442200000,442200000
1,4422,442200000,442200100,17418,29031,442300000,442300000
1,4423,442300000,442300100,17418,29031,442400000,442400000
1,4424,442400000,442400100,17418,29031,442500000,442500000
1,4425,442500000,442500100,17418,29031,442600000,442600000
1,4426,442600000,442600100,17418,29031,442700000,442700000
1,4427,442700000,442700100,17418,29031,442800000,442800000
1,4428,442800000,442800100,17418,29031,442900000,442900000
1,4429,442900000,442900100,17418,29031,443000000,443000000
1,4430,443000000,443000100,17418,29031,443100000,443100000
1,4431,443100000,443100100,17418,29031,443200000,443200000
1,4432,443200000,443200100,17418,29031,443300000,443300000
1,4433,443300000,443300100,17418,29031,443400000,443400000
1,4434,443400000,443400100,17418,29031,443500000,443500000
1,4435,443500000,443500100,17418,29031,443600000,443600000
1,4436,443600000,443600100,17418,29031,443700000,443700000
1,4437,443700000,443700100,17418,29031,443800000,443800000
1,4438,443800000,443800100,17418,29031,443900000,443900000
1,4439,443900000,443900100,17418,29031,444000000,444000000
1,4440,444000000,444000100,17418,29031,444100000,444100000
1,4441,444100000,444100100,17418,29031,444200000,444200000
1,4442,444200000,444200100,17418,29031,444300000,444300000
1,4443,444300000,444300100,17418,29031,444400000,444400000
1,4444,444400000,444400100,17418,29031,444500000,444500000
1,4445,444500000,444500100,17418,29031,444600000,444600000
1,4446,444600000,444600100,17418,29031,444700000,444700000
1,4447,444700000,444700100,17418,29031,444800000,444800000
1,4448,444800000,444800100,17418,29031,444900000,444900000
1,4449,444900000,444900100,17418,29031,445000000,445000000
1,4450,445000000,445000100,17418,29031,445100000,445100000
1,4451,445100000,445100100,17418,29031,445200000,445200000
1,4452,445200000,445200100,17418,29031,445300000,445300000
1,4453,445300000,445300100,17418,29031,445400000,445400000
1,4454,445400000,445400100,17418,29031,445500000,445500000
1,4455,445500000,445500100,17418,29031,445600000,445600000
1,4456,445600000,445600100,17418,29031,445700000,445700000
1,4457,445700000,445700100,17418,29031,445800000,445800000
1,4458,445800000,445800100,17418,29031,445900000,445900000
1,4459,445900000,445900100,17418,29031,446000000,446000000
1,4460,446000000,446000100,17418,29031,446100000,446100000
1,4461,446100000,446100100,17418,29031,446200000,446200000
1,4462,446200000,446200100,17418,29031,446300000,446300000
1,4463,446300000,446300100,17418,29031,446400000,446400000
1,4464,446400000,446400100,17418,29031,446500000,446500000
1,4465,446500000,446500100,17418,29031,446600000,446600000
1,4466,446600000,446600100,17418,29031,446700000,446700000
1,4467,446700000,446700100,17418,29031,446800000,446800000
1,4468,446800000,446800100,17418,29031,446900000,446900000
1,4469,446900000,446900100,17418,29031,447000000,447000000
1,4470,447000000,447000100,17418,29031,447100000,447100000
1,4471,447100000,447100100,17418,29031,447200000,447200000
1,4472,447200000,447200100,17418,29031,447300000,447300000
1,4473,447300000,447300100,17418,29031,447400000,447400000
1,4474,447400000,447400100,17418,29031,447500000,447500000
1,4475,447500000,447500100,17418,29031,447600000,447600000
1,4476,447600000,447600100,17418,29031,447700000,447700000
1,4477,447700000,447700100,17418,29031,447800000,447800000
1,4478,447800000,447800100,17418,29031,447900000,447900000
1,4479,447900000,447900100,17418,29031,448000000,448000000
1,4480,448000000,448000100,17418,29031,448100000,448100000
1,4481,448100000,448100100,17418,29031,448200000,448200000
1,4482,448200000,448200100,17418,29031,448300000,448300000
1,4483,448300000,448300100,17418,29031,448400000,448400000
1,4484,448400000,448400100,17418,29031,448500000,448500000
1,4485,448500000,448500100,17418,29031,448600000,448600000
1,4486,448600000,448600100,17418,29031,448700000,448700000
1,4487,448700000,448700100,17418,29031,448800000,448800000
1,4488,448800000,448800100,17418,29031,448900000,448900000
1,4489,448900000,448900100,17418,29031,449000000,449000000
1,4490,449000000,449000100,17418,29031,449100000,449100000
1,4491,449100000,449100100,17418,29031,449200000,449200000
1,4492,449200000,449200100,17418,29031,449300000,449300000
1,4493,449300000,449300100,17418,29031,449400000,449400000
1,4494,449400000,449400100,17418,29031,449500000,449500000
1,4495,449500000,449500100,17418,29031,449600000,449600000
1,4496,449600000,449600100,17418,29031,449700000,449700000
1,4497,449700000,449700100,17418,29031,449800000,449800000
1,4498,449800000,449800100,17418,29031,449900000,449900000
1,4499,449900000,449900100,17418,29031,450000000,450000000
1,4500,450000000,450000100,17418,29031,450100000,450100000
1,4501,450100000,450100100,17418,29031,450200000,450200000
1,4502,450200000,450200100,17418,29031,450300000,450300000
1,4503,450300000,450300100,17418,29031,450400000,450400000
1,4504,450400000,450400100,17418,29031,450500000,450500000
1,4505,450500000,450500100,17418,29031,450600000,450600000
1,4506,450600000,450600100,17418,29031,450700000,450700000
1,4507,450700000,450700100,17418,29031,450800000,450800000
1,4508,450800000,450800100,17418,29031,450900000,450900000
1,4509,450900000,450900100,17418,29031,451000000,451000000
1,4510,451000000,451000100,17418,29031,451100000,451100000
1,4511,451100000,451100100,17418,29031,451200000,451200000
1,4512,451200000,451200100,17418,29031,451300000,451300000
1,4513,451300000,451300100,17418,29031,451400000,451400000
1,4514,451400000,451400100,17418,29031,451500000,451500000
1,4515,451500000,451500100,17418,29031,451600000,451600000
1,4516,451600000,451600100,17418,29031,451700000,451700000
1,4517,451700000,451700100,17418,29031,451800000,451800000
1,4518,451800000,451800100,17418,29031,451900000,451900000
1,4519,451900000,451900100,17418,29031,452000000,452000000
1,4520,452000000,452000100,17418,29031,452100000,452100000
1,4521,452100000,452100100,17418,29031,452200000,452200000
1,4522,452200000,452200100,17418,29031,452300000,452300000
1,4523,452300000,452300100,17418,29031,452400000,452400000
1,4524,452400000,452400100,17418,29031,452500000,452500000
1,4525,452500000,452500100,17418,29031,452600000,452600000
1,4526,452600000,452600100,17418,29031,452700000,452700000
1,4527,452700000,452700100,17418,29031,452800000,452800000
1,4528,452800000,452800100,17418,29031,452900000,452900000
1,4529,452900000,452900100,17418,29031,453000000,453000000
1,4530,453000000,453000100,17418,29031,453100000,453100000
1,4531,453100000,453100100,17418,29031,453200000,453200000
1,4532,453200000,453200100,17418,29031,453300000,453300000
1,4533,453300000,453300100,17418,29031,453400000,453400000
1,4534,453400000,453400100,17418,29031,453500000,453500000
1,4535,453500000,453500100,17418,29031,453600000,453600000
1,4536,453600000,453600100,17418,29031,453700000,453700000
1,4537,453700000,453700100,17418,29031,453800000,453800000
1,4538,453800000,453800100,17418,29031,453900000,453900000
1,4539,453900000,453900100,17418,29031,454000000,454000000
1,4540,454000000,454000100,17418,29031,454100000,454100000
1,4541,454100000,454100100,17418,29031,454200000,454200000
1,4542,454200000,454200100,17418,29031,454300000,454300000
1,4543,454300000,454300100,17418,29031,454400000,454400000
1,4544,454400000,454400100,17418,29031,454500000,454500000
1,4545,454500000,454500100,17418,29031,454600000,454600000
1,4546,454600000,454600100,17418,29031,454700000,454700000
1,4547,454700000,454700100,17418,29031,454800000,454800000
1,4548,454800000,454800100,17418,29031,454900000,454900000
1,4549,454900000,454900100,17418,29031,455000000,455000000
1,4550,455000000,455000100,17418,29031,455100000,455100000
1,4551,455100000,455100100,17418,29031,455200000,455200000
1,4552,455200000,455200100,17418,29031,455300000,455300000
1,4553,455300000,455300100,17418,29031,455400000,455400000
1,4554,455400000,455400100,17418,29031,455500000,455500000
1,4555,455500000,455500100,17418,29031,455600000,455600000
1,4556,455600000,455600100,17418,29031,455700000,455700000
1,4557,455700000,455700100,17418,29031,455800000,455800000
1,4558,455800000,455800100,17418,29031,455900000,455900000
1,4559,455900000,455900100,17418,29031,456000000,456000000
1,4560,456000000,456000100,17418,29031,456100000,456100000
1,4561,456100000,456100100,17418,29031,456200000,456200000
1,4562,456200000,456200100,17418,29031,456300000,456300000
1,4563,456300000,456300100,17418,29031,456400000,456400000
1,4564,456400000,456400100,17418,29031,456500000,456500000
1,4565,456500000,456500100,17418,29031,456600000,456600000
1,4566,456600000,456600100,17418,29031,456700000,456700000
1,4567,456700000,456700100,17418,29031,456800000,456800000
1,4568,456800000,456800100,17418,29031,456900000,456900000
1,4569,456900000,456900100,17418,29031,457000000,457000000
1,4570,457000000,457000100,17418,29031,457100000,457100000
1,4571,457100000,457100100,17418,29031,457200000,457200000
1,4572,457200000,457200100,17418,29031,457300000,457300000
1,4573,457300000,457300100,17418,29031,457400000,457400000
1,4574,457400000,457400100,17418,29031,457500000,457500000
1,4575,457500000,457500100,17418,29031,457600000,457600000
1,4576,457600000,457600100,17418,29031,457700000,457700000
1,4577,457700000,457700100,17418,29031,457800000,457800000
1,4578,457800000,457800100,17418,29031,457900000,457900000
1,4579,457900000,457900100,17418,29031,458000000,458000000
1,4580,458000000,458000100,17418,29031,458100000,458100000
1,4581,458100000,458100100,17418,29031,458200000,458200000
1,4582,458200000,458200100,17418,29031,458300000,458300000
1,4583,458300000,458300100,17418,29031,458400000,458400000
1,4584,458400000,458400100,17418,29031,458500000,458500000
1,4585,458500000,458500100,17418,29031,458600000,458600000
1,4586,458600000,458600100,17418,29031,458700000,458700000
1,4587,458700000,458700100,17418,29031,458800000,458800000
1,4588,458800000,458800100,17418,29031,458900000,458900000
1,4589,458900000,458900100,17418,29031,459000000,459000000
1,4590,459000000,459000100,17418,29031,459100000,459100000
1,4591,459100000,459100100,17418,29031,459200000,459200000
1,4592,459200000,459200100,17418,29031,459300000,459300000
1,4593,459300000,459300100,17418,29031,459400000,459400000
1,4594,459400000,459400100,17418,29031,459500000,459500000
1,4595,459500000,459500100,17418,29031,459600000,459600000
1,4596,459600000,459600100,17418,29031,459700000,459700000
1,4597,459700000,459700100,17418,29031,459800000,459800000
1,4598,459800000,459800100,17418,29031,459900000,459900000
1,4599,459900000,459900100,17418,29031,460000000,460000000
1,4600,460000000,460000100,17418,29031,460100000,460100000
1,4601,460100000,460100100,17418,29031,460200000,460200000
1,4602,460200000,460200100,17418,29031,460300000,460300000
1,4603,460300000,460300100,17418,29031,460400000,460400000
1,4604,460400000,460400100,17418,29031,460500000,460500000
1,4605,460500000,460500100,17418,29031,460600000,460600000
1,4606,460600000,460600100,17418,29031,460700000,460700000
1,4607,460700000,460700100,17418,29031,460800000,460800000
1,4608,460800000,460800100,17418,29031,460900000,460900000
1,4609,460900000,460900100,17418,29031,461000000,461000000
1,4610,461000000,461000100,17418,29031,461100000,461100000
1,4611,461100000,461100100,17418,29031,461200000,461200000
1,4612,461200000,461200100,17418,29031,461300000,461300000
1,4613,461300000,461300100,17418,29031,461400000,461400000
1,4614,461400000,461400100,17418,29031,461500000,461500000
1,4615,461500000,461500100,17418,29031,461600000,461600000
1,4616,461600000,461600100,17418,29031,461700000,461700000
1,4617,461700000,461700100,17418,29031,461800000,461800000
1,4618,461800000,461800100,17418,29031,461900000,461900000
1,4619,461900000,461900100,17418,29031,462000000,462000000
1,4620,462000000,462000100,17418,29031,462100000,462100000
1,4621,462100000,462100100,17418,29031,462200000,462200000
1,4622,462200000,462200100,17418,29031,462300000,462300000
1,4623,462300000,462300100,17418,29031,462400000,462400000
1,4624,462400000,462400100,17418,29031,462500000,462500000
1,4625,462500000,462500100,17418,29031,462600000,462600000
1,4626,462600000,462600100,17418,29031,462700000,462700000
1,4627,462700000,462700100,17418,29031,462800000,462800000
1,4628,462800000,462800100,17418,29031,462900000,462900000
1,4629,462900000,462900100,17418,29031,463000000,463000000
1,4630,463000000,463000100,17418,29031,463100000,463100000
1,4631,463100000,463100100,17418,29031,463200000,463200000
1,4632,463200000,463200100,17418,29031,463300000,463300000
1,4633,463300000,463300100,17418,29031,463400000,463400000
1,4634,463400000,463400100,17418,29031,463500000,463500000
1,4635,463500000,463500100,17418,29031,463600000,463600000
1,4636,463600000,463600100,17418,29031,463700000,463700000
1,4637,463700000,463700100,17418,29031,463800000,463800000
1,4638,463800000,463800100,17418,29031,463900000,463900000
1,4639,463900000,463900100,17418,29031,464000000,464000000
1,4640,464000000,464000100,17418,29031,464100000,464100000
1,4641,464100000,464100100,17418,29031,464200000,464200000
1,4642,464200000,464200100,17418,29031,464300000,464300000
1,4643,464300000,464300100,17418,29031,464400000,464400000
1,4644,464400000,464400100,17418,29031,464500000,464500000
1,4645,464500000,464500100,17418,29031,464600000,464600000
1,4646,464600000,464600100,17418,29031,464700000,464700000
1,4647,464700000,464700100,17418,29031,464800000,464800000
1,4648,464800000,464800100,17418,29031,464900000,464900000
1,4649,464900000,464900100,17418,29031,465000000,465000000
1,4650,465000000,465000100,17418,29031,465100000,465100000
1,4651,465100000,465100100,17418,29031,465200000,465200000
1,4652,465200000,465200100,17418,29031,465300000,465300000
1,4653,465300000,465300100,17418,29031,465400000,465400000
1,4654,465400000,465400100,17418,29031,465500000,465500000
1,4655,465500000,465500100,17418,29031,465600000,465600000
1,4656,465600000,465600100,17418,29031,465700000,465700000
1,4657,465700000,465700100,17418,29031,465800000,465800000
1,4658,465800000,465800100,17418,29031,465900000,465900000
1,4659,465900000,465900100,17418,29031,466000000,466000000
1,4660,466000000,466000100,17418,29031,466100000,466100000
1,4661,466100000,466100100,17418,29031,466200000,466200000
1,4662,466200000,466200100,17418,29031,466300000,466300000
1,4663,466300000,466300100,17418,29031,466400000,466400000
1,4664,466400000,466400100,17418,29031,466500000,466500000
1,4665,466500000,466500100,17418,29031,466600000,466600000
1,4666,466600000,466600100,17418,29031,466700000,466700000
1,4667,466700000,466700100,17418,29031,466800000,466800000
1,4668,466800000,466800100,17418,29031,466900000,466900000
1,4669,466900000,466900100,17418,29031,467000000,467000000
1,4670,467000000,467000100,17418,29031,467100000,467100000
1,4671,467100000,467100100,17418,29031,467200000,467200000
1,4672,467200000,467200100,17418,29031,467300000,467300000
1,4673,467300000,467300100,17418,29031,467400000,467400000
1,4674,467400000,467400100,17418,29031,467500000,467500000
1,4675,467500000,467500100,17418,29031,467600000,467600000
1,4676,467600000,467600100,17418,29031,467700000,467700000
1,4677,467700000,467700100,17418,29031,467800000,467800000
1,4678,467800000,467800100,17418,29031,467900000,467900000
1,4679,467900000,467900100,17418,29031,468000000,468000000
1,4680,468000000,468000100,17418,29031,468100000,468100000
1,4681,468100000,468100100,17418,29031,468200000,468200000
1,4682,468200000,468200100,17418,29031,468300000,468300000
1,4683,468300000,468300100,17418,29031,468400000,468400000
1,4684,468400000,468400100,17418,29031,468500000,468500000
1,4685,468500000,468500100,17418,29031,468600000,468600000
1,4686,468600000,468600100,17418,29031,468700000,468700000
1,4687,468700000,468700100,17418,29031,468800000,468800000
1,4688,468800000,468800100,17418,29031,468900000,468900000
1,4689,468900000,468900100,17418,29031,469000000,469000000
1,4690,469000000,469000100,17418,29031,469100000,469100000
1,4691,469100000,469100100,17418,29031,469200000,469200000
1,4692,469200000,469200100,17418,29031,469300000,469300000
1,4693,469300000,469300100,17418,29031,469400000,469400000
1,4694,469400000,469400100,17418,29031,469500000,469500000
1,4695,469500000,469500100,17418,29031,469600000,469600000
1,4696,469600000,469600100,17418,29031,469700000,469700000
1,4697,469700000,469700100,17418,29031,469800000,469800000
1,4698,469800000,469800100,17418,29031,469900000,469900000
1,4699,469900000,469900100,17418,29031,470000000,470000000
1,4700,470000000,470000100,17418,29031,470100000,470100000
1,4701,470100000,470100100,17418,29031,470200000,470200000
1,4702,470200000,470200100,17418,29031,470300000,470300000
1,4703,470300000,470300100,17418,29031,470400000,470400000
1,4704,470400000,470400100,17418,29031,470500000,470500000
1,4705,470500000,470500100,17418,29031,470600000,470600000
1,4706,470600000,470600100,17418,29031,470700000,470700000
1,4707,470700000,470700100,17418,29031,470800000,470800000
1,4708,470800000,470800100,17418,29031,470900000,470900000
1,4709,470900000,470900100,17418,29031,471000000,471000000
1,4710,471000000,471000100,17418,29031,471100000,471100000
1,4711,471100000,471100100,17418,29031,471200000,471200000
1,4712,471200000,471200100,17418,29031,471300000,471300000
1,4713,471300000,471300100,17418,29031,471400000,471400000
1,4714,471400000,471400100,17418,29031,471500000,471500000
1,4715,471500000,471500100,17418,29031,471600000,471600000
1,4716,471600000,471600100,17418,29031,471700000,471700000
1,4717,471700000,471700100,17418,29031,471800000,471800000
1,4718,471800000,471800100,17418,29031,471900000,471900000
1,4719,471900000,471900100,17418,29031,472000000,472000000
1,4720,472000000,472000100,17418,29031,472100000,472100000
1,4721,472100000,472100100,17418,29031,472200000,472200000
1,4722,472200000,472200100,17418,29031,472300000,472300000
1,4723,472300000,472300100,17418,29031,472400000,472400000
1,4724,472400000,472400100,17418,29031,472500000,472500000
1,4725,472500000,472500100,17418,29031,472600000,472600000
1,4726,472600000,472600100,17418,29031,472700000,472700000
1,4727,472700000,472700100,17418,29031,472800000,472800000
1,4728,472800000,472800100,17418,29031,472900000,472900000
1,4729,472900000,472900100,17418,29031,473000000,473000000
1,4730,473000000,473000100,17418,29031,473100000,473100000
1,4731,473100000,473100100,17418,29031,473200000,473200000
1,4732,473200000,473200100,17418,29031,473300000,473300000
1,4733,473300000,473300100,17418,29031,473400000,473400000
1,4734,473400000,473400100,17418,29031,473500000,473500000
1,4735,473500000,473500100,17418,29031,473600000,473600000
1,4736,473600000,473600100,17418,29031,473700000,473700000
1,4737,473700000,473700100,17418,29031,473800000,473800000
1,4738,473800000,473800100,17418,29031,473900000,473900000
1,4739,473900000,473900100,17418,29031,474000000,474000000
1,4740,474000000,474000100,17418,29031,474100000,474100000
1,4741,474100000,474100100,17418,29031,474200000,474200000
1,4742,474200000,474200100,17418,29031,474300000,474300000
1,4743,474300000,474300100,17418,29031,474400000,474400000
1,4744,474400000,474400100,17418,29031,474500000,474500000
1,4745,474500000,474500100,17418,29031,474600000,474600000
1,4746,474600000,474600100,17418,29031,474700000,474700000
1,4747,474700000,474700100,17418,29031,474800000,474800000
1,4748,474800000,474800100,17418,29031,474900000,474900000
1,4749,474900000,474900100,17418,29031,475000000,475000000
1,4750,475000000,475000100,17418,29031,475100000,475100000
1,4751,475100000,475100100,17418,29031,475200000,475200000
1,4752,475200000,475200100,17418,29031,475300000,475300000
1,4753,475300000,475300100,17418,29031,475400000,475400000
1,4754,475400000,475400100,17418,29031,475500000,475500000
1,4755,475500000,475500100,17418,29031,475600000,475600000
1,4756,475600000,475600100,17418,29031,475700000,475700000
1,4757,475700000,475700100,17418,29031,475800000,475800000
1,4758,475800000,475800100,17418,29031,475900000,475900000
1,4759,475900000,475900100,17418,29031,476000000,476000000
1,4760,476000000,476000100,17418,29031,476100000,476100000
1,4761,476100000,476100100,17418,29031,476200000,476200000
1,4762,476200000,476200100,17418,29031,476300000,476300000
1,4763,476300000,476300100,17418,29031,476400000,476400000
1,4764,476400000,476400100,17418,29031,476500000,476500000
1,4765,476500000,476500100,17418,29031,476600000,476600000
1,4766,476600000,476600100,17418,29031,476700000,476700000
1,4767,476700000,476700100,17418,29031,476800000,476800000
1,4768,476800000,476800100,17418,29031,476900000,476900000
1,4769,476900000,476900100,17418,29031,477000000,477000000
1,4770,477000000,477000100,17418,29031,477100000,477100000
1,4771,477100000,477100100,17418,29031,477200000,477200000
1,4772,477200000,477200100,17418,29031,477300000,477300000
1,4773,477300000,477300100,17418,29031,477400000,477400000
1,4774,477400000,477400100,17418,29031,477500000,477500000
1,4775,477500000,477500100,17418,29031,477600000,477600000
1,4776,477600000,477600100,17418,29031,477700000,477700000
1,4777,477700000,477700100,17418,29031,477800000,477800000
1,4778,477800000,477800100,17418,29031,477900000,477900000
1,4779,477900000,477900100,17418,29031,478000000,478000000
1,4780,478000000,478000100,17418,29031,478100000,478100000
1,4781,478100000,478100100,17418,29031,478200000,478200000
1,4782,478200000,478200100,17418,29031,478300000,478300000
1,4783,478300000,478300100,17418,29031,478400000,478400000
1,4784,478400000,478400100,17418,29031,478500000,478500000
1,4785,478500000,478500100,17418,29031,478600000,478600000
1,4786,478600000,478600100,17418,29031,478700000,478700000
1,4787,478700000,478700100,17418,29031,478800000,478800000
1,4788,478800000,478800100,17418,29031,478900000,478900000
1,4789,478900000,478900100,17418,29031,479000000,479000000
1,4790,479000000,479000100,17418,29031,479100000,479100000
1,4791,479100000,479100100,17418,29031,479200000,479200000
1,4792,479200000,479200100,17418,29031,479300000,479300000
1,4793,479300000,479300100,17418,29031,479400000,479400000
1,4794,479400000,479400100,17418,29031,479500000,479500000
1,4795,479500000,479500100,17418,29031,479600000,479600000
1,4796,479600000,479600100,17418,29031,479700000,479700000
1,4797,479700000,479700100,17418,29031,479800000,479800000
1,4798,479800000,479800100,17418,29031,479900000,479900000
1,4799,479900000,479900100,17418,29031,480000000,480000000
1,4800,480000000,480000100,17418,29031,480100000,480100000
1,4801,480100000,480100100,17418,29031,480200000,480200000
1,4802,480200000,480200100,17418,29031,480300000,480300000
1,4803,480300000,480300100,17418,29031,480400000,480400000
1,4804,480400000,480400100,17418,29031,480500000,480500000
1,4805,480500000,480500100,17418,29031,480600000,480600000
1,4806,480600000,480600100,17418,29031,480700000,480700000
1,4807,480700000,480700100,17418,29031,480800000,480800000
1,4808,480800000,480800100,17418,29031,480900000,480900000
1,4809,480900000,480900100,17418,29031,481000000,481000000
1,4810,481000000,481000100,17418,29031,481100000,481100000
1,4811,481100000,481100100,17418,29031,481200000,481200000
1,4812,481200000,481200100,17418,29031,481300000,481300000
1,4813,481300000,481300100,17418,29031,481400000,481400000
1,4814,481400000,481400100,17418,29031,481500000,481500000
1,4815,481500000,481500100,17418,29031,481600000,481600000
1,4816,481600000,481600100,17418,29031,481700000,481700000
1,4817,481700000,481700100,17418,29031,481800000,481800000
1,4818,481800000,481800100,17418,29031,481900000,481900000
1,4819,481900000,481900100,17418,29031,482000000,482000000
1,4820,482000000,482000100,17418,29031,482100000,482100000
1,4821,482100000,482100100,17418,29031,482200000,482200000
1,4822,482200000,482200100,17418,29031,482300000,482300000
1,4823,482300000,482300100,17418,29031,482400000,482400000
1,4824,482400000,482400100,17418,29031,482500000,482500000
1,4825,482500000,482500100,17418,29031,482600000,482600000
1,4826,482600000,482600100,17418,29031,482700000,482700000
1,4827,482700000,482700100,17418,29031,482800000,482800000
1,4828,482800000,482800100,17418,29031,482900000,482900000
1,4829,482900000,482900100,17418,29031,483000000,483000000
1,4830,483000000,483000100,17418,29031,483100000,483100000
1,4831,483100000,483100100,17418,29031,483200000,483200000
1,4832,483200000,483200100,17418,29031,483300000,483300000
1,4833,483300000,483300100,17418,29031,483400000,483400000
1,4834,483400000,483400100,17418,29031,483500000,483500000
1,4835,483500000,483500100,17418,29031,483600000,483600000
1,4836,483600000,483600100,17418,29031,483700000,483700000
1,4837,483700000,483700100,17418,29031,483800000,483800000
1,4838,483800000,483800100,17418,29031,483900000,483900000
1,4839,483900000,483900100,17418,29031,484000000,484000000
1,4840,484000000,484000100,17418,29031,484100000,484100000
1,4841,484100000,484100100,17418,29031,484200000,484200000
1,4842,484200000,484200100,17418,29031,484300000,484300000
1,4843,484300000,484300100,17418,29031,484400000,484400000
1,4844,484400000,484400100,17418,29031,484500000,484500000
1,4845,484500000,484500100,17418,29031,484600000,484600000
1,4846,484600000,484600100,17418,29031,484700000,484700000
1,4847,484700000,484700100,17418,29031,484800000,484800000
1,4848,484800000,484800100,17418,29031,484900000,484900000
1,4849,484900000,484900100,17418,29031,485000000,485000000
1,4850,485000000,485000100,17418,29031,485100000,485100000
1,4851,485100000,485100100,17418,29031,485200000,485200000
1,4852,485200000,485200100,17418,29031,485300000,485300000
1,4853,485300000,485300100,17418,29031,485400000,485400000
1,4854,485400000,485400100,17418,29031,485500000,485500000
1,4855,485500000,485500100,17418,29031,485600000,485600000
1,4856,485600000,485600100,17418,29031,485700000,485700000
1,4857,485700000,485700100,17418,29031,485800000,485800000
1,4858,485800000,485800100,17418,29031,485900000,485900000
1,4859,485900000,485900100,17418,29031,486000000,486000000
1,4860,486000000,486000100,17418,29031,486100000,486100000
1,4861,486100000,486100100,17418,29031,486200000,486200000
1,4862,486200000,486200100,17418,29031,486300000,486300000
1,4863,486300000,486300100,17418,29031,486400000,486400000
1,4864,486400000,486400100,17418,29031,486500000,486500000
1,4865,486500000,486500100,17418,29031,486600000,486600000
1,4866,486600000,486600100,17418,29031,486700000,486700000
1,4867,486700000,486700100,17418,29031,486800000,486800000
1,4868,486800000,486800100,17418,29031,486900000,486900000
1,4869,486900000,486900100,17418,29031,487000000,487000000
1,4870,487000000,487000100,17418,29031,487100000,487100000
1,4871,487100000,487100100,17418,29031,487200000,487200000
1,4872,487200000,487200100,17418,29031,487300000,487300000
1,4873,487300000,487300100,17418,29031,487400000,487400000
1,4874,487400000,487400100,17418,29031,487500000,487500000
1,4875,487500000,487500100,17418,29031,487600000,487600000
1,4876,487600000,487600100,17418,29031,487700000,487700000
1,4877,487700000,487700100,17418,29031,487800000,487800000
1,4878,487800000,487800100,17418,29031,487900000,487900000
1,4879,487900000,487900100,17418,29031,488000000,488000000
1,4880,488000000,488000100,17418,29031,488100000,488100000
1,4881,488100000,488100100,17418,29031,488200000,488200000
1,4882,488200000,488200100,17418,29031,488300000,488300000
1,4883,488300000,488300100,17418,29031,488400000,488400000
1,4884,488400000,488400100,17418,29031,488500000,488500000
1,4885,488500000,488500100,17418,29031,488600000,488600000
1,4886,488600000,488600100,17418,29031,488700000,488700000
1,4887,488700000,488700100,17418,29031,488800000,488800000
1,4888,488800000,488800100,17418,29031,488900000,488900000
1,4889,488900000,488900100,17418,29031,489000000,489000000
1,4890,489000000,489000100,17418,29031,489100000,489100000
1,4891,489100000,489100100,17418,29031,489200000,489200000
1,4892,489200000,489200100,17418,29031,489300000,489300000
1,4893,489300000,489300100,17418,29031,489400000,489400000
1,4894,489400000,489400100,17418,29031,489500000,489500000
1,4895,489500000,489500100,17418,29031,489600000,489600000
1,4896,489600000,489600100,17418,29031,489700000,489700000
1,4897,489700000,489700100,17418,29031,489800000,489800000
1,4898,489800000,489800100,17418,29031,489900000,489900000
1,4899,489900000,489900100,17418,29031,490000000,490000000
1,4900,490000000,490000100,17418,29031,490100000,490100000
1,4901,490100000,490100100,17418,29031,490200000,490200000
1,4902,490200000,490200100,17418,29031,490300000,490300000
1,4903,490300000,490300100,17418,29031,490400000,490400000
1,4904,490400000,490400100,17418,29031,490500000,490500000
1,4905,490500000,490500100,17418,29031,490600000,490600000
1,4906,490600000,490600100,17418,29031,490700000,490700000
1,4907,490700000,490700100,17418,29031,490800000,490800000
1,4908,490800000,490800100,17418,29031,490900000,490900000
1,4909,490900000,490900100,17418,29031,491000000,491000000
1,4910,491000000,491000100,17418,29031,491100000,491100000
1,4911,491100000,491100100,17418,29031,491200000,491200000
1,4912,491200000,491200100,17418,29031,491300000,491300000
1,4913,491300000,491300100,17418,29031,491400000,491400000
1,4914,491400000,491400100,17418,29031,491500000,491500000
1,4915,491500000,491500100,17418,29031,491600000,491600000
1,4916,491600000,491600100,17418,29031,491700000,491700000
1,4917,491700000,491700100,17418,29031,491800000,491800000
1,4918,491800000,491800100,17418,29031,491900000,491900000
1,4919,491900000,491900100,17418,29031,492000000,492000000
1,4920,492000000,492000100,17418,29031,492100000,492100000
1,4921,492100000,492100100,17418,29031,492200000,492200000
1,4922,492200000,492200100,17418,29031,492300000,492300000
1,4923,492300000,492300100,17418,29031,492400000,492400000
1,4924,492400000,492400100,17418,29031,492500000,492500000
1,4925,492500000,492500100,17418,29031,492600000,492600000
1,4926,492600000,492600100,17418,29031,492700000,492700000
1,4927,492700000,492700100,17418,29031,492800000,492800000
1,4928,492800000,492800100,17418,29031,492900000,492900000
1,4929,492900000,492900100,17418,29031,493000000,493000000
1,4930,493000000,493000100,17418,29031,493100000,493100000
1,4931,493100000,493100100,17418,29031,493200000,493200000
1,4932,493200000,493200100,17418,29031,493300000,493300000
1,4933,493300000,493300100,17418,29031,493400000,493400000
1,4934,493400000,493400100,17418,29031,493500000,493500000
1,4935,493500000,493500100,17418,29031,493600000,493600000
1,4936,493600000,493600100,17418,29031,493700000,493700000
1,4937,493700000,493700100,17418,29031,493800000,493800000
1,4938,493800000,493800100,17418,29031,493900000,493900000
1,4939,493900000,493900100,17418,29031,494000000,494000000
1,4940,494000000,494000100,17418,29031,494100000,494100000
1,4941,494100000,494100100,17418,29031,494200000,494200000
1,4942,494200000,494200100,17418,29031,494300000,494300000
1,4943,494300000,494300100,17418,29031,494400000,494400000
1,4944,494400000,494400100,17418,29031,494500000,494500000
1,4945,494500000,494500100,17418,29031,494600000,494600000
1,4946,494600000,494600100,17418,29031,494700000,494700000
1,4947,494700000,494700100,17418,29031,494800000,494800000
1,4948,494800000,494800100,17418,29031,494900000,494900000
1,4949,494900000,494900100,17418,29031,495000000,495000000
1,4950,495000000,495000100,17418,29031,495100000,495100000
1,4951,495100000,495100100,17418,29031,495200000,495200000
1,4952,495200000,495200100,17418,29031,495300000,495300000
1,4953,495300000,495300100,17418,29031,495400000,495400000
1,4954,495400000,495400100,17418,29031,495500000,495500000
1,4955,495500000,495500100,17418,29031,495600000,495600000
1,4956,495600000,495600100,17418,29031,495700000,495700000
1,4957,495700000,495700100,17418,29031,495800000,495800000
1,4958,495800000,495800100,17418,29031,495900000,495900000
1,4959,495900000,495900100,17418,29031,496000000,496000000
1,4960,496000000,496000100,17418,29031,496100000,496100000
1,4961,496100000,496100100,17418,29031,496200000,496200000
1,4962,496200000,496200100,17418,29031,496300000,496300000
1,4963,496300000,496300100,17418,29031,496400000,496400000
1,4964,496400000,496400100,17418,29031,496500000,496500000
1,4965,496500000,496500100,17418,29031,496600000,496600000
1,4966,496600000,496600100,17418,29031,496700000,496700000
1,4967,496700000,496700100,17418,29031,496800000,496800000
1,4968,496800000,496800100,17418,29031,496900000,496900000
1,4969,496900000,496900100,17418,29031,497000000,497000000
1,4970,497000000,497000100,17418,29031,497100000,497100000
1,4971,497100000,497100100,17418,29031,497200000,497200000
1,4972,497200000,497200100,17418,29031,497300000,497300000
1,4973,497300000,497300100,17418,29031,497400000,497400000
1,4974,497400000,497400100,17418,29031,497500000,497500000
1,4975,497500000,497500100,17418,29031,497600000,497600000
1,4976,497600000,497600100,17418,29031,497700000,497700000
1,4977,497700000,497700100,17418,29031,497800000,497800000
1,4978,497800000,497800100,17418,29031,497900000,497900000
1,4979,497900000,497900100,17418,29031,498000000,498000000
1,4980,498000000,498000100,17418,29031,498100000,498100000
1,4981,498100000,498100100,17418,29031,498200000,498200000
1,4982,498200000,498200100,17418,29031,498300000,498300000
1,4983,498300000,498300100,17418,29031,498400000,498400000
1,4984,498400000,498400100,17418,29031,498500000,498500000
1,4985,498500000,498500100,17418,29031,498600000,498600000
1,4986,498600000,498600100,17418,29031,498700000,498700000
1,4987,498700000,498700100,17418,29031,498800000,498800000
1,4988,498800000,498800100,17418,29031,498900000,498900000
1,4989,498900000,498900100,17418,29031,499000000,499000000
1,4990,499000000,499000100,17418,29031,499100000,499100000
1,4991,499100000,499100100,17418,29031,499200000,499200000
1,4992,499200000,499200100,17418,29031,499300000,499300000
1,4993,499300000,499300100,17418,29031,499400000,499400000
1,4994,499400000,499400100,17418,29031,499500000,499500000
1,4995,499500000,499500100,17418,29031,499600000,499600000
1,4996,499600000,499600100,17418,29031,499700000,499700000
1,4997,499700000,499700100,17418,29031,499800000,499800000
1,4998,499800000,499800100,17418,29031,499900000,499900000
1,4999,499900000,499900100,17418,29031,500000000,500000000
1,5000,500000000,500000100,17418,29031,500100000,500100000
1,5001,500100000,500100100,17418,29031,500200000,500200000
1,5002,500200000,500200100,17418,29031,500300000,500300000
1,5003,500300000,500300100,17418,29031,500400000,500400000
1,5004,500400000,500400100,17418,29031,500500000,500500000
1,5005,500500000,500500100,17418,29031,500600000,500600000
1,5006,500600000,500600100,17418,29031,500700000,500700000
1,5007,500700000,500700100,17418,29031,500800000,500800000
1,5008,500800000,500800100,17418,29031,500900000,500900000
1,5009,500900000,500900100,17418,29031,501000000,501000000
1,5010,501000000,501000100,17418,29031,501100000,501100000
1,5011,501100000,501100100,17418,29031,501200000,501200000
1,5012,501200000,501200100,17418,29031,501300000,501300000
1,5013,501300000,501300100,17418,29031,501400000,501400000
1,5014,501400000,501400100,17418,29031,501500000,501500000
1,5015,501500000,501500100,17418,29031,501600000,501600000
1,5016,501600000,501600100,17418,29031,501700000,501700000
1,5017,501700000,501700100,17418,29031,501800000,501800000
1,5018,501800000,501800100,17418,29031,501900000,501900000
1,5019,501900000,501900100,17418,29031,502000000,502000000
1,5020,502000000,502000100,17418,29031,502100000,502100000
1,5021,502100000,502100100,17418,29031,502200000,502200000
1,5022,502200000,502200100,17418,29031,502300000,502300000
1,5023,502300000,502300100,17418,29031,502400000,502400000
1,5024,502400000,502400100,17418,29031,502500000,502500000
1,5025,502500000,502500100,17418,29031,502600000,502600000
1,5026,502600000,502600100,17418,29031,502700000,502700000
1,5027,502700000,502700100,17418,29031,502800000,502800000
1,5028,502800000,502800100,17418,29031,502900000,502900000
1,5029,502900000,502900100,17418,29031,503000000,503000000
1,5030,503000000,503000100,17418,29031,503100000,503100000
1,5031,503100000,503100100,17418,29031,503200000,503200000
1,5032,503200000,503200100,17418,29031,503300000,503300000
1,5033,503300000,503300100,17418,29031,503400000,503400000
1,5034,503400000,503400100,17418,29031,503500000,503500000
1,5035,503500000,503500100,17418,29031,503600000,503600000
1,5036,503600000,503600100,17418,29031,503700000,503700000
1,5037,503700000,503700100,17418,29031,503800000,503800000
1,5038,503800000,503800100,17418,29031,503900000,503900000
1,5039,503900000,503900100,17418,29031,504000000,504000000
1,5040,504000000,504000100,17418,29031,504100000,504100000
1,5041,504100000,504100100,17418,29031,504200000,504200000
1,5042,504200000,504200100,17418,29031,504300000,504300000
1,5043,504300000,504300100,17418,29031,504400000,504400000
1,5044,504400000,504400100,17418,29031,504500000,504500000
1,5045,504500000,504500100,17418,29031,504600000,504600000
1,5046,504600000,504600100,17418,29031,504700000,504700000
1,5047,504700000,504700100,17418,29031,504800000,504800000
1,5048,504800000,504800100,17418,29031,504900000,504900000
1,5049,504900000,504900100,17418,29031,505000000,505000000
1,5050,505000000,505000100,17418,29031,505100000,505100000
1,5051,505100000,505100100,17418,29031,505200000,505200000
1,5052,505200000,505200100,17418,29031,505300000,505300000
1,5053,505300000,505300100,17418,29031,505400000,505400000
1,5054,505400000,505400100,17418,29031,505500000,505500000
1,5055,505500000,505500100,17418,29031,505600000,505600000
1,5056,505600000,505600100,17418,29031,505700000,505700000
1,5057,505700000,505700100,17418,29031,505800000,505800000
1,5058,505800000,505800100,17418,29031,505900000,505900000
1,5059,505900000,505900100,17418,29031,506000000,506000000
1,5060,506000000,506000100,17418,29031,506100000,506100000
1,5061,506100000,506100100,17418,29031,506200000,506200000
1,5062,506200000,506200100,17418,29031,506300000,506300000
1,5063,506300000,506300100,17418,29031,506400000,506400000
1,5064,506400000,506400100,17418,29031,506500000,506500000
1,5065,506500000,506500100,17418,29031,506600000,506600000
1,5066,506600000,506600100,17418,29031,506700000,506700000
1,5067,506700000,506700100,17418,29031,506800000,506800000
1,5068,506800000,506800100,17418,29031,506900000,506900000
1,5069,506900000,506900100,17418,29031,507000000,507000000
1,5070,507000000,507000100,17418,29031,507100000,507100000
1,5071,507100000,507100100,17418,29031,507200000,507200000
1,5072,507200000,507200100,17418,29031,507300000,507300000
1,5073,507300000,507300100,17418,29031,507400000,507400000
1,5074,507400000,507400100,17418,29031,507500000,507500000
1,5075,507500000,507500100,17418,29031,507600000,507600000
1,5076,507600000,507600100,17418,29031,507700000,507700000
1,5077,507700000,507700100,17418,29031,507800000,507800000
1,5078,507800000,507800100,17418,29031,507900000,507900000
1,5079,507900000,507900100,17418,29031,508000000,508000000
1,5080,508000000,508000100,17418,29031,508100000,508100000
1,5081,508100000,508100100,17418,29031,508200000,508200000
1,5082,508200000,508200100,17418,29031,508300000,508300000
1,5083,508300000,508300100,17418,29031,508400000,508400000
1,5084,508400000,508400100,17418,29031,508500000,508500000
1,5085,508500000,508500100,17418,29031,508600000,508600000
1,5086,508600000,508600100,17418,29031,508700000,508700000
1,5087,508700000,508700100,17418,29031,508800000,508800000
1,5088,508800000,508800100,17418,29031,508900000,508900000
1,5089,508900000,508900100,17418,29031,509000000,509000000
1,5090,509000000,509000100,17418,29031,509100000,509100000
1,5091,509100000,509100100,17418,29031,509200000,509200000
1,5092,509200000,509200100,17418,29031,509300000,509300000
1,5093,509300000,509300100,17418,29031,509400000,509400000
1,5094,509400000,509400100,17418,29031,509500000,509500000
1,5095,509500000,509500100,17418,29031,509600000,509600000
1,5096,509600000,509600100,17418,29031,509700000,509700000
1,5097,509700000,509700100,17418,29031,509800000,509800000
1,5098,509800000,509800100,17418,29031,509900000,509900000
1,5099,509900000,509900100,17418,29031,510000000,510000000
1,5100,510000000,510000100,17418,29031,510100000,510100000
1,5101,510100000,510100100,17418,29031,510200000,510200000
1,5102,510200000,510200100,17418,29031,510300000,510300000
1,5103,510300000,510300100,17418,29031,510400000,510400000
1,5104,510400000,510400100,17418,29031,510500000,510500000
1,5105,510500000,510500100,17418,29031,510600000,510600000
1,5106,510600000,510600100,17418,29031,510700000,510700000
1,5107,510700000,510700100,17418,29031,510800000,510800000
1,5108,510800000,510800100,17418,29031,510900000,510900000
1,5109,510900000,510900100,17418,29031,511000000,511000000
1,5110,511000000,511000100,17418,29031,511100000,511100000
1,5111,511100000,511100100,17418,29031,511200000,511200000
1,5112,511200000,511200100,17418,29031,511300000,511300000
1,5113,511300000,511300100,17418,29031,511400000,511400000
1,5114,511400000,511400100,17418,29031,511500000,511500000
1,5115,511500000,511500100,17418,29031,511600000,511600000
1,5116,511600000,511600100,17418,29031,511700000,511700000
1,5117,511700000,511700100,17418,29031,511800000,511800000
1,5118,511800000,511800100,17418,29031,511900000,511900000
1,5119,511900000,511900100,17418,29031,512000000,512000000
1,5120,512000000,512000100,17418,29031,512100000,512100000
1,5121,512100000,512100100,17418,29031,512200000,512200000
1,5122,512200000,512200100,17418,29031,512300000,512300000
1,5123,512300000,512300100,17418,29031,512400000,512400000
1,5124,512400000,512400100,17418,29031,512500000,512500000
1,5125,512500000,512500100,17418,29031,512600000,512600000
1,5126,512600000,512600100,17418,29031,512700000,512700000
1,5127,512700000,512700100,17418,29031,512800000,512800000
1,5128,512800000,512800100,17418,29031,512900000,512900000
1,5129,512900000,512900100,17418,29031,513000000,513000000
1,5130,513000000,513000100,17418,29031,513100000,513100000
1,5131,513100000,513100100,17418,29031,513200000,513200000
1,5132,513200000,513200100,17418,29031,513300000,513300000
1,5133,513300000,513300100,17418,29031,513400000,513400000
1,5134,513400000,513400100,17418,29031,513500000,513500000
1,5135,513500000,513500100,17418,29031,513600000,513600000
1,5136,513600000,513600100,17418,29031,513700000,513700000
1,5137,513700000,513700100,17418,29031,513800000,513800000
1,5138,513800000,513800100,17418,29031,513900000,513900000
1,5139,513900000,513900100,17418,29031,514000000,514000000
1,5140,514000000,514000100,17418,29031,514100000,514100000
1,5141,514100000,514100100,17418,29031,514200000,514200000
1,5142,514200000,514200100,17418,29031,514300000,514300000
1,5143,514300000,514300100,17418,29031,514400000,514400000
1,5144,514400000,514400100,17418,29031,514500000,514500000
1,5145,514500000,514500100,17418,29031,514600000,514600000
1,5146,514600000,514600100,17418,29031,514700000,514700000
1,5147,514700000,514700100,17418,29031,514800000,514800000
1,5148,514800000,514800100,17418,29031,514900000,514900000
1,5149,514900000,514900100,17418,29031,515000000,515000000
1,5150,515000000,515000100,17418,29031,515100000,515100000
1,5151,515100000,515100100,17418,29031,515200000,515200000
1,5152,515200000,515200100,17418,29031,515300000,515300000
1,5153,515300000,515300100,17418,29031,515400000,515400000
1,5154,515400000,515400100,17418,29031,515500000,515500000
1,5155,515500000,515500100,17418,29031,515600000,515600000
1,5156,515600000,515600100,17418,29031,515700000,515700000
1,5157,515700000,515700100,17418,29031,515800000,515800000
1,5158,515800000,515800100,17418,29031,515900000,515900000
1,5159,515900000,515900100,17418,29031,516000000,516000000
1,5160,516000000,516000100,17418,29031,516100000,516100000
1,5161,516100000,516100100,17418,29031,516200000,516200000
1,5162,516200000,516200100,17418,29031,516300000,516300000
1,5163,516300000,516300100,17418,29031,516400000,516400000
1,5164,516400000,516400100,17418,29031,516500000,516500000
1,5165,516500000,516500100,17418,29031,516600000,516600000
1,5166,516600000,516600100,17418,29031,516700000,516700000
1,5167,516700000,516700100,17418,29031,516800000,516800000
1,5168,516800000,516800100,17418,29031,516900000,516900000
1,5169,516900000,516900100,17418,29031,517000000,517000000
1,5170,517000000,517000100,17418,29031,517100000,517100000
1,5171,517100000,517100100,17418,29031,517200000,517200000
1,5172,517200000,517200100,17418,29031,517300000,517300000
1,5173,517300000,517300100,17418,29031,517400000,517400000
1,5174,517400000,517400100,17418,29031,517500000,517500000
1,5175,517500000,517500100,17418,29031,517600000,517600000
1,5176,517600000,517600100,17418,29031,517700000,517700000
1,5177,517700000,517700100,17418,29031,517800000,517800000
1,5178,517800000,517800100,17418,29031,517900000,517900000
1,5179,517900000,517900100,17418,29031,518000000,518000000
1,5180,518000000,518000100,17418,29031,518100000,518100000
1,5181,518100000,518100100,17418,29031,518200000,518200000
1,5182,518200000,518200100,17418,29031,518300000,518300000
1,5183,518300000,518300100,17418,29031,518400000,518400000
1,5184,518400000,518400100,17418,29031,518500000,518500000
1,5185,518500000,518500100,17418,29031,518600000,518600000
1,5186,518600000,518600100,17418,29031,518700000,518700000
1,5187,518700000,518700100,17418,29031,518800000,518800000
1,5188,518800000,518800100,17418,29031,518900000,518900000
1,5189,518900000,518900100,17418,29031,519000000,519000000
1,5190,519000000,519000100,17418,29031,519100000,519100000
1,5191,519100000,519100100,17418,29031,519200000,519200000
1,5192,519200000,519200100,17418,29031,519300000,519300000
1,5193,519300000,519300100,17418,29031,519400000,519400000
1,5194,519400000,519400100,17418,29031,519500000,519500000
1,5195,519500000,519500100,17418,29031,519600000,519600000
1,5196,519600000,519600100,17418,29031,519700000,519700000
1,5197,519700000,519700100,17418,29031,519800000,519800000
1,5198,519800000,519800100,17418,29031,519900000,519900000
1,5199,519900000,519900100,17418,29031,520000000,520000000
1,5200,520000000,520000100,17418,29031,520100000,520100000
1,5201,520100000,520100100,17418,29031,520200000,520200000
1,5202,520200000,520200100,17418,29031,520300000,520300000
1,5203,520300000,520300100,17418,29031,520400000,520400000
1,5204,520400000,520400100,17418,29031,520500000,520500000
1,5205,520500000,520500100,17418,29031,520600000,520600000
1,5206,520600000,520600100,17418,29031,520700000,520700000
1,5207,520700000,520700100,17418,29031,520800000,520800000
1,5208,520800000,520800100,17418,29031,520900000,520900000
1,5209,520900000,520900100,17418,29031,521000000,521000000
1,5210,521000000,521000100,17418,29031,521100000,521100000
1,5211,521100000,521100100,17418,29031,521200000,521200000
1,5212,521200000,521200100,17418,29031,521300000,521300000
1,5213,521300000,521300100,17418,29031,521400000,521400000
1,5214,521400000,521400100,17418,29031,521500000,521500000
1,5215,521500000,521500100,17418,29031,521600000,521600000
1,5216,521600000,521600100,17418,29031,521700000,521700000
1,5217,521700000,521700100,17418,29031,521800000,521800000
1,5218,521800000,521800100,17418,29031,521900000,521900000
1,5219,521900000,521900100,17418,29031,522000000,522000000
1,5220,522000000,522000100,17418,29031,522100000,522100000
1,5221,522100000,522100100,17418,29031,522200000,522200000
1,5222,522200000,522200100,17418,29031,522300000,522300000
1,5223,522300000,522300100,17418,29031,522400000,522400000
1,5224,522400000,522400100,17418,29031,522500000,522500000
1,5225,522500000,522500100,17418,29031,522600000,522600000
1,5226,522600000,522600100,17418,29031,522700000,522700000
1,5227,522700000,522700100,17418,29031,522800000,522800000
1,5228,522800000,522800100,17418,29031,522900000,522900000
1,5229,522900000,522900100,17418,29031,523000000,523000000
1,5230,523000000,523000100,17418,29031,523100000,523100000
1,5231,523100000,523100100,17418,29031,523200000,523200000
1,5232,523200000,523200100,17418,29031,523300000,523300000
1,5233,523300000,523300100,17418,29031,523400000,523400000
1,5234,523400000,523400100,17418,29031,523500000,523500000
1,5235,523500000,523500100,17418,29031,523600000,523600000
1,5236,523600000,523600100,17418,29031,523700000,523700000
1,5237,523700000,523700100,17418,29031,523800000,523800000
1,5238,523800000,523800100,17418,29031,523900000,523900000
1,5239,523900000,523900100,17418,29031,524000000,524000000
1,5240,524000000,524000100,17418,29031,524100000,524100000
1,5241,524100000,524100100,17418,29031,524200000,524200000
1,5242,524200000,524200100,17418,29031,524300000,524300000
1,5243,524300000,524300100,17418,29031,524400000,524400000
1,5244,524400000,524400100,17418,29031,524500000,524500000
1,5245,524500000,524500100,17418,29031,524600000,524600000
1,5246,524600000,524600100,17418,29031,524700000,524700000
1,5247,524700000,524700100,17418,29031,524800000,524800000
1,5248,524800000,524800100,17418,29031,524900000,524900000
1,5249,524900000,524900100,17418,29031,525000000,525000000
1,5250,525000000,525000100,17418,29031,525100000,525100000
1,5251,525100000,525100100,17418,29031,525200000,525200000
1,5252,525200000,525200100,17418,29031,525300000,525300000
1,5253,525300000,525300100,17418,29031,525400000,525400000
1,5254,525400000,525400100,17418,29031,525500000,525500000
1,5255,525500000,525500100,17418,29031,525600000,525600000
1,5256,525600000,525600100,17418,29031,525700000,525700000
1,5257,525700000,525700100,17418,29031,525800000,525800000
1,5258,525800000,525800100,17418,29031,525900000,525900000
1,5259,525900000,525900100,17418,29031,526000000,526000000
1,5260,526000000,526000100,17418,29031,526100000,526100000
1,5261,526100000,526100100,17418,29031,526200000,526200000
1,5262,526200000,526200100,17418,29031,526300000,526300000
1,5263,526300000,526300100,17418,29031,526400000,526400000
1,5264,526400000,526400100,17418,29031,526500000,526500000
1,5265,526500000,526500100,17418,29031,526600000,526600000
1,5266,526600000,526600100,17418,29031,526700000,526700000
1,5267,526700000,526700100,17418,29031,526800000,526800000
1,5268,526800000,526800100,17418,29031,526900000,526900000
1,5269,526900000,526900100,17418,29031,527000000,527000000
1,5270,527000000,527000100,17418,29031,527100000,527100000
1,5271,527100000,527100100,17418,29031,527200000,527200000
1,5272,527200000,527200100,17418,29031,527300000,527300000
1,5273,527300000,527300100,17418,29031,527400000,527400000
1,5274,527400000,527400100,17418,29031,527500000,527500000
1,5275,527500000,527500100,17418,29031,527600000,527600000
1,5276,527600000,527600100,17418,29031,527700000,527700000
1,5277,527700000,527700100,17418,29031,527800000,527800000
1,5278,527800000,527800100,17418,29031,527900000,527900000
1,5279,527900000,527900100,17418,29031,528000000,528000000
1,5280,528000000,528000100,17418,29031,528100000,528100000
1,5281,528100000,528100100,17418,29031,528200000,528200000
1,5282,528200000,528200100,17418,29031,528300000,528300000
1,5283,528300000,528300100,17418,29031,528400000,528400000
1,5284,528400000,528400100,17418,29031,528500000,528500000
1,5285,528500000,528500100,17418,29031,528600000,528600000
1,5286,528600000,528600100,17418,29031,528700000,528700000
1,5287,528700000,528700100,17418,29031,528800000,528800000
1,5288,528800000,528800100,17418,29031,528900000,528900000
1,5289,528900000,528900100,17418,29031,529000000,529000000
1,5290,529000000,529000100,17418,29031,529100000,529100000
1,5291,529100000,529100100,17418,29031,529200000,529200000
1,5292,529200000,529200100,17418,29031,529300000,529300000
1,5293,529300000,529300100,17418,29031,529400000,529400000
1,5294,529400000,529400100,17418,29031,529500000,529500000
1,5295,529500000,529500100,17418,29031,529600000,529600000
1,5296,529600000,529600100,17418,29031,529700000,529700000
1,5297,529700000,529700100,17418,29031,529800000,529800000
1,5298,529800000,529800100,17418,29031,529900000,529900000
1,5299,529900000,529900100,17418,29031,530000000,530000000
1,5300,530000000,530000100,17418,29031,530100000,530100000
1,5301,530100000,530100100,17418,29031,530200000,530200000
1,5302,530200000,530200100,17418,29031,530300000,530300000
1,5303,530300000,530300100,17418,29031,530400000,530400000
1,5304,530400000,530400100,17418,29031,530500000,530500000
1,5305,530500000,530500100,17418,29031,530600000,530600000
1,5306,530600000,530600100,17418,29031,530700000,530700000
1,5307,530700000,530700100,17418,29031,530800000,530800000
1,5308,530800000,530800100,17418,29031,530900000,530900000
1,5309,530900000,530900100,17418,29031,531000000,531000000
1,5310,531000000,531000100,17418,29031,531100000,531100000
1,5311,531100000,531100100,17418,29031,531200000,531200000
1,5312,531200000,531200100,17418,29031,531300000,531300000
1,5313,531300000,531300100,17418,29031,531400000,531400000
1,5314,531400000,531400100,17418,29031,531500000,531500000
1,5315,531500000,531500100,17418,29031,531600000,531600000
1,5316,531600000,531600100,17418,29031,531700000,531700000
1,5317,531700000,531700100,17418,29031,531800000,531800000
1,5318,531800000,531800100,17418,29031,531900000,531900000
1,5319,531900000,531900100,17418,29031,532000000,532000000
1,5320,532000000,532000100,17418,29031,532100000,532100000
1,5321,532100000,532100100,17418,29031,532200000,532200000
1,5322,532200000,532200100,17418,29031,532300000,532300000
1,5323,532300000,532300100,17418,29031,532400000,532400000
1,5324,532400000,532400100,17418,29031,532500000,532500000
1,5325,532500000,532500100,17418,29031,532600000,532600000
1,5326,532600000,532600100,17418,29031,532700000,532700000
1,5327,532700000,532700100,17418,29031,532800000,532800000
1,5328,532800000,532800100,17418,29031,532900000,532900000
1,5329,532900000,532900100,17418,29031,533000000,533000000
1,5330,533000000,533000100,17418,29031,533100000,533100000
1,5331,533100000,533100100,17418,29031,533200000,533200000
1,5332,533200000,533200100,17418,29031,533300000,533300000
1,5333,533300000,533300100,17418,29031,533400000,533400000
1,5334,533400000,533400100,17418,29031,533500000,533500000
1,5335,533500000,533500100,17418,29031,533600000,533600000
1,5336,533600000,533600100,17418,29031,533700000,533700000
1,5337,533700000,533700100,17418,29031,533800000,533800000
1,5338,533800000,533800100,17418,29031,533900000,533900000
1,5339,533900000,533900100,17418,29031,534000000,534000000
1,5340,534000000,534000100,17418,29031,534100000,534100000
1,5341,534100000,534100100,17418,29031,534200000,534200000
1,5342,534200000,534200100,17418,29031,534300000,534300000
1,5343,534300000,534300100,17418,29031,534400000,534400000
1,5344,534400000,534400100,17418,29031,534500000,534500000
1,5345,534500000,534500100,17418,29031,534600000,534600000
1,5346,534600000,534600100,17418,29031,534700000,534700000
1,5347,534700000,534700100,17418,29031,534800000,534800000
1,5348,534800000,534800100,17418,29031,534900000,534900000
1,5349,534900000,534900100,17418,29031,535000000,535000000
1,5350,535000000,535000100,17418,29031,535100000,535100000
1,5351,535100000,535100100,17418,29031,535200000,535200000
1,5352,535200000,535200100,17418,29031,535300000,535300000
1,5353,535300000,535300100,17418,29031,535400000,535400000
1,5354,535400000,535400100,17418,29031,535500000,535500000
1,5355,535500000,535500100,17418,29031,535600000,535600000
1,5356,535600000,535600100,17418,29031,535700000,535700000
1,5357,535700000,535700100,17418,29031,535800000,535800000
1,5358,535800000,535800100,17418,29031,535900000,535900000
1,5359,535900000,535900100,17418,29031,536000000,536000000
1,5360,536000000,536000100,17418,29031,536100000,536100000
1,5361,536100000,536100100,17418,29031,536200000,536200000
1,5362,536200000,536200100,17418,29031,536300000,536300000
1,5363,536300000,536300100,17418,29031,536400000,536400000
1,5364,536400000,536400100,17418,29031,536500000,536500000
1,5365,536500000,536500100,17418,29031,536600000,536600000
1,5366,536600000,536600100,17418,29031,536700000,536700000
1,5367,536700000,536700100,17418,29031,536800000,536800000
1,5368,536800000,536800100,17418,29031,536900000,536900000
1,5369,536900000,536900100,17418,29031,537000000,537000000
1,5370,537000000,537000100,17418,29031,537100000,537100000
1,5371,537100000,537100100,17418,29031,537200000,537200000
1,5372,537200000,537200100,17418,29031,537300000,537300000
1,5373,537300000,537300100,17418,29031,537400000,537400000
1,5374,537400000,537400100,17418,29031,537500000,537500000
1,5375,537500000,537500100,17418,29031,537600000,537600000
1,5376,537600000,537600100,17418,29031,537700000,537700000
1,5377,537700000,537700100,17418,29031,537800000,537800000
1,5378,537800000,537800100,17418,29031,537900000,537900000
1,5379,537900000,537900100,17418,29031,538000000,538000000
1,5380,538000000,538000100,17418,29031,538100000,538100000
1,5381,538100000,538100100,17418,29031,538200000,538200000
1,5382,538200000,538200100,17418,29031,538300000,538300000
1,5383,538300000,538300100,17418,29031,538400000,538400000
1,5384,538400000,538400100,17418,29031,538500000,538500000
1,5385,538500000,538500100,17418,29031,538600000,538600000
1,5386,538600000,538600100,17418,29031,538700000,538700000
1,5387,538700000,538700100,17418,29031,538800000,538800000
1,5388,538800000,538800100,17418,29031,538900000,538900000
1,5389,538900000,538900100,17418,29031,539000000,539000000
1,5390,539000000,539000100,17418,29031,539100000,539100000
1,5391,539100000,539100100,17418,29031,539200000,539200000
1,5392,539200000,539200100,17418,29031,539300000,539300000
1,5393,539300000,539300100,17418,29031,539400000,539400000
1,5394,539400000,539400100,17418,29031,539500000,539500000
1,5395,539500000,539500100,17418,29031,539600000,539600000
1,5396,539600000,539600100,17418,29031,539700000,539700000
1,5397,539700000,539700100,17418,29031,539800000,539800000
1,5398,539800000,539800100,17418,29031,539900000,539900000
1,5399,539900000,539900100,17418,29031,540000000,540000000
1,5400,540000000,540000100,17418,29031,540100000,540100000
1,5401,540100000,540100100,17418,29031,540200000,540200000
1,5402,540200000,540200100,17418,29031,540300000,540300000
1,5403,540300000,540300100,17418,29031,540400000,540400000
1,5404,540400000,540400100,17418,29031,540500000,540500000
1,5405,540500000,540500100,17418,29031,540600000,540600000
1,5406,540600000,540600100,17418,29031,540700000,540700000
1,5407,540700000,540700100,17418,29031,540800000,540800000
1,5408,540800000,540800100,17418,29031,540900000,540900000
1,5409,540900000,540900100,17418,29031,541000000,541000000
1,5410,541000000,541000100,17418,29031,541100000,541100000
1,5411,541100000,541100100,17418,29031,541200000,541200000
1,5412,541200000,541200100,17418,29031,541300000,541300000
1,5413,541300000,541300100,17418,29031,541400000,541400000
1,5414,541400000,541400100,17418,29031,541500000,541500000
1,5415,541500000,541500100,17418,29031,541600000,541600000
1,5416,541600000,541600100,17418,29031,541700000,541700000
1,5417,541700000,541700100,17418,29031,541800000,541800000
1,5418,541800000,541800100,17418,29031,541900000,541900000
1,5419,541900000,541900100,17418,29031,542000000,542000000
1,5420,542000000,542000100,17418,29031,542100000,542100000
1,5421,542100000,542100100,17418,29031,542200000,542200000
1,5422,542200000,542200100,17418,29031,542300000,542300000
1,5423,542300000,542300100,17418,29031,542400000,542400000
1,5424,542400000,542400100,17418,29031,542500000,542500000
1,5425,542500000,542500100,17418,29031,542600000,542600000
1,5426,542600000,542600100,17418,29031,542700000,542700000
1,5427,542700000,542700100,17418,29031,542800000,542800000
1,5428,542800000,542800100,17418,29031,542900000,542900000
1,5429,542900000,542900100,17418,29031,543000000,543000000
1,5430,543000000,543000100,17418,29031,543100000,543100000
1,5431,543100000,543100100,17418,29031,543200000,543200000
1,5432,543200000,543200100,17418,29031,543300000,543300000
1,5433,543300000,543300100,17418,29031,543400000,543400000
1,5434,543400000,543400100,17418,29031,543500000,543500000
1,5435,543500000,543500100,17418,29031,543600000,543600000
1,5436,543600000,543600100,17418,29031,543700000,543700000
1,5437,543700000,543700100,17418,29031,543800000,543800000
1,5438,543800000,543800100,17418,29031,543900000,543900000
1,5439,543900000,543900100,17418,29031,544000000,544000000
1,5440,544000000,544000100,17418,29031,544100000,544100000
1,5441,544100000,544100100,17418,29031,544200000,544200000
1,5442,544200000,544200100,17418,29031,544300000,544300000
1,5443,544300000,544300100,17418,29031,544400000,544400000
1,5444,544400000,544400100,17418,29031,544500000,544500000
1,5445,544500000,544500100,17418,29031,544600000,544600000
1,5446,544600000,544600100,17418,29031,544700000,544700000
1,5447,544700000,544700100,17418,29031,544800000,544800000
1,5448,544800000,544800100,17418,29031,544900000,544900000
1,5449,544900000,544900100,17418,29031,545000000,545000000
1,5450,545000000,545000100,17418,29031,545100000,545100000
1,5451,545100000,545100100,17418,29031,545200000,545200000
1,5452,545200000,545200100,17418,29031,545300000,545300000
1,5453,545300000,545300100,17418,29031,545400000,545400000
1,5454,545400000,545400100,17418,29031,545500000,545500000
1,5455,545500000,545500100,17418,29031,545600000,545600000
1,5456,545600000,545600100,17418,29031,545700000,545700000
1,5457,545700000,545700100,17418,29031,545800000,545800000
1,5458,545800000,545800100,17418,29031,545900000,545900000
1,5459,545900000,545900100,17418,29031,546000000,546000000
1,5460,546000000,546000100,17418,29031,546100000,546100000
1,5461,546100000,546100100,17418,29031,546200000,546200000
1,5462,546200000,546200100,17418,29031,546300000,546300000
1,5463,546300000,546300100,17418,29031,546400000,546400000
1,5464,546400000,546400100,17418,29031,546500000,546500000
1,5465,546500000,546500100,17418,29031,546600000,546600000
1,5466,546600000,546600100,17418,29031,546700000,546700000
1,5467,546700000,546700100,17418,29031,546800000,546800000
1,5468,546800000,546800100,17418,29031,546900000,546900000
1,5469,546900000,546900100,17418,29031,547000000,547000000
1,5470,547000000,547000100,17418,29031,547100000,547100000
1,5471,547100000,547100100,17418,29031,547200000,547200000
1,5472,547200000,547200100,17418,29031,547300000,547300000
1,5473,547300000,547300100,17418,29031,547400000,547400000
1,5474,547400000,547400100,17418,29031,547500000,547500000
1,5475,547500000,547500100,17418,29031,547600000,547600000
1,5476,547600000,547600100,17418,29031,547700000,547700000
1,5477,547700000,547700100,17418,29031,547800000,547800000
1,5478,547800000,547800100,17418,29031,547900000,547900000
1,5479,547900000,547900100,17418,29031,548000000,548000000
1,5480,548000000,548000100,17418,29031,548100000,548100000
1,5481,548100000,548100100,17418,29031,548200000,548200000
1,5482,548200000,548200100,17418,29031,548300000,548300000
1,5483,548300000,548300100,17418,29031,548400000,548400000
1,5484,548400000,548400100,17418,29031,548500000,548500000
1,5485,548500000,548500100,17418,29031,548600000,548600000
1,5486,548600000,548600100,17418,29031,548700000,548700000
1,5487,548700000,548700100,17418,29031,548800000,548800000
1,5488,548800000,548800100,17418,29031,548900000,548900000
1,5489,548900000,548900100,17418,29031,549000000,549000000
1,5490,549000000,549000100,17418,29031,549100000,549100000
1,5491,549100000,549100100,17418,29031,549200000,549200000
1,5492,549200000,549200100,17418,29031,549300000,549300000
1,5493,549300000,549300100,17418,29031,549400000,549400000
1,5494,549400000,549400100,17418,29031,549500000,549500000
1,5495,549500000,549500100,17418,29031,549600000,549600000
1,5496,549600000,549600100,17418,29031,549700000,549700000
1,5497,549700000,549700100,17418,29031,549800000,549800000
1,5498,549800000,549800100,17418,29031,549900000,549900000
1,5499,549900000,549900100,17418,29031,550000000,550000000
1,5500,550000000,550000100,17418,29031,550100000,550100000
1,5501,550100000,550100100,17418,29031,550200000,550200000
1,5502,550200000,550200100,17418,29031,550300000,550300000
1,5503,550300000,550300100,17418,29031,550400000,550400000
1,5504,550400000,550400100,17418,29031,550500000,550500000
1,5505,550500000,550500100,17418,29031,550600000,550600000
1,5506,550600000,550600100,17418,29031,550700000,550700000
1,5507,550700000,550700100,17418,29031,550800000,550800000
1,5508,550800000,550800100,17418,29031,550900000,550900000
1,5509,550900000,550900100,17418,29031,551000000,551000000
1,5510,551000000,551000100,17418,29031,551100000,551100000
1,5511,551100000,551100100,17418,29031,551200000,551200000
1,5512,551200000,551200100,17418,29031,551300000,551300000
1,5513,551300000,551300100,17418,29031,551400000,551400000
1,5514,551400000,551400100,17418,29031,551500000,551500000
1,5515,551500000,551500100,17418,29031,551600000,551600000
1,5516,551600000,551600100,17418,29031,551700000,551700000
1,5517,551700000,551700100,17418,29031,551800000,551800000
1,5518,551800000,551800100,17418,29031,551900000,551900000
1,5519,551900000,551900100,17418,29031,552000000,552000000
1,5520,552000000,552000100,17418,29031,552100000,552100000
1,5521,552100000,552100100,17418,29031,552200000,552200000
1,5522,552200000,552200100,17418,29031,552300000,552300000
1,5523,552300000,552300100,17418,29031,552400000,552400000
1,5524,552400000,552400100,17418,29031,552500000,552500000
1,5525,552500000,552500100,17418,29031,552600000,552600000
1,5526,552600000,552600100,17418,29031,552700000,552700000
1,5527,552700000,552700100,17418,29031,552800000,552800000
1,5528,552800000,552800100,17418,29031,552900000,552900000
1,5529,552900000,552900100,17418,29031,553000000,553000000
1,5530,553000000,553000100,17418,29031,553100000,553100000
1,5531,553100000,553100100,17418,29031,553200000,553200000
1,5532,553200000,553200100,17418,29031,553300000,553300000
1,5533,553300000,553300100,17418,29031,553400000,553400000
1,5534,553400000,553400100,17418,29031,553500000,553500000
1,5535,553500000,553500100,17418,29031,553600000,553600000
1,5536,553600000,553600100,17418,29031,553700000,553700000
1,5537,553700000,553700100,17418,29031,553800000,553800000
1,5538,553800000,553800100,17418,29031,553900000,553900000
1,5539,553900000,553900100,17418,29031,554000000,554000000
1,5540,554000000,554000100,17418,29031,554100000,554100000
1,5541,554100000,554100100,17418,29031,554200000,554200000
1,5542,554200000,554200100,17418,29031,554300000,554300000
1,5543,554300000,554300100,17418,29031,554400000,554400000
1,5544,554400000,554400100,17418,29031,554500000,554500000
1,5545,554500000,554500100,17418,29031,554600000,554600000
1,5546,554600000,554600100,17418,29031,554700000,554700000
1,5547,554700000,554700100,17418,29031,554800000,554800000
1,5548,554800000,554800100,17418,29031,554900000,554900000
1,5549,554900000,554900100,17418,29031,555000000,555000000
1,5550,555000000,555000100,17418,29031,555100000,555100000
1,5551,555100000,555100100,17418,29031,555200000,555200000
1,5552,555200000,555200100,17418,29031,555300000,555300000
1,5553,555300000,555300100,17418,29031,555400000,555400000
1,5554,555400000,555400100,17418,29031,555500000,555500000
1,5555,555500000,555500100,17418,29031,555600000,555600000
1,5556,555600000,555600100,17418,29031,555700000,555700000
1,5557,555700000,555700100,17418,29031,555800000,555800000
1,5558,555800000,555800100,17418,29031,555900000,555900000
1,5559,555900000,555900100,17418,29031,556000000,556000000
1,5560,556000000,556000100,17418,29031,556100000,556100000
1,5561,556100000,556100100,17418,29031,556200000,556200000
1,5562,556200000,556200100,17418,29031,556300000,556300000
1,5563,556300000,556300100,17418,29031,556400000,556400000
1,5564,556400000,556400100,17418,29031,556500000,556500000
1,5565,556500000,556500100,17418,29031,556600000,556600000
1,5566,556600000,556600100,17418,29031,556700000,556700000
1,5567,556700000,556700100,17418,29031,556800000,556800000
1,5568,556800000,556800100,17418,29031,556900000,556900000
1,5569,556900000,556900100,17418,29031,557000000,557000000
1,5570,557000000,557000100,17418,29031,557100000,557100000
1,5571,557100000,557100100,17418,29031,557200000,557200000
1,5572,557200000,557200100,17418,29031,557300000,557300000
1,5573,557300000,557300100,17418,29031,557400000,557400000
1,5574,557400000,557400100,17418,29031,557500000,557500000
1,5575,557500000,557500100,17418,29031,557600000,557600000
1,5576,557600000,557600100,17418,29031,557700000,557700000
1,5577,557700000,557700100,17418,29031,557800000,557800000
1,5578,557800000,557800100,17418,29031,557900000,557900000
1,5579,557900000,557900100,17418,29031,558000000,558000000
1,5580,558000000,558000100,17418,29031,558100000,558100000
1,5581,558100000,558100100,17418,29031,558200000,558200000
1,5582,558200000,558200100,17418,29031,558300000,558300000
1,5583,558300000,558300100,17418,29031,558400000,558400000
1,5584,558400000,558400100,17418,29031,558500000,558500000
1,5585,558500000,558500100,17418,29031,558600000,558600000
1,5586,558600000,558600100,17418,29031,558700000,558700000
1,5587,558700000,558700100,17418,29031,558800000,558800000
1,5588,558800000,558800100,17418,29031,558900000,558900000
1,5589,558900000,558900100,17418,29031,559000000,559000000
1,5590,559000000,559000100,17418,29031,559100000,559100000
1,5591,559100000,559100100,17418,29031,559200000,559200000
1,5592,559200000,559200100,17418,29031,559300000,559300000
1,5593,559300000,559300100,17418,29031,559400000,559400000
1,5594,559400000,559400100,17418,29031,559500000,559500000
1,5595,559500000,559500100,17418,29031,559600000,559600000
1,5596,559600000,559600100,17418,29031,559700000,559700000
1,5597,559700000,559700100,17418,29031,559800000,559800000
1,5598,559800000,559800100,17418,29031,559900000,559900000
1,5599,559900000,559900100,17418,29031,560000000,560000000
1,5600,560000000,560000100,17418,29031,560100000,560100000
1,5601,560100000,560100100,17418,29031,560200000,560200000
1,5602,560200000,560200100,17418,29031,560300000,560300000
1,5603,560300000,560300100,17418,29031,560400000,560400000
1,5604,560400000,560400100,17418,29031,560500000,560500000
1,5605,560500000,560500100,17418,29031,560600000,560600000
1,5606,560600000,560600100,17418,29031,560700000,560700000
1,5607,560700000,560700100,17418,29031,560800000,560800000
1,5608,560800000,560800100,17418,29031,560900000,560900000
1,5609,560900000,560900100,17418,29031,561000000,561000000
1,5610,561000000,561000100,17418,29031,561100000,561100000
1,5611,561100000,561100100,17418,29031,561200000,561200000
1,5612,561200000,561200100,17418,29031,561300000,561300000
1,5613,561300000,561300100,17418,29031,561400000,561400000
1,5614,561400000,561400100,17418,29031,561500000,561500000
1,5615,561500000,561500100,17418,29031,561600000,561600000
1,5616,561600000,561600100,17418,29031,561700000,561700000
1,5617,561700000,561700100,17418,29031,561800000,561800000
1,5618,561800000,561800100,17418,29031,561900000,561900000
1,5619,561900000,561900100,17418,29031,562000000,562000000
1,5620,562000000,562000100,17418,29031,562100000,562100000
1,5621,562100000,562100100,17418,29031,562200000,562200000
1,5622,562200000,562200100,17418,29031,562300000,562300000
1,5623,562300000,562300100,17418,29031,562400000,562400000
1,5624,562400000,562400100,17418,29031,562500000,562500000
1,5625,562500000,562500100,17418,29031,562600000,562600000
1,5626,562600000,562600100,17418,29031,562700000,562700000
1,5627,562700000,562700100,17418,29031,562800000,562800000
1,5628,562800000,562800100,17418,29031,562900000,562900000
1,5629,562900000,562900100,17418,29031,563000000,563000000
1,5630,563000000,563000100,17418,29031,563100000,563100000
1,5631,563100000,563100100,17418,29031,563200000,563200000
1,5632,563200000,563200100,17418,29031,563300000,563300000
1,5633,563300000,563300100,17418,29031,563400000,563400000
1,5634,563400000,563400100,17418,29031,563500000,563500000
1,5635,563500000,563500100,17418,29031,563600000,563600000
1,5636,563600000,563600100,17418,29031,563700000,563700000
1,5637,563700000,563700100,17418,29031,563800000,563800000
1,5638,563800000,563800100,17418,29031,563900000,563900000
1,5639,563900000,563900100,17418,29031,564000000,564000000
1,5640,564000000,564000100,17418,29031,564100000,564100000
1,5641,564100000,564100100,17418,29031,564200000,564200000
1,5642,564200000,564200100,17418,29031,564300000,564300000
1,5643,564300000,564300100,17418,29031,564400000,564400000
1,5644,564400000,564400100,17418,29031,564500000,564500000
1,5645,564500000,564500100,17418,29031,564600000,564600000
1,5646,564600000,564600100,17418,29031,564700000,564700000
1,5647,564700000,564700100,17418,29031,564800000,564800000
1,5648,564800000,564800100,17418,29031,564900000,564900000
1,5649,564900000,564900100,17418,29031,565000000,565000000
1,5650,565000000,565000100,17418,29031,565100000,565100000
1,5651,565100000,565100100,17418,29031,565200000,565200000
1,5652,565200000,565200100,17418,29031,565300000,565300000
1,5653,565300000,565300100,17418,29031,565400000,565400000
1,5654,565400000,565400100,17418,29031,565500000,565500000
1,5655,565500000,565500100,17418,29031,565600000,565600000
1,5656,565600000,565600100,17418,29031,565700000,565700000
1,5657,565700000,565700100,17418,29031,565800000,565800000
1,5658,565800000,565800100,17418,29031,565900000,565900000
1,5659,565900000,565900100,17418,29031,566000000,566000000
1,5660,566000000,566000100,17418,29031,566100000,566100000
1,5661,566100000,566100100,17418,29031,566200000,566200000
1,5662,566200000,566200100,17418,29031,566300000,566300000
1,5663,566300000,566300100,17418,29031,566400000,566400000
1,5664,566400000,566400100,17418,29031,566500000,566500000
1,5665,566500000,566500100,17418,29031,566600000,566600000
1,5666,566600000,566600100,17418,29031,566700000,566700000
1,5667,566700000,566700100,17418,29031,566800000,566800000
1,5668,566800000,566800100,17418,29031,566900000,566900000
1,5669,566900000,566900100,17418,29031,567000000,567000000
1,5670,567000000,567000100,17418,29031,567100000,567100000
1,5671,567100000,567100100,17418,29031,567200000,567200000
1,5672,567200000,567200100,17418,29031,567300000,567300000
1,5673,567300000,567300100,17418,29031,567400000,567400000
1,5674,567400000,567400100,17418,29031,567500000,567500000
1,5675,567500000,567500100,17418,29031,567600000,567600000
1,5676,567600000,567600100,17418,29031,567700000,567700000
1,5677,567700000,567700100,17418,29031,567800000,567800000
1,5678,567800000,567800100,17418,29031,567900000,567900000
1,5679,567900000,567900100,17418,29031,568000000,568000000
1,5680,568000000,568000100,17418,29031,568100000,568100000
1,5681,568100000,568100100,17418,29031,568200000,568200000
1,5682,568200000,568200100,17418,29031,568300000,568300000
1,5683,568300000,568300100,17418,29031,568400000,568400000
1,5684,568400000,568400100,17418,29031,568500000,568500000
1,5685,568500000,568500100,17418,29031,568600000,568600000
1,5686,568600000,568600100,17418,29031,568700000,568700000
1,5687,568700000,568700100,17418,29031,568800000,568800000
1,5688,568800000,568800100,17418,29031,568900000,568900000
1,5689,568900000,568900100,17418,29031,569000000,569000000
1,5690,569000000,569000100,17418,29031,569100000,569100000
1,5691,569100000,569100100,17418,29031,569200000,569200000
1,5692,569200000,569200100,17418,29031,569300000,569300000
1,5693,569300000,569300100,17418,29031,569400000,569400000
1,5694,569400000,569400100,17418,29031,569500000,569500000
1,5695,569500000,569500100,17418,29031,569600000,569600000
1,5696,569600000,569600100,17418,29031,569700000,569700000
1,5697,569700000,569700100,17418,29031,569800000,569800000
1,5698,569800000,569800100,17418,29031,569900000,569900000
1,5699,569900000,569900100,17418,29031,570000000,570000000
1,5700,570000000,570000100,17418,29031,570100000,570100000
1,5701,570100000,570100100,17418,29031,570200000,570200000
1,5702,570200000,570200100,17418,29031,570300000,570300000
1,5703,570300000,570300100,17418,29031,570400000,570400000
1,5704,570400000,570400100,17418,29031,570500000,570500000
1,5705,570500000,570500100,17418,29031,570600000,570600000
1,5706,570600000,570600100,17418,29031,570700000,570700000
1,5707,570700000,570700100,17418,29031,570800000,570800000
1,5708,570800000,570800100,17418,29031,570900000,570900000
1,5709,570900000,570900100,17418,29031,571000000,571000000
1,5710,571000000,571000100,17418,29031,571100000,571100000
1,5711,571100000,571100100,17418,29031,571200000,571200000
1,5712,571200000,571200100,17418,29031,571300000,571300000
1,5713,571300000,571300100,17418,29031,571400000,571400000
1,5714,571400000,571400100,17418,29031,571500000,571500000
1,5715,571500000,571500100,17418,29031,571600000,571600000
1,5716,571600000,571600100,17418,29031,571700000,571700000
1,5717,571700000,571700100,17418,29031,571800000,571800000
1,5718,571800000,571800100,17418,29031,571900000,571900000
1,5719,571900000,571900100,17418,29031,572000000,572000000
1,5720,572000000,572000100,17418,29031,572100000,572100000
1,5721,572100000,572100100,17418,29031,572200000,572200000
1,5722,572200000,572200100,17418,29031,572300000,572300000
1,5723,572300000,572300100,17418,29031,572400000,572400000
1,5724,572400000,572400100,17418,29031,572500000,572500000
1,5725,572500000,572500100,17418,29031,572600000,572600000
1,5726,572600000,572600100,17418,29031,572700000,572700000
1,5727,572700000,572700100,17418,29031,572800000,572800000
1,5728,572800000,572800100,17418,29031,572900000,572900000
1,5729,572900000,572900100,17418,29031,573000000,573000000
1,5730,573000000,573000100,17418,29031,573100000,573100000
1,5731,573100000,573100100,17418,29031,573200000,573200000
1,5732,573200000,573200100,17418,29031,573300000,573300000
1,5733,573300000,573300100,17418,29031,573400000,573400000
1,5734,573400000,573400100,17418,29031,573500000,573500000
1,5735,573500000,573500100,17418,29031,573600000,573600000
1,5736,573600000,573600100,17418,29031,573700000,573700000
1,5737,573700000,573700100,17418,29031,573800000,573800000
1,5738,573800000,573800100,17418,29031,573900000,573900000
1,5739,573900000,573900100,17418,29031,574000000,574000000
1,5740,574000000,574000100,17418,29031,574100000,574100000
1,5741,574100000,574100100,17418,29031,574200000,574200000
1,5742,574200000,574200100,17418,29031,574300000,574300000
1,5743,574300000,574300100,17418,29031,574400000,574400000
1,5744,574400000,574400100,17418,29031,574500000,574500000
1,5745,574500000,574500100,17418,29031,574600000,574600000
1,5746,574600000,574600100,17418,29031,574700000,574700000
1,5747,574700000,574700100,17418,29031,574800000,574800000
1,5748,574800000,574800100,17418,29031,574900000,574900000
1,5749,574900000,574900100,17418,29031,575000000,575000000
1,5750,575000000,575000100,17418,29031,575100000,575100000
1,5751,575100000,575100100,17418,29031,575200000,575200000
1,5752,575200000,575200100,17418,29031,575300000,575300000
1,5753,575300000,575300100,17418,29031,575400000,575400000
1,5754,575400000,575400100,17418,29031,575500000,575500000
1,5755,575500000,575500100,17418,29031,575600000,575600000
1,5756,575600000,575600100,17418,29031,575700000,575700000
1,5757,575700000,575700100,17418,29031,575800000,575800000
1,5758,575800000,575800100,17418,29031,575900000,575900000
1,5759,575900000,575900100,17418,29031,576000000,576000000
1,5760,576000000,576000100,17418,29031,576100000,576100000
1,5761,576100000,576100100,17418,29031,576200000,576200000
1,5762,576200000,576200100,17418,29031,576300000,576300000
1,5763,576300000,576300100,17418,29031,576400000,576400000
1,5764,576400000,576400100,17418,29031,576500000,576500000
1,5765,576500000,576500100,17418,29031,576600000,576600000
1,5766,576600000,576600100,17418,29031,576700000,576700000
1,5767,576700000,576700100,17418,29031,576800000,576800000
1,5768,576800000,576800100,17418,29031,576900000,576900000
1,5769,576900000,576900100,17418,29031,577000000,577000000
1,5770,577000000,577000100,17418,29031,577100000,577100000
1,5771,577100000,577100100,17418,29031,577200000,577200000
1,5772,577200000,577200100,17418,29031,577300000,577300000
1,5773,577300000,577300100,17418,29031,577400000,577400000
1,5774,577400000,577400100,17418,29031,577500000,577500000
1,5775,577500000,577500100,17418,29031,577600000,577600000
1,5776,577600000,577600100,17418,29031,577700000,577700000
1,5777,577700000,577700100,17418,29031,577800000,577800000
1,5778,577800000,577800100,17418,29031,577900000,577900000
1,5779,577900000,577900100,17418,29031,578000000,578000000
1,5780,578000000,578000100,17418,29031,578100000,578100000
1,5781,578100000,578100100,17418,29031,578200000,578200000
1,5782,578200000,578200100,17418,29031,578300000,578300000
1,5783,578300000,578300100,17418,29031,578400000,578400000
1,5784,578400000,578400100,17418,29031,578500000,578500000
1,5785,578500000,578500100,17418,29031,578600000,578600000
1,5786,578600000,578600100,17418,29031,578700000,578700000
1,5787,578700000,578700100,17418,29031,578800000,578800000
1,5788,578800000,578800100,17418,29031,578900000,578900000
1,5789,578900000,578900100,17418,29031,579000000,579000000
1,5790,579000000,579000100,17418,29031,579100000,579100000
1,5791,579100000,579100100,17418,29031,579200000,579200000
1,5792,579200000,579200100,17418,29031,579300000,579300000
1,5793,579300000,579300100,17418,29031,579400000,579400000
1,5794,579400000,579400100,17418,29031,579500000,579500000
1,5795,579500000,579500100,17418,29031,579600000,579600000
1,5796,579600000,579600100,17418,29031,579700000,579700000
1,5797,579700000,579700100,17418,29031,579800000,579800000
1,5798,579800000,579800100,17418,29031,579900000,579900000
1,5799,579900000,579900100,17418,29031,580000000,580000000
1,5800,580000000,580000100,17418,29031,580100000,580100000
1,5801,580100000,580100100,17418,29031,580200000,580200000
1,5802,580200000,580200100,17418,29031,580300000,580300000
1,5803,580300000,580300100,17418,29031,580400000,580400000
1,5804,580400000,580400100,17418,29031,580500000,580500000
1,5805,580500000,580500100,17418,29031,580600000,580600000
1,5806,580600000,580600100,17418,29031,580700000,580700000
1,5807,580700000,580700100,17418,29031,580800000,580800000
1,5808,580800000,580800100,17418,29031,580900000,580900000
1,5809,580900000,580900100,17418,29031,581000000,581000000
1,5810,581000000,581000100,17418,29031,581100000,581100000
1,5811,581100000,581100100,17418,29031,581200000,581200000
1,5812,581200000,581200100,17418,29031,581300000,581300000
1,5813,581300000,581300100,17418,29031,581400000,581400000
1,5814,581400000,581400100,17418,29031,581500000,581500000
1,5815,581500000,581500100,17418,29031,581600000,581600000
1,5816,581600000,581600100,17418,29031,581700000,581700000
1,5817,581700000,581700100,17418,29031,581800000,581800000
1,5818,581800000,581800100,17418,29031,581900000,581900000
1,5819,581900000,581900100,17418,29031,582000000,582000000
1,5820,582000000,582000100,17418,29031,582100000,582100000
1,5821,582100000,582100100,17418,29031,582200000,582200000
1,5822,582200000,582200100,17418,29031,582300000,582300000
1,5823,582300000,582300100,17418,29031,582400000,582400000
1,5824,582400000,582400100,17418,29031,582500000,582500000
1,5825,582500000,582500100,17418,29031,582600000,582600000
1,5826,582600000,582600100,17418,29031,582700000,582700000
1,5827,582700000,582700100,17418,29031,582800000,582800000
1,5828,582800000,582800100,17418,29031,582900000,582900000
1,5829,582900000,582900100,17418,29031,583000000,583000000
1,5830,583000000,583000100,17418,29031,583100000,583100000
1,5831,583100000,583100100,17418,29031,583200000,583200000
1,5832,583200000,583200100,17418,29031,583300000,583300000
1,5833,583300000,583300100,17418,29031,583400000,583400000
1,5834,583400000,583400100,17418,29031,583500000,583500000
1,5835,583500000,583500100,17418,29031,583600000,583600000
1,5836,583600000,583600100,17418,29031,583700000,583700000
1,5837,583700000,583700100,17418,29031,583800000,583800000
1,5838,583800000,583800100,17418,29031,583900000,583900000
1,5839,583900000,583900100,17418,29031,584000000,584000000
1,5840,584000000,584000100,17418,29031,584100000,584100000
1,5841,584100000,584100100,17418,29031,584200000,584200000
1,5842,584200000,584200100,17418,29031,584300000,584300000
1,5843,584300000,584300100,17418,29031,584400000,584400000
1,5844,584400000,584400100,17418,29031,584500000,584500000
1,5845,584500000,584500100,17418,29031,584600000,584600000
1,5846,584600000,584600100,17418,29031,584700000,584700000
1,5847,584700000,584700100,17418,29031,584800000,584800000
1,5848,584800000,584800100,17418,29031,584900000,584900000
1,5849,584900000,584900100,17418,29031,585000000,585000000
1,5850,585000000,585000100,17418,29031,585100000,585100000
1,5851,585100000,585100100,17418,29031,585200000,585200000
1,5852,585200000,585200100,17418,29031,585300000,585300000
1,5853,585300000,585300100,17418,29031,585400000,585400000
1,5854,585400000,585400100,17418,29031,585500000,585500000
1,5855,585500000,585500100,17418,29031,585600000,585600000
1,5856,585600000,585600100,17418,29031,585700000,585700000
1,5857,585700000,585700100,17418,29031,585800000,585800000
1,5858,585800000,585800100,17418,29031,585900000,585900000
1,5859,585900000,585900100,17418,29031,586000000,586000000
1,5860,586000000,586000100,17418,29031,586100000,586100000
1,5861,586100000,586100100,17418,29031,586200000,586200000
1,5862,586200000,586200100,17418,29031,586300000,586300000
1,5863,586300000,586300100,17418,29031,586400000,586400000
1,5864,586400000,586400100,17418,29031,586500000,586500000
1,5865,586500000,586500100,17418,29031,586600000,586600000
1,5866,586600000,586600100,17418,29031,586700000,586700000
1,5867,586700000,586700100,17418,29031,586800000,586800000
1,5868,586800000,586800100,17418,29031,586900000,586900000
1,5869,586900000,586900100,17418,29031,587000000,587000000
1,5870,587000000,587000100,17418,29031,587100000,587100000
1,5871,587100000,587100100,17418,29031,587200000,587200000
1,5872,587200000,587200100,17418,29031,587300000,587300000
1,5873,587300000,587300100,17418,29031,587400000,587400000
1,5874,587400000,587400100,17418,29031,587500000,587500000
1,5875,587500000,587500100,17418,29031,587600000,587600000
1,5876,587600000,587600100,17418,29031,587700000,587700000
1,5877,587700000,587700100,17418,29031,587800000,587800000
1,5878,587800000,587800100,17418,29031,587900000,587900000
1,5879,587900000,587900100,17418,29031,588000000,588000000
1,5880,588000000,588000100,17418,29031,588100000,588100000
1,5881,588100000,588100100,17418,29031,588200000,588200000
1,5882,588200000,588200100,17418,29031,588300000,588300000
1,5883,588300000,588300100,17418,29031,588400000,588400000
1,5884,588400000,588400100,17418,29031,588500000,588500000
1,5885,588500000,588500100,17418,29031,588600000,588600000
1,5886,588600000,588600100,17418,29031,588700000,588700000
1,5887,588700000,588700100,17418,29031,588800000,588800000
1,5888,588800000,588800100,17418,29031,588900000,588900000
1,5889,588900000,588900100,17418,29031,589000000,589000000
1,5890,589000000,589000100,17418,29031,589100000,589100000
1,5891,589100000,589100100,17418,29031,589200000,589200000
1,5892,589200000,589200100,17418,29031,589300000,589300000
1,5893,589300000,589300100,17418,29031,589400000,589400000
1,5894,589400000,589400100,17418,29031,589500000,589500000
1,5895,589500000,589500100,17418,29031,589600000,589600000
1,5896,589600000,589600100,17418,29031,589700000,589700000
1,5897,589700000,589700100,17418,29031,589800000,589800000
1,5898,589800000,589800100,17418,29031,589900000,589900000
1,5899,589900000,589900100,17418,29031,590000000,590000000
1,5900,590000000,590000100,17418,29031,590100000,590100000
1,5901,590100000,590100100,17418,29031,590200000,590200000
1,5902,590200000,590200100,17418,29031,590300000,590300000
1,5903,590300000,590300100,17418,29031,590400000,590400000
1,5904,590400000,590400100,17418,29031,590500000,590500000
1,5905,590500000,590500100,17418,29031,590600000,590600000
1,5906,590600000,590600100,17418,29031,590700000,590700000
1,5907,590700000,590700100,17418,29031,590800000,590800000
1,5908,590800000,590800100,17418,29031,590900000,590900000
1,5909,590900000,590900100,17418,29031,591000000,591000000
1,5910,591000000,591000100,17418,29031,591100000,591100000
1,5911,591100000,591100100,17418,29031,591200000,591200000
1,5912,591200000,591200100,17418,29031,591300000,591300000
1,5913,591300000,591300100,17418,29031,591400000,591400000
1,5914,591400000,591400100,17418,29031,591500000,591500000
1,5915,591500000,591500100,17418,29031,591600000,591600000
1,5916,591600000,591600100,17418,29031,591700000,591700000
1,5917,591700000,591700100,17418,29031,591800000,591800000
1,5918,591800000,591800100,17418,29031,591900000,591900000
1,5919,591900000,591900100,17418,29031,592000000,592000000
1,5920,592000000,592000100,17418,29031,592100000,592100000
1,5921,592100000,592100100,17418,29031,592200000,592200000
1,5922,592200000,592200100,17418,29031,592300000,592300000
1,5923,592300000,592300100,17418,29031,592400000,592400000
1,5924,592400000,592400100,17418,29031,592500000,592500000
1,5925,592500000,592500100,17418,29031,592600000,592600000
1,5926,592600000,592600100,17418,29031,592700000,592700000
1,5927,592700000,592700100,17418,29031,592800000,592800000
1,5928,592800000,592800100,17418,29031,592900000,592900000
1,5929,592900000,592900100,17418,29031,593000000,593000000
1,5930,593000000,593000100,17418,29031,593100000,593100000
1,5931,593100000,593100100,17418,29031,593200000,593200000
1,5932,593200000,593200100,17418,29031,593300000,593300000
1,5933,593300000,593300100,17418,29031,593400000,593400000
1,5934,593400000,593400100,17418,29031,593500000,593500000
1,5935,593500000,593500100,17418,29031,593600000,593600000
1,5936,593600000,593600100,17418,29031,593700000,593700000
1,5937,593700000,593700100,17418,29031,593800000,593800000
1,5938,593800000,593800100,17418,29031,593900000,593900000
1,5939,593900000,593900100,17418,29031,594000000,594000000
1,5940,594000000,594000100,17418,29031,594100000,594100000
1,5941,594100000,594100100,17418,29031,594200000,594200000
1,5942,594200000,594200100,17418,29031,594300000,594300000
1,5943,594300000,594300100,17418,29031,594400000,594400000
1,5944,594400000,594400100,17418,29031,594500000,594500000
1,5945,594500000,594500100,17418,29031,594600000,594600000
1,5946,594600000,594600100,17418,29031,594700000,594700000
1,5947,594700000,594700100,17418,29031,594800000,594800000
1,5948,594800000,594800100,17418,29031,594900000,594900000
1,5949,594900000,594900100,17418,29031,595000000,595000000
1,5950,595000000,595000100,17418,29031,595100000,595100000
1,5951,595100000,595100100,17418,29031,595200000,595200000
1,5952,595200000,595200100,17418,29031,595300000,595300000
1,5953,595300000,595300100,17418,29031,595400000,595400000
1,5954,595400000,595400100,17418,29031,595500000,595500000
1,5955,595500000,595500100,17418,29031,595600000,595600000
1,5956,595600000,595600100,17418,29031,595700000,595700000
1,5957,595700000,595700100,17418,29031,595800000,595800000
1,5958,595800000,595800100,17418,29031,595900000,595900000
1,5959,595900000,595900100,17418,29031,596000000,596000000
1,5960,596000000,596000100,17418,29031,596100000,596100000
1,5961,596100000,596100100,17418,29031,596200000,596200000
1,5962,596200000,596200100,17418,29031,596300000,596300000
1,5963,596300000,596300100,17418,29031,596400000,596400000
1,5964,596400000,596400100,17418,29031,596500000,596500000
1,5965,596500000,596500100,17418,29031,596600000,596600000
1,5966,596600000,596600100,17418,29031,596700000,596700000
1,5967,596700000,596700100,17418,29031,596800000,596800000
1,5968,596800000,596800100,17418,29031,596900000,596900000
1,5969,596900000,596900100,17418,29031,597000000,597000000
1,5970,597000000,597000100,17418,29031,597100000,597100000
1,5971,597100000,597100100,17418,29031,597200000,597200000
1,5972,597200000,597200100,17418,29031,597300000,597300000
1,5973,597300000,597300100,17418,29031,597400000,597400000
1,5974,597400000,597400100,17418,29031,597500000,597500000
1,5975,597500000,597500100,17418,29031,597600000,597600000
1,5976,597600000,597600100,17418,29031,597700000,597700000
1,5977,597700000,597700100,17418,29031,597800000,597800000
1,5978,597800000,597800100,17418,29031,597900000,597900000
1,5979,597900000,597900100,17418,29031,598000000,598000000
1,5980,598000000,598000100,17418,29031,598100000,598100000
1,5981,598100000,598100100,17418,29031,598200000,598200000
1,5982,598200000,598200100,17418,29031,598300000,598300000
1,5983,598300000,598300100,17418,29031,598400000,598400000
1,5984,598400000,598400100,17418,29031,598500000,598500000
1,5985,598500000,598500100,17418,29031,598600000,598600000
1,5986,598600000,598600100,17418,29031,598700000,598700000
1,5987,598700000,598700100,17418,29031,598800000,598800000
1,5988,598800000,598800100,17418,29031,598900000,598900000
1,5989,598900000,598900100,17418,29031,599000000,599000000
1,5990,599000000,599000100,17418,29031,599100000,599100000
1,5991,599100000,599100100,17418,29031,599200000,599200000
1,5992,599200000,599200100,17418,29031,599300000,599300000
1,5993,599300000,599300100,17418,29031,599400000,599400000
1,5994,599400000,599400100,17418,29031,599500000,599500000
1,5995,599500000,599500100,17418,29031,599600000,599600000
1,5996,599600000,599600100,17418,29031,599700000,599700000
1,5997,599700000,599700100,17418,29031,599800000,599800000
1,5998,599800000,599800100,17418,29031,599900000,599900000
1,5999,599900000,599900100,17418,29031,600000000,600000000
1,6000,600000000,600000100,17418,29031,600100000,600100000
1,6001,600100000,600100100,17418,29031,600200000,600200000
1,6002,600200000,600200100,17418,29031,600300000,600300000
1,6003,600300000,600300100,17418,29031,600400000,600400000
1,6004,600400000,600400100,17418,29031,600500000,600500000
1,6005,600500000,600500100,17418,29031,600600000,600600000
1,6006,600600000,600600100,17418,29031,600700000,600700000
1,6007,600700000,600700100,17418,29031,600800000,600800000
1,6008,600800000,600800100,17418,29031,600900000,600900000
1,6009,600900000,600900100,17418,29031,601000000,601000000
1,6010,601000000,601000100,17418,29031,601100000,601100000
1,6011,601100000,601100100,17418,29031,601200000,601200000
1,6012,601200000,601200100,17418,29031,601300000,601300000
1,6013,601300000,601300100,17418,29031,601400000,601400000
1,6014,601400000,601400100,17418,29031,601500000,601500000
1,6015,601500000,601500100,17418,29031,601600000,601600000
1,6016,601600000,601600100,17418,29031,601700000,601700000
1,6017,601700000,601700100,17418,29031,601800000,601800000
1,6018,601800000,601800100,17418,29031,601900000,601900000
1,6019,601900000,601900100,17418,29031,602000000,602000000
1,6020,602000000,602000100,17418,29031,602100000,602100000
1,6021,602100000,602100100,17418,29031,602200000,602200000
1,6022,602200000,602200100,17418,29031,602300000,602300000
1,6023,602300000,602300100,17418,29031,602400000,602400000
1,6024,602400000,602400100,17418,29031,602500000,602500000
1,6025,602500000,602500100,17418,29031,602600000,602600000
1,6026,602600000,602600100,17418,29031,602700000,602700000
1,6027,602700000,602700100,17418,29031,602800000,602800000
1,6028,602800000,602800100,17418,29031,602900000,602900000
1,6029,602900000,602900100,17418,29031,603000000,603000000
1,6030,603000000,603000100,17418,29031,603100000,603100000
1,6031,603100000,603100100,17418,29031,603200000,603200000
1,6032,603200000,603200100,17418,29031,603300000,603300000
1,6033,603300000,603300100,17418,29031,603400000,603400000
1,6034,603400000,603400100,17418,29031,603500000,603500000
1,6035,603500000,603500100,17418,29031,603600000,603600000
1,6036,603600000,603600100,17418,29031,603700000,603700000
1,6037,603700000,603700100,17418,29031,603800000,603800000
1,6038,603800000,603800100,17418,29031,603900000,603900000
1,6039,603900000,603900100,17418,29031,604000000,604000000
1,6040,604000000,604000100,17418,29031,604100000,604100000
1,6041,604100000,604100100,17418,29031,604200000,604200000
1,6042,604200000,604200100,17418,29031,604300000,604300000
1,6043,604300000,604300100,17418,29031,604400000,604400000
1,6044,604400000,604400100,17418,29031,604500000,604500000
1,6045,604500000,604500100,17418,29031,604600000,604600000
1,6046,604600000,604600100,17418,29031,604700000,604700000
1,6047,604700000,604700100,17418,29031,604800000,604800000
1,6048,604800000,604800100,17418,29031,604900000,604900000
1,6049,604900000,604900100,17418,29031,605000000,605000000
1,6050,605000000,605000100,17418,29031,605100000,605100000
1,6051,605100000,605100100,17418,29031,605200000,605200000
1,6052,605200000,605200100,17418,29031,605300000,605300000
1,6053,605300000,605300100,17418,29031,605400000,605400000
1,6054,605400000,605400100,17418,29031,605500000,605500000
1,6055,605500000,605500100,17418,29031,605600000,605600000
1,6056,605600000,605600100,17418,29031,605700000,605700000
1,6057,605700000,605700100,17418,29031,605800000,605800000
1,6058,605800000,605800100,17418,29031,605900000,605900000
1,6059,605900000,605900100,17418,29031,606000000,606000000
1,6060,606000000,606000100,17418,29031,606100000,606100000
1,6061,606100000,606100100,17418,29031,606200000,606200000
1,6062,606200000,606200100,17418,29031,606300000,606300000
1,6063,606300000,606300100,17418,29031,606400000,606400000
1,6064,606400000,606400100,17418,29031,606500000,606500000
1,6065,606500000,606500100,17418,29031,606600000,606600000
1,6066,606600000,606600100,17418,29031,606700000,606700000
1,6067,606700000,606700100,17418,29031,606800000,606800000
1,6068,606800000,606800100,17418,29031,606900000,606900000
1,6069,606900000,606900100,17418,29031,607000000,607000000
1,6070,607000000,607000100,17418,29031,607100000,607100000
1,6071,607100000,607100100,17418,29031,607200000,607200000
1,6072,607200000,607200100,17418,29031,607300000,607300000
1,6073,607300000,607300100,17418,29031,607400000,607400000
1,6074,607400000,607400100,17418,29031,607500000,607500000
1,6075,607500000,607500100,17418,29031,607600000,607600000
1,6076,607600000,607600100,17418,29031,607700000,607700000
1,6077,607700000,607700100,17418,29031,607800000,607800000
1,6078,607800000,607800100,17418,29031,607900000,607900000
1,6079,607900000,607900100,17418,29031,608000000,608000000
1,6080,608000000,608000100,17418,29031,608100000,608100000
1,6081,608100000,608100100,17418,29031,608200000,608200000
1,6082,608200000,608200100,17418,29031,608300000,608300000
1,6083,608300000,608300100,17418,29031,608400000,608400000
1,6084,608400000,608400100,17418,29031,608500000,608500000
1,6085,608500000,608500100,17418,29031,608600000,608600000
1,6086,608600000,608600100,17418,29031,608700000,608700000
1,6087,608700000,608700100,17418,29031,608800000,608800000
1,6088,608800000,608800100,17418,29031,608900000,608900000
1,6089,608900000,608900100,17418,29031,609000000,609000000
1,6090,609000000,609000100,17418,29031,609100000,609100000
1,6091,609100000,609100100,17418,29031,609200000,609200000
1,6092,609200000,609200100,17418,29031,609300000,609300000
1,6093,609300000,609300100,17418,29031,609400000,609400000
1,6094,609400000,609400100,17418,29031,609500000,609500000
1,6095,609500000,609500100,17418,29031,609600000,609600000
1,6096,609600000,609600100,17418,29031,609700000,609700000
1,6097,609700000,609700100,17418,29031,609800000,609800000
1,6098,609800000,609800100,17418,29031,609900000,609900000
1,6099,609900000,609900100,17418,29031,610000000,610000000
1,6100,610000000,610000100,17418,29031,610100000,610100000
1,6101,610100000,610100100,17418,29031,610200000,610200000
1,6102,610200000,610200100,17418,29031,610300000,610300000
1,6103,610300000,610300100,17418,29031,610400000,610400000
1,6104,610400000,610400100,17418,29031,610500000,610500000
1,6105,610500000,610500100,17418,29031,610600000,610600000
1,6106,610600000,610600100,17418,29031,610700000,610700000
1,6107,610700000,610700100,17418,29031,610800000,610800000
1,6108,610800000,610800100,17418,29031,610900000,610900000
1,6109,610900000,610900100,17418,29031,611000000,611000000
1,6110,611000000,611000100,17418,29031,611100000,611100000
1,6111,611100000,611100100,17418,29031,611200000,611200000
1,6112,611200000,611200100,17418,29031,611300000,611300000
1,6113,611300000,611300100,17418,29031,611400000,611400000
1,6114,611400000,611400100,17418,29031,611500000,611500000
1,6115,611500000,611500100,17418,29031,611600000,611600000
1,6116,611600000,611600100,17418,29031,611700000,611700000
1,6117,611700000,611700100,17418,29031,611800000,611800000
1,6118,611800000,611800100,17418,29031,611900000,611900000
1,6119,611900000,611900100,17418,29031,612000000,612000000
1,6120,612000000,612000100,17418,29031,612100000,612100000
1,6121,612100000,612100100,17418,29031,612200000,612200000
1,6122,612200000,612200100,17418,29031,612300000,612300000
1,6123,612300000,612300100,17418,29031,612400000,612400000
1,6124,612400000,612400100,17418,29031,612500000,612500000
1,6125,612500000,612500100,17418,29031,612600000,612600000
1,6126,612600000,612600100,17418,29031,612700000,612700000
1,6127,612700000,612700100,17418,29031,612800000,612800000
1,6128,612800000,612800100,17418,29031,612900000,612900000
1,6129,612900000,612900100,17418,29031,613000000,613000000
1,6130,613000000,613000100,17418,29031,613100000,613100000
1,6131,613100000,613100100,17418,29031,613200000,613200000
1,6132,613200000,613200100,17418,29031,613300000,613300000
1,6133,613300000,613300100,17418,29031,613400000,613400000
1,6134,613400000,613400100,17418,29031,613500000,613500000
1,6135,613500000,613500100,17418,29031,613600000,613600000
1,6136,613600000,613600100,17418,29031,613700000,613700000
1,6137,613700000,613700100,17418,29031,613800000,613800000
1,6138,613800000,613800100,17418,29031,613900000,613900000
1,6139,613900000,613900100,17418,29031,614000000,614000000
1,6140,614000000,614000100,17418,29031,614100000,614100000
1,6141,614100000,614100100,17418,29031,614200000,614200000
1,6142,614200000,614200100,17418,29031,614300000,614300000
1,6143,614300000,614300100,17418,29031,614400000,614400000
1,6144,614400000,614400100,17418,29031,614500000,614500000
1,6145,614500000,614500100,17418,29031,614600000,614600000
1,6146,614600000,614600100,17418,29031,614700000,614700000
1,6147,614700000,614700100,17418,29031,614800000,614800000
1,6148,614800000,614800100,17418,29031,614900000,614900000
1,6149,614900000,614900100,17418,29031,615000000,615000000
1,6150,615000000,615000100,17418,29031,615100000,615100000
1,6151,615100000,615100100,17418,29031,615200000,615200000
1,6152,615200000,615200100,17418,29031,615300000,615300000
1,6153,615300000,615300100,17418,29031,615400000,615400000
1,6154,615400000,615400100,17418,29031,615500000,615500000
1,6155,615500000,615500100,17418,29031,615600000,615600000
1,6156,615600000,615600100,17418,29031,615700000,615700000
1,6157,615700000,615700100,17418,29031,615800000,615800000
1,6158,615800000,615800100,17418,29031,615900000,615900000
1,6159,615900000,615900100,17418,29031,616000000,616000000
1,6160,616000000,616000100,17418,29031,616100000,616100000
1,6161,616100000,616100100,17418,29031,616200000,616200000
1,6162,616200000,616200100,17418,29031,616300000,616300000
1,6163,616300000,616300100,17418,29031,616400000,616400000
1,6164,616400000,616400100,17418,29031,616500000,616500000
1,6165,616500000,616500100,17418,29031,616600000,616600000
1,6166,616600000,616600100,17418,29031,616700000,616700000
1,6167,616700000,616700100,17418,29031,616800000,616800000
1,6168,616800000,616800100,17418,29031,616900000,616900000
1,6169,616900000,616900100,17418,29031,617000000,617000000
1,6170,617000000,617000100,17418,29031,617100000,617100000
1,6171,617100000,617100100,17418,29031,617200000,617200000
1,6172,617200000,617200100,17418,29031,617300000,617300000
1,6173,617300000,617300100,17418,29031,617400000,617400000
1,6174,617400000,617400100,17418,29031,617500000,617500000
1,6175,617500000,617500100,17418,29031,617600000,617600000
1,6176,617600000,617600100,17418,29031,617700000,617700000
1,6177,617700000,617700100,17418,29031,617800000,617800000
1,6178,617800000,617800100,17418,29031,617900000,617900000
1,6179,617900000,617900100,17418,29031,618000000,618000000
1,6180,618000000,618000100,17418,29031,618100000,618100000
1,6181,618100000,618100100,17418,29031,618200000,618200000
1,6182,618200000,618200100,17418,29031,618300000,618300000
1,6183,618300000,618300100,17418,29031,618400000,618400000
1,6184,618400000,618400100,17418,29031,618500000,618500000
1,6185,618500000,618500100,17418,29031,618600000,618600000
1,6186,618600000,618600100,17418,29031,618700000,618700000
1,6187,618700000,618700100,17418,29031,618800000,618800000
1,6188,618800000,618800100,17418,29031,618900000,618900000
1,6189,618900000,618900100,17418,29031,619000000,619000000
1,6190,619000000,619000100,17418,29031,619100000,619100000
1,6191,619100000,619100100,17418,29031,619200000,619200000
1,6192,619200000,619200100,17418,29031,619300000,619300000
1,6193,619300000,619300100,17418,29031,619400000,619400000
1,6194,619400000,619400100,17418,29031,619500000,619500000
1,6195,619500000,619500100,17418,29031,619600000,619600000
1,6196,619600000,619600100,17418,29031,619700000,619700000
1,6197,619700000,619700100,17418,29031,619800000,619800000
1,6198,619800000,619800100,17418,29031,619900000,619900000
1,6199,619900000,619900100,17418,29031,620000000,620000000
1,6200,620000000,620000100,17418,29031,620100000,620100000
1,6201,620100000,620100100,17418,29031,620200000,620200000
1,6202,620200000,620200100,17418,29031,620300000,620300000
1,6203,620300000,620300100,17418,29031,620400000,620400000
1,6204,620400000,620400100,17418,29031,620500000,620500000
1,6205,620500000,620500100,17418,29031,620600000,620600000
1,6206,620600000,620600100,17418,29031,620700000,620700000
1,6207,620700000,620700100,17418,29031,620800000,620800000
1,6208,620800000,620800100,17418,29031,620900000,620900000
1,6209,620900000,620900100,17418,29031,621000000,621000000
1,6210,621000000,621000100,17418,29031,621100000,621100000
1,6211,621100000,621100100,17418,29031,621200000,621200000
1,6212,621200000,621200100,17418,29031,621300000,621300000
1,6213,621300000,621300100,17418,29031,621400000,621400000
1,6214,621400000,621400100,17418,29031,621500000,621500000
1,6215,621500000,621500100,17418,29031,621600000,621600000
1,6216,621600000,621600100,17418,29031,621700000,621700000
1,6217,621700000,621700100,17418,29031,621800000,621800000
1,6218,621800000,621800100,17418,29031,621900000,621900000
1,6219,621900000,621900100,17418,29031,622000000,622000000
1,6220,622000000,622000100,17418,29031,622100000,622100000
1,6221,622100000,622100100,17418,29031,622200000,622200000
1,6222,622200000,622200100,17418,29031,622300000,622300000
1,6223,622300000,622300100,17418,29031,622400000,622400000
1,6224,622400000,622400100,17418,29031,622500000,622500000
1,6225,622500000,622500100,17418,29031,622600000,622600000
1,6226,622600000,622600100,17418,29031,622700000,622700000
1,6227,622700000,622700100,17418,29031,622800000,622800000
1,6228,622800000,622800100,17418,29031,622900000,622900000
1,6229,622900000,622900100,17418,29031,623000000,623000000
1,6230,623000000,623000100,17418,29031,623100000,623100000
1,6231,623100000,623100100,17418,29031,623200000,623200000
1,6232,623200000,623200100,17418,29031,623300000,623300000
1,6233,623300000,623300100,17418,29031,623400000,623400000
1,6234,623400000,623400100,17418,29031,623500000,623500000
1,6235,623500000,623500100,17418,29031,623600000,623600000
1,6236,623600000,623600100,17418,29031,623700000,623700000
1,6237,623700000,623700100,17418,29031,623800000,623800000
1,6238,623800000,623800100,17418,29031,623900000,623900000
1,6239,623900000,623900100,17418,29031,624000000,624000000
1,6240,624000000,624000100,17418,29031,624100000,624100000
1,6241,624100000,624100100,17418,29031,624200000,624200000
1,6242,624200000,624200100,17418,29031,624300000,624300000
1,6243,624300000,624300100,17418,29031,624400000,624400000
1,6244,624400000,624400100,17418,29031,624500000,624500000
1,6245,624500000,624500100,17418,29031,624600000,624600000
1,6246,624600000,624600100,17418,29031,624700000,624700000
1,6247,624700000,624700100,17418,29031,624800000,624800000
1,6248,624800000,624800100,17418,29031,624900000,624900000
1,6249,624900000,624900100,17418,29031,625000000,625000000
1,6250,625000000,625000100,17418,29031,625100000,625100000
1,6251,625100000,625100100,17418,29031,625200000,625200000
1,6252,625200000,625200100,17418,29031,625300000,625300000
1,6253,625300000,625300100,17418,29031,625400000,625400000
1,6254,625400000,625400100,17418,29031,625500000,625500000
1,6255,625500000,625500100,17418,29031,625600000,625600000
1,6256,625600000,625600100,17418,29031,625700000,625700000
1,6257,625700000,625700100,17418,29031,625800000,625800000
1,6258,625800000,625800100,17418,29031,625900000,625900000
1,6259,625900000,625900100,17418,29031,626000000,626000000
1,6260,626000000,626000100,17418,29031,626100000,626100000
1,6261,626100000,626100100,17418,29031,626200000,626200000
1,6262,626200000,626200100,17418,29031,626300000,626300000
1,6263,626300000,626300100,17418,29031,626400000,626400000
1,6264,626400000,626400100,17418,29031,626500000,626500000
1,6265,626500000,626500100,17418,29031,626600000,626600000
1,6266,626600000,626600100,17418,29031,626700000,626700000
1,6267,626700000,626700100,17418,29031,626800000,626800000
1,6268,626800000,626800100,17418,29031,626900000,626900000
1,6269,626900000,626900100,17418,29031,627000000,627000000
1,6270,627000000,627000100,17418,29031,627100000,627100000
1,6271,627100000,627100100,17418,29031,627200000,627200000
1,6272,627200000,627200100,17418,29031,627300000,627300000
1,6273,627300000,627300100,17418,29031,627400000,627400000
1,6274,627400000,627400100,17418,29031,627500000,627500000
1,6275,627500000,627500100,17418,29031,627600000,627600000
1,6276,627600000,627600100,17418,29031,627700000,627700000
1,6277,627700000,627700100,17418,29031,627800000,627800000
1,6278,627800000,627800100,17418,29031,627900000,627900000
1,6279,627900000,627900100,17418,29031,628000000,628000000
1,6280,628000000,628000100,17418,29031,628100000,628100000
1,6281,628100000,628100100,17418,29031,628200000,628200000
1,6282,628200000,628200100,17418,29031,628300000,628300000
1,6283,628300000,628300100,17418,29031,628400000,628400000
1,6284,628400000,628400100,17418,29031,628500000,628500000
1,6285,628500000,628500100,17418,29031,628600000,628600000
1,6286,628600000,628600100,17418,29031,628700000,628700000
1,6287,628700000,628700100,17418,29031,628800000,628800000
1,6288,628800000,628800100,17418,29031,628900000,628900000
1,6289,628900000,628900100,17418,29031,629000000,629000000
1,6290,629000000,629000100,17418,29031,629100000,629100000
1,6291,629100000,629100100,17418,29031,629200000,629200000
1,6292,629200000,629200100,17418,29031,629300000,629300000
1,6293,629300000,629300100,17418,29031,629400000,629400000
1,6294,629400000,629400100,17418,29031,629500000,629500000
1,6295,629500000,629500100,17418,29031,629600000,629600000
1,6296,629600000,629600100,17418,29031,629700000,629700000
1,6297,629700000,629700100,17418,29031,629800000,629800000
1,6298,629800000,629800100,17418,29031,629900000,629900000
1,6299,629900000,629900100,17418,29031,630000000,630000000
1,6300,630000000,630000100,17418,29031,630100000,630100000
1,6301,630100000,630100100,17418,29031,630200000,630200000
1,6302,630200000,630200100,17418,29031,630300000,630300000
1,6303,630300000,630300100,17418,29031,630400000,630400000
1,6304,630400000,630400100,17418,29031,630500000,630500000
1,6305,630500000,630500100,17418,29031,630600000,630600000
1,6306,630600000,630600100,17418,29031,630700000,630700000
1,6307,630700000,630700100,17418,29031,630800000,630800000
1,6308,630800000,630800100,17418,29031,630900000,630900000
1,6309,630900000,630900100,17418,29031,631000000,631000000
1,6310,631000000,631000100,17418,29031,631100000,631100000
1,6311,631100000,631100100,17418,29031,631200000,631200000
1,6312,631200000,631200100,17418,29031,631300000,631300000
1,6313,631300000,631300100,17418,29031,631400000,631400000
1,6314,631400000,631400100,17418,29031,631500000,631500000
1,6315,631500000,631500100,17418,29031,631600000,631600000
1,6316,631600000,631600100,17418,29031,631700000,631700000
1,6317,631700000,631700100,17418,29031,631800000,631800000
1,6318,631800000,631800100,17418,29031,631900000,631900000
1,6319,631900000,631900100,17418,29031,632000000,632000000
1,6320,632000000,632000100,17418,29031,632100000,632100000
1,6321,632100000,632100100,17418,29031,632200000,632200000
1,6322,632200000,632200100,17418,29031,632300000,632300000
1,6323,632300000,632300100,17418,29031,632400000,632400000
1,6324,632400000,632400100,17418,29031,632500000,632500000
1,6325,632500000,632500100,17418,29031,632600000,632600000
1,6326,632600000,632600100,17418,29031,632700000,632700000
1,6327,632700000,632700100,17418,29031,632800000,632800000
1,6328,632800000,632800100,17418,29031,632900000,632900000
1,6329,632900000,632900100,17418,29031,633000000,633000000
1,6330,633000000,633000100,17418,29031,633100000,633100000
1,6331,633100000,633100100,17418,29031,633200000,633200000
1,6332,633200000,633200100,17418,29031,633300000,633300000
1,6333,633300000,633300100,17418,29031,633400000,633400000
1,6334,633400000,633400100,17418,29031,633500000,633500000
1,6335,633500000,633500100,17418,29031,633600000,633600000
1,6336,633600000,633600100,17418,29031,633700000,633700000
1,6337,633700000,633700100,17418,29031,633800000,633800000
1,6338,633800000,633800100,17418,29031,633900000,633900000
1,6339,633900000,633900100,17418,29031,634000000,634000000
1,6340,634000000,634000100,17418,29031,634100000,634100000
1,6341,634100000,634100100,17418,29031,634200000,634200000
1,6342,634200000,634200100,17418,29031,634300000,634300000
1,6343,634300000,634300100,17418,29031,634400000,634400000
1,6344,634400000,634400100,17418,29031,634500000,634500000
1,6345,634500000,634500100,17418,29031,634600000,634600000
1,6346,634600000,634600100,17418,29031,634700000,634700000
1,6347,634700000,634700100,17418,29031,634800000,634800000
1,6348,634800000,634800100,17418,29031,634900000,634900000
1,6349,634900000,634900100,17418,29031,635000000,635000000
1,6350,635000000,635000100,17418,29031,635100000,635100000
1,6351,635100000,635100100,17418,29031,635200000,635200000
1,6352,635200000,635200100,17418,29031,635300000,635300000
1,6353,635300000,635300100,17418,29031,635400000,635400000
1,6354,635400000,635400100,17418,29031,635500000,635500000
1,6355,635500000,635500100,17418,29031,635600000,635600000
1,6356,635600000,635600100,17418,29031,635700000,635700000
1,6357,635700000,635700100,17418,29031,635800000,635800000
1,6358,635800000,635800100,17418,29031,635900000,635900000
1,6359,635900000,635900100,17418,29031,636000000,636000000
1,6360,636000000,636000100,17418,29031,636100000,636100000
1,6361,636100000,636100100,17418,29031,636200000,636200000
1,6362,636200000,636200100,17418,29031,636300000,636300000
1,6363,636300000,636300100,17418,29031,636400000,636400000
1,6364,636400000,636400100,17418,29031,636500000,636500000
1,6365,636500000,636500100,17418,29031,636600000,636600000
1,6366,636600000,636600100,17418,29031,636700000,636700000
1,6367,636700000,636700100,17418,29031,636800000,636800000
1,6368,636800000,636800100,17418,29031,636900000,636900000
1,6369,636900000,636900100,17418,29031,637000000,637000000
1,6370,637000000,637000100,17418,29031,637100000,637100000
1,6371,637100000,637100100,17418,29031,637200000,637200000
1,6372,637200000,637200100,17418,29031,637300000,637300000
1,6373,637300000,637300100,17418,29031,637400000,637400000
1,6374,637400000,637400100,17418,29031,637500000,637500000
1,6375,637500000,637500100,17418,29031,637600000,637600000
1,6376,637600000,637600100,17418,29031,637700000,637700000
1,6377,637700000,637700100,17418,29031,637800000,637800000
1,6378,637800000,637800100,17418,29031,637900000,637900000
1,6379,637900000,637900100,17418,29031,638000000,638000000
1,6380,638000000,638000100,17418,29031,638100000,638100000
1,6381,638100000,638100100,17418,29031,638200000,638200000
1,6382,638200000,638200100,17418,29031,638300000,638300000
1,6383,638300000,638300100,17418,29031,638400000,638400000
1,6384,638400000,638400100,17418,29031,638500000,638500000
1,6385,638500000,638500100,17418,29031,638600000,638600000
1,6386,638600000,638600100,17418,29031,638700000,638700000
1,6387,638700000,638700100,17418,29031,638800000,638800000
1,6388,638800000,638800100,17418,29031,638900000,638900000
1,6389,638900000,638900100,17418,29031,639000000,639000000
1,6390,639000000,639000100,17418,29031,639100000,639100000
1,6391,639100000,639100100,17418,29031,639200000,639200000
1,6392,639200000,639200100,17418,29031,639300000,639300000
1,6393,639300000,639300100,17418,29031,639400000,639400000
1,6394,639400000,639400100,17418,29031,639500000,639500000
1,6395,639500000,639500100,17418,29031,639600000,639600000
1,6396,639600000,639600100,17418,29031,639700000,639700000
1,6397,639700000,639700100,17418,29031,639800000,639800000
1,6398,639800000,639800100,17418,29031,639900000,639900000
1,6399,639900000,639900100,17418,29031,640000000,640000000
1,6400,640000000,640000100,17418,29031,640100000,640100000
1,6401,640100000,640100100,17418,29031,640200000,640200000
1,6402,640200000,640200100,17418,29031,640300000,640300000
1,6403,640300000,640300100,17418,29031,640400000,640400000
1,6404,640400000,640400100,17418,29031,640500000,640500000
1,6405,640500000,640500100,17418,29031,640600000,640600000
1,6406,640600000,640600100,17418,29031,640700000,640700000
1,6407,640700000,640700100,17418,29031,640800000,640800000
1,6408,640800000,640800100,17418,29031,640900000,640900000
1,6409,640900000,640900100,17418,29031,641000000,641000000
1,6410,641000000,641000100,17418,29031,641100000,641100000
1,6411,641100000,641100100,17418,29031,641200000,641200000
1,6412,641200000,641200100,17418,29031,641300000,641300000
1,6413,641300000,641300100,17418,29031,641400000,641400000
1,6414,641400000,641400100,17418,29031,641500000,641500000
1,6415,641500000,641500100,17418,29031,641600000,641600000
1,6416,641600000,641600100,17418,29031,641700000,641700000
1,6417,641700000,641700100,17418,29031,641800000,641800000
1,6418,641800000,641800100,17418,29031,641900000,641900000
1,6419,641900000,641900100,17418,29031,642000000,642000000
1,6420,642000000,642000100,17418,29031,642100000,642100000
1,6421,642100000,642100100,17418,29031,642200000,642200000
1,6422,642200000,642200100,17418,29031,642300000,642300000
1,6423,642300000,642300100,17418,29031,642400000,642400000
1,6424,642400000,642400100,17418,29031,642500000,642500000
1,6425,642500000,642500100,17418,29031,642600000,642600000
1,6426,642600000,642600100,17418,29031,642700000,642700000
1,6427,642700000,642700100,17418,29031,642800000,642800000
1,6428,642800000,642800100,17418,29031,642900000,642900000
1,6429,642900000,642900100,17418,29031,643000000,643000000
1,6430,643000000,643000100,17418,29031,643100000,643100000
1,6431,643100000,643100100,17418,29031,643200000,643200000
1,6432,643200000,643200100,17418,29031,643300000,643300000
1,6433,643300000,643300100,17418,29031,643400000,643400000
1,6434,643400000,643400100,17418,29031,643500000,643500000
1,6435,643500000,643500100,17418,29031,643600000,643600000
1,6436,643600000,643600100,17418,29031,643700000,643700000
1,6437,643700000,643700100,17418,29031,643800000,643800000
1,6438,643800000,643800100,17418,29031,643900000,643900000
1,6439,643900000,643900100,17418,29031,644000000,644000000
1,6440,644000000,644000100,17418,29031,644100000,644100000
1,6441,644100000,644100100,17418,29031,644200000,644200000
1,6442,644200000,644200100,17418,29031,644300000,644300000
1,6443,644300000,644300100,17418,29031,644400000,644400000
1,6444,644400000,644400100,17418,29031,644500000,644500000
1,6445,644500000,644500100,17418,29031,644600000,644600000
1,6446,644600000,644600100,17418,29031,644700000,644700000
1,6447,644700000,644700100,17418,29031,644800000,644800000
1,6448,644800000,644800100,17418,29031,644900000,644900000
1,6449,644900000,644900100,17418,29031,645000000,645000000
1,6450,645000000,645000100,17418,29031,645100000,645100000
1,6451,645100000,645100100,17418,29031,645200000,645200000
1,6452,645200000,645200100,17418,29031,645300000,645300000
1,6453,645300000,645300100,17418,29031,645400000,645400000
1,6454,645400000,645400100,17418,29031,645500000,645500000
1,6455,645500000,645500100,17418,29031,645600000,645600000
1,6456,645600000,645600100,17418,29031,645700000,645700000
1,6457,645700000,645700100,17418,29031,645800000,645800000
1,6458,645800000,645800100,17418,29031,645900000,645900000
1,6459,645900000,645900100,17418,29031,646000000,646000000
1,6460,646000000,646000100,17418,29031,646100000,646100000
1,6461,646100000,646100100,17418,29031,646200000,646200000
1,6462,646200000,646200100,17418,29031,646300000,646300000
1,6463,646300000,646300100,17418,29031,646400000,646400000
1,6464,646400000,646400100,17418,29031,646500000,646500000
1,6465,646500000,646500100,17418,29031,646600000,646600000
1,6466,646600000,646600100,17418,29031,646700000,646700000
1,6467,646700000,646700100,17418,29031,646800000,646800000
1,6468,646800000,646800100,17418,29031,646900000,646900000
1,6469,646900000,646900100,17418,29031,647000000,647000000
1,6470,647000000,647000100,17418,29031,647100000,647100000
1,6471,647100000,647100100,17418,29031,647200000,647200000
1,6472,647200000,647200100,17418,29031,647300000,647300000
1,6473,647300000,647300100,17418,29031,647400000,647400000
1,6474,647400000,647400100,17418,29031,647500000,647500000
1,6475,647500000,647500100,17418,29031,647600000,647600000
1,6476,647600000,647600100,17418,29031,647700000,647700000
1,6477,647700000,647700100,17418,29031,647800000,647800000
1,6478,647800000,647800100,17418,29031,647900000,647900000
1,6479,647900000,647900100,17418,29031,648000000,648000000
1,6480,648000000,648000100,17418,29031,648100000,648100000
1,6481,648100000,648100100,17418,29031,648200000,648200000
1,6482,648200000,648200100,17418,29031,648300000,648300000
1,6483,648300000,648300100,17418,29031,648400000,648400000
1,6484,648400000,648400100,17418,29031,648500000,648500000
1,6485,648500000,648500100,17418,29031,648600000,648600000
1,6486,648600000,648600100,17418,29031,648700000,648700000
1,6487,648700000,648700100,17418,29031,648800000,648800000
1,6488,648800000,648800100,17418,29031,648900000,648900000
1,6489,648900000,648900100,17418,29031,649000000,649000000
1,6490,649000000,649000100,17418,29031,649100000,649100000
1,6491,649100000,649100100,17418,29031,649200000,649200000
1,6492,649200000,649200100,17418,29031,649300000,649300000
1,6493,649300000,649300100,17418,29031,649400000,649400000
1,6494,649400000,649400100,17418,29031,649500000,649500000
1,6495,649500000,649500100,17418,29031,649600000,649600000
1,6496,649600000,649600100,17418,29031,649700000,649700000
1,6497,649700000,649700100,17418,29031,649800000,649800000
1,6498,649800000,649800100,17418,29031,649900000,649900000
1,6499,649900000,649900100,17418,29031,650000000,650000000
1,6500,650000000,650000100,17418,29031,650100000,650100000
1,6501,650100000,650100100,17418,29031,650200000,650200000
1,6502,650200000,650200100,17418,29031,650300000,650300000
1,6503,650300000,650300100,17418,29031,650400000,650400000
1,6504,650400000,650400100,17418,29031,650500000,650500000
1,6505,650500000,650500100,17418,29031,650600000,650600000
1,6506,650600000,650600100,17418,29031,650700000,650700000
1,6507,650700000,650700100,17418,29031,650800000,650800000
1,6508,650800000,650800100,17418,29031,650900000,650900000
1,6509,650900000,650900100,17418,29031,651000000,651000000
1,6510,651000000,651000100,17418,29031,651100000,651100000
1,6511,651100000,651100100,17418,29031,651200000,651200000
1,6512,651200000,651200100,17418,29031,651300000,651300000
1,6513,651300000,651300100,17418,29031,651400000,651400000
1,6514,651400000,651400100,17418,29031,651500000,651500000
1,6515,651500000,651500100,17418,29031,651600000,651600000
1,6516,651600000,651600100,17418,29031,651700000,651700000
1,6517,651700000,651700100,17418,29031,651800000,651800000
1,6518,651800000,651800100,17418,29031,651900000,651900000
1,6519,651900000,651900100,17418,29031,652000000,652000000
1,6520,652000000,652000100,17418,29031,652100000,652100000
1,6521,652100000,652100100,17418,29031,652200000,652200000
1,6522,652200000,652200100,17418,29031,652300000,652300000
1,6523,652300000,652300100,17418,29031,652400000,652400000
1,6524,652400000,652400100,17418,29031,652500000,652500000
1,6525,652500000,652500100,17418,29031,652600000,652600000
1,6526,652600000,652600100,17418,29031,652700000,652700000
1,6527,652700000,652700100,17418,29031,652800000,652800000
1,6528,652800000,652800100,17418,29031,652900000,652900000
1,6529,652900000,652900100,17418,29031,653000000,653000000
1,6530,653000000,653000100,17418,29031,653100000,653100000
1,6531,653100000,653100100,17418,29031,653200000,653200000
1,6532,653200000,653200100,17418,29031,653300000,653300000
1,6533,653300000,653300100,17418,29031,653400000,653400000
1,6534,653400000,653400100,17418,29031,653500000,653500000
1,6535,653500000,653500100,17418,29031,653600000,653600000
1,6536,653600000,653600100,17418,29031,653700000,653700000
1,6537,653700000,653700100,17418,29031,653800000,653800000
1,6538,653800000,653800100,17418,29031,653900000,653900000
1,6539,653900000,653900100,17418,29031,654000000,654000000
1,6540,654000000,654000100,17418,29031,654100000,654100000
1,6541,654100000,654100100,17418,29031,654200000,654200000
1,6542,654200000,654200100,17418,29031,654300000,654300000
1,6543,654300000,654300100,17418,29031,654400000,654400000
1,6544,654400000,654400100,17418,29031,654500000,654500000
1,6545,654500000,654500100,17418,29031,654600000,654600000
1,6546,654600000,654600100,17418,29031,654700000,654700000
1,6547,654700000,654700100,17418,29031,654800000,654800000
1,6548,654800000,654800100,17418,29031,654900000,654900000
1,6549,654900000,654900100,17418,29031,655000000,655000000
1,6550,655000000,655000100,17418,29031,655100000,655100000
1,6551,655100000,655100100,17418,29031,655200000,655200000
1,6552,655200000,655200100,17418,29031,655300000,655300000
1,6553,655300000,655300100,17418,29031,655400000,655400000
1,6554,655400000,655400100,17418,29031,655500000,655500000
1,6555,655500000,655500100,17418,29031,655600000,655600000
1,6556,655600000,655600100,17418,29031,655700000,655700000
1,6557,655700000,655700100,17418,29031,655800000,655800000
1,6558,655800000,655800100,17418,29031,655900000,655900000
1,6559,655900000,655900100,17418,29031,656000000,656000000
1,6560,656000000,656000100,17418,29031,656100000,656100000
1,6561,656100000,656100100,17418,29031,656200000,656200000
1,6562,656200000,656200100,17418,29031,656300000,656300000
1,6563,656300000,656300100,17418,29031,656400000,656400000
1,6564,656400000,656400100,17418,29031,656500000,656500000
1,6565,656500000,656500100,17418,29031,656600000,656600000
1,6566,656600000,656600100,17418,29031,656700000,656700000
1,6567,656700000,656700100,17418,29031,656800000,656800000
1,6568,656800000,656800100,17418,29031,656900000,656900000
1,6569,656900000,656900100,17418,29031,657000000,657000000
1,6570,657000000,657000100,17418,29031,657100000,657100000
1,6571,657100000,657100100,17418,29031,657200000,657200000
1,6572,657200000,657200100,17418,29031,657300000,657300000
1,6573,657300000,657300100,17418,29031,657400000,657400000
1,6574,657400000,657400100,17418,29031,657500000,657500000
1,6575,657500000,657500100,17418,29031,657600000,657600000
1,6576,657600000,657600100,17418,29031,657700000,657700000
1,6577,657700000,657700100,17418,29031,657800000,657800000
1,6578,657800000,657800100,17418,29031,657900000,657900000
1,6579,657900000,657900100,17418,29031,658000000,658000000
1,6580,658000000,658000100,17418,29031,658100000,658100000
1,6581,658100000,658100100,17418,29031,658200000,658200000
1,6582,658200000,658200100,17418,29031,658300000,658300000
1,6583,658300000,658300100,17418,29031,658400000,658400000
1,6584,658400000,658400100,17418,29031,658500000,658500000
1,6585,658500000,658500100,17418,29031,658600000,658600000
1,6586,658600000,658600100,17418,29031,658700000,658700000
1,6587,658700000,658700100,17418,29031,658800000,658800000
1,6588,658800000,658800100,17418,29031,658900000,658900000
1,6589,658900000,658900100,17418,29031,659000000,659000000
1,6590,659000000,659000100,17418,29031,659100000,659100000
1,6591,659100000,659100100,17418,29031,659200000,659200000
1,6592,659200000,659200100,17418,29031,659300000,659300000
1,6593,659300000,659300100,17418,29031,659400000,659400000
1,6594,659400000,659400100,17418,29031,659500000,659500000
1,6595,659500000,659500100,17418,29031,659600000,659600000
1,6596,659600000,659600100,17418,29031,659700000,659700000
1,6597,659700000,659700100,17418,29031,659800000,659800000
1,6598,659800000,659800100,17418,29031,659900000,659900000
1,6599,659900000,659900100,17418,29031,660000000,660000000
1,6600,660000000,660000100,17418,29031,660100000,660100000
1,6601,660100000,660100100,17418,29031,660200000,660200000
1,6602,660200000,660200100,17418,29031,660300000,660300000
1,6603,660300000,660300100,17418,29031,660400000,660400000
1,6604,660400000,660400100,17418,29031,660500000,660500000
1,6605,660500000,660500100,17418,29031,660600000,660600000
1,6606,660600000,660600100,17418,29031,660700000,660700000
1,6607,660700000,660700100,17418,29031,660800000,660800000
1,6608,660800000,660800100,17418,29031,660900000,660900000
1,6609,660900000,660900100,17418,29031,661000000,661000000
1,6610,661000000,661000100,17418,29031,661100000,661100000
1,6611,661100000,661100100,17418,29031,661200000,661200000
1,6612,661200000,661200100,17418,29031,661300000,661300000
1,6613,661300000,661300100,17418,29031,661400000,661400000
1,6614,661400000,661400100,17418,29031,661500000,661500000
1,6615,661500000,661500100,17418,29031,661600000,661600000
1,6616,661600000,661600100,17418,29031,661700000,661700000
1,6617,661700000,661700100,17418,29031,661800000,661800000
1,6618,661800000,661800100,17418,29031,661900000,661900000
1,6619,661900000,661900100,17418,29031,662000000,662000000
1,6620,662000000,662000100,17418,29031,662100000,662100000
1,6621,662100000,662100100,17418,29031,662200000,662200000
1,6622,662200000,662200100,17418,29031,662300000,662300000
1,6623,662300000,662300100,17418,29031,662400000,662400000
1,6624,662400000,662400100,17418,29031,662500000,662500000
1,6625,662500000,662500100,17418,29031,662600000,662600000
1,6626,662600000,662600100,17418,29031,662700000,662700000
1,6627,662700000,662700100,17418,29031,662800000,662800000
1,6628,662800000,662800100,17418,29031,662900000,662900000
1,6629,662900000,662900100,17418,29031,663000000,663000000
1,6630,663000000,663000100,17418,29031,663100000,663100000
1,6631,663100000,663100100,17418,29031,663200000,663200000
1,6632,663200000,663200100,17418,29031,663300000,663300000
1,6633,663300000,663300100,17418,29031,663400000,663400000
1,6634,663400000,663400100,17418,29031,663500000,663500000
1,6635,663500000,663500100,17418,29031,663600000,663600000
1,6636,663600000,663600100,17418,29031,663700000,663700000
1,6637,663700000,663700100,17418,29031,663800000,663800000
1,6638,663800000,663800100,17418,29031,663900000,663900000
1,6639,663900000,663900100,17418,29031,664000000,664000000
1,6640,664000000,664000100,17418,29031,664100000,664100000
1,6641,664100000,664100100,17418,29031,664200000,664200000
1,6642,664200000,664200100,17418,29031,664300000,664300000
1,6643,664300000,664300100,17418,29031,664400000,664400000
1,6644,664400000,664400100,17418,29031,664500000,664500000
1,6645,664500000,664500100,17418,29031,664600000,664600000
1,6646,664600000,664600100,17418,29031,664700000,664700000
1,6647,664700000,664700100,17418,29031,664800000,664800000
1,6648,664800000,664800100,17418,29031,664900000,664900000
1,6649,664900000,664900100,17418,29031,665000000,665000000
1,6650,665000000,665000100,17418,29031,665100000,665100000
1,6651,665100000,665100100,17418,29031,665200000,665200000
1,6652,665200000,665200100,17418,29031,665300000,665300000
1,6653,665300000,665300100,17418,29031,665400000,665400000
1,6654,665400000,665400100,17418,29031,665500000,665500000
1,6655,665500000,665500100,17418,29031,665600000,665600000
1,6656,665600000,665600100,17418,29031,665700000,665700000
1,6657,665700000,665700100,17418,29031,665800000,665800000
1,6658,665800000,665800100,17418,29031,665900000,665900000
1,6659,665900000,665900100,17418,29031,666000000,666000000
1,6660,666000000,666000100,17418,29031,666100000,666100000
1,6661,666100000,666100100,17418,29031,666200000,666200000
1,6662,666200000,666200100,17418,29031,666300000,666300000
1,6663,666300000,666300100,17418,29031,666400000,666400000
1,6664,666400000,666400100,17418,29031,666500000,666500000
1,6665,666500000,666500100,17418,29031,666600000,666600000
1,6666,666600000,666600100,17418,29031,666700000,666700000
1,6667,666700000,666700100,17418,29031,666800000,666800000
1,6668,666800000,666800100,17418,29031,666900000,666900000
1,6669,666900000,666900100,17418,29031,667000000,667000000
1,6670,667000000,667000100,17418,29031,667100000,667100000
1,6671,667100000,667100100,17418,29031,667200000,667200000
1,6672,667200000,667200100,17418,29031,667300000,667300000
1,6673,667300000,667300100,17418,29031,667400000,667400000
1,6674,667400000,667400100,17418,29031,667500000,667500000
1,6675,667500000,667500100,17418,29031,667600000,667600000
1,6676,667600000,667600100,17418,29031,667700000,667700000
1,6677,667700000,667700100,17418,29031,667800000,667800000
1,6678,667800000,667800100,17418,29031,667900000,667900000
1,6679,667900000,667900100,17418,29031,668000000,668000000
1,6680,668000000,668000100,17418,29031,668100000,668100000
1,6681,668100000,668100100,17418,29031,668200000,668200000
1,6682,668200000,668200100,17418,29031,668300000,668300000
1,6683,668300000,668300100,17418,29031,668400000,668400000
1,6684,668400000,668400100,17418,29031,668500000,668500000
1,6685,668500000,668500100,17418,29031,668600000,668600000
1,6686,668600000,668600100,17418,29031,668700000,668700000
1,6687,668700000,668700100,17418,29031,668800000,668800000
1,6688,668800000,668800100,17418,29031,668900000,668900000
1,6689,668900000,668900100,17418,29031,669000000,669000000
1,6690,669000000,669000100,17418,29031,669100000,669100000
1,6691,669100000,669100100,17418,29031,669200000,669200000
1,6692,669200000,669200100,17418,29031,669300000,669300000
1,6693,669300000,669300100,17418,29031,669400000,669400000
1,6694,669400000,669400100,17418,29031,669500000,669500000
1,6695,669500000,669500100,17418,29031,669600000,669600000
1,6696,669600000,669600100,17418,29031,669700000,669700000
1,6697,669700000,669700100,17418,29031,669800000,669800000
1,6698,669800000,669800100,17418,29031,669900000,669900000
1,6699,669900000,669900100,17418,29031,670000000,670000000
1,6700,670000000,670000100,17418,29031,670100000,670100000
1,6701,670100000,670100100,17418,29031,670200000,670200000
1,6702,670200000,670200100,17418,29031,670300000,670300000
1,6703,670300000,670300100,17418,29031,670400000,670400000
1,6704,670400000,670400100,17418,29031,670500000,670500000
1,6705,670500000,670500100,17418,29031,670600000,670600000
1,6706,670600000,670600100,17418,29031,670700000,670700000
1,6707,670700000,670700100,17418,29031,670800000,670800000
1,6708,670800000,670800100,17418,29031,670900000,670900000
1,6709,670900000,670900100,17418,29031,671000000,671000000
1,6710,671000000,671000100,17418,29031,671100000,671100000
1,6711,671100000,671100100,17418,29031,671200000,671200000
1,6712,671200000,671200100,17418,29031,671300000,671300000
1,6713,671300000,671300100,17418,29031,671400000,671400000
1,6714,671400000,671400100,17418,29031,671500000,671500000
1,6715,671500000,671500100,17418,29031,671600000,671600000
1,6716,671600000,671600100,17418,29031,671700000,671700000
1,6717,671700000,671700100,17418,29031,671800000,671800000
1,6718,671800000,671800100,17418,29031,671900000,671900000
1,6719,671900000,671900100,17418,29031,672000000,672000000
1,6720,672000000,672000100,17418,29031,672100000,672100000
1,6721,672100000,672100100,17418,29031,672200000,672200000
1,6722,672200000,672200100,17418,29031,672300000,672300000
1,6723,672300000,672300100,17418,29031,672400000,672400000
1,6724,672400000,672400100,17418,29031,672500000,672500000
1,6725,672500000,672500100,17418,29031,672600000,672600000
1,6726,672600000,672600100,17418,29031,672700000,672700000
1,6727,672700000,672700100,17418,29031,672800000,672800000
1,6728,672800000,672800100,17418,29031,672900000,672900000
1,6729,672900000,672900100,17418,29031,673000000,673000000
1,6730,673000000,673000100,17418,29031,673100000,673100000
1,6731,673100000,673100100,17418,29031,673200000,673200000
1,6732,673200000,673200100,17418,29031,673300000,673300000
1,6733,673300000,673300100,17418,29031,673400000,673400000
1,6734,673400000,673400100,17418,29031,673500000,673500000
1,6735,673500000,673500100,17418,29031,673600000,673600000
1,6736,673600000,673600100,17418,29031,673700000,673700000
1,6737,673700000,673700100,17418,29031,673800000,673800000
1,6738,673800000,673800100,17418,29031,673900000,673900000
1,6739,673900000,673900100,17418,29031,674000000,674000000
1,6740,674000000,674000100,17418,29031,674100000,674100000
1,6741,674100000,674100100,17418,29031,674200000,674200000
1,6742,674200000,674200100,17418,29031,674300000,674300000
1,6743,674300000,674300100,17418,29031,674400000,674400000
1,6744,674400000,674400100,17418,29031,674500000,674500000
1,6745,674500000,674500100,17418,29031,674600000,674600000
1,6746,674600000,674600100,17418,29031,674700000,674700000
1,6747,674700000,674700100,17418,29031,674800000,674800000
1,6748,674800000,674800100,17418,29031,674900000,674900000
1,6749,674900000,674900100,17418,29031,675000000,675000000
1,6750,675000000,675000100,17418,29031,675100000,675100000
1,6751,675100000,675100100,17418,29031,675200000,675200000
1,6752,675200000,675200100,17418,29031,675300000,675300000
1,6753,675300000,675300100,17418,29031,675400000,675400000
1,6754,675400000,675400100,17418,29031,675500000,675500000
1,6755,675500000,675500100,17418,29031,675600000,675600000
1,6756,675600000,675600100,17418,29031,675700000,675700000
1,6757,675700000,675700100,17418,29031,675800000,675800000
1,6758,675800000,675800100,17418,29031,675900000,675900000
1,6759,675900000,675900100,17418,29031,676000000,676000000
1,6760,676000000,676000100,17418,29031,676100000,676100000
1,6761,676100000,676100100,17418,29031,676200000,676200000
1,6762,676200000,676200100,17418,29031,676300000,676300000
1,6763,676300000,676300100,17418,29031,676400000,676400000
1,6764,676400000,676400100,17418,29031,676500000,676500000
1,6765,676500000,676500100,17418,29031,676600000,676600000
1,6766,676600000,676600100,17418,29031,676700000,676700000
1,6767,676700000,676700100,17418,29031,676800000,676800000
1,6768,676800000,676800100,17418,29031,676900000,676900000
1,6769,676900000,676900100,17418,29031,677000000,677000000
1,6770,677000000,677000100,17418,29031,677100000,677100000
1,6771,677100000,677100100,17418,29031,677200000,677200000
1,6772,677200000,677200100,17418,29031,677300000,677300000
1,6773,677300000,677300100,17418,29031,677400000,677400000
1,6774,677400000,677400100,17418,29031,677500000,677500000
1,6775,677500000,677500100,17418,29031,677600000,677600000
1,6776,677600000,677600100,17418,29031,677700000,677700000
1,6777,677700000,677700100,17418,29031,677800000,677800000
1,6778,677800000,677800100,17418,29031,677900000,677900000
1,6779,677900000,677900100,17418,29031,678000000,678000000
1,6780,678000000,678000100,17418,29031,678100000,678100000
1,6781,678100000,678100100,17418,29031,678200000,678200000
1,6782,678200000,678200100,17418,29031,678300000,678300000
1,6783,678300000,678300100,17418,29031,678400000,678400000
1,6784,678400000,678400100,17418,29031,678500000,678500000
1,6785,678500000,678500100,17418,29031,678600000,678600000
1,6786,678600000,678600100,17418,29031,678700000,678700000
1,6787,678700000,678700100,17418,29031,678800000,678800000
1,6788,678800000,678800100,17418,29031,678900000,678900000
1,6789,678900000,678900100,17418,29031,679000000,679000000
1,6790,679000000,679000100,17418,29031,679100000,679100000
1,6791,679100000,679100100,17418,29031,679200000,679200000
1,6792,679200000,679200100,17418,29031,679300000,679300000
1,6793,679300000,679300100,17418,29031,679400000,679400000
1,6794,679400000,679400100,17418,29031,679500000,679500000
1,6795,679500000,679500100,17418,29031,679600000,679600000
1,6796,679600000,679600100,17418,29031,679700000,679700000
1,6797,679700000,679700100,17418,29031,679800000,679800000
1,6798,679800000,679800100,17418,29031,679900000,679900000
1,6799,679900000,679900100,17418,29031,680000000,680000000
1,6800,680000000,680000100,17418,29031,680100000,680100000
1,6801,680100000,680100100,17418,29031,680200000,680200000
1,6802,680200000,680200100,17418,29031,680300000,680300000
1,6803,680300000,680300100,17418,29031,680400000,680400000
1,6804,680400000,680400100,17418,29031,680500000,680500000
1,6805,680500000,680500100,17418,29031,680600000,680600000
1,6806,680600000,680600100,17418,29031,680700000,680700000
1,6807,680700000,680700100,17418,29031,680800000,680800000
1,6808,680800000,680800100,17418,29031,680900000,680900000
1,6809,680900000,680900100,17418,29031,681000000,681000000
1,6810,681000000,681000100,17418,29031,681100000,681100000
1,6811,681100000,681100100,17418,29031,681200000,681200000
1,6812,681200000,681200100,17418,29031,681300000,681300000
1,6813,681300000,681300100,17418,29031,681400000,681400000
1,6814,681400000,681400100,17418,29031,681500000,681500000
1,6815,681500000,681500100,17418,29031,681600000,681600000
1,6816,681600000,681600100,17418,29031,681700000,681700000
1,6817,681700000,681700100,17418,29031,681800000,681800000
1,6818,681800000,681800100,17418,29031,681900000,681900000
1,6819,681900000,681900100,17418,29031,682000000,682000000
1,6820,682000000,682000100,17418,29031,682100000,682100000
1,6821,682100000,682100100,17418,29031,682200000,682200000
1,6822,682200000,682200100,17418,29031,682300000,682300000
1,6823,682300000,682300100,17418,29031,682400000,682400000
1,6824,682400000,682400100,17418,29031,682500000,682500000
1,6825,682500000,682500100,17418,29031,682600000,682600000
1,6826,682600000,682600100,17418,29031,682700000,682700000
1,6827,682700000,682700100,17418,29031,682800000,682800000
1,6828,682800000,682800100,17418,29031,682900000,682900000
1,6829,682900000,682900100,17418,29031,683000000,683000000
1,6830,683000000,683000100,17418,29031,683100000,683100000
1,6831,683100000,683100100,17418,29031,683200000,683200000
1,6832,683200000,683200100,17418,29031,683300000,683300000
1,6833,683300000,683300100,17418,29031,683400000,683400000
1,6834,683400000,683400100,17418,29031,683500000,683500000
1,6835,683500000,683500100,17418,29031,683600000,683600000
1,6836,683600000,683600100,17418,29031,683700000,683700000
1,6837,683700000,683700100,17418,29031,683800000,683800000
1,6838,683800000,683800100,17418,29031,683900000,683900000
1,6839,683900000,683900100,17418,29031,684000000,684000000
1,6840,684000000,684000100,17418,29031,684100000,684100000
1,6841,684100000,684100100,17418,29031,684200000,684200000
1,6842,684200000,684200100,17418,29031,684300000,684300000
1,6843,684300000,684300100,17418,29031,684400000,684400000
1,6844,684400000,684400100,17418,29031,684500000,684500000
1,6845,684500000,684500100,17418,29031,684600000,684600000
1,6846,684600000,684600100,17418,29031,684700000,684700000
1,6847,684700000,684700100,17418,29031,684800000,684800000
1,6848,684800000,684800100,17418,29031,684900000,684900000
1,6849,684900000,684900100,17418,29031,685000000,685000000
1,6850,685000000,685000100,17418,29031,685100000,685100000
1,6851,685100000,685100100,17418,29031,685200000,685200000
1,6852,685200000,685200100,17418,29031,685300000,685300000
1,6853,685300000,685300100,17418,29031,685400000,685400000
1,6854,685400000,685400100,17418,29031,685500000,685500000
1,6855,685500000,685500100,17418,29031,685600000,685600000
1,6856,685600000,685600100,17418,29031,685700000,685700000
1,6857,685700000,685700100,17418,29031,685800000,685800000
1,6858,685800000,685800100,17418,29031,685900000,685900000
1,6859,685900000,685900100,17418,29031,686000000,686000000
1,6860,686000000,686000100,17418,29031,686100000,686100000
1,6861,686100000,686100100,17418,29031,686200000,686200000
1,6862,686200000,686200100,17418,29031,686300000,686300000
1,6863,686300000,686300100,17418,29031,686400000,686400000
1,6864,686400000,686400100,17418,29031,686500000,686500000
1,6865,686500000,686500100,17418,29031,686600000,686600000
1,6866,686600000,686600100,17418,29031,686700000,686700000
1,6867,686700000,686700100,17418,29031,686800000,686800000
1,6868,686800000,686800100,17418,29031,686900000,686900000
1,6869,686900000,686900100,17418,29031,687000000,687000000
1,6870,687000000,687000100,17418,29031,687100000,687100000
1,6871,687100000,687100100,17418,29031,687200000,687200000
1,6872,687200000,687200100,17418,29031,687300000,687300000
1,6873,687300000,687300100,17418,29031,687400000,687400000
1,6874,687400000,687400100,17418,29031,687500000,687500000
1,6875,687500000,687500100,17418,29031,687600000,687600000
1,6876,687600000,687600100,17418,29031,687700000,687700000
1,6877,687700000,687700100,17418,29031,687800000,687800000
1,6878,687800000,687800100,17418,29031,687900000,687900000
1,6879,687900000,687900100,17418,29031,688000000,688000000
1,6880,688000000,688000100,17418,29031,688100000,688100000
1,6881,688100000,688100100,17418,29031,688200000,688200000
1,6882,688200000,688200100,17418,29031,688300000,688300000
1,6883,688300000,688300100,17418,29031,688400000,688400000
1,6884,688400000,688400100,17418,29031,688500000,688500000
1,6885,688500000,688500100,17418,29031,688600000,688600000
1,6886,688600000,688600100,17418,29031,688700000,688700000
1,6887,688700000,688700100,17418,29031,688800000,688800000
1,6888,688800000,688800100,17418,29031,688900000,688900000
1,6889,688900000,688900100,17418,29031,689000000,689000000
1,6890,689000000,689000100,17418,29031,689100000,689100000
1,6891,689100000,689100100,17418,29031,689200000,689200000
1,6892,689200000,689200100,17418,29031,689300000,689300000
1,6893,689300000,689300100,17418,29031,689400000,689400000
1,6894,689400000,689400100,17418,29031,689500000,689500000
1,6895,689500000,689500100,17418,29031,689600000,689600000
1,6896,689600000,689600100,17418,29031,689700000,689700000
1,6897,689700000,689700100,17418,29031,689800000,689800000
1,6898,689800000,689800100,17418,29031,689900000,689900000
1,6899,689900000,689900100,17418,29031,690000000,690000000
1,6900,690000000,690000100,17418,29031,690100000,690100000
1,6901,690100000,690100100,17418,29031,690200000,690200000
1,6902,690200000,690200100,17418,29031,690300000,690300000
1,6903,690300000,690300100,17418,29031,690400000,690400000
1,6904,690400000,690400100,17418,29031,690500000,690500000
1,6905,690500000,690500100,17418,29031,690600000,690600000
1,6906,690600000,690600100,17418,29031,690700000,690700000
1,6907,690700000,690700100,17418,29031,690800000,690800000
1,6908,690800000,690800100,17418,29031,690900000,690900000
1,6909,690900000,690900100,17418,29031,691000000,691000000
1,6910,691000000,691000100,17418,29031,691100000,691100000
1,6911,691100000,691100100,17418,29031,691200000,691200000
1,6912,691200000,691200100,17418,29031,691300000,691300000
1,6913,691300000,691300100,17418,29031,691400000,691400000
1,6914,691400000,691400100,17418,29031,691500000,691500000
1,6915,691500000,691500100,17418,29031,691600000,691600000
1,6916,691600000,691600100,17418,29031,691700000,691700000
1,6917,691700000,691700100,17418,29031,691800000,691800000
1,6918,691800000,691800100,17418,29031,691900000,691900000
1,6919,691900000,691900100,17418,29031,692000000,692000000
1,6920,692000000,692000100,17418,29031,692100000,692100000
1,6921,692100000,692100100,17418,29031,692200000,692200000
1,6922,692200000,692200100,17418,29031,692300000,692300000
1,6923,692300000,692300100,17418,29031,692400000,692400000
1,6924,692400000,692400100,17418,29031,692500000,692500000
1,6925,692500000,692500100,17418,29031,692600000,692600000
1,6926,692600000,692600100,17418,29031,692700000,692700000
1,6927,692700000,692700100,17418,29031,692800000,692800000
1,6928,692800000,692800100,17418,29031,692900000,692900000
1,6929,692900000,692900100,17418,29031,693000000,693000000
1,6930,693000000,693000100,17418,29031,693100000,693100000
1,6931,693100000,693100100,17418,29031,693200000,693200000
1,6932,693200000,693200100,17418,29031,693300000,693300000
1,6933,693300000,693300100,17418,29031,693400000,693400000
1,6934,693400000,693400100,17418,29031,693500000,693500000
1,6935,693500000,693500100,17418,29031,693600000,693600000
1,6936,693600000,693600100,17418,29031,693700000,693700000
1,6937,693700000,693700100,17418,29031,693800000,693800000
1,6938,693800000,693800100,17418,29031,693900000,693900000
1,6939,693900000,693900100,17418,29031,694000000,694000000
1,6940,694000000,694000100,17418,29031,694100000,694100000
1,6941,694100000,694100100,17418,29031,694200000,694200000
1,6942,694200000,694200100,17418,29031,694300000,694300000
1,6943,694300000,694300100,17418,29031,694400000,694400000
1,6944,694400000,694400100,17418,29031,694500000,694500000
1,6945,694500000,694500100,17418,29031,694600000,694600000
1,6946,694600000,694600100,17418,29031,694700000,694700000
1,6947,694700000,694700100,17418,29031,694800000,694800000
1,6948,694800000,694800100,17418,29031,694900000,694900000
1,6949,694900000,694900100,17418,29031,695000000,695000000
1,6950,695000000,695000100,17418,29031,695100000,695100000
1,6951,695100000,695100100,17418,29031,695200000,695200000
1,6952,695200000,695200100,17418,29031,695300000,695300000
1,6953,695300000,695300100,17418,29031,695400000,695400000
1,6954,695400000,695400100,17418,29031,695500000,695500000
1,6955,695500000,695500100,17418,29031,695600000,695600000
1,6956,695600000,695600100,17418,29031,695700000,695700000
1,6957,695700000,695700100,17418,29031,695800000,695800000
1,6958,695800000,695800100,17418,29031,695900000,695900000
1,6959,695900000,695900100,17418,29031,696000000,696000000
1,6960,696000000,696000100,17418,29031,696100000,696100000
1,6961,696100000,696100100,17418,29031,696200000,696200000
1,6962,696200000,696200100,17418,29031,696300000,696300000
1,6963,696300000,696300100,17418,29031,696400000,696400000
1,6964,696400000,696400100,17418,29031,696500000,696500000
1,6965,696500000,696500100,17418,29031,696600000,696600000
1,6966,696600000,696600100,17418,29031,696700000,696700000
1,6967,696700000,696700100,17418,29031,696800000,696800000
1,6968,696800000,696800100,17418,29031,696900000,696900000
1,6969,696900000,696900100,17418,29031,697000000,697000000
1,6970,697000000,697000100,17418,29031,697100000,697100000
1,6971,697100000,697100100,17418,29031,697200000,697200000
1,6972,697200000,697200100,17418,29031,697300000,697300000
1,6973,697300000,697300100,17418,29031,697400000,697400000
1,6974,697400000,697400100,17418,29031,697500000,697500000
1,6975,697500000,697500100,17418,29031,697600000,697600000
1,6976,697600000,697600100,17418,29031,697700000,697700000
1,6977,697700000,697700100,17418,29031,697800000,697800000
1,6978,697800000,697800100,17418,29031,697900000,697900000
1,6979,697900000,697900100,17418,29031,698000000,698000000
1,6980,698000000,698000100,17418,29031,698100000,698100000
1,6981,698100000,698100100,17418,29031,698200000,698200000
1,6982,698200000,698200100,17418,29031,698300000,698300000
1,6983,698300000,698300100,17418,29031,698400000,698400000
1,6984,698400000,698400100,17418,29031,698500000,698500000
1,6985,698500000,698500100,17418,29031,698600000,698600000
1,6986,698600000,698600100,17418,29031,698700000,698700000
1,6987,698700000,698700100,17418,29031,698800000,698800000
1,6988,698800000,698800100,17418,29031,698900000,698900000
1,6989,698900000,698900100,17418,29031,699000000,699000000
1,6990,699000000,699000100,17418,29031,699100000,699100000
1,6991,699100000,699100100,17418,29031,699200000,699200000
1,6992,699200000,699200100,17418,29031,699300000,699300000
1,6993,699300000,699300100,17418,29031,699400000,699400000
1,6994,699400000,699400100,17418,29031,699500000,699500000
1,6995,699500000,699500100,17418,29031,699600000,699600000
1,6996,699600000,699600100,17418,29031,699700000,699700000
1,6997,699700000,699700100,17418,29031,699800000,699800000
1,6998,699800000,699800100,17418,29031,699900000,699900000
1,6999,699900000,699900100,17418,29031,700000000,700000000
1,7000,700000000,700000100,17418,29031,700100000,700100000
1,7001,700100000,700100100,17418,29031,700200000,700200000
1,7002,700200000,700200100,17418,29031,700300000,700300000
1,7003,700300000,700300100,17418,29031,700400000,700400000
1,7004,700400000,700400100,17418,29031,700500000,700500000
1,7005,700500000,700500100,17418,29031,700600000,700600000
1,7006,700600000,700600100,17418,29031,700700000,700700000
1,7007,700700000,700700100,17418,29031,700800000,700800000
1,7008,700800000,700800100,17418,29031,700900000,700900000
1,7009,700900000,700900100,17418,29031,701000000,701000000
1,7010,701000000,701000100,17418,29031,701100000,701100000
1,7011,701100000,701100100,17418,29031,701200000,701200000
1,7012,701200000,701200100,17418,29031,701300000,701300000
1,7013,701300000,701300100,17418,29031,701400000,701400000
1,7014,701400000,701400100,17418,29031,701500000,701500000
1,7015,701500000,701500100,17418,29031,701600000,701600000
1,7016,701600000,701600100,17418,29031,701700000,701700000
1,7017,701700000,701700100,17418,29031,701800000,701800000
1,7018,701800000,701800100,17418,29031,701900000,701900000
1,7019,701900000,701900100,17418,29031,702000000,702000000
1,7020,702000000,702000100,17418,29031,702100000,702100000
1,7021,702100000,702100100,17418,29031,702200000,702200000
1,7022,702200000,702200100,17418,29031,702300000,702300000
1,7023,702300000,702300100,17418,29031,702400000,702400000
1,7024,702400000,702400100,17418,29031,702500000,702500000
1,7025,702500000,702500100,17418,29031,702600000,702600000
1,7026,702600000,702600100,17418,29031,702700000,702700000
1,7027,702700000,702700100,17418,29031,702800000,702800000
1,7028,702800000,702800100,17418,29031,702900000,702900000
1,7029,702900000,702900100,17418,29031,703000000,703000000
1,7030,703000000,703000100,17418,29031,703100000,703100000
1,7031,703100000,703100100,17418,29031,703200000,703200000
1,7032,703200000,703200100,17418,29031,703300000,703300000
1,7033,703300000,703300100,17418,29031,703400000,703400000
1,7034,703400000,703400100,17418,29031,703500000,703500000
1,7035,703500000,703500100,17418,29031,703600000,703600000
1,7036,703600000,703600100,17418,29031,703700000,703700000
1,7037,703700000,703700100,17418,29031,703800000,703800000
1,7038,703800000,703800100,17418,29031,703900000,703900000
1,7039,703900000,703900100,17418,29031,704000000,704000000
1,7040,704000000,704000100,17418,29031,704100000,704100000
1,7041,704100000,704100100,17418,29031,704200000,704200000
1,7042,704200000,704200100,17418,29031,704300000,704300000
1,7043,704300000,704300100,17418,29031,704400000,704400000
1,7044,704400000,704400100,17418,29031,704500000,704500000
1,7045,704500000,704500100,17418,29031,704600000,704600000
1,7046,704600000,704600100,17418,29031,704700000,704700000
1,7047,704700000,704700100,17418,29031,704800000,704800000
1,7048,704800000,704800100,17418,29031,704900000,704900000
1,7049,704900000,704900100,17418,29031,705000000,705000000
1,7050,705000000,705000100,17418,29031,705100000,705100000
1,7051,705100000,705100100,17418,29031,705200000,705200000
1,7052,705200000,705200100,17418,29031,705300000,705300000
1,7053,705300000,705300100,17418,29031,705400000,705400000
1,7054,705400000,705400100,17418,29031,705500000,705500000
1,7055,705500000,705500100,17418,29031,705600000,705600000
1,7056,705600000,705600100,17418,29031,705700000,705700000
1,7057,705700000,705700100,17418,29031,705800000,705800000
1,7058,705800000,705800100,17418,29031,705900000,705900000
1,7059,705900000,705900100,17418,29031,706000000,706000000
1,7060,706000000,706000100,17418,29031,706100000,706100000
1,7061,706100000,706100100,17418,29031,706200000,706200000
1,7062,706200000,706200100,17418,29031,706300000,706300000
1,7063,706300000,706300100,17418,29031,706400000,706400000
1,7064,706400000,706400100,17418,29031,706500000,706500000
1,7065,706500000,706500100,17418,29031,706600000,706600000
1,7066,706600000,706600100,17418,29031,706700000,706700000
1,7067,706700000,706700100,17418,29031,706800000,706800000
1,7068,706800000,706800100,17418,29031,706900000,706900000
1,7069,706900000,706900100,17418,29031,707000000,707000000
1,7070,707000000,707000100,17418,29031,707100000,707100000
1,7071,707100000,707100100,17418,29031,707200000,707200000
1,7072,707200000,707200100,17418,29031,707300000,707300000
1,7073,707300000,707300100,17418,29031,707400000,707400000
1,7074,707400000,707400100,17418,29031,707500000,707500000
1,7075,707500000,707500100,17418,29031,707600000,707600000
1,7076,707600000,707600100,17418,29031,707700000,707700000
1,7077,707700000,707700100,17418,29031,707800000,707800000
1,7078,707800000,707800100,17418,29031,707900000,707900000
1,7079,707900000,707900100,17418,29031,708000000,708000000
1,7080,708000000,708000100,17418,29031,708100000,708100000
1,7081,708100000,708100100,17418,29031,708200000,708200000
1,7082,708200000,708200100,17418,29031,708300000,708300000
1,7083,708300000,708300100,17418,29031,708400000,708400000
1,7084,708400000,708400100,17418,29031,708500000,708500000
1,7085,708500000,708500100,17418,29031,708600000,708600000
1,7086,708600000,708600100,17418,29031,708700000,708700000
1,7087,708700000,708700100,17418,29031,708800000,708800000
1,7088,708800000,708800100,17418,29031,708900000,708900000
1,7089,708900000,708900100,17418,29031,709000000,709000000
1,7090,709000000,709000100,17418,29031,709100000,709100000
1,7091,709100000,709100100,17418,29031,709200000,709200000
1,7092,709200000,709200100,17418,29031,709300000,709300000
1,7093,709300000,709300100,17418,29031,709400000,709400000
1,7094,709400000,709400100,17418,29031,709500000,709500000
1,7095,709500000,709500100,17418,29031,709600000,709600000
1,7096,709600000,709600100,17418,29031,709700000,709700000
1,7097,709700000,709700100,17418,29031,709800000,709800000
1,7098,709800000,709800100,17418,29031,709900000,709900000
1,7099,709900000,709900100,17418,29031,710000000,710000000
1,7100,710000000,710000100,17418,29031,710100000,710100000
1,7101,710100000,710100100,17418,29031,710200000,710200000
1,7102,710200000,710200100,17418,29031,710300000,710300000
1,7103,710300000,710300100,17418,29031,710400000,710400000
1,7104,710400000,710400100,17418,29031,710500000,710500000
1,7105,710500000,710500100,17418,29031,710600000,710600000
1,7106,710600000,710600100,17418,29031,710700000,710700000
1,7107,710700000,710700100,17418,29031,710800000,710800000
1,7108,710800000,710800100,17418,29031,710900000,710900000
1,7109,710900000,710900100,17418,29031,711000000,711000000
1,7110,711000000,711000100,17418,29031,711100000,711100000
1,7111,711100000,711100100,17418,29031,711200000,711200000
1,7112,711200000,711200100,17418,29031,711300000,711300000
1,7113,711300000,711300100,17418,29031,711400000,711400000
1,7114,711400000,711400100,17418,29031,711500000,711500000
1,7115,711500000,711500100,17418,29031,711600000,711600000
1,7116,711600000,711600100,17418,29031,711700000,711700000
1,7117,711700000,711700100,17418,29031,711800000,711800000
1,7118,711800000,711800100,17418,29031,711900000,711900000
1,7119,711900000,711900100,17418,29031,712000000,712000000
1,7120,712000000,712000100,17418,29031,712100000,712100000
1,7121,712100000,712100100,17418,29031,712200000,712200000
1,7122,712200000,712200100,17418,29031,712300000,712300000
1,7123,712300000,712300100,17418,29031,712400000,712400000
1,7124,712400000,712400100,17418,29031,712500000,712500000
1,7125,712500000,712500100,17418,29031,712600000,712600000
1,7126,712600000,712600100,17418,29031,712700000,712700000
1,7127,712700000,712700100,17418,29031,712800000,712800000
1,7128,712800000,712800100,17418,29031,712900000,712900000
1,7129,712900000,712900100,17418,29031,713000000,713000000
1,7130,713000000,713000100,17418,29031,713100000,713100000
1,7131,713100000,713100100,17418,29031,713200000,713200000
1,7132,713200000,713200100,17418,29031,713300000,713300000
1,7133,713300000,713300100,17418,29031,713400000,713400000
1,7134,713400000,713400100,17418,29031,713500000,713500000
1,7135,713500000,713500100,17418,29031,713600000,713600000
1,7136,713600000,713600100,17418,29031,713700000,713700000
1,7137,713700000,713700100,17418,29031,713800000,713800000
1,7138,713800000,713800100,17418,29031,713900000,713900000
1,7139,713900000,713900100,17418,29031,714000000,714000000
1,7140,714000000,714000100,17418,29031,714100000,714100000
1,7141,714100000,714100100,17418,29031,714200000,714200000
1,7142,714200000,714200100,17418,29031,714300000,714300000
1,7143,714300000,714300100,17418,29031,714400000,714400000
1,7144,714400000,714400100,17418,29031,714500000,714500000
1,7145,714500000,714500100,17418,29031,714600000,714600000
1,7146,714600000,714600100,17418,29031,714700000,714700000
1,7147,714700000,714700100,17418,29031,714800000,714800000
1,7148,714800000,714800100,17418,29031,714900000,714900000
1,7149,714900000,714900100,17418,29031,715000000,715000000
1,7150,715000000,715000100,17418,29031,715100000,715100000
1,7151,715100000,715100100,17418,29031,715200000,715200000
1,7152,715200000,715200100,17418,29031,715300000,715300000
1,7153,715300000,715300100,17418,29031,715400000,715400000
1,7154,715400000,715400100,17418,29031,715500000,715500000
1,7155,715500000,715500100,17418,29031,715600000,715600000
1,7156,715600000,715600100,17418,29031,715700000,715700000
1,7157,715700000,715700100,17418,29031,715800000,715800000
1,7158,715800000,715800100,17418,29031,715900000,715900000
1,7159,715900000,715900100,17418,29031,716000000,716000000
1,7160,716000000,716000100,17418,29031,716100000,716100000
1,7161,716100000,716100100,17418,29031,716200000,716200000
1,7162,716200000,716200100,17418,29031,716300000,716300000
1,7163,716300000,716300100,17418,29031,716400000,716400000
1,7164,716400000,716400100,17418,29031,716500000,716500000
1,7165,716500000,716500100,17418,29031,716600000,716600000
1,7166,716600000,716600100,17418,29031,716700000,716700000
1,7167,716700000,716700100,17418,29031,716800000,716800000
1,7168,716800000,716800100,17418,29031,716900000,716900000
1,7169,716900000,716900100,17418,29031,717000000,717000000
1,7170,717000000,717000100,17418,29031,717100000,717100000
1,7171,717100000,717100100,17418,29031,717200000,717200000
1,7172,717200000,717200100,17418,29031,717300000,717300000
1,7173,717300000,717300100,17418,29031,717400000,717400000
1,7174,717400000,717400100,17418,29031,717500000,717500000
1,7175,717500000,717500100,17418,29031,717600000,717600000
1,7176,717600000,717600100,17418,29031,717700000,717700000
1,7177,717700000,717700100,17418,29031,717800000,717800000
1,7178,717800000,717800100,17418,29031,717900000,717900000
1,7179,717900000,717900100,17418,29031,718000000,718000000
1,7180,718000000,718000100,17418,29031,718100000,718100000
1,7181,718100000,718100100,17418,29031,718200000,718200000
1,7182,718200000,718200100,17418,29031,718300000,718300000
1,7183,718300000,718300100,17418,29031,718400000,718400000
1,7184,718400000,718400100,17418,29031,718500000,718500000
1,7185,718500000,718500100,17418,29031,718600000,718600000
1,7186,718600000,718600100,17418,29031,718700000,718700000
1,7187,718700000,718700100,17418,29031,718800000,718800000
1,7188,718800000,718800100,17418,29031,718900000,718900000
1,7189,718900000,718900100,17418,29031,719000000,719000000
1,7190,719000000,719000100,17418,29031,719100000,719100000
1,7191,719100000,719100100,17418,29031,719200000,719200000
1,7192,719200000,719200100,17418,29031,719300000,719300000
1,7193,719300000,719300100,17418,29031,719400000,719400000
1,7194,719400000,719400100,17418,29031,719500000,719500000
1,7195,719500000,719500100,17418,29031,719600000,719600000
1,7196,719600000,719600100,17418,29031,719700000,719700000
1,7197,719700000,719700100,17418,29031,719800000,719800000
1,7198,719800000,719800100,17418,29031,719900000,719900000
1,7199,719900000,719900100,17418,29031,720000000,720000000
1,7200,720000000,720000100,17418,29031,720100000,720100000
1,7201,720100000,720100100,17418,29031,720200000,720200000
1,7202,720200000,720200100,17418,29031,720300000,720300000
1,7203,720300000,720300100,17418,29031,720400000,720400000
1,7204,720400000,720400100,17418,29031,720500000,720500000
1,7205,720500000,720500100,17418,29031,720600000,720600000
1,7206,720600000,720600100,17418,29031,720700000,720700000
1,7207,720700000,720700100,17418,29031,720800000,720800000
1,7208,720800000,720800100,17418,29031,720900000,720900000
1,7209,720900000,720900100,17418,29031,721000000,721000000
1,7210,721000000,721000100,17418,29031,721100000,721100000
1,7211,721100000,721100100,17418,29031,721200000,721200000
1,7212,721200000,721200100,17418,29031,721300000,721300000
1,7213,721300000,721300100,17418,29031,721400000,721400000
1,7214,721400000,721400100,17418,29031,721500000,721500000
1,7215,721500000,721500100,17418,29031,721600000,721600000
1,7216,721600000,721600100,17418,29031,721700000,721700000
1,7217,721700000,721700100,17418,29031,721800000,721800000
1,7218,721800000,721800100,17418,29031,721900000,721900000
1,7219,721900000,721900100,17418,29031,722000000,722000000
1,7220,722000000,722000100,17418,29031,722100000,722100000
1,7221,722100000,722100100,17418,29031,722200000,722200000
1,7222,722200000,722200100,17418,29031,722300000,722300000
1,7223,722300000,722300100,17418,29031,722400000,722400000
1,7224,722400000,722400100,17418,29031,722500000,722500000
1,7225,722500000,722500100,17418,29031,722600000,722600000
1,7226,722600000,722600100,17418,29031,722700000,722700000
1,7227,722700000,722700100,17418,29031,722800000,722800000
1,7228,722800000,722800100,17418,29031,722900000,722900000
1,7229,722900000,722900100,17418,29031,723000000,723000000
1,7230,723000000,723000100,17418,29031,723100000,723100000
1,7231,723100000,723100100,17418,29031,723200000,723200000
1,7232,723200000,723200100,17418,29031,723300000,723300000
1,7233,723300000,723300100,17418,29031,723400000,723400000
1,7234,723400000,723400100,17418,29031,723500000,723500000
1,7235,723500000,723500100,17418,29031,723600000,723600000
1,7236,723600000,723600100,17418,29031,723700000,723700000
1,7237,723700000,723700100,17418,29031,723800000,723800000
1,7238,723800000,723800100,17418,29031,723900000,723900000
1,7239,723900000,723900100,17418,29031,724000000,724000000
1,7240,724000000,724000100,17418,29031,724100000,724100000
1,7241,724100000,724100100,17418,29031,724200000,724200000
1,7242,724200000,724200100,17418,29031,724300000,724300000
1,7243,724300000,724300100,17418,29031,724400000,724400000
1,7244,724400000,724400100,17418,29031,724500000,724500000
1,7245,724500000,724500100,17418,29031,724600000,724600000
1,7246,724600000,724600100,17418,29031,724700000,724700000
1,7247,724700000,724700100,17418,29031,724800000,724800000
1,7248,724800000,724800100,17418,29031,724900000,724900000
1,7249,724900000,724900100,17418,29031,725000000,725000000
1,7250,725000000,725000100,17418,29031,725100000,725100000
1,7251,725100000,725100100,17418,29031,725200000,725200000
1,7252,725200000,725200100,17418,29031,725300000,725300000
1,7253,725300000,725300100,17418,29031,725400000,725400000
1,7254,725400000,725400100,17418,29031,725500000,725500000
1,7255,725500000,725500100,17418,29031,725600000,725600000
1,7256,725600000,725600100,17418,29031,725700000,725700000
1,7257,725700000,725700100,17418,29031,725800000,725800000
1,7258,725800000,725800100,17418,29031,725900000,725900000
1,7259,725900000,725900100,17418,29031,726000000,726000000
1,7260,726000000,726000100,17418,29031,726100000,726100000
1,7261,726100000,726100100,17418,29031,726200000,726200000
1,7262,726200000,726200100,17418,29031,726300000,726300000
1,7263,726300000,726300100,17418,29031,726400000,726400000
1,7264,726400000,726400100,17418,29031,726500000,726500000
1,7265,726500000,726500100,17418,29031,726600000,726600000
1,7266,726600000,726600100,17418,29031,726700000,726700000
1,7267,726700000,726700100,17418,29031,726800000,726800000
1,7268,726800000,726800100,17418,29031,726900000,726900000
1,7269,726900000,726900100,17418,29031,727000000,727000000
1,7270,727000000,727000100,17418,29031,727100000,727100000
1,7271,727100000,727100100,17418,29031,727200000,727200000
1,7272,727200000,727200100,17418,29031,727300000,727300000
1,7273,727300000,727300100,17418,29031,727400000,727400000
1,7274,727400000,727400100,17418,29031,727500000,727500000
1,7275,727500000,727500100,17418,29031,727600000,727600000
1,7276,727600000,727600100,17418,29031,727700000,727700000
1,7277,727700000,727700100,17418,29031,727800000,727800000
1,7278,727800000,727800100,17418,29031,727900000,727900000
1,7279,727900000,727900100,17418,29031,728000000,728000000
1,7280,728000000,728000100,17418,29031,728100000,728100000
1,7281,728100000,728100100,17418,29031,728200000,728200000
1,7282,728200000,728200100,17418,29031,728300000,728300000
1,7283,728300000,728300100,17418,29031,728400000,728400000
1,7284,728400000,728400100,17418,29031,728500000,728500000
1,7285,728500000,728500100,17418,29031,728600000,728600000
1,7286,728600000,728600100,17418,29031,728700000,728700000
1,7287,728700000,728700100,17418,29031,728800000,728800000
1,7288,728800000,728800100,17418,29031,728900000,728900000
1,7289,728900000,728900100,17418,29031,729000000,729000000
1,7290,729000000,729000100,17418,29031,729100000,729100000
1,7291,729100000,729100100,17418,29031,729200000,729200000
1,7292,729200000,729200100,17418,29031,729300000,729300000
1,7293,729300000,729300100,17418,29031,729400000,729400000
1,7294,729400000,729400100,17418,29031,729500000,729500000
1,7295,729500000,729500100,17418,29031,729600000,729600000
1,7296,729600000,729600100,17418,29031,729700000,729700000
1,7297,729700000,729700100,17418,29031,729800000,729800000
1,7298,729800000,729800100,17418,29031,729900000,729900000
1,7299,729900000,729900100,17418,29031,730000000,730000000
1,7300,730000000,730000100,17418,29031,730100000,730100000
1,7301,730100000,730100100,17418,29031,730200000,730200000
1,7302,730200000,730200100,17418,29031,730300000,730300000
1,7303,730300000,730300100,17418,29031,730400000,730400000
1,7304,730400000,730400100,17418,29031,730500000,730500000
1,7305,730500000,730500100,17418,29031,730600000,730600000
1,7306,730600000,730600100,17418,29031,730700000,730700000
1,7307,730700000,730700100,17418,29031,730800000,730800000
1,7308,730800000,730800100,17418,29031,730900000,730900000
1,7309,730900000,730900100,17418,29031,731000000,731000000
1,7310,731000000,731000100,17418,29031,731100000,731100000
1,7311,731100000,731100100,17418,29031,731200000,731200000
1,7312,731200000,731200100,17418,29031,731300000,731300000
1,7313,731300000,731300100,17418,29031,731400000,731400000
1,7314,731400000,731400100,17418,29031,731500000,731500000
1,7315,731500000,731500100,17418,29031,731600000,731600000
1,7316,731600000,731600100,17418,29031,731700000,731700000
1,7317,731700000,731700100,17418,29031,731800000,731800000
1,7318,731800000,731800100,17418,29031,731900000,731900000
1,7319,731900000,731900100,17418,29031,732000000,732000000
1,7320,732000000,732000100,17418,29031,732100000,732100000
1,7321,732100000,732100100,17418,29031,732200000,732200000
1,7322,732200000,732200100,17418,29031,732300000,732300000
1,7323,732300000,732300100,17418,29031,732400000,732400000
1,7324,732400000,732400100,17418,29031,732500000,732500000
1,7325,732500000,732500100,17418,29031,732600000,732600000
1,7326,732600000,732600100,17418,29031,732700000,732700000
1,7327,732700000,732700100,17418,29031,732800000,732800000
1,7328,732800000,732800100,17418,29031,732900000,732900000
1,7329,732900000,732900100,17418,29031,733000000,733000000
1,7330,733000000,733000100,17418,29031,733100000,733100000
1,7331,733100000,733100100,17418,29031,733200000,733200000
1,7332,733200000,733200100,17418,29031,733300000,733300000
1,7333,733300000,733300100,17418,29031,733400000,733400000
1,7334,733400000,733400100,17418,29031,733500000,733500000
1,7335,733500000,733500100,17418,29031,733600000,733600000
1,7336,733600000,733600100,17418,29031,733700000,733700000
1,7337,733700000,733700100,17418,29031,733800000,733800000
1,7338,733800000,733800100,17418,29031,733900000,733900000
1,7339,733900000,733900100,17418,29031,734000000,734000000
1,7340,734000000,734000100,17418,29031,734100000,734100000
1,7341,734100000,734100100,17418,29031,734200000,734200000
1,7342,734200000,734200100,17418,29031,734300000,734300000
1,7343,734300000,734300100,17418,29031,734400000,734400000
1,7344,734400000,734400100,17418,29031,734500000,734500000
1,7345,734500000,734500100,17418,29031,734600000,734600000
1,7346,734600000,734600100,17418,29031,734700000,734700000
1,7347,734700000,734700100,17418,29031,734800000,734800000
1,7348,734800000,734800100,17418,29031,734900000,734900000
1,7349,734900000,734900100,17418,29031,735000000,735000000
1,7350,735000000,735000100,17418,29031,735100000,735100000
1,7351,735100000,735100100,17418,29031,735200000,735200000
1,7352,735200000,735200100,17418,29031,735300000,735300000
1,7353,735300000,735300100,17418,29031,735400000,735400000
1,7354,735400000,735400100,17418,29031,735500000,735500000
1,7355,735500000,735500100,17418,29031,735600000,735600000
1,7356,735600000,735600100,17418,29031,735700000,735700000
1,7357,735700000,735700100,17418,29031,735800000,735800000
1,7358,735800000,735800100,17418,29031,735900000,735900000
1,7359,735900000,735900100,17418,29031,736000000,736000000
1,7360,736000000,736000100,17418,29031,736100000,736100000
1,7361,736100000,736100100,17418,29031,736200000,736200000
1,7362,736200000,736200100,17418,29031,736300000,736300000
1,7363,736300000,736300100,17418,29031,736400000,736400000
1,7364,736400000,736400100,17418,29031,736500000,736500000
1,7365,736500000,736500100,17418,29031,736600000,736600000
1,7366,736600000,736600100,17418,29031,736700000,736700000
1,7367,736700000,736700100,17418,29031,736800000,736800000
1,7368,736800000,736800100,17418,29031,736900000,736900000
1,7369,736900000,736900100,17418,29031,737000000,737000000
1,7370,737000000,737000100,17418,29031,737100000,737100000
1,7371,737100000,737100100,17418,29031,737200000,737200000
1,7372,737200000,737200100,17418,29031,737300000,737300000
1,7373,737300000,737300100,17418,29031,737400000,737400000
1,7374,737400000,737400100,17418,29031,737500000,737500000
1,7375,737500000,737500100,17418,29031,737600000,737600000
1,7376,737600000,737600100,17418,29031,737700000,737700000
1,7377,737700000,737700100,17418,29031,737800000,737800000
1,7378,737800000,737800100,17418,29031,737900000,737900000
1,7379,737900000,737900100,17418,29031,738000000,738000000
1,7380,738000000,738000100,17418,29031,738100000,738100000
1,7381,738100000,738100100,17418,29031,738200000,738200000
1,7382,738200000,738200100,17418,29031,738300000,738300000
1,7383,738300000,738300100,17418,29031,738400000,738400000
1,7384,738400000,738400100,17418,29031,738500000,738500000
1,7385,738500000,738500100,17418,29031,738600000,738600000
1,7386,738600000,738600100,17418,29031,738700000,738700000
1,7387,738700000,738700100,17418,29031,738800000,738800000
1,7388,738800000,738800100,17418,29031,738900000,738900000
1,7389,738900000,738900100,17418,29031,739000000,739000000
1,7390,739000000,739000100,17418,29031,739100000,739100000
1,7391,739100000,739100100,17418,29031,739200000,739200000
1,7392,739200000,739200100,17418,29031,739300000,739300000
1,7393,739300000,739300100,17418,29031,739400000,739400000
1,7394,739400000,739400100,17418,29031,739500000,739500000
1,7395,739500000,739500100,17418,29031,739600000,739600000
1,7396,739600000,739600100,17418,29031,739700000,739700000
1,7397,739700000,739700100,17418,29031,739800000,739800000
1,7398,739800000,739800100,17418,29031,739900000,739900000
1,7399,739900000,739900100,17418,29031,740000000,740000000
1,7400,740000000,740000100,17418,29031,740100000,740100000
1,7401,740100000,740100100,17418,29031,740200000,740200000
1,7402,740200000,740200100,17418,29031,740300000,740300000
1,7403,740300000,740300100,17418,29031,740400000,740400000
1,7404,740400000,740400100,17418,29031,740500000,740500000
1,7405,740500000,740500100,17418,29031,740600000,740600000
1,7406,740600000,740600100,17418,29031,740700000,740700000
1,7407,740700000,740700100,17418,29031,740800000,740800000
1,7408,740800000,740800100,17418,29031,740900000,740900000
1,7409,740900000,740900100,17418,29031,741000000,741000000
1,7410,741000000,741000100,17418,29031,741100000,741100000
1,7411,741100000,741100100,17418,29031,741200000,741200000
1,7412,741200000,741200100,17418,29031,741300000,741300000
1,7413,741300000,741300100,17418,29031,741400000,741400000
1,7414,741400000,741400100,17418,29031,741500000,741500000
1,7415,741500000,741500100,17418,29031,741600000,741600000
1,7416,741600000,741600100,17418,29031,741700000,741700000
1,7417,741700000,741700100,17418,29031,741800000,741800000
1,7418,741800000,741800100,17418,29031,741900000,741900000
1,7419,741900000,741900100,17418,29031,742000000,742000000
1,7420,742000000,742000100,17418,29031,742100000,742100000
1,7421,742100000,742100100,17418,29031,742200000,742200000
1,7422,742200000,742200100,17418,29031,742300000,742300000
1,7423,742300000,742300100,17418,29031,742400000,742400000
1,7424,742400000,742400100,17418,29031,742500000,742500000
1,7425,742500000,742500100,17418,29031,742600000,742600000
1,7426,742600000,742600100,17418,29031,742700000,742700000
1,7427,742700000,742700100,17418,29031,742800000,742800000
1,7428,742800000,742800100,17418,29031,742900000,742900000
1,7429,742900000,742900100,17418,29031,743000000,743000000
1,7430,743000000,743000100,17418,29031,743100000,743100000
1,7431,743100000,743100100,17418,29031,743200000,743200000
1,7432,743200000,743200100,17418,29031,743300000,743300000
1,7433,743300000,743300100,17418,29031,743400000,743400000
1,7434,743400000,743400100,17418,29031,743500000,743500000
1,7435,743500000,743500100,17418,29031,743600000,743600000
1,7436,743600000,743600100,17418,29031,743700000,743700000
1,7437,743700000,743700100,17418,29031,743800000,743800000
1,7438,743800000,743800100,17418,29031,743900000,743900000
1,7439,743900000,743900100,17418,29031,744000000,744000000
1,7440,744000000,744000100,17418,29031,744100000,744100000
1,7441,744100000,744100100,17418,29031,744200000,744200000
1,7442,744200000,744200100,17418,29031,744300000,744300000
1,7443,744300000,744300100,17418,29031,744400000,744400000
1,7444,744400000,744400100,17418,29031,744500000,744500000
1,7445,744500000,744500100,17418,29031,744600000,744600000
1,7446,744600000,744600100,17418,29031,744700000,744700000
1,7447,744700000,744700100,17418,29031,744800000,744800000
1,7448,744800000,744800100,17418,29031,744900000,744900000
1,7449,744900000,744900100,17418,29031,745000000,745000000
1,7450,745000000,745000100,17418,29031,745100000,745100000
1,7451,745100000,745100100,17418,29031,745200000,745200000
1,7452,745200000,745200100,17418,29031,745300000,745300000
1,7453,745300000,745300100,17418,29031,745400000,745400000
1,7454,745400000,745400100,17418,29031,745500000,745500000
1,7455,745500000,745500100,17418,29031,745600000,745600000
1,7456,745600000,745600100,17418,29031,745700000,745700000
1,7457,745700000,745700100,17418,29031,745800000,745800000
1,7458,745800000,745800100,17418,29031,745900000,745900000
1,7459,745900000,745900100,17418,29031,746000000,746000000
1,7460,746000000,746000100,17418,29031,746100000,746100000
1,7461,746100000,746100100,17418,29031,746200000,746200000
1,7462,746200000,746200100,17418,29031,746300000,746300000
1,7463,746300000,746300100,17418,29031,746400000,746400000
1,7464,746400000,746400100,17418,29031,746500000,746500000
1,7465,746500000,746500100,17418,29031,746600000,746600000
1,7466,746600000,746600100,17418,29031,746700000,746700000
1,7467,746700000,746700100,17418,29031,746800000,746800000
1,7468,746800000,746800100,17418,29031,746900000,746900000
1,7469,746900000,746900100,17418,29031,747000000,747000000
1,7470,747000000,747000100,17418,29031,747100000,747100000
1,7471,747100000,747100100,17418,29031,747200000,747200000
1,7472,747200000,747200100,17418,29031,747300000,747300000
1,7473,747300000,747300100,17418,29031,747400000,747400000
1,7474,747400000,747400100,17418,29031,747500000,747500000
1,7475,747500000,747500100,17418,29031,747600000,747600000
1,7476,747600000,747600100,17418,29031,747700000,747700000
1,7477,747700000,747700100,17418,29031,747800000,747800000
1,7478,747800000,747800100,17418,29031,747900000,747900000
1,7479,747900000,747900100,17418,29031,748000000,748000000
1,7480,748000000,748000100,17418,29031,748100000,748100000
1,7481,748100000,748100100,17418,29031,748200000,748200000
1,7482,748200000,748200100,17418,29031,748300000,748300000
1,7483,748300000,748300100,17418,29031,748400000,748400000
1,7484,748400000,748400100,17418,29031,748500000,748500000
1,7485,748500000,748500100,17418,29031,748600000,748600000
1,7486,748600000,748600100,17418,29031,748700000,748700000
1,7487,748700000,748700100,17418,29031,748800000,748800000
1,7488,748800000,748800100,17418,29031,748900000,748900000
1,7489,748900000,748900100,17418,29031,749000000,749000000
1,7490,749000000,749000100,17418,29031,749100000,749100000
1,7491,749100000,749100100,17418,29031,749200000,749200000
1,7492,749200000,749200100,17418,29031,749300000,749300000
1,7493,749300000,749300100,17418,29031,749400000,749400000
1,7494,749400000,749400100,17418,29031,749500000,749500000
1,7495,749500000,749500100,17418,29031,749600000,749600000
1,7496,749600000,749600100,17418,29031,749700000,749700000
1,7497,749700000,749700100,17418,29031,749800000,749800000
1,7498,749800000,749800100,17418,29031,749900000,749900000
1,7499,749900000,749900100,17418,29031,750000000,750000000
1,7500,750000000,750000100,17418,29031,750100000,750100000
1,7501,750100000,750100100,17418,29031,750200000,750200000
1,7502,750200000,750200100,17418,29031,750300000,750300000
1,7503,750300000,750300100,17418,29031,750400000,750400000
1,7504,750400000,750400100,17418,29031,750500000,750500000
1,7505,750500000,750500100,17418,29031,750600000,750600000
1,7506,750600000,750600100,17418,29031,750700000,750700000
1,7507,750700000,750700100,17418,29031,750800000,750800000
1,7508,750800000,750800100,17418,29031,750900000,750900000
1,7509,750900000,750900100,17418,29031,751000000,751000000
1,7510,751000000,751000100,17418,29031,751100000,751100000
1,7511,751100000,751100100,17418,29031,751200000,751200000
1,7512,751200000,751200100,17418,29031,751300000,751300000
1,7513,751300000,751300100,17418,29031,751400000,751400000
1,7514,751400000,751400100,17418,29031,751500000,751500000
1,7515,751500000,751500100,17418,29031,751600000,751600000
1,7516,751600000,751600100,17418,29031,751700000,751700000
1,7517,751700000,751700100,17418,29031,751800000,751800000
1,7518,751800000,751800100,17418,29031,751900000,751900000
1,7519,751900000,751900100,17418,29031,752000000,752000000
1,7520,752000000,752000100,17418,29031,752100000,752100000
1,7521,752100000,752100100,17418,29031,752200000,752200000
1,7522,752200000,752200100,17418,29031,752300000,752300000
1,7523,752300000,752300100,17418,29031,752400000,752400000
1,7524,752400000,752400100,17418,29031,752500000,752500000
1,7525,752500000,752500100,17418,29031,752600000,752600000
1,7526,752600000,752600100,17418,29031,752700000,752700000
1,7527,752700000,752700100,17418,29031,752800000,752800000
1,7528,752800000,752800100,17418,29031,752900000,752900000
1,7529,752900000,752900100,17418,29031,753000000,753000000
1,7530,753000000,753000100,17418,29031,753100000,753100000
1,7531,753100000,753100100,17418,29031,753200000,753200000
1,7532,753200000,753200100,17418,29031,753300000,753300000
1,7533,753300000,753300100,17418,29031,753400000,753400000
1,7534,753400000,753400100,17418,29031,753500000,753500000
1,7535,753500000,753500100,17418,29031,753600000,753600000
1,7536,753600000,753600100,17418,29031,753700000,753700000
1,7537,753700000,753700100,17418,29031,753800000,753800000
1,7538,753800000,753800100,17418,29031,753900000,753900000
1,7539,753900000,753900100,17418,29031,754000000,754000000
1,7540,754000000,754000100,17418,29031,754100000,754100000
1,7541,754100000,754100100,17418,29031,754200000,754200000
1,7542,754200000,754200100,17418,29031,754300000,754300000
1,7543,754300000,754300100,17418,29031,754400000,754400000
1,7544,754400000,754400100,17418,29031,754500000,754500000
1,7545,754500000,754500100,17418,29031,754600000,754600000
1,7546,754600000,754600100,17418,29031,754700000,754700000
1,7547,754700000,754700100,17418,29031,754800000,754800000
1,7548,754800000,754800100,17418,29031,754900000,754900000
1,7549,754900000,754900100,17418,29031,755000000,755000000
1,7550,755000000,755000100,17418,29031,755100000,755100000
1,7551,755100000,755100100,17418,29031,755200000,755200000
1,7552,755200000,755200100,17418,29031,755300000,755300000
1,7553,755300000,755300100,17418,29031,755400000,755400000
1,7554,755400000,755400100,17418,29031,755500000,755500000
1,7555,755500000,755500100,17418,29031,755600000,755600000
1,7556,755600000,755600100,17418,29031,755700000,755700000
1,7557,755700000,755700100,17418,29031,755800000,755800000
1,7558,755800000,755800100,17418,29031,755900000,755900000
1,7559,755900000,755900100,17418,29031,756000000,756000000
1,7560,756000000,756000100,17418,29031,756100000,756100000
1,7561,756100000,756100100,17418,29031,756200000,756200000
1,7562,756200000,756200100,17418,29031,756300000,756300000
1,7563,756300000,756300100,17418,29031,756400000,756400000
1,7564,756400000,756400100,17418,29031,756500000,756500000
1,7565,756500000,756500100,17418,29031,756600000,756600000
1,7566,756600000,756600100,17418,29031,756700000,756700000
1,7567,756700000,756700100,17418,29031,756800000,756800000
1,7568,756800000,756800100,17418,29031,756900000,756900000
1,7569,756900000,756900100,17418,29031,757000000,757000000
1,7570,757000000,757000100,17418,29031,757100000,757100000
1,7571,757100000,757100100,17418,29031,757200000,757200000
1,7572,757200000,757200100,17418,29031,757300000,757300000
1,7573,757300000,757300100,17418,29031,757400000,757400000
1,7574,757400000,757400100,17418,29031,757500000,757500000
1,7575,757500000,757500100,17418,29031,757600000,757600000
1,7576,757600000,757600100,17418,29031,757700000,757700000
1,7577,757700000,757700100,17418,29031,757800000,757800000
1,7578,757800000,757800100,17418,29031,757900000,757900000
1,7579,757900000,757900100,17418,29031,758000000,758000000
1,7580,758000000,758000100,17418,29031,758100000,758100000
1,7581,758100000,758100100,17418,29031,758200000,758200000
1,7582,758200000,758200100,17418,29031,758300000,758300000
1,7583,758300000,758300100,17418,29031,758400000,758400000
1,7584,758400000,758400100,17418,29031,758500000,758500000
1,7585,758500000,758500100,17418,29031,758600000,758600000
1,7586,758600000,758600100,17418,29031,758700000,758700000
1,7587,758700000,758700100,17418,29031,758800000,758800000
1,7588,758800000,758800100,17418,29031,758900000,758900000
1,7589,758900000,758900100,17418,29031,759000000,759000000
1,7590,759000000,759000100,17418,29031,759100000,759100000
1,7591,759100000,759100100,17418,29031,759200000,759200000
1,7592,759200000,759200100,17418,29031,759300000,759300000
1,7593,759300000,759300100,17418,29031,759400000,759400000
1,7594,759400000,759400100,17418,29031,759500000,759500000
1,7595,759500000,759500100,17418,29031,759600000,759600000
1,7596,759600000,759600100,17418,29031,759700000,759700000
1,7597,759700000,759700100,17418,29031,759800000,759800000
1,7598,759800000,759800100,17418,29031,759900000,759900000
1,7599,759900000,759900100,17418,29031,760000000,760000000
1,7600,760000000,760000100,17418,29031,760100000,760100000
1,7601,760100000,760100100,17418,29031,760200000,760200000
1,7602,760200000,760200100,17418,29031,760300000,760300000
1,7603,760300000,760300100,17418,29031,760400000,760400000
1,7604,760400000,760400100,17418,29031,760500000,760500000
1,7605,760500000,760500100,17418,29031,760600000,760600000
1,7606,760600000,760600100,17418,29031,760700000,760700000
1,7607,760700000,760700100,17418,29031,760800000,760800000
1,7608,760800000,760800100,17418,29031,760900000,760900000
1,7609,760900000,760900100,17418,29031,761000000,761000000
1,7610,761000000,761000100,17418,29031,761100000,761100000
1,7611,761100000,761100100,17418,29031,761200000,761200000
1,7612,761200000,761200100,17418,29031,761300000,761300000
1,7613,761300000,761300100,17418,29031,761400000,761400000
1,7614,761400000,761400100,17418,29031,761500000,761500000
1,7615,761500000,761500100,17418,29031,761600000,761600000
1,7616,761600000,761600100,17418,29031,761700000,761700000
1,7617,761700000,761700100,17418,29031,761800000,761800000
1,7618,761800000,761800100,17418,29031,761900000,761900000
1,7619,761900000,761900100,17418,29031,762000000,762000000
1,7620,762000000,762000100,17418,29031,762100000,762100000
1,7621,762100000,762100100,17418,29031,762200000,762200000
1,7622,762200000,762200100,17418,29031,762300000,762300000
1,7623,762300000,762300100,17418,29031,762400000,762400000
1,7624,762400000,762400100,17418,29031,762500000,762500000
1,7625,762500000,762500100,17418,29031,762600000,762600000
1,7626,762600000,762600100,17418,29031,762700000,762700000
1,7627,762700000,762700100,17418,29031,762800000,762800000
1,7628,762800000,762800100,17418,29031,762900000,762900000
1,7629,762900000,762900100,17418,29031,763000000,763000000
1,7630,763000000,763000100,17418,29031,763100000,763100000
1,7631,763100000,763100100,17418,29031,763200000,763200000
1,7632,763200000,763200100,17418,29031,763300000,763300000
1,7633,763300000,763300100,17418,29031,763400000,763400000
1,7634,763400000,763400100,17418,29031,763500000,763500000
1,7635,763500000,763500100,17418,29031,763600000,763600000
1,7636,763600000,763600100,17418,29031,763700000,763700000
1,7637,763700000,763700100,17418,29031,763800000,763800000
1,7638,763800000,763800100,17418,29031,763900000,763900000
1,7639,763900000,763900100,17418,29031,764000000,764000000
1,7640,764000000,764000100,17418,29031,764100000,764100000
1,7641,764100000,764100100,17418,29031,764200000,764200000
1,7642,764200000,764200100,17418,29031,764300000,764300000
1,7643,764300000,764300100,17418,29031,764400000,764400000
1,7644,764400000,764400100,17418,29031,764500000,764500000
1,7645,764500000,764500100,17418,29031,764600000,764600000
1,7646,764600000,764600100,17418,29031,764700000,764700000
1,7647,764700000,764700100,17418,29031,764800000,764800000
1,7648,764800000,764800100,17418,29031,764900000,764900000
1,7649,764900000,764900100,17418,29031,765000000,765000000
1,7650,765000000,765000100,17418,29031,765100000,765100000
1,7651,765100000,765100100,17418,29031,765200000,765200000
1,7652,765200000,765200100,17418,29031,765300000,765300000
1,7653,765300000,765300100,17418,29031,765400000,765400000
1,7654,765400000,765400100,17418,29031,765500000,765500000
1,7655,765500000,765500100,17418,29031,765600000,765600000
1,7656,765600000,765600100,17418,29031,765700000,765700000
1,7657,765700000,765700100,17418,29031,765800000,765800000
1,7658,765800000,765800100,17418,29031,765900000,765900000
1,7659,765900000,765900100,17418,29031,766000000,766000000
1,7660,766000000,766000100,17418,29031,766100000,766100000
1,7661,766100000,766100100,17418,29031,766200000,766200000
1,7662,766200000,766200100,17418,29031,766300000,766300000
1,7663,766300000,766300100,17418,29031,766400000,766400000
1,7664,766400000,766400100,17418,29031,766500000,766500000
1,7665,766500000,766500100,17418,29031,766600000,766600000
1,7666,766600000,766600100,17418,29031,766700000,766700000
1,7667,766700000,766700100,17418,29031,766800000,766800000
1,7668,766800000,766800100,17418,29031,766900000,766900000
1,7669,766900000,766900100,17418,29031,767000000,767000000
1,7670,767000000,767000100,17418,29031,767100000,767100000
1,7671,767100000,767100100,17418,29031,767200000,767200000
1,7672,767200000,767200100,17418,29031,767300000,767300000
1,7673,767300000,767300100,17418,29031,767400000,767400000
1,7674,767400000,767400100,17418,29031,767500000,767500000
1,7675,767500000,767500100,17418,29031,767600000,767600000
1,7676,767600000,767600100,17418,29031,767700000,767700000
1,7677,767700000,767700100,17418,29031,767800000,767800000
1,7678,767800000,767800100,17418,29031,767900000,767900000
1,7679,767900000,767900100,17418,29031,768000000,768000000
1,7680,768000000,768000100,17418,29031,768100000,768100000
1,7681,768100000,768100100,17418,29031,768200000,768200000
1,7682,768200000,768200100,17418,29031,768300000,768300000
1,7683,768300000,768300100,17418,29031,768400000,768400000
1,7684,768400000,768400100,17418,29031,768500000,768500000
1,7685,768500000,768500100,17418,29031,768600000,768600000
1,7686,768600000,768600100,17418,29031,768700000,768700000
1,7687,768700000,768700100,17418,29031,768800000,768800000
1,7688,768800000,768800100,17418,29031,768900000,768900000
1,7689,768900000,768900100,17418,29031,769000000,769000000
1,7690,769000000,769000100,17418,29031,769100000,769100000
1,7691,769100000,769100100,17418,29031,769200000,769200000
1,7692,769200000,769200100,17418,29031,769300000,769300000
1,7693,769300000,769300100,17418,29031,769400000,769400000
1,7694,769400000,769400100,17418,29031,769500000,769500000
1,7695,769500000,769500100,17418,29031,769600000,769600000
1,7696,769600000,769600100,17418,29031,769700000,769700000
1,7697,769700000,769700100,17418,29031,769800000,769800000
1,7698,769800000,769800100,17418,29031,769900000,769900000
1,7699,769900000,769900100,17418,29031,770000000,770000000
1,7700,770000000,770000100,17418,29031,770100000,770100000
1,7701,770100000,770100100,17418,29031,770200000,770200000
1,7702,770200000,770200100,17418,29031,770300000,770300000
1,7703,770300000,770300100,17418,29031,770400000,770400000
1,7704,770400000,770400100,17418,29031,770500000,770500000
1,7705,770500000,770500100,17418,29031,770600000,770600000
1,7706,770600000,770600100,17418,29031,770700000,770700000
1,7707,770700000,770700100,17418,29031,770800000,770800000
1,7708,770800000,770800100,17418,29031,770900000,770900000
1,7709,770900000,770900100,17418,29031,771000000,771000000
1,7710,771000000,771000100,17418,29031,771100000,771100000
1,7711,771100000,771100100,17418,29031,771200000,771200000
1,7712,771200000,771200100,17418,29031,771300000,771300000
1,7713,771300000,771300100,17418,29031,771400000,771400000
1,7714,771400000,771400100,17418,29031,771500000,771500000
1,7715,771500000,771500100,17418,29031,771600000,771600000
1,7716,771600000,771600100,17418,29031,771700000,771700000
1,7717,771700000,771700100,17418,29031,771800000,771800000
1,7718,771800000,771800100,17418,29031,771900000,771900000
1,7719,771900000,771900100,17418,29031,772000000,772000000
1,7720,772000000,772000100,17418,29031,772100000,772100000
1,7721,772100000,772100100,17418,29031,772200000,772200000
1,7722,772200000,772200100,17418,29031,772300000,772300000
1,7723,772300000,772300100,17418,29031,772400000,772400000
1,7724,772400000,772400100,17418,29031,772500000,772500000
1,7725,772500000,772500100,17418,29031,772600000,772600000
1,7726,772600000,772600100,17418,29031,772700000,772700000
1,7727,772700000,772700100,17418,29031,772800000,772800000
1,7728,772800000,772800100,17418,29031,772900000,772900000
1,7729,772900000,772900100,17418,29031,773000000,773000000
1,7730,773000000,773000100,17418,29031,773100000,773100000
1,7731,773100000,773100100,17418,29031,773200000,773200000
1,7732,773200000,773200100,17418,29031,773300000,773300000
1,7733,773300000,773300100,17418,29031,773400000,773400000
1,7734,773400000,773400100,17418,29031,773500000,773500000
1,7735,773500000,773500100,17418,29031,773600000,773600000
1,7736,773600000,773600100,17418,29031,773700000,773700000
1,7737,773700000,773700100,17418,29031,773800000,773800000
1,7738,773800000,773800100,17418,29031,773900000,773900000
1,7739,773900000,773900100,17418,29031,774000000,774000000
1,7740,774000000,774000100,17418,29031,774100000,774100000
1,7741,774100000,774100100,17418,29031,774200000,774200000
1,7742,774200000,774200100,17418,29031,774300000,774300000
1,7743,774300000,774300100,17418,29031,774400000,774400000
1,7744,774400000,774400100,17418,29031,774500000,774500000
1,7745,774500000,774500100,17418,29031,774600000,774600000
1,7746,774600000,774600100,17418,29031,774700000,774700000
1,7747,774700000,774700100,17418,29031,774800000,774800000
1,7748,774800000,774800100,17418,29031,774900000,774900000
1,7749,774900000,774900100,17418,29031,775000000,775000000
1,7750,775000000,775000100,17418,29031,775100000,775100000
1,7751,775100000,775100100,17418,29031,775200000,775200000
1,7752,775200000,775200100,17418,29031,775300000,775300000
1,7753,775300000,775300100,17418,29031,775400000,775400000
1,7754,775400000,775400100,17418,29031,775500000,775500000
1,7755,775500000,775500100,17418,29031,775600000,775600000
1,7756,775600000,775600100,17418,29031,775700000,775700000
1,7757,775700000,775700100,17418,29031,775800000,775800000
1,7758,775800000,775800100,17418,29031,775900000,775900000
1,7759,775900000,775900100,17418,29031,776000000,776000000
1,7760,776000000,776000100,17418,29031,776100000,776100000
1,7761,776100000,776100100,17418,29031,776200000,776200000
1,7762,776200000,776200100,17418,29031,776300000,776300000
1,7763,776300000,776300100,17418,29031,776400000,776400000
1,7764,776400000,776400100,17418,29031,776500000,776500000
1,7765,776500000,776500100,17418,29031,776600000,776600000
1,7766,776600000,776600100,17418,29031,776700000,776700000
1,7767,776700000,776700100,17418,29031,776800000,776800000
1,7768,776800000,776800100,17418,29031,776900000,776900000
1,7769,776900000,776900100,17418,29031,777000000,777000000
1,7770,777000000,777000100,17418,29031,777100000,777100000
1,7771,777100000,777100100,17418,29031,777200000,777200000
1,7772,777200000,777200100,17418,29031,777300000,777300000
1,7773,777300000,777300100,17418,29031,777400000,777400000
1,7774,777400000,777400100,17418,29031,777500000,777500000
1,7775,777500000,777500100,17418,29031,777600000,777600000
1,7776,777600000,777600100,17418,29031,777700000,777700000
1,7777,777700000,777700100,17418,29031,777800000,777800000
1,7778,777800000,777800100,17418,29031,777900000,777900000
1,7779,777900000,777900100,17418,29031,778000000,778000000
1,7780,778000000,778000100,17418,29031,778100000,778100000
1,7781,778100000,778100100,17418,29031,778200000,778200000
1,7782,778200000,778200100,17418,29031,778300000,778300000
1,7783,778300000,778300100,17418,29031,778400000,778400000
1,7784,778400000,778400100,17418,29031,778500000,778500000
1,7785,778500000,778500100,17418,29031,778600000,778600000
1,7786,778600000,778600100,17418,29031,778700000,778700000
1,7787,778700000,778700100,17418,29031,778800000,778800000
1,7788,778800000,778800100,17418,29031,778900000,778900000
1,7789,778900000,778900100,17418,29031,779000000,779000000
1,7790,779000000,779000100,17418,29031,779100000,779100000
1,7791,779100000,779100100,17418,29031,779200000,779200000
1,7792,779200000,779200100,17418,29031,779300000,779300000
1,7793,779300000,779300100,17418,29031,779400000,779400000
1,7794,779400000,779400100,17418,29031,779500000,779500000
1,7795,779500000,779500100,17418,29031,779600000,779600000
1,7796,779600000,779600100,17418,29031,779700000,779700000
1,7797,779700000,779700100,17418,29031,779800000,779800000
1,7798,779800000,779800100,17418,29031,779900000,779900000
1,7799,779900000,779900100,17418,29031,780000000,780000000
1,7800,780000000,780000100,17418,29031,780100000,780100000
1,7801,780100000,780100100,17418,29031,780200000,780200000
1,7802,780200000,780200100,17418,29031,780300000,780300000
1,7803,780300000,780300100,17418,29031,780400000,780400000
1,7804,780400000,780400100,17418,29031,780500000,780500000
1,7805,780500000,780500100,17418,29031,780600000,780600000
1,7806,780600000,780600100,17418,29031,780700000,780700000
1,7807,780700000,780700100,17418,29031,780800000,780800000
1,7808,780800000,780800100,17418,29031,780900000,780900000
1,7809,780900000,780900100,17418,29031,781000000,781000000
1,7810,781000000,781000100,17418,29031,781100000,781100000
1,7811,781100000,781100100,17418,29031,781200000,781200000
1,7812,781200000,781200100,17418,29031,781300000,781300000
1,7813,781300000,781300100,17418,29031,781400000,781400000
1,7814,781400000,781400100,17418,29031,781500000,781500000
1,7815,781500000,781500100,17418,29031,781600000,781600000
1,7816,781600000,781600100,17418,29031,781700000,781700000
1,7817,781700000,781700100,17418,29031,781800000,781800000
1,7818,781800000,781800100,17418,29031,781900000,781900000
1,7819,781900000,781900100,17418,29031,782000000,782000000
1,7820,782000000,782000100,17418,29031,782100000,782100000
1,7821,782100000,782100100,17418,29031,782200000,782200000
1,7822,782200000,782200100,17418,29031,782300000,782300000
1,7823,782300000,782300100,17418,29031,782400000,782400000
1,7824,782400000,782400100,17418,29031,782500000,782500000
1,7825,782500000,782500100,17418,29031,782600000,782600000
1,7826,782600000,782600100,17418,29031,782700000,782700000
1,7827,782700000,782700100,17418,29031,782800000,782800000
1,7828,782800000,782800100,17418,29031,782900000,782900000
1,7829,782900000,782900100,17418,29031,783000000,783000000
1,7830,783000000,783000100,17418,29031,783100000,783100000
1,7831,783100000,783100100,17418,29031,783200000,783200000
1,7832,783200000,783200100,17418,29031,783300000,783300000
1,7833,783300000,783300100,17418,29031,783400000,783400000
1,7834,783400000,783400100,17418,29031,783500000,783500000
1,7835,783500000,783500100,17418,29031,783600000,783600000
1,7836,783600000,783600100,17418,29031,783700000,783700000
1,7837,783700000,783700100,17418,29031,783800000,783800000
1,7838,783800000,783800100,17418,29031,783900000,783900000
1,7839,783900000,783900100,17418,29031,784000000,784000000
1,7840,784000000,784000100,17418,29031,784100000,784100000
1,7841,784100000,784100100,17418,29031,784200000,784200000
1,7842,784200000,784200100,17418,29031,784300000,784300000
1,7843,784300000,784300100,17418,29031,784400000,784400000
1,7844,784400000,784400100,17418,29031,784500000,784500000
1,7845,784500000,784500100,17418,29031,784600000,784600000
1,7846,784600000,784600100,17418,29031,784700000,784700000
1,7847,784700000,784700100,17418,29031,784800000,784800000
1,7848,784800000,784800100,17418,29031,784900000,784900000
1,7849,784900000,784900100,17418,29031,785000000,785000000
1,7850,785000000,785000100,17418,29031,785100000,785100000
1,7851,785100000,785100100,17418,29031,785200000,785200000
1,7852,785200000,785200100,17418,29031,785300000,785300000
1,7853,785300000,785300100,17418,29031,785400000,785400000
1,7854,785400000,785400100,17418,29031,785500000,785500000
1,7855,785500000,785500100,17418,29031,785600000,785600000
1,7856,785600000,785600100,17418,29031,785700000,785700000
1,7857,785700000,785700100,17418,29031,785800000,785800000
1,7858,785800000,785800100,17418,29031,785900000,785900000
1,7859,785900000,785900100,17418,29031,786000000,786000000
1,7860,786000000,786000100,17418,29031,786100000,786100000
1,7861,786100000,786100100,17418,29031,786200000,786200000
1,7862,786200000,786200100,17418,29031,786300000,786300000
1,7863,786300000,786300100,17418,29031,786400000,786400000
1,7864,786400000,786400100,17418,29031,786500000,786500000
1,7865,786500000,786500100,17418,29031,786600000,786600000
1,7866,786600000,786600100,17418,29031,786700000,786700000
1,7867,786700000,786700100,17418,29031,786800000,786800000
1,7868,786800000,786800100,17418,29031,786900000,786900000
1,7869,786900000,786900100,17418,29031,787000000,787000000
1,7870,787000000,787000100,17418,29031,787100000,787100000
1,7871,787100000,787100100,17418,29031,787200000,787200000
1,7872,787200000,787200100,17418,29031,787300000,787300000
1,7873,787300000,787300100,17418,29031,787400000,787400000
1,7874,787400000,787400100,17418,29031,787500000,787500000
1,7875,787500000,787500100,17418,29031,787600000,787600000
1,7876,787600000,787600100,17418,29031,787700000,787700000
1,7877,787700000,787700100,17418,29031,787800000,787800000
1,7878,787800000,787800100,17418,29031,787900000,787900000
1,7879,787900000,787900100,17418,29031,788000000,788000000
1,7880,788000000,788000100,17418,29031,788100000,788100000
1,7881,788100000,788100100,17418,29031,788200000,788200000
1,7882,788200000,788200100,17418,29031,788300000,788300000
1,7883,788300000,788300100,17418,29031,788400000,788400000
1,7884,788400000,788400100,17418,29031,788500000,788500000
1,7885,788500000,788500100,17418,29031,788600000,788600000
1,7886,788600000,788600100,17418,29031,788700000,788700000
1,7887,788700000,788700100,17418,29031,788800000,788800000
1,7888,788800000,788800100,17418,29031,788900000,788900000
1,7889,788900000,788900100,17418,29031,789000000,789000000
1,7890,789000000,789000100,17418,29031,789100000,789100000
1,7891,789100000,789100100,17418,29031,789200000,789200000
1,7892,789200000,789200100,17418,29031,789300000,789300000
1,7893,789300000,789300100,17418,29031,789400000,789400000
1,7894,789400000,789400100,17418,29031,789500000,789500000
1,7895,789500000,789500100,17418,29031,789600000,789600000
1,7896,789600000,789600100,17418,29031,789700000,789700000
1,7897,789700000,789700100,17418,29031,789800000,789800000
1,7898,789800000,789800100,17418,29031,789900000,789900000
1,7899,789900000,789900100,17418,29031,790000000,790000000
1,7900,790000000,790000100,17418,29031,790100000,790100000
1,7901,790100000,790100100,17418,29031,790200000,790200000
1,7902,790200000,790200100,17418,29031,790300000,790300000
1,7903,790300000,790300100,17418,29031,790400000,790400000
1,7904,790400000,790400100,17418,29031,790500000,790500000
1,7905,790500000,790500100,17418,29031,790600000,790600000
1,7906,790600000,790600100,17418,29031,790700000,790700000
1,7907,790700000,790700100,17418,29031,790800000,790800000
1,7908,790800000,790800100,17418,29031,790900000,790900000
1,7909,790900000,790900100,17418,29031,791000000,791000000
1,7910,791000000,791000100,17418,29031,791100000,791100000
1,7911,791100000,791100100,17418,29031,791200000,791200000
1,7912,791200000,791200100,17418,29031,791300000,791300000
1,7913,791300000,791300100,17418,29031,791400000,791400000
1,7914,791400000,791400100,17418,29031,791500000,791500000
1,7915,791500000,791500100,17418,29031,791600000,791600000
1,7916,791600000,791600100,17418,29031,791700000,791700000
1,7917,791700000,791700100,17418,29031,791800000,791800000
1,7918,791800000,791800100,17418,29031,791900000,791900000
1,7919,791900000,791900100,17418,29031,792000000,792000000
1,7920,792000000,792000100,17418,29031,792100000,792100000
1,7921,792100000,792100100,17418,29031,792200000,792200000
1,7922,792200000,792200100,17418,29031,792300000,792300000
1,7923,792300000,792300100,17418,29031,792400000,792400000
1,7924,792400000,792400100,17418,29031,792500000,792500000
1,7925,792500000,792500100,17418,29031,792600000,792600000
1,7926,792600000,792600100,17418,29031,792700000,792700000
1,7927,792700000,792700100,17418,29031,792800000,792800000
1,7928,792800000,792800100,17418,29031,792900000,792900000
1,7929,792900000,792900100,17418,29031,793000000,793000000
1,7930,793000000,793000100,17418,29031,793100000,793100000
1,7931,793100000,793100100,17418,29031,793200000,793200000
1,7932,793200000,793200100,17418,29031,793300000,793300000
1,7933,793300000,793300100,17418,29031,793400000,793400000
1,7934,793400000,793400100,17418,29031,793500000,793500000
1,7935,793500000,793500100,17418,29031,793600000,793600000
1,7936,793600000,793600100,17418,29031,793700000,793700000
1,7937,793700000,793700100,17418,29031,793800000,793800000
1,7938,793800000,793800100,17418,29031,793900000,793900000
1,7939,793900000,793900100,17418,29031,794000000,794000000
1,7940,794000000,794000100,17418,29031,794100000,794100000
1,7941,794100000,794100100,17418,29031,794200000,794200000
1,7942,794200000,794200100,17418,29031,794300000,794300000
1,7943,794300000,794300100,17418,29031,794400000,794400000
1,7944,794400000,794400100,17418,29031,794500000,794500000
1,7945,794500000,794500100,17418,29031,794600000,794600000
1,7946,794600000,794600100,17418,29031,794700000,794700000
1,7947,794700000,794700100,17418,29031,794800000,794800000
1,7948,794800000,794800100,17418,29031,794900000,794900000
1,7949,794900000,794900100,17418,29031,795000000,795000000
1,7950,795000000,795000100,17418,29031,795100000,795100000
1,7951,795100000,795100100,17418,29031,795200000,795200000
1,7952,795200000,795200100,17418,29031,795300000,795300000
1,7953,795300000,795300100,17418,29031,795400000,795400000
1,7954,795400000,795400100,17418,29031,795500000,795500000
1,7955,795500000,795500100,17418,29031,795600000,795600000
1,7956,795600000,795600100,17418,29031,795700000,795700000
1,7957,795700000,795700100,17418,29031,795800000,795800000
1,7958,795800000,795800100,17418,29031,795900000,795900000
1,7959,795900000,795900100,17418,29031,796000000,796000000
1,7960,796000000,796000100,17418,29031,796100000,796100000
1,7961,796100000,796100100,17418,29031,796200000,796200000
1,7962,796200000,796200100,17418,29031,796300000,796300000
1,7963,796300000,796300100,17418,29031,796400000,796400000
1,7964,796400000,796400100,17418,29031,796500000,796500000
1,7965,796500000,796500100,17418,29031,796600000,796600000
1,7966,796600000,796600100,17418,29031,796700000,796700000
1,7967,796700000,796700100,17418,29031,796800000,796800000
1,7968,796800000,796800100,17418,29031,796900000,796900000
1,7969,796900000,796900100,17418,29031,797000000,797000000
1,7970,797000000,797000100,17418,29031,797100000,797100000
1,7971,797100000,797100100,17418,29031,797200000,797200000
1,7972,797200000,797200100,17418,29031,797300000,797300000
1,7973,797300000,797300100,17418,29031,797400000,797400000
1,7974,797400000,797400100,17418,29031,797500000,797500000
1,7975,797500000,797500100,17418,29031,797600000,797600000
1,7976,797600000,797600100,17418,29031,797700000,797700000
1,7977,797700000,797700100,17418,29031,797800000,797800000
1,7978,797800000,797800100,17418,29031,797900000,797900000
1,7979,797900000,797900100,17418,29031,798000000,798000000
1,7980,798000000,798000100,17418,29031,798100000,798100000
1,7981,798100000,798100100,17418,29031,798200000,798200000
1,7982,798200000,798200100,17418,29031,798300000,798300000
1,7983,798300000,798300100,17418,29031,798400000,798400000
1,7984,798400000,798400100,17418,29031,798500000,798500000
1,7985,798500000,798500100,17418,29031,798600000,798600000
1,7986,798600000,798600100,17418,29031,798700000,798700000
1,7987,798700000,798700100,17418,29031,798800000,798800000
1,7988,798800000,798800100,17418,29031,798900000,798900000
1,7989,798900000,798900100,17418,29031,799000000,799000000
1,7990,799000000,799000100,17418,29031,799100000,799100000
1,7991,799100000,799100100,17418,29031,799200000,799200000
1,7992,799200000,799200100,17418,29031,799300000,799300000
1,7993,799300000,799300100,17418,29031,799400000,799400000
1,7994,799400000,799400100,17418,29031,799500000,799500000
1,7995,799500000,799500100,17418,29031,799600000,799600000
1,7996,799600000,799600100,17418,29031,799700000,799700000
1,7997,799700000,799700100,17418,29031,799800000,799800000
1,7998,799800000,799800100,17418,29031,799900000,799900000
1,7999,799900000,799900100,17418,29031,800000000,800000000
1,8000,800000000,800000100,17418,29031,800100000,800100000
1,8001,800100000,800100100,17418,29031,800200000,800200000
1,8002,800200000,800200100,17418,29031,800300000,800300000
1,8003,800300000,800300100,17418,29031,800400000,800400000
1,8004,800400000,800400100,17418,29031,800500000,800500000
1,8005,800500000,800500100,17418,29031,800600000,800600000
1,8006,800600000,800600100,17418,29031,800700000,800700000
1,8007,800700000,800700100,17418,29031,800800000,800800000
1,8008,800800000,800800100,17418,29031,800900000,800900000
1,8009,800900000,800900100,17418,29031,801000000,801000000
1,8010,801000000,801000100,17418,29031,801100000,801100000
1,8011,801100000,801100100,17418,29031,801200000,801200000
1,8012,801200000,801200100,17418,29031,801300000,801300000
1,8013,801300000,801300100,17418,29031,801400000,801400000
1,8014,801400000,801400100,17418,29031,801500000,801500000
1,8015,801500000,801500100,17418,29031,801600000,801600000
1,8016,801600000,801600100,17418,29031,801700000,801700000
1,8017,801700000,801700100,17418,29031,801800000,801800000
1,8018,801800000,801800100,17418,29031,801900000,801900000
1,8019,801900000,801900100,17418,29031,802000000,802000000
1,8020,802000000,802000100,17418,29031,802100000,802100000
1,8021,802100000,802100100,17418,29031,802200000,802200000
1,8022,802200000,802200100,17418,29031,802300000,802300000
1,8023,802300000,802300100,17418,29031,802400000,802400000
1,8024,802400000,802400100,17418,29031,802500000,802500000
1,8025,802500000,802500100,17418,29031,802600000,802600000
1,8026,802600000,802600100,17418,29031,802700000,802700000
1,8027,802700000,802700100,17418,29031,802800000,802800000
1,8028,802800000,802800100,17418,29031,802900000,802900000
1,8029,802900000,802900100,17418,29031,803000000,803000000
1,8030,803000000,803000100,17418,29031,803100000,803100000
1,8031,803100000,803100100,17418,29031,803200000,803200000
1,8032,803200000,803200100,17418,29031,803300000,803300000
1,8033,803300000,803300100,17418,29031,803400000,803400000
1,8034,803400000,803400100,17418,29031,803500000,803500000
1,8035,803500000,803500100,17418,29031,803600000,803600000
1,8036,803600000,803600100,17418,29031,803700000,803700000
1,8037,803700000,803700100,17418,29031,803800000,803800000
1,8038,803800000,803800100,17418,29031,803900000,803900000
1,8039,803900000,803900100,17418,29031,804000000,804000000
1,8040,804000000,804000100,17418,29031,804100000,804100000
1,8041,804100000,804100100,17418,29031,804200000,804200000
1,8042,804200000,804200100,17418,29031,804300000,804300000
1,8043,804300000,804300100,17418,29031,804400000,804400000
1,8044,804400000,804400100,17418,29031,804500000,804500000
1,8045,804500000,804500100,17418,29031,804600000,804600000
1,8046,804600000,804600100,17418,29031,804700000,804700000
1,8047,804700000,804700100,17418,29031,804800000,804800000
1,8048,804800000,804800100,17418,29031,804900000,804900000
1,8049,804900000,804900100,17418,29031,805000000,805000000
1,8050,805000000,805000100,17418,29031,805100000,805100000
1,8051,805100000,805100100,17418,29031,805200000,805200000
1,8052,805200000,805200100,17418,29031,805300000,805300000
1,8053,805300000,805300100,17418,29031,805400000,805400000
1,8054,805400000,805400100,17418,29031,805500000,805500000
1,8055,805500000,805500100,17418,29031,805600000,805600000
1,8056,805600000,805600100,17418,29031,805700000,805700000
1,8057,805700000,805700100,17418,29031,805800000,805800000
1,8058,805800000,805800100,17418,29031,805900000,805900000
1,8059,805900000,805900100,17418,29031,806000000,806000000
1,8060,806000000,806000100,17418,29031,806100000,806100000
1,8061,806100000,806100100,17418,29031,806200000,806200000
1,8062,806200000,806200100,17418,29031,806300000,806300000
1,8063,806300000,806300100,17418,29031,806400000,806400000
1,8064,806400000,806400100,17418,29031,806500000,806500000
1,8065,806500000,806500100,17418,29031,806600000,806600000
1,8066,806600000,806600100,17418,29031,806700000,806700000
1,8067,806700000,806700100,17418,29031,806800000,806800000
1,8068,806800000,806800100,17418,29031,806900000,806900000
1,8069,806900000,806900100,17418,29031,807000000,807000000
1,8070,807000000,807000100,17418,29031,807100000,807100000
1,8071,807100000,807100100,17418,29031,807200000,807200000
1,8072,807200000,807200100,17418,29031,807300000,807300000
1,8073,807300000,807300100,17418,29031,807400000,807400000
1,8074,807400000,807400100,17418,29031,807500000,807500000
1,8075,807500000,807500100,17418,29031,807600000,807600000
1,8076,807600000,807600100,17418,29031,807700000,807700000
1,8077,807700000,807700100,17418,29031,807800000,807800000
1,8078,807800000,807800100,17418,29031,807900000,807900000
1,8079,807900000,807900100,17418,29031,808000000,808000000
1,8080,808000000,808000100,17418,29031,808100000,808100000
1,8081,808100000,808100100,17418,29031,808200000,808200000
1,8082,808200000,808200100,17418,29031,808300000,808300000
1,8083,808300000,808300100,17418,29031,808400000,808400000
1,8084,808400000,808400100,17418,29031,808500000,808500000
1,8085,808500000,808500100,17418,29031,808600000,808600000
1,8086,808600000,808600100,17418,29031,808700000,808700000
1,8087,808700000,808700100,17418,29031,808800000,808800000
1,8088,808800000,808800100,17418,29031,808900000,808900000
1,8089,808900000,808900100,17418,29031,809000000,809000000
1,8090,809000000,809000100,17418,29031,809100000,809100000
1,8091,809100000,809100100,17418,29031,809200000,809200000
1,8092,809200000,809200100,17418,29031,809300000,809300000
1,8093,809300000,809300100,17418,29031,809400000,809400000
1,8094,809400000,809400100,17418,29031,809500000,809500000
1,8095,809500000,809500100,17418,29031,809600000,809600000
1,8096,809600000,809600100,17418,29031,809700000,809700000
1,8097,809700000,809700100,17418,29031,809800000,809800000
1,8098,809800000,809800100,17418,29031,809900000,809900000
1,8099,809900000,809900100,17418,29031,810000000,810000000
1,8100,810000000,810000100,17418,29031,810100000,810100000
1,8101,810100000,810100100,17418,29031,810200000,810200000
1,8102,810200000,810200100,17418,29031,810300000,810300000
1,8103,810300000,810300100,17418,29031,810400000,810400000
1,8104,810400000,810400100,17418,29031,810500000,810500000
1,8105,810500000,810500100,17418,29031,810600000,810600000
1,8106,810600000,810600100,17418,29031,810700000,810700000
1,8107,810700000,810700100,17418,29031,810800000,810800000
1,8108,810800000,810800100,17418,29031,810900000,810900000
1,8109,810900000,810900100,17418,29031,811000000,811000000
1,8110,811000000,811000100,17418,29031,811100000,811100000
1,8111,811100000,811100100,17418,29031,811200000,811200000
1,8112,811200000,811200100,17418,29031,811300000,811300000
1,8113,811300000,811300100,17418,29031,811400000,811400000
1,8114,811400000,811400100,17418,29031,811500000,811500000
1,8115,811500000,811500100,17418,29031,811600000,811600000
1,8116,811600000,811600100,17418,29031,811700000,811700000
1,8117,811700000,811700100,17418,29031,811800000,811800000
1,8118,811800000,811800100,17418,29031,811900000,811900000
1,8119,811900000,811900100,17418,29031,812000000,812000000
1,8120,812000000,812000100,17418,29031,812100000,812100000
1,8121,812100000,812100100,17418,29031,812200000,812200000
1,8122,812200000,812200100,17418,29031,812300000,812300000
1,8123,812300000,812300100,17418,29031,812400000,812400000
1,8124,812400000,812400100,17418,29031,812500000,812500000
1,8125,812500000,812500100,17418,29031,812600000,812600000
1,8126,812600000,812600100,17418,29031,812700000,812700000
1,8127,812700000,812700100,17418,29031,812800000,812800000
1,8128,812800000,812800100,17418,29031,812900000,812900000
1,8129,812900000,812900100,17418,29031,813000000,813000000
1,8130,813000000,813000100,17418,29031,813100000,813100000
1,8131,813100000,813100100,17418,29031,813200000,813200000
1,8132,813200000,813200100,17418,29031,813300000,813300000
1,8133,813300000,813300100,17418,29031,813400000,813400000
1,8134,813400000,813400100,17418,29031,813500000,813500000
1,8135,813500000,813500100,17418,29031,813600000,813600000
1,8136,813600000,813600100,17418,29031,813700000,813700000
1,8137,813700000,813700100,17418,29031,813800000,813800000
1,8138,813800000,813800100,17418,29031,813900000,813900000
1,8139,813900000,813900100,17418,29031,814000000,814000000
1,8140,814000000,814000100,17418,29031,814100000,814100000
1,8141,814100000,814100100,17418,29031,814200000,814200000
1,8142,814200000,814200100,17418,29031,814300000,814300000
1,8143,814300000,814300100,17418,29031,814400000,814400000
1,8144,814400000,814400100,17418,29031,814500000,814500000
1,8145,814500000,814500100,17418,29031,814600000,814600000
1,8146,814600000,814600100,17418,29031,814700000,814700000
1,8147,814700000,814700100,17418,29031,814800000,814800000
1,8148,814800000,814800100,17418,29031,814900000,814900000
1,8149,814900000,814900100,17418,29031,815000000,815000000
1,8150,815000000,815000100,17418,29031,815100000,815100000
1,8151,815100000,815100100,17418,29031,815200000,815200000
1,8152,815200000,815200100,17418,29031,815300000,815300000
1,8153,815300000,815300100,17418,29031,815400000,815400000
1,8154,815400000,815400100,17418,29031,815500000,815500000
1,8155,815500000,815500100,17418,29031,815600000,815600000
1,8156,815600000,815600100,17418,29031,815700000,815700000
1,8157,815700000,815700100,17418,29031,815800000,815800000
1,8158,815800000,815800100,17418,29031,815900000,815900000
1,8159,815900000,815900100,17418,29031,816000000,816000000
1,8160,816000000,816000100,17418,29031,816100000,816100000
1,8161,816100000,816100100,17418,29031,816200000,816200000
1,8162,816200000,816200100,17418,29031,816300000,816300000
1,8163,816300000,816300100,17418,29031,816400000,816400000
1,8164,816400000,816400100,17418,29031,816500000,816500000
1,8165,816500000,816500100,17418,29031,816600000,816600000
1,8166,816600000,816600100,17418,29031,816700000,816700000
1,8167,816700000,816700100,17418,29031,816800000,816800000
1,8168,816800000,816800100,17418,29031,816900000,816900000
1,8169,816900000,816900100,17418,29031,817000000,817000000
1,8170,817000000,817000100,17418,29031,817100000,817100000
1,8171,817100000,817100100,17418,29031,817200000,817200000
1,8172,817200000,817200100,17418,29031,817300000,817300000
1,8173,817300000,817300100,17418,29031,817400000,817400000
1,8174,817400000,817400100,17418,29031,817500000,817500000
1,8175,817500000,817500100,17418,29031,817600000,817600000
1,8176,817600000,817600100,17418,29031,817700000,817700000
1,8177,817700000,817700100,17418,29031,817800000,817800000
1,8178,817800000,817800100,17418,29031,817900000,817900000
1,8179,817900000,817900100,17418,29031,818000000,818000000
1,8180,818000000,818000100,17418,29031,818100000,818100000
1,8181,818100000,818100100,17418,29031,818200000,818200000
1,8182,818200000,818200100,17418,29031,818300000,818300000
1,8183,818300000,818300100,17418,29031,818400000,818400000
1,8184,818400000,818400100,17418,29031,818500000,818500000
1,8185,818500000,818500100,17418,29031,818600000,818600000
1,8186,818600000,818600100,17418,29031,818700000,818700000
1,8187,818700000,818700100,17418,29031,818800000,818800000
1,8188,818800000,818800100,17418,29031,818900000,818900000
1,8189,818900000,818900100,17418,29031,819000000,819000000
1,8190,819000000,819000100,17418,29031,819100000,819100000
1,8191,819100000,819100100,17418,29031,819200000,819200000
1,8192,819200000,819200100,17418,29031,819300000,819300000
1,8193,819300000,819300100,17418,29031,819400000,819400000
1,8194,819400000,819400100,17418,29031,819500000,819500000
1,8195,819500000,819500100,17418,29031,819600000,819600000
1,8196,819600000,819600100,17418,29031,819700000,819700000
1,8197,819700000,819700100,17418,29031,819800000,819800000
1,8198,819800000,819800100,17418,29031,819900000,819900000
1,8199,819900000,819900100,17418,29031,820000000,820000000
1,8200,820000000,820000100,17418,29031,820100000,820100000
1,8201,820100000,820100100,17418,29031,820200000,820200000
1,8202,820200000,820200100,17418,29031,820300000,820300000
1,8203,820300000,820300100,17418,29031,820400000,820400000
1,8204,820400000,820400100,17418,29031,820500000,820500000
1,8205,820500000,820500100,17418,29031,820600000,820600000
1,8206,820600000,820600100,17418,29031,820700000,820700000
1,8207,820700000,820700100,17418,29031,820800000,820800000
1,8208,820800000,820800100,17418,29031,820900000,820900000
1,8209,820900000,820900100,17418,29031,821000000,821000000
1,8210,821000000,821000100,17418,29031,821100000,821100000
1,8211,821100000,821100100,17418,29031,821200000,821200000
1,8212,821200000,821200100,17418,29031,821300000,821300000
1,8213,821300000,821300100,17418,29031,821400000,821400000
1,8214,821400000,821400100,17418,29031,821500000,821500000
1,8215,821500000,821500100,17418,29031,821600000,821600000
1,8216,821600000,821600100,17418,29031,821700000,821700000
1,8217,821700000,821700100,17418,29031,821800000,821800000
1,8218,821800000,821800100,17418,29031,821900000,821900000
1,8219,821900000,821900100,17418,29031,822000000,822000000
1,8220,822000000,822000100,17418,29031,822100000,822100000
1,8221,822100000,822100100,17418,29031,822200000,822200000
1,8222,822200000,822200100,17418,29031,822300000,822300000
1,8223,822300000,822300100,17418,29031,822400000,822400000
1,8224,822400000,822400100,17418,29031,822500000,822500000
1,8225,822500000,822500100,17418,29031,822600000,822600000
1,8226,822600000,822600100,17418,29031,822700000,822700000
1,8227,822700000,822700100,17418,29031,822800000,822800000
1,8228,822800000,822800100,17418,29031,822900000,822900000
1,8229,822900000,822900100,17418,29031,823000000,823000000
1,8230,823000000,823000100,17418,29031,823100000,823100000
1,8231,823100000,823100100,17418,29031,823200000,823200000
1,8232,823200000,823200100,17418,29031,823300000,823300000
1,8233,823300000,823300100,17418,29031,823400000,823400000
1,8234,823400000,823400100,17418,29031,823500000,823500000
1,8235,823500000,823500100,17418,29031,823600000,823600000
1,8236,823600000,823600100,17418,29031,823700000,823700000
1,8237,823700000,823700100,17418,29031,823800000,823800000
1,8238,823800000,823800100,17418,29031,823900000,823900000
1,8239,823900000,823900100,17418,29031,824000000,824000000
1,8240,824000000,824000100,17418,29031,824100000,824100000
1,8241,824100000,824100100,17418,29031,824200000,824200000
1,8242,824200000,824200100,17418,29031,824300000,824300000
1,8243,824300000,824300100,17418,29031,824400000,824400000
1,8244,824400000,824400100,17418,29031,824500000,824500000
1,8245,824500000,824500100,17418,29031,824600000,824600000
1,8246,824600000,824600100,17418,29031,824700000,824700000
1,8247,824700000,824700100,17418,29031,824800000,824800000
1,8248,824800000,824800100,17418,29031,824900000,824900000
1,8249,824900000,824900100,17418,29031,825000000,825000000
1,8250,825000000,825000100,17418,29031,825100000,825100000
1,8251,825100000,825100100,17418,29031,825200000,825200000
1,8252,825200000,825200100,17418,29031,825300000,825300000
1,8253,825300000,825300100,17418,29031,825400000,825400000
1,8254,825400000,825400100,17418,29031,825500000,825500000
1,8255,825500000,825500100,17418,29031,825600000,825600000
1,8256,825600000,825600100,17418,29031,825700000,825700000
1,8257,825700000,825700100,17418,29031,825800000,825800000
1,8258,825800000,825800100,17418,29031,825900000,825900000
1,8259,825900000,825900100,17418,29031,826000000,826000000
1,8260,826000000,826000100,17418,29031,826100000,826100000
1,8261,826100000,826100100,17418,29031,826200000,826200000
1,8262,826200000,826200100,17418,29031,826300000,826300000
1,8263,826300000,826300100,17418,29031,826400000,826400000
1,8264,826400000,826400100,17418,29031,826500000,826500000
1,8265,826500000,826500100,17418,29031,826600000,826600000
1,8266,826600000,826600100,17418,29031,826700000,826700000
1,8267,826700000,826700100,17418,29031,826800000,826800000
1,8268,826800000,826800100,17418,29031,826900000,826900000
1,8269,826900000,826900100,17418,29031,827000000,827000000
1,8270,827000000,827000100,17418,29031,827100000,827100000
1,8271,827100000,827100100,17418,29031,827200000,827200000
1,8272,827200000,827200100,17418,29031,827300000,827300000
1,8273,827300000,827300100,17418,29031,827400000,827400000
1,8274,827400000,827400100,17418,29031,827500000,827500000
1,8275,827500000,827500100,17418,29031,827600000,827600000
1,8276,827600000,827600100,17418,29031,827700000,827700000
1,8277,827700000,827700100,17418,29031,827800000,827800000
1,8278,827800000,827800100,17418,29031,827900000,827900000
1,8279,827900000,827900100,17418,29031,828000000,828000000
1,8280,828000000,828000100,17418,29031,828100000,828100000
1,8281,828100000,828100100,17418,29031,828200000,828200000
1,8282,828200000,828200100,17418,29031,828300000,828300000
1,8283,828300000,828300100,17418,29031,828400000,828400000
1,8284,828400000,828400100,17418,29031,828500000,828500000
1,8285,828500000,828500100,17418,29031,828600000,828600000
1,8286,828600000,828600100,17418,29031,828700000,828700000
1,8287,828700000,828700100,17418,29031,828800000,828800000
1,8288,828800000,828800100,17418,29031,828900000,828900000
1,8289,828900000,828900100,17418,29031,829000000,829000000
1,8290,829000000,829000100,17418,29031,829100000,829100000
1,8291,829100000,829100100,17418,29031,829200000,829200000
1,8292,829200000,829200100,17418,29031,829300000,829300000
1,8293,829300000,829300100,17418,29031,829400000,829400000
1,8294,829400000,829400100,17418,29031,829500000,829500000
1,8295,829500000,829500100,17418,29031,829600000,829600000
1,8296,829600000,829600100,17418,29031,829700000,829700000
1,8297,829700000,829700100,17418,29031,829800000,829800000
1,8298,829800000,829800100,17418,29031,829900000,829900000
1,8299,829900000,829900100,17418,29031,830000000,830000000
1,8300,830000000,830000100,17418,29031,830100000,830100000
1,8301,830100000,830100100,17418,29031,830200000,830200000
1,8302,830200000,830200100,17418,29031,830300000,830300000
1,8303,830300000,830300100,17418,29031,830400000,830400000
1,8304,830400000,830400100,17418,29031,830500000,830500000
1,8305,830500000,830500100,17418,29031,830600000,830600000
1,8306,830600000,830600100,17418,29031,830700000,830700000
1,8307,830700000,830700100,17418,29031,830800000,830800000
1,8308,830800000,830800100,17418,29031,830900000,830900000
1,8309,830900000,830900100,17418,29031,831000000,831000000
1,8310,831000000,831000100,17418,29031,831100000,831100000
1,8311,831100000,831100100,17418,29031,831200000,831200000
1,8312,831200000,831200100,17418,29031,831300000,831300000
1,8313,831300000,831300100,17418,29031,831400000,831400000
1,8314,831400000,831400100,17418,29031,831500000,831500000
1,8315,831500000,831500100,17418,29031,831600000,831600000
1,8316,831600000,831600100,17418,29031,831700000,831700000
1,8317,831700000,831700100,17418,29031,831800000,831800000
1,8318,831800000,831800100,17418,29031,831900000,831900000
1,8319,831900000,831900100,17418,29031,832000000,832000000
1,8320,832000000,832000100,17418,29031,832100000,832100000
1,8321,832100000,832100100,17418,29031,832200000,832200000
1,8322,832200000,832200100,17418,29031,832300000,832300000
1,8323,832300000,832300100,17418,29031,832400000,832400000
1,8324,832400000,832400100,17418,29031,832500000,832500000
1,8325,832500000,832500100,17418,29031,832600000,832600000
1,8326,832600000,832600100,17418,29031,832700000,832700000
1,8327,832700000,832700100,17418,29031,832800000,832800000
1,8328,832800000,832800100,17418,29031,832900000,832900000
1,8329,832900000,832900100,17418,29031,833000000,833000000
1,8330,833000000,833000100,17418,29031,833100000,833100000
1,8331,833100000,833100100,17418,29031,833200000,833200000
1,8332,833200000,833200100,17418,29031,833300000,833300000
1,8333,833300000,833300100,17418,29031,833400000,833400000
1,8334,833400000,833400100,17418,29031,833500000,833500000
1,8335,833500000,833500100,17418,29031,833600000,833600000
1,8336,833600000,833600100,17418,29031,833700000,833700000
1,8337,833700000,833700100,17418,29031,833800000,833800000
1,8338,833800000,833800100,17418,29031,833900000,833900000
1,8339,833900000,833900100,17418,29031,834000000,834000000
1,8340,834000000,834000100,17418,29031,834100000,834100000
1,8341,834100000,834100100,17418,29031,834200000,834200000
1,8342,834200000,834200100,17418,29031,834300000,834300000
1,8343,834300000,834300100,17418,29031,834400000,834400000
1,8344,834400000,834400100,17418,29031,834500000,834500000
1,8345,834500000,834500100,17418,29031,834600000,834600000
1,8346,834600000,834600100,17418,29031,834700000,834700000
1,8347,834700000,834700100,17418,29031,834800000,834800000
1,8348,834800000,834800100,17418,29031,834900000,834900000
1,8349,834900000,834900100,17418,29031,835000000,835000000
1,8350,835000000,835000100,17418,29031,835100000,835100000
1,8351,835100000,835100100,17418,29031,835200000,835200000
1,8352,835200000,835200100,17418,29031,835300000,835300000
1,8353,835300000,835300100,17418,29031,835400000,835400000
1,8354,835400000,835400100,17418,29031,835500000,835500000
1,8355,835500000,835500100,17418,29031,835600000,835600000
1,8356,835600000,835600100,17418,29031,835700000,835700000
1,8357,835700000,835700100,17418,29031,835800000,835800000
1,8358,835800000,835800100,17418,29031,835900000,835900000
1,8359,835900000,835900100,17418,29031,836000000,836000000
1,8360,836000000,836000100,17418,29031,836100000,836100000
1,8361,836100000,836100100,17418,29031,836200000,836200000
1,8362,836200000,836200100,17418,29031,836300000,836300000
1,8363,836300000,836300100,17418,29031,836400000,836400000
1,8364,836400000,836400100,17418,29031,836500000,836500000
1,8365,836500000,836500100,17418,29031,836600000,836600000
1,8366,836600000,836600100,17418,29031,836700000,836700000
1,8367,836700000,836700100,17418,29031,836800000,836800000
1,8368,836800000,836800100,17418,29031,836900000,836900000
1,8369,836900000,836900100,17418,29031,837000000,837000000
1,8370,837000000,837000100,17418,29031,837100000,837100000
1,8371,837100000,837100100,17418,29031,837200000,837200000
1,8372,837200000,837200100,17418,29031,837300000,837300000
1,8373,837300000,837300100,17418,29031,837400000,837400000
1,8374,837400000,837400100,17418,29031,837500000,837500000
1,8375,837500000,837500100,17418,29031,837600000,837600000
1,8376,837600000,837600100,17418,29031,837700000,837700000
1,8377,837700000,837700100,17418,29031,837800000,837800000
1,8378,837800000,837800100,17418,29031,837900000,837900000
1,8379,837900000,837900100,17418,29031,838000000,838000000
1,8380,838000000,838000100,17418,29031,838100000,838100000
1,8381,838100000,838100100,17418,29031,838200000,838200000
1,8382,838200000,838200100,17418,29031,838300000,838300000
1,8383,838300000,838300100,17418,29031,838400000,838400000
1,8384,838400000,838400100,17418,29031,838500000,838500000
1,8385,838500000,838500100,17418,29031,838600000,838600000
1,8386,838600000,838600100,17418,29031,838700000,838700000
1,8387,838700000,838700100,17418,29031,838800000,838800000
1,8388,838800000,838800100,17418,29031,838900000,838900000
1,8389,838900000,838900100,17418,29031,839000000,839000000
1,8390,839000000,839000100,17418,29031,839100000,839100000
1,8391,839100000,839100100,17418,29031,839200000,839200000
1,8392,839200000,839200100,17418,29031,839300000,839300000
1,8393,839300000,839300100,17418,29031,839400000,839400000
1,8394,839400000,839400100,17418,29031,839500000,839500000
1,8395,839500000,839500100,17418,29031,839600000,839600000
1,8396,839600000,839600100,17418,29031,839700000,839700000
1,8397,839700000,839700100,17418,29031,839800000,839800000
1,8398,839800000,839800100,17418,29031,839900000,839900000
1,8399,839900000,839900100,17418,29031,840000000,840000000
1,8400,840000000,840000100,17418,29031,840100000,840100000
1,8401,840100000,840100100,17418,29031,840200000,840200000
1,8402,840200000,840200100,17418,29031,840300000,840300000
1,8403,840300000,840300100,17418,29031,840400000,840400000
1,8404,840400000,840400100,17418,29031,840500000,840500000
1,8405,840500000,840500100,17418,29031,840600000,840600000
1,8406,840600000,840600100,17418,29031,840700000,840700000
1,8407,840700000,840700100,17418,29031,840800000,840800000
1,8408,840800000,840800100,17418,29031,840900000,840900000
1,8409,840900000,840900100,17418,29031,841000000,841000000
1,8410,841000000,841000100,17418,29031,841100000,841100000
1,8411,841100000,841100100,17418,29031,841200000,841200000
1,8412,841200000,841200100,17418,29031,841300000,841300000
1,8413,841300000,841300100,17418,29031,841400000,841400000
1,8414,841400000,841400100,17418,29031,841500000,841500000
1,8415,841500000,841500100,17418,29031,841600000,841600000
1,8416,841600000,841600100,17418,29031,841700000,841700000
1,8417,841700000,841700100,17418,29031,841800000,841800000
1,8418,841800000,841800100,17418,29031,841900000,841900000
1,8419,841900000,841900100,17418,29031,842000000,842000000
1,8420,842000000,842000100,17418,29031,842100000,842100000
1,8421,842100000,842100100,17418,29031,842200000,842200000
1,8422,842200000,842200100,17418,29031,842300000,842300000
1,8423,842300000,842300100,17418,29031,842400000,842400000
1,8424,842400000,842400100,17418,29031,842500000,842500000
1,8425,842500000,842500100,17418,29031,842600000,842600000
1,8426,842600000,842600100,17418,29031,842700000,842700000
1,8427,842700000,842700100,17418,29031,842800000,842800000
1,8428,842800000,842800100,17418,29031,842900000,842900000
1,8429,842900000,842900100,17418,29031,843000000,843000000
1,8430,843000000,843000100,17418,29031,843100000,843100000
1,8431,843100000,843100100,17418,29031,843200000,843200000
1,8432,843200000,843200100,17418,29031,843300000,843300000
1,8433,843300000,843300100,17418,29031,843400000,843400000
1,8434,843400000,843400100,17418,29031,843500000,843500000
1,8435,843500000,843500100,17418,29031,843600000,843600000
1,8436,843600000,843600100,17418,29031,843700000,843700000
1,8437,843700000,843700100,17418,29031,843800000,843800000
1,8438,843800000,843800100,17418,29031,843900000,843900000
1,8439,843900000,843900100,17418,29031,844000000,844000000
1,8440,844000000,844000100,17418,29031,844100000,844100000
1,8441,844100000,844100100,17418,29031,844200000,844200000
1,8442,844200000,844200100,17418,29031,844300000,844300000
1,8443,844300000,844300100,17418,29031,844400000,844400000
1,8444,844400000,844400100,17418,29031,844500000,844500000
1,8445,844500000,844500100,17418,29031,844600000,844600000
1,8446,844600000,844600100,17418,29031,844700000,844700000
1,8447,844700000,844700100,17418,29031,844800000,844800000
1,8448,844800000,844800100,17418,29031,844900000,844900000
1,8449,844900000,844900100,17418,29031,845000000,845000000
1,8450,845000000,845000100,17418,29031,845100000,845100000
1,8451,845100000,845100100,17418,29031,845200000,845200000
1,8452,845200000,845200100,17418,29031,845300000,845300000
1,8453,845300000,845300100,17418,29031,845400000,845400000
1,8454,845400000,845400100,17418,29031,845500000,845500000
1,8455,845500000,845500100,17418,29031,845600000,845600000
1,8456,845600000,845600100,17418,29031,845700000,845700000
1,8457,845700000,845700100,17418,29031,845800000,845800000
1,8458,845800000,845800100,17418,29031,845900000,845900000
1,8459,845900000,845900100,17418,29031,846000000,846000000
1,8460,846000000,846000100,17418,29031,846100000,846100000
1,8461,846100000,846100100,17418,29031,846200000,846200000
1,8462,846200000,846200100,17418,29031,846300000,846300000
1,8463,846300000,846300100,17418,29031,846400000,846400000
1,8464,846400000,846400100,17418,29031,846500000,846500000
1,8465,846500000,846500100,17418,29031,846600000,846600000
1,8466,846600000,846600100,17418,29031,846700000,846700000
1,8467,846700000,846700100,17418,29031,846800000,846800000
1,8468,846800000,846800100,17418,29031,846900000,846900000
1,8469,846900000,846900100,17418,29031,847000000,847000000
1,8470,847000000,847000100,17418,29031,847100000,847100000
1,8471,847100000,847100100,17418,29031,847200000,847200000
1,8472,847200000,847200100,17418,29031,847300000,847300000
1,8473,847300000,847300100,17418,29031,847400000,847400000
1,8474,847400000,847400100,17418,29031,847500000,847500000
1,8475,847500000,847500100,17418,29031,847600000,847600000
1,8476,847600000,847600100,17418,29031,847700000,847700000
1,8477,847700000,847700100,17418,29031,847800000,847800000
1,8478,847800000,847800100,17418,29031,847900000,847900000
1,8479,847900000,847900100,17418,29031,848000000,848000000
1,8480,848000000,848000100,17418,29031,848100000,848100000
1,8481,848100000,848100100,17418,29031,848200000,848200000
1,8482,848200000,848200100,17418,29031,848300000,848300000
1,8483,848300000,848300100,17418,29031,848400000,848400000
1,8484,848400000,848400100,17418,29031,848500000,848500000
1,8485,848500000,848500100,17418,29031,848600000,848600000
1,8486,848600000,848600100,17418,29031,848700000,848700000
1,8487,848700000,848700100,17418,29031,848800000,848800000
1,8488,848800000,848800100,17418,29031,848900000,848900000
1,8489,848900000,848900100,17418,29031,849000000,849000000
1,8490,849000000,849000100,17418,29031,849100000,849100000
1,8491,849100000,849100100,17418,29031,849200000,849200000
1,8492,849200000,849200100,17418,29031,849300000,849300000
1,8493,849300000,849300100,17418,29031,849400000,849400000
1,8494,849400000,849400100,17418,29031,849500000,849500000
1,8495,849500000,849500100,17418,29031,849600000,849600000
1,8496,849600000,849600100,17418,29031,849700000,849700000
1,8497,849700000,849700100,17418,29031,849800000,849800000
1,8498,849800000,849800100,17418,29031,849900000,849900000
1,8499,849900000,849900100,17418,29031,850000000,850000000
1,8500,850000000,850000100,17418,29031,850100000,850100000
1,8501,850100000,850100100,17418,29031,850200000,850200000
1,8502,850200000,850200100,17418,29031,850300000,850300000
1,8503,850300000,850300100,17418,29031,850400000,850400000
1,8504,850400000,850400100,17418,29031,850500000,850500000
1,8505,850500000,850500100,17418,29031,850600000,850600000
1,8506,850600000,850600100,17418,29031,850700000,850700000
1,8507,850700000,850700100,17418,29031,850800000,850800000
1,8508,850800000,850800100,17418,29031,850900000,850900000
1,8509,850900000,850900100,17418,29031,851000000,851000000
1,8510,851000000,851000100,17418,29031,851100000,851100000
1,8511,851100000,851100100,17418,29031,851200000,851200000
1,8512,851200000,851200100,17418,29031,851300000,851300000
1,8513,851300000,851300100,17418,29031,851400000,851400000
1,8514,851400000,851400100,17418,29031,851500000,851500000
1,8515,851500000,851500100,17418,29031,851600000,851600000
1,8516,851600000,851600100,17418,29031,851700000,851700000
1,8517,851700000,851700100,17418,29031,851800000,851800000
1,8518,851800000,851800100,17418,29031,851900000,851900000
1,8519,851900000,851900100,17418,29031,852000000,852000000
1,8520,852000000,852000100,17418,29031,852100000,852100000
1,8521,852100000,852100100,17418,29031,852200000,852200000
1,8522,852200000,852200100,17418,29031,852300000,852300000
1,8523,852300000,852300100,17418,29031,852400000,852400000
1,8524,852400000,852400100,17418,29031,852500000,852500000
1,8525,852500000,852500100,17418,29031,852600000,852600000
1,8526,852600000,852600100,17418,29031,852700000,852700000
1,8527,852700000,852700100,17418,29031,852800000,852800000
1,8528,852800000,852800100,17418,29031,852900000,852900000
1,8529,852900000,852900100,17418,29031,853000000,853000000
1,8530,853000000,853000100,17418,29031,853100000,853100000
1,8531,853100000,853100100,17418,29031,853200000,853200000
1,8532,853200000,853200100,17418,29031,853300000,853300000
1,8533,853300000,853300100,17418,29031,853400000,853400000
1,8534,853400000,853400100,17418,29031,853500000,853500000
1,8535,853500000,853500100,17418,29031,853600000,853600000
1,8536,853600000,853600100,17418,29031,853700000,853700000
1,8537,853700000,853700100,17418,29031,853800000,853800000
1,8538,853800000,853800100,17418,29031,853900000,853900000
1,8539,853900000,853900100,17418,29031,854000000,854000000
1,8540,854000000,854000100,17418,29031,854100000,854100000
1,8541,854100000,854100100,17418,29031,854200000,854200000
1,8542,854200000,854200100,17418,29031,854300000,854300000
1,8543,854300000,854300100,17418,29031,854400000,854400000
1,8544,854400000,854400100,17418,29031,854500000,854500000
1,8545,854500000,854500100,17418,29031,854600000,854600000
1,8546,854600000,854600100,17418,29031,854700000,854700000
1,8547,854700000,854700100,17418,29031,854800000,854800000
1,8548,854800000,854800100,17418,29031,854900000,854900000
1,8549,854900000,854900100,17418,29031,855000000,855000000
1,8550,855000000,855000100,17418,29031,855100000,855100000
1,8551,855100000,855100100,17418,29031,855200000,855200000
1,8552,855200000,855200100,17418,29031,855300000,855300000
1,8553,855300000,855300100,17418,29031,855400000,855400000
1,8554,855400000,855400100,17418,29031,855500000,855500000
1,8555,855500000,855500100,17418,29031,855600000,855600000
1,8556,855600000,855600100,17418,29031,855700000,855700000
1,8557,855700000,855700100,17418,29031,855800000,855800000
1,8558,855800000,855800100,17418,29031,855900000,855900000
1,8559,855900000,855900100,17418,29031,856000000,856000000
1,8560,856000000,856000100,17418,29031,856100000,856100000
1,8561,856100000,856100100,17418,29031,856200000,856200000
1,8562,856200000,856200100,17418,29031,856300000,856300000
1,8563,856300000,856300100,17418,29031,856400000,856400000
1,8564,856400000,856400100,17418,29031,856500000,856500000
1,8565,856500000,856500100,17418,29031,856600000,856600000
1,8566,856600000,856600100,17418,29031,856700000,856700000
1,8567,856700000,856700100,17418,29031,856800000,856800000
1,8568,856800000,856800100,17418,29031,856900000,856900000
1,8569,856900000,856900100,17418,29031,857000000,857000000
1,8570,857000000,857000100,17418,29031,857100000,857100000
1,8571,857100000,857100100,17418,29031,857200000,857200000
1,8572,857200000,857200100,17418,29031,857300000,857300000
1,8573,857300000,857300100,17418,29031,857400000,857400000
1,8574,857400000,857400100,17418,29031,857500000,857500000
1,8575,857500000,857500100,17418,29031,857600000,857600000
1,8576,857600000,857600100,17418,29031,857700000,857700000
1,8577,857700000,857700100,17418,29031,857800000,857800000
1,8578,857800000,857800100,17418,29031,857900000,857900000
1,8579,857900000,857900100,17418,29031,858000000,858000000
1,8580,858000000,858000100,17418,29031,858100000,858100000
1,8581,858100000,858100100,17418,29031,858200000,858200000
1,8582,858200000,858200100,17418,29031,858300000,858300000
1,8583,858300000,858300100,17418,29031,858400000,858400000
1,8584,858400000,858400100,17418,29031,858500000,858500000
1,8585,858500000,858500100,17418,29031,858600000,858600000
1,8586,858600000,858600100,17418,29031,858700000,858700000
1,8587,858700000,858700100,17418,29031,858800000,858800000
1,8588,858800000,858800100,17418,29031,858900000,858900000
1,8589,858900000,858900100,17418,29031,859000000,859000000
1,8590,859000000,859000100,17418,29031,859100000,859100000
1,8591,859100000,859100100,17418,29031,859200000,859200000
1,8592,859200000,859200100,17418,29031,859300000,859300000
1,8593,859300000,859300100,17418,29031,859400000,859400000
1,8594,859400000,859400100,17418,29031,859500000,859500000
1,8595,859500000,859500100,17418,29031,859600000,859600000
1,8596,859600000,859600100,17418,29031,859700000,859700000
1,8597,859700000,859700100,17418,29031,859800000,859800000
1,8598,859800000,859800100,17418,29031,859900000,859900000
1,8599,859900000,859900100,17418,29031,860000000,860000000
1,8600,860000000,860000100,17418,29031,860100000,860100000
1,8601,860100000,860100100,17418,29031,860200000,860200000
1,8602,860200000,860200100,17418,29031,860300000,860300000
1,8603,860300000,860300100,17418,29031,860400000,860400000
1,8604,860400000,860400100,17418,29031,860500000,860500000
1,8605,860500000,860500100,17418,29031,860600000,860600000
1,8606,860600000,860600100,17418,29031,860700000,860700000
1,8607,860700000,860700100,17418,29031,860800000,860800000
1,8608,860800000,860800100,17418,29031,860900000,860900000
1,8609,860900000,860900100,17418,29031,861000000,861000000
1,8610,861000000,861000100,17418,29031,861100000,861100000
1,8611,861100000,861100100,17418,29031,861200000,861200000
1,8612,861200000,861200100,17418,29031,861300000,861300000
1,8613,861300000,861300100,17418,29031,861400000,861400000
1,8614,861400000,861400100,17418,29031,861500000,861500000
1,8615,861500000,861500100,17418,29031,861600000,861600000
1,8616,861600000,861600100,17418,29031,861700000,861700000
1,8617,861700000,861700100,17418,29031,861800000,861800000
1,8618,861800000,861800100,17418,29031,861900000,861900000
1,8619,861900000,861900100,17418,29031,862000000,862000000
1,8620,862000000,862000100,17418,29031,862100000,862100000
1,8621,862100000,862100100,17418,29031,862200000,862200000
1,8622,862200000,862200100,17418,29031,862300000,862300000
1,8623,862300000,862300100,17418,29031,862400000,862400000
1,8624,862400000,862400100,17418,29031,862500000,862500000
1,8625,862500000,862500100,17418,29031,862600000,862600000
1,8626,862600000,862600100,17418,29031,862700000,862700000
1,8627,862700000,862700100,17418,29031,862800000,862800000
1,8628,862800000,862800100,17418,29031,862900000,862900000
1,8629,862900000,862900100,17418,29031,863000000,863000000
1,8630,863000000,863000100,17418,29031,863100000,863100000
1,8631,863100000,863100100,17418,29031,863200000,863200000
1,8632,863200000,863200100,17418,29031,863300000,863300000
1,8633,863300000,863300100,17418,29031,863400000,863400000
1,8634,863400000,863400100,17418,29031,863500000,863500000
1,8635,863500000,863500100,17418,29031,863600000,863600000
1,8636,863600000,863600100,17418,29031,863700000,863700000
1,8637,863700000,863700100,17418,29031,863800000,863800000
1,8638,863800000,863800100,17418,29031,863900000,863900000
1,8639,863900000,863900100,17418,29031,864000000,864000000
1,8640,864000000,864000100,17418,29031,864100000,864100000
1,8641,864100000,864100100,17418,29031,864200000,864200000
1,8642,864200000,864200100,17418,29031,864300000,864300000
1,8643,864300000,864300100,17418,29031,864400000,864400000
1,8644,864400000,864400100,17418,29031,864500000,864500000
1,8645,864500000,864500100,17418,29031,864600000,864600000
1,8646,864600000,864600100,17418,29031,864700000,864700000
1,8647,864700000,864700100,17418,29031,864800000,864800000
1,8648,864800000,864800100,17418,29031,864900000,864900000
1,8649,864900000,864900100,17418,29031,865000000,865000000
1,8650,865000000,865000100,17418,29031,865100000,865100000
1,8651,865100000,865100100,17418,29031,865200000,865200000
1,8652,865200000,865200100,17418,29031,865300000,865300000
1,8653,865300000,865300100,17418,29031,865400000,865400000
1,8654,865400000,865400100,17418,29031,865500000,865500000
1,8655,865500000,865500100,17418,29031,865600000,865600000
1,8656,865600000,865600100,17418,29031,865700000,865700000
1,8657,865700000,865700100,17418,29031,865800000,865800000
1,8658,865800000,865800100,17418,29031,865900000,865900000
1,8659,865900000,865900100,17418,29031,866000000,866000000
1,8660,866000000,866000100,17418,29031,866100000,866100000
1,8661,866100000,866100100,17418,29031,866200000,866200000
1,8662,866200000,866200100,17418,29031,866300000,866300000
1,8663,866300000,866300100,17418,29031,866400000,866400000
1,8664,866400000,866400100,17418,29031,866500000,866500000
1,8665,866500000,866500100,17418,29031,866600000,866600000
1,8666,866600000,866600100,17418,29031,866700000,866700000
1,8667,866700000,866700100,17418,29031,866800000,866800000
1,8668,866800000,866800100,17418,29031,866900000,866900000
1,8669,866900000,866900100,17418,29031,867000000,867000000
1,8670,867000000,867000100,17418,29031,867100000,867100000
1,8671,867100000,867100100,17418,29031,867200000,867200000
1,8672,867200000,867200100,17418,29031,867300000,867300000
1,8673,867300000,867300100,17418,29031,867400000,867400000
1,8674,867400000,867400100,17418,29031,867500000,867500000
1,8675,867500000,867500100,17418,29031,867600000,867600000
1,8676,867600000,867600100,17418,29031,867700000,867700000
1,8677,867700000,867700100,17418,29031,867800000,867800000
1,8678,867800000,867800100,17418,29031,867900000,867900000
1,8679,867900000,867900100,17418,29031,868000000,868000000
1,8680,868000000,868000100,17418,29031,868100000,868100000
1,8681,868100000,868100100,17418,29031,868200000,868200000
1,8682,868200000,868200100,17418,29031,868300000,868300000
1,8683,868300000,868300100,17418,29031,868400000,868400000
1,8684,868400000,868400100,17418,29031,868500000,868500000
1,8685,868500000,868500100,17418,29031,868600000,868600000
1,8686,868600000,868600100,17418,29031,868700000,868700000
1,8687,868700000,868700100,17418,29031,868800000,868800000
1,8688,868800000,868800100,17418,29031,868900000,868900000
1,8689,868900000,868900100,17418,29031,869000000,869000000
1,8690,869000000,869000100,17418,29031,869100000,869100000
1,8691,869100000,869100100,17418,29031,869200000,869200000
1,8692,869200000,869200100,17418,29031,869300000,869300000
1,8693,869300000,869300100,17418,29031,869400000,869400000
1,8694,869400000,869400100,17418,29031,869500000,869500000
1,8695,869500000,869500100,17418,29031,869600000,869600000
1,8696,869600000,869600100,17418,29031,869700000,869700000
1,8697,869700000,869700100,17418,29031,869800000,869800000
1,8698,869800000,869800100,17418,29031,869900000,869900000
1,8699,869900000,869900100,17418,29031,870000000,870000000
1,8700,870000000,870000100,17418,29031,870100000,870100000
1,8701,870100000,870100100,17418,29031,870200000,870200000
1,8702,870200000,870200100,17418,29031,870300000,870300000
1,8703,870300000,870300100,17418,29031,870400000,870400000
1,8704,870400000,870400100,17418,29031,870500000,870500000
1,8705,870500000,870500100,17418,29031,870600000,870600000
1,8706,870600000,870600100,17418,29031,870700000,870700000
1,8707,870700000,870700100,17418,29031,870800000,870800000
1,8708,870800000,870800100,17418,29031,870900000,870900000
1,8709,870900000,870900100,17418,29031,871000000,871000000
1,8710,871000000,871000100,17418,29031,871100000,871100000
1,8711,871100000,871100100,17418,29031,871200000,871200000
1,8712,871200000,871200100,17418,29031,871300000,871300000
1,8713,871300000,871300100,17418,29031,871400000,871400000
1,8714,871400000,871400100,17418,29031,871500000,871500000
1,8715,871500000,871500100,17418,29031,871600000,871600000
1,8716,871600000,871600100,17418,29031,871700000,871700000
1,8717,871700000,871700100,17418,29031,871800000,871800000
1,8718,871800000,871800100,17418,29031,871900000,871900000
1,8719,871900000,871900100,17418,29031,872000000,872000000
1,8720,872000000,872000100,17418,29031,872100000,872100000
1,8721,872100000,872100100,17418,29031,872200000,872200000
1,8722,872200000,872200100,17418,29031,872300000,872300000
1,8723,872300000,872300100,17418,29031,872400000,872400000
1,8724,872400000,872400100,17418,29031,872500000,872500000
1,8725,872500000,872500100,17418,29031,872600000,872600000
1,8726,872600000,872600100,17418,29031,872700000,872700000
1,8727,872700000,872700100,17418,29031,872800000,872800000
1,8728,872800000,872800100,17418,29031,872900000,872900000
1,8729,872900000,872900100,17418,29031,873000000,873000000
1,8730,873000000,873000100,17418,29031,873100000,873100000
1,8731,873100000,873100100,17418,29031,873200000,873200000
1,8732,873200000,873200100,17418,29031,873300000,873300000
1,8733,873300000,873300100,17418,29031,873400000,873400000
1,8734,873400000,873400100,17418,29031,873500000,873500000
1,8735,873500000,873500100,17418,29031,873600000,873600000
1,8736,873600000,873600100,17418,29031,873700000,873700000
1,8737,873700000,873700100,17418,29031,873800000,873800000
1,8738,873800000,873800100,17418,29031,873900000,873900000
1,8739,873900000,873900100,17418,29031,874000000,874000000
1,8740,874000000,874000100,17418,29031,874100000,874100000
1,8741,874100000,874100100,17418,29031,874200000,874200000
1,8742,874200000,874200100,17418,29031,874300000,874300000
1,8743,874300000,874300100,17418,29031,874400000,874400000
1,8744,874400000,874400100,17418,29031,874500000,874500000
1,8745,874500000,874500100,17418,29031,874600000,874600000
1,8746,874600000,874600100,17418,29031,874700000,874700000
1,8747,874700000,874700100,17418,29031,874800000,874800000
1,8748,874800000,874800100,17418,29031,874900000,874900000
1,8749,874900000,874900100,17418,29031,875000000,875000000
1,8750,875000000,875000100,17418,29031,875100000,875100000
1,8751,875100000,875100100,17418,29031,875200000,875200000
1,8752,875200000,875200100,17418,29031,875300000,875300000
1,8753,875300000,875300100,17418,29031,875400000,875400000
1,8754,875400000,875400100,17418,29031,875500000,875500000
1,8755,875500000,875500100,17418,29031,875600000,875600000
1,8756,875600000,875600100,17418,29031,875700000,875700000
1,8757,875700000,875700100,17418,29031,875800000,875800000
1,8758,875800000,875800100,17418,29031,875900000,875900000
1,8759,875900000,875900100,17418,29031,876000000,876000000
1,8760,876000000,876000100,17418,29031,876100000,876100000
1,8761,876100000,876100100,17418,29031,876200000,876200000
1,8762,876200000,876200100,17418,29031,876300000,876300000
1,8763,876300000,876300100,17418,29031,876400000,876400000
1,8764,876400000,876400100,17418,29031,876500000,876500000
1,8765,876500000,876500100,17418,29031,876600000,876600000
1,8766,876600000,876600100,17418,29031,876700000,876700000
1,8767,876700000,876700100,17418,29031,876800000,876800000
1,8768,876800000,876800100,17418,29031,876900000,876900000
1,8769,876900000,876900100,17418,29031,877000000,877000000
1,8770,877000000,877000100,17418,29031,877100000,877100000
1,8771,877100000,877100100,17418,29031,877200000,877200000
1,8772,877200000,877200100,17418,29031,877300000,877300000
1,8773,877300000,877300100,17418,29031,877400000,877400000
1,8774,877400000,877400100,17418,29031,877500000,877500000
1,8775,877500000,877500100,17418,29031,877600000,877600000
1,8776,877600000,877600100,17418,29031,877700000,877700000
1,8777,877700000,877700100,17418,29031,877800000,877800000
1,8778,877800000,877800100,17418,29031,877900000,877900000
1,8779,877900000,877900100,17418,29031,878000000,878000000
1,8780,878000000,878000100,17418,29031,878100000,878100000
1,8781,878100000,878100100,17418,29031,878200000,878200000
1,8782,878200000,878200100,17418,29031,878300000,878300000
1,8783,878300000,878300100,17418,29031,878400000,878400000
1,8784,878400000,878400100,17418,29031,878500000,878500000
1,8785,878500000,878500100,17418,29031,878600000,878600000
1,8786,878600000,878600100,17418,29031,878700000,878700000
1,8787,878700000,878700100,17418,29031,878800000,878800000
1,8788,878800000,878800100,17418,29031,878900000,878900000
1,8789,878900000,878900100,17418,29031,879000000,879000000
1,8790,879000000,879000100,17418,29031,879100000,879100000
1,8791,879100000,879100100,17418,29031,879200000,879200000
1,8792,879200000,879200100,17418,29031,879300000,879300000
1,8793,879300000,879300100,17418,29031,879400000,879400000
1,8794,879400000,879400100,17418,29031,879500000,879500000
1,8795,879500000,879500100,17418,29031,879600000,879600000
1,8796,879600000,879600100,17418,29031,879700000,879700000
1,8797,879700000,879700100,17418,29031,879800000,879800000
1,8798,879800000,879800100,17418,29031,879900000,879900000
1,8799,879900000,879900100,17418,29031,880000000,880000000
1,8800,880000000,880000100,17418,29031,880100000,880100000
1,8801,880100000,880100100,17418,29031,880200000,880200000
1,8802,880200000,880200100,17418,29031,880300000,880300000
1,8803,880300000,880300100,17418,29031,880400000,880400000
1,8804,880400000,880400100,17418,29031,880500000,880500000
1,8805,880500000,880500100,17418,29031,880600000,880600000
1,8806,880600000,880600100,17418,29031,880700000,880700000
1,8807,880700000,880700100,17418,29031,880800000,880800000
1,8808,880800000,880800100,17418,29031,880900000,880900000
1,8809,880900000,880900100,17418,29031,881000000,881000000
1,8810,881000000,881000100,17418,29031,881100000,881100000
1,8811,881100000,881100100,17418,29031,881200000,881200000
1,8812,881200000,881200100,17418,29031,881300000,881300000
1,8813,881300000,881300100,17418,29031,881400000,881400000
1,8814,881400000,881400100,17418,29031,881500000,881500000
1,8815,881500000,881500100,17418,29031,881600000,881600000
1,8816,881600000,881600100,17418,29031,881700000,881700000
1,8817,881700000,881700100,17418,29031,881800000,881800000
1,8818,881800000,881800100,17418,29031,881900000,881900000
1,8819,881900000,881900100,17418,29031,882000000,882000000
1,8820,882000000,882000100,17418,29031,882100000,882100000
1,8821,882100000,882100100,17418,29031,882200000,882200000
1,8822,882200000,882200100,17418,29031,882300000,882300000
1,8823,882300000,882300100,17418,29031,882400000,882400000
1,8824,882400000,882400100,17418,29031,882500000,882500000
1,8825,882500000,882500100,17418,29031,882600000,882600000
1,8826,882600000,882600100,17418,29031,882700000,882700000
1,8827,882700000,882700100,17418,29031,882800000,882800000
1,8828,882800000,882800100,17418,29031,882900000,882900000
1,8829,882900000,882900100,17418,29031,883000000,883000000
1,8830,883000000,883000100,17418,29031,883100000,883100000
1,8831,883100000,883100100,17418,29031,883200000,883200000
1,8832,883200000,883200100,17418,29031,883300000,883300000
1,8833,883300000,883300100,17418,29031,883400000,883400000
1,8834,883400000,883400100,17418,29031,883500000,883500000
1,8835,883500000,883500100,17418,29031,883600000,883600000
1,8836,883600000,883600100,17418,29031,883700000,883700000
1,8837,883700000,883700100,17418,29031,883800000,883800000
1,8838,883800000,883800100,17418,29031,883900000,883900000
1,8839,883900000,883900100,17418,29031,884000000,884000000
1,8840,884000000,884000100,17418,29031,884100000,884100000
1,8841,884100000,884100100,17418,29031,884200000,884200000
1,8842,884200000,884200100,17418,29031,884300000,884300000
1,8843,884300000,884300100,17418,29031,884400000,884400000
1,8844,884400000,884400100,17418,29031,884500000,884500000
1,8845,884500000,884500100,17418,29031,884600000,884600000
1,8846,884600000,884600100,17418,29031,884700000,884700000
1,8847,884700000,884700100,17418,29031,884800000,884800000
1,8848,884800000,884800100,17418,29031,884900000,884900000
1,8849,884900000,884900100,17418,29031,885000000,885000000
1,8850,885000000,885000100,17418,29031,885100000,885100000
1,8851,885100000,885100100,17418,29031,885200000,885200000
1,8852,885200000,885200100,17418,29031,885300000,885300000
1,8853,885300000,885300100,17418,29031,885400000,885400000
1,8854,885400000,885400100,17418,29031,885500000,885500000
1,8855,885500000,885500100,17418,29031,885600000,885600000
1,8856,885600000,885600100,17418,29031,885700000,885700000
1,8857,885700000,885700100,17418,29031,885800000,885800000
1,8858,885800000,885800100,17418,29031,885900000,885900000
1,8859,885900000,885900100,17418,29031,886000000,886000000
1,8860,886000000,886000100,17418,29031,886100000,886100000
1,8861,886100000,886100100,17418,29031,886200000,886200000
1,8862,886200000,886200100,17418,29031,886300000,886300000
1,8863,886300000,886300100,17418,29031,886400000,886400000
1,8864,886400000,886400100,17418,29031,886500000,886500000
1,8865,886500000,886500100,17418,29031,886600000,886600000
1,8866,886600000,886600100,17418,29031,886700000,886700000
1,8867,886700000,886700100,17418,29031,886800000,886800000
1,8868,886800000,886800100,17418,29031,886900000,886900000
1,8869,886900000,886900100,17418,29031,887000000,887000000
1,8870,887000000,887000100,17418,29031,887100000,887100000
1,8871,887100000,887100100,17418,29031,887200000,887200000
1,8872,887200000,887200100,17418,29031,887300000,887300000
1,8873,887300000,887300100,17418,29031,887400000,887400000
1,8874,887400000,887400100,17418,29031,887500000,887500000
1,8875,887500000,887500100,17418,29031,887600000,887600000
1,8876,887600000,887600100,17418,29031,887700000,887700000
1,8877,887700000,887700100,17418,29031,887800000,887800000
1,8878,887800000,887800100,17418,29031,887900000,887900000
1,8879,887900000,887900100,17418,29031,888000000,888000000
1,8880,888000000,888000100,17418,29031,888100000,888100000
1,8881,888100000,888100100,17418,29031,888200000,888200000
1,8882,888200000,888200100,17418,29031,888300000,888300000
1,8883,888300000,888300100,17418,29031,888400000,888400000
1,8884,888400000,888400100,17418,29031,888500000,888500000
1,8885,888500000,888500100,17418,29031,888600000,888600000
1,8886,888600000,888600100,17418,29031,888700000,888700000
1,8887,888700000,888700100,17418,29031,888800000,888800000
1,8888,888800000,888800100,17418,29031,888900000,888900000
1,8889,888900000,888900100,17418,29031,889000000,889000000
1,8890,889000000,889000100,17418,29031,889100000,889100000
1,8891,889100000,889100100,17418,29031,889200000,889200000
1,8892,889200000,889200100,17418,29031,889300000,889300000
1,8893,889300000,889300100,17418,29031,889400000,889400000
1,8894,889400000,889400100,17418,29031,889500000,889500000
1,8895,889500000,889500100,17418,29031,889600000,889600000
1,8896,889600000,889600100,17418,29031,889700000,889700000
1,8897,889700000,889700100,17418,29031,889800000,889800000
1,8898,889800000,889800100,17418,29031,889900000,889900000
1,8899,889900000,889900100,17418,29031,890000000,890000000
1,8900,890000000,890000100,17418,29031,890100000,890100000
1,8901,890100000,890100100,17418,29031,890200000,890200000
1,8902,890200000,890200100,17418,29031,890300000,890300000
1,8903,890300000,890300100,17418,29031,890400000,890400000
1,8904,890400000,890400100,17418,29031,890500000,890500000
1,8905,890500000,890500100,17418,29031,890600000,890600000
1,8906,890600000,890600100,17418,29031,890700000,890700000
1,8907,890700000,890700100,17418,29031,890800000,890800000
1,8908,890800000,890800100,17418,29031,890900000,890900000
1,8909,890900000,890900100,17418,29031,891000000,891000000
1,8910,891000000,891000100,17418,29031,891100000,891100000
1,8911,891100000,891100100,17418,29031,891200000,891200000
1,8912,891200000,891200100,17418,29031,891300000,891300000
1,8913,891300000,891300100,17418,29031,891400000,891400000
1,8914,891400000,891400100,17418,29031,891500000,891500000
1,8915,891500000,891500100,17418,29031,891600000,891600000
1,8916,891600000,891600100,17418,29031,891700000,891700000
1,8917,891700000,891700100,17418,29031,891800000,891800000
1,8918,891800000,891800100,17418,29031,891900000,891900000
1,8919,891900000,891900100,17418,29031,892000000,892000000
1,8920,892000000,892000100,17418,29031,892100000,892100000
1,8921,892100000,892100100,17418,29031,892200000,892200000
1,8922,892200000,892200100,17418,29031,892300000,892300000
1,8923,892300000,892300100,17418,29031,892400000,892400000
1,8924,892400000,892400100,17418,29031,892500000,892500000
1,8925,892500000,892500100,17418,29031,892600000,892600000
1,8926,892600000,892600100,17418,29031,892700000,892700000
1,8927,892700000,892700100,17418,29031,892800000,892800000
1,8928,892800000,892800100,17418,29031,892900000,892900000
1,8929,892900000,892900100,17418,29031,893000000,893000000
1,8930,893000000,893000100,17418,29031,893100000,893100000
1,8931,893100000,893100100,17418,29031,893200000,893200000
1,8932,893200000,893200100,17418,29031,893300000,893300000
1,8933,893300000,893300100,17418,29031,893400000,893400000
1,8934,893400000,893400100,17418,29031,893500000,893500000
1,8935,893500000,893500100,17418,29031,893600000,893600000
1,8936,893600000,893600100,17418,29031,893700000,893700000
1,8937,893700000,893700100,17418,29031,893800000,893800000
1,8938,893800000,893800100,17418,29031,893900000,893900000
1,8939,893900000,893900100,17418,29031,894000000,894000000
1,8940,894000000,894000100,17418,29031,894100000,894100000
1,8941,894100000,894100100,17418,29031,894200000,894200000
1,8942,894200000,894200100,17418,29031,894300000,894300000
1,8943,894300000,894300100,17418,29031,894400000,894400000
1,8944,894400000,894400100,17418,29031,894500000,894500000
1,8945,894500000,894500100,17418,29031,894600000,894600000
1,8946,894600000,894600100,17418,29031,894700000,894700000
1,8947,894700000,894700100,17418,29031,894800000,894800000
1,8948,894800000,894800100,17418,29031,894900000,894900000
1,8949,894900000,894900100,17418,29031,895000000,895000000
1,8950,895000000,895000100,17418,29031,895100000,895100000
1,8951,895100000,895100100,17418,29031,895200000,895200000
1,8952,895200000,895200100,17418,29031,895300000,895300000
1,8953,895300000,895300100,17418,29031,895400000,895400000
1,8954,895400000,895400100,17418,29031,895500000,895500000
1,8955,895500000,895500100,17418,29031,895600000,895600000
1,8956,895600000,895600100,17418,29031,895700000,895700000
1,8957,895700000,895700100,17418,29031,895800000,895800000
1,8958,895800000,895800100,17418,29031,895900000,895900000
1,8959,895900000,895900100,17418,29031,896000000,896000000
1,8960,896000000,896000100,17418,29031,896100000,896100000
1,8961,896100000,896100100,17418,29031,896200000,896200000
1,8962,896200000,896200100,17418,29031,896300000,896300000
1,8963,896300000,896300100,17418,29031,896400000,896400000
1,8964,896400000,896400100,17418,29031,896500000,896500000
1,8965,896500000,896500100,17418,29031,896600000,896600000
1,8966,896600000,896600100,17418,29031,896700000,896700000
1,8967,896700000,896700100,17418,29031,896800000,896800000
1,8968,896800000,896800100,17418,29031,896900000,896900000
1,8969,896900000,896900100,17418,29031,897000000,897000000
1,8970,897000000,897000100,17418,29031,897100000,897100000
1,8971,897100000,897100100,17418,29031,897200000,897200000
1,8972,897200000,897200100,17418,29031,897300000,897300000
1,8973,897300000,897300100,17418,29031,897400000,897400000
1,8974,897400000,897400100,17418,29031,897500000,897500000
1,8975,897500000,897500100,17418,29031,897600000,897600000
1,8976,897600000,897600100,17418,29031,897700000,897700000
1,8977,897700000,897700100,17418,29031,897800000,897800000
1,8978,897800000,897800100,17418,29031,897900000,897900000
1,8979,897900000,897900100,17418,29031,898000000,898000000
1,8980,898000000,898000100,17418,29031,898100000,898100000
1,8981,898100000,898100100,17418,29031,898200000,898200000
1,8982,898200000,898200100,17418,29031,898300000,898300000
1,8983,898300000,898300100,17418,29031,898400000,898400000
1,8984,898400000,898400100,17418,29031,898500000,898500000
1,8985,898500000,898500100,17418,29031,898600000,898600000
1,8986,898600000,898600100,17418,29031,898700000,898700000
1,8987,898700000,898700100,17418,29031,898800000,898800000
1,8988,898800000,898800100,17418,29031,898900000,898900000
1,8989,898900000,898900100,17418,29031,899000000,899000000
1,8990,899000000,899000100,17418,29031,899100000,899100000
1,8991,899100000,899100100,17418,29031,899200000,899200000
1,8992,899200000,899200100,17418,29031,899300000,899300000
1,8993,899300000,899300100,17418,29031,899400000,899400000
1,8994,899400000,899400100,17418,29031,899500000,899500000
1,8995,899500000,899500100,17418,29031,899600000,899600000
1,8996,899600000,899600100,17418,29031,899700000,899700000
1,8997,899700000,899700100,17418,29031,899800000,899800000
1,8998,899800000,899800100,17418,29031,899900000,899900000
1,8999,899900000,899900100,17418,29031,900000000,900000000
1,9000,900000000,900000100,17418,29031,900100000,900100000
1,9001,900100000,900100100,17418,29031,900200000,900200000
1,9002,900200000,900200100,17418,29031,900300000,900300000
1,9003,900300000,900300100,17418,29031,900400000,900400000
1,9004,900400000,900400100,17418,29031,900500000,900500000
1,9005,900500000,900500100,17418,29031,900600000,900600000
1,9006,900600000,900600100,17418,29031,900700000,900700000
1,9007,900700000,900700100,17418,29031,900800000,900800000
1,9008,900800000,900800100,17418,29031,900900000,900900000
1,9009,900900000,900900100,17418,29031,901000000,901000000
1,9010,901000000,901000100,17418,29031,901100000,901100000
1,9011,901100000,901100100,17418,29031,901200000,901200000
1,9012,901200000,901200100,17418,29031,901300000,901300000
1,9013,901300000,901300100,17418,29031,901400000,901400000
1,9014,901400000,901400100,17418,29031,901500000,901500000
1,9015,901500000,901500100,17418,29031,901600000,901600000
1,9016,901600000,901600100,17418,29031,901700000,901700000
1,9017,901700000,901700100,17418,29031,901800000,901800000
1,9018,901800000,901800100,17418,29031,901900000,901900000
1,9019,901900000,901900100,17418,29031,902000000,902000000
1,9020,902000000,902000100,17418,29031,902100000,902100000
1,9021,902100000,902100100,17418,29031,902200000,902200000
1,9022,902200000,902200100,17418,29031,902300000,902300000
1,9023,902300000,902300100,17418,29031,902400000,902400000
1,9024,902400000,902400100,17418,29031,902500000,902500000
1,9025,902500000,902500100,17418,29031,902600000,902600000
1,9026,902600000,902600100,17418,29031,902700000,902700000
1,9027,902700000,902700100,17418,29031,902800000,902800000
1,9028,902800000,902800100,17418,29031,902900000,902900000
1,9029,902900000,902900100,17418,29031,903000000,903000000
1,9030,903000000,903000100,17418,29031,903100000,903100000
1,9031,903100000,903100100,17418,29031,903200000,903200000
1,9032,903200000,903200100,17418,29031,903300000,903300000
1,9033,903300000,903300100,17418,29031,903400000,903400000
1,9034,903400000,903400100,17418,29031,903500000,903500000
1,9035,903500000,903500100,17418,29031,903600000,903600000
1,9036,903600000,903600100,17418,29031,903700000,903700000
1,9037,903700000,903700100,17418,29031,903800000,903800000
1,9038,903800000,903800100,17418,29031,903900000,903900000
1,9039,903900000,903900100,17418,29031,904000000,904000000
1,9040,904000000,904000100,17418,29031,904100000,904100000
1,9041,904100000,904100100,17418,29031,904200000,904200000
1,9042,904200000,904200100,17418,29031,904300000,904300000
1,9043,904300000,904300100,17418,29031,904400000,904400000
1,9044,904400000,904400100,17418,29031,904500000,904500000
1,9045,904500000,904500100,17418,29031,904600000,904600000
1,9046,904600000,904600100,17418,29031,904700000,904700000
1,9047,904700000,904700100,17418,29031,904800000,904800000
1,9048,904800000,904800100,17418,29031,904900000,904900000
1,9049,904900000,904900100,17418,29031,905000000,905000000
1,9050,905000000,905000100,17418,29031,905100000,905100000
1,9051,905100000,905100100,17418,29031,905200000,905200000
1,9052,905200000,905200100,17418,29031,905300000,905300000
1,9053,905300000,905300100,17418,29031,905400000,905400000
1,9054,905400000,905400100,17418,29031,905500000,905500000
1,9055,905500000,905500100,17418,29031,905600000,905600000
1,9056,905600000,905600100,17418,29031,905700000,905700000
1,9057,905700000,905700100,17418,29031,905800000,905800000
1,9058,905800000,905800100,17418,29031,905900000,905900000
1,9059,905900000,905900100,17418,29031,906000000,906000000
1,9060,906000000,906000100,17418,29031,906100000,906100000
1,9061,906100000,906100100,17418,29031,906200000,906200000
1,9062,906200000,906200100,17418,29031,906300000,906300000
1,9063,906300000,906300100,17418,29031,906400000,906400000
1,9064,906400000,906400100,17418,29031,906500000,906500000
1,9065,906500000,906500100,17418,29031,906600000,906600000
1,9066,906600000,906600100,17418,29031,906700000,906700000
1,9067,906700000,906700100,17418,29031,906800000,906800000
1,9068,906800000,906800100,17418,29031,906900000,906900000
1,9069,906900000,906900100,17418,29031,907000000,907000000
1,9070,907000000,907000100,17418,29031,907100000,907100000
1,9071,907100000,907100100,17418,29031,907200000,907200000
1,9072,907200000,907200100,17418,29031,907300000,907300000
1,9073,907300000,907300100,17418,29031,907400000,907400000
1,9074,907400000,907400100,17418,29031,907500000,907500000
1,9075,907500000,907500100,17418,29031,907600000,907600000
1,9076,907600000,907600100,17418,29031,907700000,907700000
1,9077,907700000,907700100,17418,29031,907800000,907800000
1,9078,907800000,907800100,17418,29031,907900000,907900000
1,9079,907900000,907900100,17418,29031,908000000,908000000
1,9080,908000000,908000100,17418,29031,908100000,908100000
1,9081,908100000,908100100,17418,29031,908200000,908200000
1,9082,908200000,908200100,17418,29031,908300000,908300000
1,9083,908300000,908300100,17418,29031,908400000,908400000
1,9084,908400000,908400100,17418,29031,908500000,908500000
1,9085,908500000,908500100,17418,29031,908600000,908600000
1,9086,908600000,908600100,17418,29031,908700000,908700000
1,9087,908700000,908700100,17418,29031,908800000,908800000
1,9088,908800000,908800100,17418,29031,908900000,908900000
1,9089,908900000,908900100,17418,29031,909000000,909000000
1,9090,909000000,909000100,17418,29031,909100000,909100000
1,9091,909100000,909100100,17418,29031,909200000,909200000
1,9092,909200000,909200100,17418,29031,909300000,909300000
1,9093,909300000,909300100,17418,29031,909400000,909400000
1,9094,909400000,909400100,17418,29031,909500000,909500000
1,9095,909500000,909500100,17418,29031,909600000,909600000
1,9096,909600000,909600100,17418,29031,909700000,909700000
1,9097,909700000,909700100,17418,29031,909800000,909800000
1,9098,909800000,909800100,17418,29031,909900000,909900000
1,9099,909900000,909900100,17418,29031,910000000,910000000
1,9100,910000000,910000100,17418,29031,910100000,910100000
1,9101,910100000,910100100,17418,29031,910200000,910200000
1,9102,910200000,910200100,17418,29031,910300000,910300000
1,9103,910300000,910300100,17418,29031,910400000,910400000
1,9104,910400000,910400100,17418,29031,910500000,910500000
1,9105,910500000,910500100,17418,29031,910600000,910600000
1,9106,910600000,910600100,17418,29031,910700000,910700000
1,9107,910700000,910700100,17418,29031,910800000,910800000
1,9108,910800000,910800100,17418,29031,910900000,910900000
1,9109,910900000,910900100,17418,29031,911000000,911000000
1,9110,911000000,911000100,17418,29031,911100000,911100000
1,9111,911100000,911100100,17418,29031,911200000,911200000
1,9112,911200000,911200100,17418,29031,911300000,911300000
1,9113,911300000,911300100,17418,29031,911400000,911400000
1,9114,911400000,911400100,17418,29031,911500000,911500000
1,9115,911500000,911500100,17418,29031,911600000,911600000
1,9116,911600000,911600100,17418,29031,911700000,911700000
1,9117,911700000,911700100,17418,29031,911800000,911800000
1,9118,911800000,911800100,17418,29031,911900000,911900000
1,9119,911900000,911900100,17418,29031,912000000,912000000
1,9120,912000000,912000100,17418,29031,912100000,912100000
1,9121,912100000,912100100,17418,29031,912200000,912200000
1,9122,912200000,912200100,17418,29031,912300000,912300000
1,9123,912300000,912300100,17418,29031,912400000,912400000
1,9124,912400000,912400100,17418,29031,912500000,912500000
1,9125,912500000,912500100,17418,29031,912600000,912600000
1,9126,912600000,912600100,17418,29031,912700000,912700000
1,9127,912700000,912700100,17418,29031,912800000,912800000
1,9128,912800000,912800100,17418,29031,912900000,912900000
1,9129,912900000,912900100,17418,29031,913000000,913000000
1,9130,913000000,913000100,17418,29031,913100000,913100000
1,9131,913100000,913100100,17418,29031,913200000,913200000
1,9132,913200000,913200100,17418,29031,913300000,913300000
1,9133,913300000,913300100,17418,29031,913400000,913400000
1,9134,913400000,913400100,17418,29031,913500000,913500000
1,9135,913500000,913500100,17418,29031,913600000,913600000
1,9136,913600000,913600100,17418,29031,913700000,913700000
1,9137,913700000,913700100,17418,29031,913800000,913800000
1,9138,913800000,913800100,17418,29031,913900000,913900000
1,9139,913900000,913900100,17418,29031,914000000,914000000
1,9140,914000000,914000100,17418,29031,914100000,914100000
1,9141,914100000,914100100,17418,29031,914200000,914200000
1,9142,914200000,914200100,17418,29031,914300000,914300000
1,9143,914300000,914300100,17418,29031,914400000,914400000
1,9144,914400000,914400100,17418,29031,914500000,914500000
1,9145,914500000,914500100,17418,29031,914600000,914600000
1,9146,914600000,914600100,17418,29031,914700000,914700000
1,9147,914700000,914700100,17418,29031,914800000,914800000
1,9148,914800000,914800100,17418,29031,914900000,914900000
1,9149,914900000,914900100,17418,29031,915000000,915000000
1,9150,915000000,915000100,17418,29031,915100000,915100000
1,9151,915100000,915100100,17418,29031,915200000,915200000
1,9152,915200000,915200100,17418,29031,915300000,915300000
1,9153,915300000,915300100,17418,29031,915400000,915400000
1,9154,915400000,915400100,17418,29031,915500000,915500000
1,9155,915500000,915500100,17418,29031,915600000,915600000
1,9156,915600000,915600100,17418,29031,915700000,915700000
1,9157,915700000,915700100,17418,29031,915800000,915800000
1,9158,915800000,915800100,17418,29031,915900000,915900000
1,9159,915900000,915900100,17418,29031,916000000,916000000
1,9160,916000000,916000100,17418,29031,916100000,916100000
1,9161,916100000,916100100,17418,29031,916200000,916200000
1,9162,916200000,916200100,17418,29031,916300000,916300000
1,9163,916300000,916300100,17418,29031,916400000,916400000
1,9164,916400000,916400100,17418,29031,916500000,916500000
1,9165,916500000,916500100,17418,29031,916600000,916600000
1,9166,916600000,916600100,17418,29031,916700000,916700000
1,9167,916700000,916700100,17418,29031,916800000,916800000
1,9168,916800000,916800100,17418,29031,916900000,916900000
1,9169,916900000,916900100,17418,29031,917000000,917000000
1,9170,917000000,917000100,17418,29031,917100000,917100000
1,9171,917100000,917100100,17418,29031,917200000,917200000
1,9172,917200000,917200100,17418,29031,917300000,917300000
1,9173,917300000,917300100,17418,29031,917400000,917400000
1,9174,917400000,917400100,17418,29031,917500000,917500000
1,9175,917500000,917500100,17418,29031,917600000,917600000
1,9176,917600000,917600100,17418,29031,917700000,917700000
1,9177,917700000,917700100,17418,29031,917800000,917800000
1,9178,917800000,917800100,17418,29031,917900000,917900000
1,9179,917900000,917900100,17418,29031,918000000,918000000
1,9180,918000000,918000100,17418,29031,918100000,918100000
1,9181,918100000,918100100,17418,29031,918200000,918200000
1,9182,918200000,918200100,17418,29031,918300000,918300000
1,9183,918300000,918300100,17418,29031,918400000,918400000
1,9184,918400000,918400100,17418,29031,918500000,918500000
1,9185,918500000,918500100,17418,29031,918600000,918600000
1,9186,918600000,918600100,17418,29031,918700000,918700000
1,9187,918700000,918700100,17418,29031,918800000,918800000
1,9188,918800000,918800100,17418,29031,918900000,918900000
1,9189,918900000,918900100,17418,29031,919000000,919000000
1,9190,919000000,919000100,17418,29031,919100000,919100000
1,9191,919100000,919100100,17418,29031,919200000,919200000
1,9192,919200000,919200100,17418,29031,919300000,919300000
1,9193,919300000,919300100,17418,29031,919400000,919400000
1,9194,919400000,919400100,17418,29031,919500000,919500000
1,9195,919500000,919500100,17418,29031,919600000,919600000
1,9196,919600000,919600100,17418,29031,919700000,919700000
1,9197,919700000,919700100,17418,29031,919800000,919800000
1,9198,919800000,919800100,17418,29031,919900000,919900000
1,9199,919900000,919900100,17418,29031,920000000,920000000
1,9200,920000000,920000100,17418,29031,920100000,920100000
1,9201,920100000,920100100,17418,29031,920200000,920200000
1,9202,920200000,920200100,17418,29031,920300000,920300000
1,9203,920300000,920300100,17418,29031,920400000,920400000
1,9204,920400000,920400100,17418,29031,920500000,920500000
1,9205,920500000,920500100,17418,29031,920600000,920600000
1,9206,920600000,920600100,17418,29031,920700000,920700000
1,9207,920700000,920700100,17418,29031,920800000,920800000
1,9208,920800000,920800100,17418,29031,920900000,920900000
1,9209,920900000,920900100,17418,29031,921000000,921000000
1,9210,921000000,921000100,17418,29031,921100000,921100000
1,9211,921100000,921100100,17418,29031,921200000,921200000
1,9212,921200000,921200100,17418,29031,921300000,921300000
1,9213,921300000,921300100,17418,29031,921400000,921400000
1,9214,921400000,921400100,17418,29031,921500000,921500000
1,9215,921500000,921500100,17418,29031,921600000,921600000
1,9216,921600000,921600100,17418,29031,921700000,921700000
1,9217,921700000,921700100,17418,29031,921800000,921800000
1,9218,921800000,921800100,17418,29031,921900000,921900000
1,9219,921900000,921900100,17418,29031,922000000,922000000
1,9220,922000000,922000100,17418,29031,922100000,922100000
1,9221,922100000,922100100,17418,29031,922200000,922200000
1,9222,922200000,922200100,17418,29031,922300000,922300000
1,9223,922300000,922300100,17418,29031,922400000,922400000
1,9224,922400000,922400100,17418,29031,922500000,922500000
1,9225,922500000,922500100,17418,29031,922600000,922600000
1,9226,922600000,922600100,17418,29031,922700000,922700000
1,9227,922700000,922700100,17418,29031,922800000,922800000
1,9228,922800000,922800100,17418,29031,922900000,922900000
1,9229,922900000,922900100,17418,29031,923000000,923000000
1,9230,923000000,923000100,17418,29031,923100000,923100000
1,9231,923100000,923100100,17418,29031,923200000,923200000
1,9232,923200000,923200100,17418,29031,923300000,923300000
1,9233,923300000,923300100,17418,29031,923400000,923400000
1,9234,923400000,923400100,17418,29031,923500000,923500000
1,9235,923500000,923500100,17418,29031,923600000,923600000
1,9236,923600000,923600100,17418,29031,923700000,923700000
1,9237,923700000,923700100,17418,29031,923800000,923800000
1,9238,923800000,923800100,17418,29031,923900000,923900000
1,9239,923900000,923900100,17418,29031,924000000,924000000
1,9240,924000000,924000100,17418,29031,924100000,924100000
1,9241,924100000,924100100,17418,29031,924200000,924200000
1,9242,924200000,924200100,17418,29031,924300000,924300000
1,9243,924300000,924300100,17418,29031,924400000,924400000
1,9244,924400000,924400100,17418,29031,924500000,924500000
1,9245,924500000,924500100,17418,29031,924600000,924600000
1,9246,924600000,924600100,17418,29031,924700000,924700000
1,9247,924700000,924700100,17418,29031,924800000,924800000
1,9248,924800000,924800100,17418,29031,924900000,924900000
1,9249,924900000,924900100,17418,29031,925000000,925000000
1,9250,925000000,925000100,17418,29031,925100000,925100000
1,9251,925100000,925100100,17418,29031,925200000,925200000
1,9252,925200000,925200100,17418,29031,925300000,925300000
1,9253,925300000,925300100,17418,29031,925400000,925400000
1,9254,925400000,925400100,17418,29031,925500000,925500000
1,9255,925500000,925500100,17418,29031,925600000,925600000
1,9256,925600000,925600100,17418,29031,925700000,925700000
1,9257,925700000,925700100,17418,29031,925800000,925800000
1,9258,925800000,925800100,17418,29031,925900000,925900000
1,9259,925900000,925900100,17418,29031,926000000,926000000
1,9260,926000000,926000100,17418,29031,926100000,926100000
1,9261,926100000,926100100,17418,29031,926200000,926200000
1,9262,926200000,926200100,17418,29031,926300000,926300000
1,9263,926300000,926300100,17418,29031,926400000,926400000
1,9264,926400000,926400100,17418,29031,926500000,926500000
1,9265,926500000,926500100,17418,29031,926600000,926600000
1,9266,926600000,926600100,17418,29031,926700000,926700000
1,9267,926700000,926700100,17418,29031,926800000,926800000
1,9268,926800000,926800100,17418,29031,926900000,926900000
1,9269,926900000,926900100,17418,29031,927000000,927000000
1,9270,927000000,927000100,17418,29031,927100000,927100000
1,9271,927100000,927100100,17418,29031,927200000,927200000
1,9272,927200000,927200100,17418,29031,927300000,927300000
1,9273,927300000,927300100,17418,29031,927400000,927400000
1,9274,927400000,927400100,17418,29031,927500000,927500000
1,9275,927500000,927500100,17418,29031,927600000,927600000
1,9276,927600000,927600100,17418,29031,927700000,927700000
1,9277,927700000,927700100,17418,29031,927800000,927800000
1,9278,927800000,927800100,17418,29031,927900000,927900000
1,9279,927900000,927900100,17418,29031,928000000,928000000
1,9280,928000000,928000100,17418,29031,928100000,928100000
1,9281,928100000,928100100,17418,29031,928200000,928200000
1,9282,928200000,928200100,17418,29031,928300000,928300000
1,9283,928300000,928300100,17418,29031,928400000,928400000
1,9284,928400000,928400100,17418,29031,928500000,928500000
1,9285,928500000,928500100,17418,29031,928600000,928600000
1,9286,928600000,928600100,17418,29031,928700000,928700000
1,9287,928700000,928700100,17418,29031,928800000,928800000
1,9288,928800000,928800100,17418,29031,928900000,928900000
1,9289,928900000,928900100,17418,29031,929000000,929000000
1,9290,929000000,929000100,17418,29031,929100000,929100000
1,9291,929100000,929100100,17418,29031,929200000,929200000
1,9292,929200000,929200100,17418,29031,929300000,929300000
1,9293,929300000,929300100,17418,29031,929400000,929400000
1,9294,929400000,929400100,17418,29031,929500000,929500000
1,9295,929500000,929500100,17418,29031,929600000,929600000
1,9296,929600000,929600100,17418,29031,929700000,929700000
1,9297,929700000,929700100,17418,29031,929800000,929800000
1,9298,929800000,929800100,17418,29031,929900000,929900000
1,9299,929900000,929900100,17418,29031,930000000,930000000
1,9300,930000000,930000100,17418,29031,930100000,930100000
1,9301,930100000,930100100,17418,29031,930200000,930200000
1,9302,930200000,930200100,17418,29031,930300000,930300000
1,9303,930300000,930300100,17418,29031,930400000,930400000
1,9304,930400000,930400100,17418,29031,930500000,930500000
1,9305,930500000,930500100,17418,29031,930600000,930600000
1,9306,930600000,930600100,17418,29031,930700000,930700000
1,9307,930700000,930700100,17418,29031,930800000,930800000
1,9308,930800000,930800100,17418,29031,930900000,930900000
1,9309,930900000,930900100,17418,29031,931000000,931000000
1,9310,931000000,931000100,17418,29031,931100000,931100000
1,9311,931100000,931100100,17418,29031,931200000,931200000
1,9312,931200000,931200100,17418,29031,931300000,931300000
1,9313,931300000,931300100,17418,29031,931400000,931400000
1,9314,931400000,931400100,17418,29031,931500000,931500000
1,9315,931500000,931500100,17418,29031,931600000,931600000
1,9316,931600000,931600100,17418,29031,931700000,931700000
1,9317,931700000,931700100,17418,29031,931800000,931800000
1,9318,931800000,931800100,17418,29031,931900000,931900000
1,9319,931900000,931900100,17418,29031,932000000,932000000
1,9320,932000000,932000100,17418,29031,932100000,932100000
1,9321,932100000,932100100,17418,29031,932200000,932200000
1,9322,932200000,932200100,17418,29031,932300000,932300000
1,9323,932300000,932300100,17418,29031,932400000,932400000
1,9324,932400000,932400100,17418,29031,932500000,932500000
1,9325,932500000,932500100,17418,29031,932600000,932600000
1,9326,932600000,932600100,17418,29031,932700000,932700000
1,9327,932700000,932700100,17418,29031,932800000,932800000
1,9328,932800000,932800100,17418,29031,932900000,932900000
1,9329,932900000,932900100,17418,29031,933000000,933000000
1,9330,933000000,933000100,17418,29031,933100000,933100000
1,9331,933100000,933100100,17418,29031,933200000,933200000
1,9332,933200000,933200100,17418,29031,933300000,933300000
1,9333,933300000,933300100,17418,29031,933400000,933400000
1,9334,933400000,933400100,17418,29031,933500000,933500000
1,9335,933500000,933500100,17418,29031,933600000,933600000
1,9336,933600000,933600100,17418,29031,933700000,933700000
1,9337,933700000,933700100,17418,29031,933800000,933800000
1,9338,933800000,933800100,17418,29031,933900000,933900000
1,9339,933900000,933900100,17418,29031,934000000,934000000
1,9340,934000000,934000100,17418,29031,934100000,934100000
1,9341,934100000,934100100,17418,29031,934200000,934200000
1,9342,934200000,934200100,17418,29031,934300000,934300000
1,9343,934300000,934300100,17418,29031,934400000,934400000
1,9344,934400000,934400100,17418,29031,934500000,934500000
1,9345,934500000,934500100,17418,29031,934600000,934600000
1,9346,934600000,934600100,17418,29031,934700000,934700000
1,9347,934700000,934700100,17418,29031,934800000,934800000
1,9348,934800000,934800100,17418,29031,934900000,934900000
1,9349,934900000,934900100,17418,29031,935000000,935000000
1,9350,935000000,935000100,17418,29031,935100000,935100000
1,9351,935100000,935100100,17418,29031,935200000,935200000
1,9352,935200000,935200100,17418,29031,935300000,935300000
1,9353,935300000,935300100,17418,29031,935400000,935400000
1,9354,935400000,935400100,17418,29031,935500000,935500000
1,9355,935500000,935500100,17418,29031,935600000,935600000
1,9356,935600000,935600100,17418,29031,935700000,935700000
1,9357,935700000,935700100,17418,29031,935800000,935800000
1,9358,935800000,935800100,17418,29031,935900000,935900000
1,9359,935900000,935900100,17418,29031,936000000,936000000
1,9360,936000000,936000100,17418,29031,936100000,936100000
1,9361,936100000,936100100,17418,29031,936200000,936200000
1,9362,936200000,936200100,17418,29031,936300000,936300000
1,9363,936300000,936300100,17418,29031,936400000,936400000
1,9364,936400000,936400100,17418,29031,936500000,936500000
1,9365,936500000,936500100,17418,29031,936600000,936600000
1,9366,936600000,936600100,17418,29031,936700000,936700000
1,9367,936700000,936700100,17418,29031,936800000,936800000
1,9368,936800000,936800100,17418,29031,936900000,936900000
1,9369,936900000,936900100,17418,29031,937000000,937000000
1,9370,937000000,937000100,17418,29031,937100000,937100000
1,9371,937100000,937100100,17418,29031,937200000,937200000
1,9372,937200000,937200100,17418,29031,937300000,937300000
1,9373,937300000,937300100,17418,29031,937400000,937400000
1,9374,937400000,937400100,17418,29031,937500000,937500000
1,9375,937500000,937500100,17418,29031,937600000,937600000
1,9376,937600000,937600100,17418,29031,937700000,937700000
1,9377,937700000,937700100,17418,29031,937800000,937800000
1,9378,937800000,937800100,17418,29031,937900000,937900000
1,9379,937900000,937900100,17418,29031,938000000,938000000
1,9380,938000000,938000100,17418,29031,938100000,938100000
1,9381,938100000,938100100,17418,29031,938200000,938200000
1,9382,938200000,938200100,17418,29031,938300000,938300000
1,9383,938300000,938300100,17418,29031,938400000,938400000
1,9384,938400000,938400100,17418,29031,938500000,938500000
1,9385,938500000,938500100,17418,29031,938600000,938600000
1,9386,938600000,938600100,17418,29031,938700000,938700000
1,9387,938700000,938700100,17418,29031,938800000,938800000
1,9388,938800000,938800100,17418,29031,938900000,938900000
1,9389,938900000,938900100,17418,29031,939000000,939000000
1,9390,939000000,939000100,17418,29031,939100000,939100000
1,9391,939100000,939100100,17418,29031,939200000,939200000
1,9392,939200000,939200100,17418,29031,939300000,939300000
1,9393,939300000,939300100,17418,29031,939400000,939400000
1,9394,939400000,939400100,17418,29031,939500000,939500000
1,9395,939500000,939500100,17418,29031,939600000,939600000
1,9396,939600000,939600100,17418,29031,939700000,939700000
1,9397,939700000,939700100,17418,29031,939800000,939800000
1,9398,939800000,939800100,17418,29031,939900000,939900000
1,9399,939900000,939900100,17418,29031,940000000,940000000
1,9400,940000000,940000100,17418,29031,940100000,940100000
1,9401,940100000,940100100,17418,29031,940200000,940200000
1,9402,940200000,940200100,17418,29031,940300000,940300000
1,9403,940300000,940300100,17418,29031,940400000,940400000
1,9404,940400000,940400100,17418,29031,940500000,940500000
1,9405,940500000,940500100,17418,29031,940600000,940600000
1,9406,940600000,940600100,17418,29031,940700000,940700000
1,9407,940700000,940700100,17418,29031,940800000,940800000
1,9408,940800000,940800100,17418,29031,940900000,940900000
1,9409,940900000,940900100,17418,29031,941000000,941000000
1,9410,941000000,941000100,17418,29031,941100000,941100000
1,9411,941100000,941100100,17418,29031,941200000,941200000
1,9412,941200000,941200100,17418,29031,941300000,941300000
1,9413,941300000,941300100,17418,29031,941400000,941400000
1,9414,941400000,941400100,17418,29031,941500000,941500000
1,9415,941500000,941500100,17418,29031,941600000,941600000
1,9416,941600000,941600100,17418,29031,941700000,941700000
1,9417,941700000,941700100,17418,29031,941800000,941800000
1,9418,941800000,941800100,17418,29031,941900000,941900000
1,9419,941900000,941900100,17418,29031,942000000,942000000
1,9420,942000000,942000100,17418,29031,942100000,942100000
1,9421,942100000,942100100,17418,29031,942200000,942200000
1,9422,942200000,942200100,17418,29031,942300000,942300000
1,9423,942300000,942300100,17418,29031,942400000,942400000
1,9424,942400000,942400100,17418,29031,942500000,942500000
1,9425,942500000,942500100,17418,29031,942600000,942600000
1,9426,942600000,942600100,17418,29031,942700000,942700000
1,9427,942700000,942700100,17418,29031,942800000,942800000
1,9428,942800000,942800100,17418,29031,942900000,942900000
1,9429,942900000,942900100,17418,29031,943000000,943000000
1,9430,943000000,943000100,17418,29031,943100000,943100000
1,9431,943100000,943100100,17418,29031,943200000,943200000
1,9432,943200000,943200100,17418,29031,943300000,943300000
1,9433,943300000,943300100,17418,29031,943400000,943400000
1,9434,943400000,943400100,17418,29031,943500000,943500000
1,9435,943500000,943500100,17418,29031,943600000,943600000
1,9436,943600000,943600100,17418,29031,943700000,943700000
1,9437,943700000,943700100,17418,29031,943800000,943800000
1,9438,943800000,943800100,17418,29031,943900000,943900000
1,9439,943900000,943900100,17418,29031,944000000,944000000
1,9440,944000000,944000100,17418,29031,944100000,944100000
1,9441,944100000,944100100,17418,29031,944200000,944200000
1,9442,944200000,944200100,17418,29031,944300000,944300000
1,9443,944300000,944300100,17418,29031,944400000,944400000
1,9444,944400000,944400100,17418,29031,944500000,944500000
1,9445,944500000,944500100,17418,29031,944600000,944600000
1,9446,944600000,944600100,17418,29031,944700000,944700000
1,9447,944700000,944700100,17418,29031,944800000,944800000
1,9448,944800000,944800100,17418,29031,944900000,944900000
1,9449,944900000,944900100,17418,29031,945000000,945000000
1,9450,945000000,945000100,17418,29031,945100000,945100000
1,9451,945100000,945100100,17418,29031,945200000,945200000
1,9452,945200000,945200100,17418,29031,945300000,945300000
1,9453,945300000,945300100,17418,29031,945400000,945400000
1,9454,945400000,945400100,17418,29031,945500000,945500000
1,9455,945500000,945500100,17418,29031,945600000,945600000
1,9456,945600000,945600100,17418,29031,945700000,945700000
1,9457,945700000,945700100,17418,29031,945800000,945800000
1,9458,945800000,945800100,17418,29031,945900000,945900000
1,9459,945900000,945900100,17418,29031,946000000,946000000
1,9460,946000000,946000100,17418,29031,946100000,946100000
1,9461,946100000,946100100,17418,29031,946200000,946200000
1,9462,946200000,946200100,17418,29031,946300000,946300000
1,9463,946300000,946300100,17418,29031,946400000,946400000
1,9464,946400000,946400100,17418,29031,946500000,946500000
1,9465,946500000,946500100,17418,29031,946600000,946600000
1,9466,946600000,946600100,17418,29031,946700000,946700000
1,9467,946700000,946700100,17418,29031,946800000,946800000
1,9468,946800000,946800100,17418,29031,946900000,946900000
1,9469,946900000,946900100,17418,29031,947000000,947000000
1,9470,947000000,947000100,17418,29031,947100000,947100000
1,9471,947100000,947100100,17418,29031,947200000,947200000
1,9472,947200000,947200100,17418,29031,947300000,947300000
1,9473,947300000,947300100,17418,29031,947400000,947400000
1,9474,947400000,947400100,17418,29031,947500000,947500000
1,9475,947500000,947500100,17418,29031,947600000,947600000
1,9476,947600000,947600100,17418,29031,947700000,947700000
1,9477,947700000,947700100,17418,29031,947800000,947800000
1,9478,947800000,947800100,17418,29031,947900000,947900000
1,9479,947900000,947900100,17418,29031,948000000,948000000
1,9480,948000000,948000100,17418,29031,948100000,948100000
1,9481,948100000,948100100,17418,29031,948200000,948200000
1,9482,948200000,948200100,17418,29031,948300000,948300000
1,9483,948300000,948300100,17418,29031,948400000,948400000
1,9484,948400000,948400100,17418,29031,948500000,948500000
1,9485,948500000,948500100,17418,29031,948600000,948600000
1,9486,948600000,948600100,17418,29031,948700000,948700000
1,9487,948700000,948700100,17418,29031,948800000,948800000
1,9488,948800000,948800100,17418,29031,948900000,948900000
1,9489,948900000,948900100,17418,29031,949000000,949000000
1,9490,949000000,949000100,17418,29031,949100000,949100000
1,9491,949100000,949100100,17418,29031,949200000,949200000
1,9492,949200000,949200100,17418,29031,949300000,949300000
1,9493,949300000,949300100,17418,29031,949400000,949400000
1,9494,949400000,949400100,17418,29031,949500000,949500000
1,9495,949500000,949500100,17418,29031,949600000,949600000
1,9496,949600000,949600100,17418,29031,949700000,949700000
1,9497,949700000,949700100,17418,29031,949800000,949800000
1,9498,949800000,949800100,17418,29031,949900000,949900000
1,9499,949900000,949900100,17418,29031,950000000,950000000
1,9500,950000000,950000100,17418,29031,950100000,950100000
1,9501,950100000,950100100,17418,29031,950200000,950200000
1,9502,950200000,950200100,17418,29031,950300000,950300000
1,9503,950300000,950300100,17418,29031,950400000,950400000
1,9504,950400000,950400100,17418,29031,950500000,950500000
1,9505,950500000,950500100,17418,29031,950600000,950600000
1,9506,950600000,950600100,17418,29031,950700000,950700000
1,9507,950700000,950700100,17418,29031,950800000,950800000
1,9508,950800000,950800100,17418,29031,950900000,950900000
1,9509,950900000,950900100,17418,29031,951000000,951000000
1,9510,951000000,951000100,17418,29031,951100000,951100000
1,9511,951100000,951100100,17418,29031,951200000,951200000
1,9512,951200000,951200100,17418,29031,951300000,951300000
1,9513,951300000,951300100,17418,29031,951400000,951400000
1,9514,951400000,951400100,17418,29031,951500000,951500000
1,9515,951500000,951500100,17418,29031,951600000,951600000
1,9516,951600000,951600100,17418,29031,951700000,951700000
1,9517,951700000,951700100,17418,29031,951800000,951800000
1,9518,951800000,951800100,17418,29031,951900000,951900000
1,9519,951900000,951900100,17418,29031,952000000,952000000
1,9520,952000000,952000100,17418,29031,952100000,952100000
1,9521,952100000,952100100,17418,29031,952200000,952200000
1,9522,952200000,952200100,17418,29031,952300000,952300000
1,9523,952300000,952300100,17418,29031,952400000,952400000
1,9524,952400000,952400100,17418,29031,952500000,952500000
1,9525,952500000,952500100,17418,29031,952600000,952600000
1,9526,952600000,952600100,17418,29031,952700000,952700000
1,9527,952700000,952700100,17418,29031,952800000,952800000
1,9528,952800000,952800100,17418,29031,952900000,952900000
1,9529,952900000,952900100,17418,29031,953000000,953000000
1,9530,953000000,953000100,17418,29031,953100000,953100000
1,9531,953100000,953100100,17418,29031,953200000,953200000
1,9532,953200000,953200100,17418,29031,953300000,953300000
1,9533,953300000,953300100,17418,29031,953400000,953400000
1,9534,953400000,953400100,17418,29031,953500000,953500000
1,9535,953500000,953500100,17418,29031,953600000,953600000
1,9536,953600000,953600100,17418,29031,953700000,953700000
1,9537,953700000,953700100,17418,29031,953800000,953800000
1,9538,953800000,953800100,17418,29031,953900000,953900000
1,9539,953900000,953900100,17418,29031,954000000,954000000
1,9540,954000000,954000100,17418,29031,954100000,954100000
1,9541,954100000,954100100,17418,29031,954200000,954200000
1,9542,954200000,954200100,17418,29031,954300000,954300000
1,9543,954300000,954300100,17418,29031,954400000,954400000
1,9544,954400000,954400100,17418,29031,954500000,954500000
1,9545,954500000,954500100,17418,29031,954600000,954600000
1,9546,954600000,954600100,17418,29031,954700000,954700000
1,9547,954700000,954700100,17418,29031,954800000,954800000
1,9548,954800000,954800100,17418,29031,954900000,954900000
1,9549,954900000,954900100,17418,29031,955000000,955000000
1,9550,955000000,955000100,17418,29031,955100000,955100000
1,9551,955100000,955100100,17418,29031,955200000,955200000
1,9552,955200000,955200100,17418,29031,955300000,955300000
1,9553,955300000,955300100,17418,29031,955400000,955400000
1,9554,955400000,955400100,17418,29031,955500000,955500000
1,9555,955500000,955500100,17418,29031,955600000,955600000
1,9556,955600000,955600100,17418,29031,955700000,955700000
1,9557,955700000,955700100,17418,29031,955800000,955800000
1,9558,955800000,955800100,17418,29031,955900000,955900000
1,9559,955900000,955900100,17418,29031,956000000,956000000
1,9560,956000000,956000100,17418,29031,956100000,956100000
1,9561,956100000,956100100,17418,29031,956200000,956200000
1,9562,956200000,956200100,17418,29031,956300000,956300000
1,9563,956300000,956300100,17418,29031,956400000,956400000
1,9564,956400000,956400100,17418,29031,956500000,956500000
1,9565,956500000,956500100,17418,29031,956600000,956600000
1,9566,956600000,956600100,17418,29031,956700000,956700000
1,9567,956700000,956700100,17418,29031,956800000,956800000
1,9568,956800000,956800100,17418,29031,956900000,956900000
1,9569,956900000,956900100,17418,29031,957000000,957000000
1,9570,957000000,957000100,17418,29031,957100000,957100000
1,9571,957100000,957100100,17418,29031,957200000,957200000
1,9572,957200000,957200100,17418,29031,957300000,957300000
1,9573,957300000,957300100,17418,29031,957400000,957400000
1,9574,957400000,957400100,17418,29031,957500000,957500000
1,9575,957500000,957500100,17418,29031,957600000,957600000
1,9576,957600000,957600100,17418,29031,957700000,957700000
1,9577,957700000,957700100,17418,29031,957800000,957800000
1,9578,957800000,957800100,17418,29031,957900000,957900000
1,9579,957900000,957900100,17418,29031,958000000,958000000
1,9580,958000000,958000100,17418,29031,958100000,958100000
1,9581,958100000,958100100,17418,29031,958200000,958200000
1,9582,958200000,958200100,17418,29031,958300000,958300000
1,9583,958300000,958300100,17418,29031,958400000,958400000
1,9584,958400000,958400100,17418,29031,958500000,958500000
1,9585,958500000,958500100,17418,29031,958600000,958600000
1,9586,958600000,958600100,17418,29031,958700000,958700000
1,9587,958700000,958700100,17418,29031,958800000,958800000
1,9588,958800000,958800100,17418,29031,958900000,958900000
1,9589,958900000,958900100,17418,29031,959000000,959000000
1,9590,959000000,959000100,17418,29031,959100000,959100000
1,9591,959100000,959100100,17418,29031,959200000,959200000
1,9592,959200000,959200100,17418,29031,959300000,959300000
1,9593,959300000,959300100,17418,29031,959400000,959400000
1,9594,959400000,959400100,17418,29031,959500000,959500000
1,9595,959500000,959500100,17418,29031,959600000,959600000
1,9596,959600000,959600100,17418,29031,959700000,959700000
1,9597,959700000,959700100,17418,29031,959800000,959800000
1,9598,959800000,959800100,17418,29031,959900000,959900000
1,9599,959900000,959900100,17418,29031,960000000,960000000
1,9600,960000000,960000100,17418,29031,960100000,960100000
1,9601,960100000,960100100,17418,29031,960200000,960200000
1,9602,960200000,960200100,17418,29031,960300000,960300000
1,9603,960300000,960300100,17418,29031,960400000,960400000
1,9604,960400000,960400100,17418,29031,960500000,960500000
1,9605,960500000,960500100,17418,29031,960600000,960600000
1,9606,960600000,960600100,17418,29031,960700000,960700000
1,9607,960700000,960700100,17418,29031,960800000,960800000
1,9608,960800000,960800100,17418,29031,960900000,960900000
1,9609,960900000,960900100,17418,29031,961000000,961000000
1,9610,961000000,961000100,17418,29031,961100000,961100000
1,9611,961100000,961100100,17418,29031,961200000,961200000
1,9612,961200000,961200100,17418,29031,961300000,961300000
1,9613,961300000,961300100,17418,29031,961400000,961400000
1,9614,961400000,961400100,17418,29031,961500000,961500000
1,9615,961500000,961500100,17418,29031,961600000,961600000
1,9616,961600000,961600100,17418,29031,961700000,961700000
1,9617,961700000,961700100,17418,29031,961800000,961800000
1,9618,961800000,961800100,17418,29031,961900000,961900000
1,9619,961900000,961900100,17418,29031,962000000,962000000
1,9620,962000000,962000100,17418,29031,962100000,962100000
1,9621,962100000,962100100,17418,29031,962200000,962200000
1,9622,962200000,962200100,17418,29031,962300000,962300000
1,9623,962300000,962300100,17418,29031,962400000,962400000
1,9624,962400000,962400100,17418,29031,962500000,962500000
1,9625,962500000,962500100,17418,29031,962600000,962600000
1,9626,962600000,962600100,17418,29031,962700000,962700000
1,9627,962700000,962700100,17418,29031,962800000,962800000
1,9628,962800000,962800100,17418,29031,962900000,962900000
1,9629,962900000,962900100,17418,29031,963000000,963000000
1,9630,963000000,963000100,17418,29031,963100000,963100000
1,9631,963100000,963100100,17418,29031,963200000,963200000
1,9632,963200000,963200100,17418,29031,963300000,963300000
1,9633,963300000,963300100,17418,29031,963400000,963400000
1,9634,963400000,963400100,17418,29031,963500000,963500000
1,9635,963500000,963500100,17418,29031,963600000,963600000
1,9636,963600000,963600100,17418,29031,963700000,963700000
1,9637,963700000,963700100,17418,29031,963800000,963800000
1,9638,963800000,963800100,17418,29031,963900000,963900000
1,9639,963900000,963900100,17418,29031,964000000,964000000
1,9640,964000000,964000100,17418,29031,964100000,964100000
1,9641,964100000,964100100,17418,29031,964200000,964200000
1,9642,964200000,964200100,17418,29031,964300000,964300000
1,9643,964300000,964300100,17418,29031,964400000,964400000
1,9644,964400000,964400100,17418,29031,964500000,964500000
1,9645,964500000,964500100,17418,29031,964600000,964600000
1,9646,964600000,964600100,17418,29031,964700000,964700000
1,9647,964700000,964700100,17418,29031,964800000,964800000
1,9648,964800000,964800100,17418,29031,964900000,964900000
1,9649,964900000,964900100,17418,29031,965000000,965000000
1,9650,965000000,965000100,17418,29031,965100000,965100000
1,9651,965100000,965100100,17418,29031,965200000,965200000
1,9652,965200000,965200100,17418,29031,965300000,965300000
1,9653,965300000,965300100,17418,29031,965400000,965400000
1,9654,965400000,965400100,17418,29031,965500000,965500000
1,9655,965500000,965500100,17418,29031,965600000,965600000
1,9656,965600000,965600100,17418,29031,965700000,965700000
1,9657,965700000,965700100,17418,29031,965800000,965800000
1,9658,965800000,965800100,17418,29031,965900000,965900000
1,9659,965900000,965900100,17418,29031,966000000,966000000
1,9660,966000000,966000100,17418,29031,966100000,966100000
1,9661,966100000,966100100,17418,29031,966200000,966200000
1,9662,966200000,966200100,17418,29031,966300000,966300000
1,9663,966300000,966300100,17418,29031,966400000,966400000
1,9664,966400000,966400100,17418,29031,966500000,966500000
1,9665,966500000,966500100,17418,29031,966600000,966600000
1,9666,966600000,966600100,17418,29031,966700000,966700000
1,9667,966700000,966700100,17418,29031,966800000,966800000
1,9668,966800000,966800100,17418,29031,966900000,966900000
1,9669,966900000,966900100,17418,29031,967000000,967000000
1,9670,967000000,967000100,17418,29031,967100000,967100000
1,9671,967100000,967100100,17418,29031,967200000,967200000
1,9672,967200000,967200100,17418,29031,967300000,967300000
1,9673,967300000,967300100,17418,29031,967400000,967400000
1,9674,967400000,967400100,17418,29031,967500000,967500000
1,9675,967500000,967500100,17418,29031,967600000,967600000
1,9676,967600000,967600100,17418,29031,967700000,967700000
1,9677,967700000,967700100,17418,29031,967800000,967800000
1,9678,967800000,967800100,17418,29031,967900000,967900000
1,9679,967900000,967900100,17418,29031,968000000,968000000
1,9680,968000000,968000100,17418,29031,968100000,968100000
1,9681,968100000,968100100,17418,29031,968200000,968200000
1,9682,968200000,968200100,17418,29031,968300000,968300000
1,9683,968300000,968300100,17418,29031,968400000,968400000
1,9684,968400000,968400100,17418,29031,968500000,968500000
1,9685,968500000,968500100,17418,29031,968600000,968600000
1,9686,968600000,968600100,17418,29031,968700000,968700000
1,9687,968700000,968700100,17418,29031,968800000,968800000
1,9688,968800000,968800100,17418,29031,968900000,968900000
1,9689,968900000,968900100,17418,29031,969000000,969000000
1,9690,969000000,969000100,17418,29031,969100000,969100000
1,9691,969100000,969100100,17418,29031,969200000,969200000
1,9692,969200000,969200100,17418,29031,969300000,969300000
1,9693,969300000,969300100,17418,29031,969400000,969400000
1,9694,969400000,969400100,17418,29031,969500000,969500000
1,9695,969500000,969500100,17418,29031,969600000,969600000
1,9696,969600000,969600100,17418,29031,969700000,969700000
1,9697,969700000,969700100,17418,29031,969800000,969800000
1,9698,969800000,969800100,17418,29031,969900000,969900000
1,9699,969900000,969900100,17418,29031,970000000,970000000
1,9700,970000000,970000100,17418,29031,970100000,970100000
1,9701,970100000,970100100,17418,29031,970200000,970200000
1,9702,970200000,970200100,17418,29031,970300000,970300000
1,9703,970300000,970300100,17418,29031,970400000,970400000
1,9704,970400000,970400100,17418,29031,970500000,970500000
1,9705,970500000,970500100,17418,29031,970600000,970600000
1,9706,970600000,970600100,17418,29031,970700000,970700000
1,9707,970700000,970700100,17418,29031,970800000,970800000
1,9708,970800000,970800100,17418,29031,970900000,970900000
1,9709,970900000,970900100,17418,29031,971000000,971000000
1,9710,971000000,971000100,17418,29031,971100000,971100000
1,9711,971100000,971100100,17418,29031,971200000,971200000
1,9712,971200000,971200100,17418,29031,971300000,971300000
1,9713,971300000,971300100,17418,29031,971400000,971400000
1,9714,971400000,971400100,17418,29031,971500000,971500000
1,9715,971500000,971500100,17418,29031,971600000,971600000
1,9716,971600000,971600100,17418,29031,971700000,971700000
1,9717,971700000,971700100,17418,29031,971800000,971800000
1,9718,971800000,971800100,17418,29031,971900000,971900000
1,9719,971900000,971900100,17418,29031,972000000,972000000
1,9720,972000000,972000100,17418,29031,972100000,972100000
1,9721,972100000,972100100,17418,29031,972200000,972200000
1,9722,972200000,972200100,17418,29031,972300000,972300000
1,9723,972300000,972300100,17418,29031,972400000,972400000
1,9724,972400000,972400100,17418,29031,972500000,972500000
1,9725,972500000,972500100,17418,29031,972600000,972600000
1,9726,972600000,972600100,17418,29031,972700000,972700000
1,9727,972700000,972700100,17418,29031,972800000,972800000
1,9728,972800000,972800100,17418,29031,972900000,972900000
1,9729,972900000,972900100,17418,29031,973000000,973000000
1,9730,973000000,973000100,17418,29031,973100000,973100000
1,9731,973100000,973100100,17418,29031,973200000,973200000
1,9732,973200000,973200100,17418,29031,973300000,973300000
1,9733,973300000,973300100,17418,29031,973400000,973400000
1,9734,973400000,973400100,17418,29031,973500000,973500000
1,9735,973500000,973500100,17418,29031,973600000,973600000
1,9736,973600000,973600100,17418,29031,973700000,973700000
1,9737,973700000,973700100,17418,29031,973800000,973800000
1,9738,973800000,973800100,17418,29031,973900000,973900000
1,9739,973900000,973900100,17418,29031,974000000,974000000
1,9740,974000000,974000100,17418,29031,974100000,974100000
1,9741,974100000,974100100,17418,29031,974200000,974200000
1,9742,974200000,974200100,17418,29031,974300000,974300000
1,9743,974300000,974300100,17418,29031,974400000,974400000
1,9744,974400000,974400100,17418,29031,974500000,974500000
1,9745,974500000,974500100,17418,29031,974600000,974600000
1,9746,974600000,974600100,17418,29031,974700000,974700000
1,9747,974700000,974700100,17418,29031,974800000,974800000
1,9748,974800000,974800100,17418,29031,974900000,974900000
1,9749,974900000,974900100,17418,29031,975000000,975000000
1,9750,975000000,975000100,17418,29031,975100000,975100000
1,9751,975100000,975100100,17418,29031,975200000,975200000
1,9752,975200000,975200100,17418,29031,975300000,975300000
1,9753,975300000,975300100,17418,29031,975400000,975400000
1,9754,975400000,975400100,17418,29031,975500000,975500000
1,9755,975500000,975500100,17418,29031,975600000,975600000
1,9756,975600000,975600100,17418,29031,975700000,975700000
1,9757,975700000,975700100,17418,29031,975800000,975800000
1,9758,975800000,975800100,17418,29031,975900000,975900000
1,9759,975900000,975900100,17418,29031,976000000,976000000
1,9760,976000000,976000100,17418,29031,976100000,976100000
1,9761,976100000,976100100,17418,29031,976200000,976200000
1,9762,976200000,976200100,17418,29031,976300000,976300000
1,9763,976300000,976300100,17418,29031,976400000,976400000
1,9764,976400000,976400100,17418,29031,976500000,976500000
1,9765,976500000,976500100,17418,29031,976600000,976600000
1,9766,976600000,976600100,17418,29031,976700000,976700000
1,9767,976700000,976700100,17418,29031,976800000,976800000
1,9768,976800000,976800100,17418,29031,976900000,976900000
1,9769,976900000,976900100,17418,29031,977000000,977000000
1,9770,977000000,977000100,17418,29031,977100000,977100000
1,9771,977100000,977100100,17418,29031,977200000,977200000
1,9772,977200000,977200100,17418,29031,977300000,977300000
1,9773,977300000,977300100,17418,29031,977400000,977400000
1,9774,977400000,977400100,17418,29031,977500000,977500000
1,9775,977500000,977500100,17418,29031,977600000,977600000
1,9776,977600000,977600100,17418,29031,977700000,977700000
1,9777,977700000,977700100,17418,29031,977800000,977800000
1,9778,977800000,977800100,17418,29031,977900000,977900000
1,9779,977900000,977900100,17418,29031,978000000,978000000
1,9780,978000000,978000100,17418,29031,978100000,978100000
1,9781,978100000,978100100,17418,29031,978200000,978200000
1,9782,978200000,978200100,17418,29031,978300000,978300000
1,9783,978300000,978300100,17418,29031,978400000,978400000
1,9784,978400000,978400100,17418,29031,978500000,978500000
1,9785,978500000,978500100,17418,29031,978600000,978600000
1,9786,978600000,978600100,17418,29031,978700000,978700000
1,9787,978700000,978700100,17418,29031,978800000,978800000
1,9788,978800000,978800100,17418,29031,978900000,978900000
1,9789,978900000,978900100,17418,29031,979000000,979000000
1,9790,979000000,979000100,17418,29031,979100000,979100000
1,9791,979100000,979100100,17418,29031,979200000,979200000
1,9792,979200000,979200100,17418,29031,979300000,979300000
1,9793,979300000,979300100,17418,29031,979400000,979400000
1,9794,979400000,979400100,17418,29031,979500000,979500000
1,9795,979500000,979500100,17418,29031,979600000,979600000
1,9796,979600000,979600100,17418,29031,979700000,979700000
1,9797,979700000,979700100,17418,29031,979800000,979800000
1,9798,979800000,979800100,17418,29031,979900000,979900000
1,9799,979900000,979900100,17418,29031,980000000,980000000
1,9800,980000000,980000100,17418,29031,980100000,980100000
1,9801,980100000,980100100,17418,29031,980200000,980200000
1,9802,980200000,980200100,17418,29031,980300000,980300000
1,9803,980300000,980300100,17418,29031,980400000,980400000
1,9804,980400000,980400100,17418,29031,980500000,980500000
1,9805,980500000,980500100,17418,29031,980600000,980600000
1,9806,980600000,980600100,17418,29031,980700000,980700000
1,9807,980700000,980700100,17418,29031,980800000,980800000
1,9808,980800000,980800100,17418,29031,980900000,980900000
1,9809,980900000,980900100,17418,29031,981000000,981000000
1,9810,981000000,981000100,17418,29031,981100000,981100000
1,9811,981100000,981100100,17418,29031,981200000,981200000
1,9812,981200000,981200100,17418,29031,981300000,981300000
1,9813,981300000,981300100,17418,29031,981400000,981400000
1,9814,981400000,981400100,17418,29031,981500000,981500000
1,9815,981500000,981500100,17418,29031,981600000,981600000
1,9816,981600000,981600100,17418,29031,981700000,981700000
1,9817,981700000,981700100,17418,29031,981800000,981800000
1,9818,981800000,981800100,17418,29031,981900000,981900000
1,9819,981900000,981900100,17418,29031,982000000,982000000
1,9820,982000000,982000100,17418,29031,982100000,982100000
1,9821,982100000,982100100,17418,29031,982200000,982200000
1,9822,982200000,982200100,17418,29031,982300000,982300000
1,9823,982300000,982300100,17418,29031,982400000,982400000
1,9824,982400000,982400100,17418,29031,982500000,982500000
1,9825,982500000,982500100,17418,29031,982600000,982600000
1,9826,982600000,982600100,17418,29031,982700000,982700000
1,9827,982700000,982700100,17418,29031,982800000,982800000
1,9828,982800000,982800100,17418,29031,982900000,982900000
1,9829,982900000,982900100,17418,29031,983000000,983000000
1,9830,983000000,983000100,17418,29031,983100000,983100000
1,9831,983100000,983100100,17418,29031,983200000,983200000
1,9832,983200000,983200100,17418,29031,983300000,983300000
1,9833,983300000,983300100,17418,29031,983400000,983400000
1,9834,983400000,983400100,17418,29031,983500000,983500000
1,9835,983500000,983500100,17418,29031,983600000,983600000
1,9836,983600000,983600100,17418,29031,983700000,983700000
1,9837,983700000,983700100,17418,29031,983800000,983800000
1,9838,983800000,983800100,17418,29031,983900000,983900000
1,9839,983900000,983900100,17418,29031,984000000,984000000
1,9840,984000000,984000100,17418,29031,984100000,984100000
1,9841,984100000,984100100,17418,29031,984200000,984200000
1,9842,984200000,984200100,17418,29031,984300000,984300000
1,9843,984300000,984300100,17418,29031,984400000,984400000
1,9844,984400000,984400100,17418,29031,984500000,984500000
1,9845,984500000,984500100,17418,29031,984600000,984600000
1,9846,984600000,984600100,17418,29031,984700000,984700000
1,9847,984700000,984700100,17418,29031,984800000,984800000
1,9848,984800000,984800100,17418,29031,984900000,984900000
1,9849,984900000,984900100,17418,29031,985000000,985000000
1,9850,985000000,985000100,17418,29031,985100000,985100000
1,9851,985100000,985100100,17418,29031,985200000,985200000
1,9852,985200000,985200100,17418,29031,985300000,985300000
1,9853,985300000,985300100,17418,29031,985400000,985400000
1,9854,985400000,985400100,17418,29031,985500000,985500000
1,9855,985500000,985500100,17418,29031,985600000,985600000
1,9856,985600000,985600100,17418,29031,985700000,985700000
1,9857,985700000,985700100,17418,29031,985800000,985800000
1,9858,985800000,985800100,17418,29031,985900000,985900000
1,9859,985900000,985900100,17418,29031,986000000,986000000
1,9860,986000000,986000100,17418,29031,986100000,986100000
1,9861,986100000,986100100,17418,29031,986200000,986200000
1,9862,986200000,986200100,17418,29031,986300000,986300000
1,9863,986300000,986300100,17418,29031,986400000,986400000
1,9864,986400000,986400100,17418,29031,986500000,986500000
1,9865,986500000,986500100,17418,29031,986600000,986600000
1,9866,986600000,986600100,17418,29031,986700000,986700000
1,9867,986700000,986700100,17418,29031,986800000,986800000
1,9868,986800000,986800100,17418,29031,986900000,986900000
1,9869,986900000,986900100,17418,29031,987000000,987000000
1,9870,987000000,987000100,17418,29031,987100000,987100000
1,9871,987100000,987100100,17418,29031,987200000,987200000
1,9872,987200000,987200100,17418,29031,987300000,987300000
1,9873,987300000,987300100,17418,29031,987400000,987400000
1,9874,987400000,987400100,17418,29031,987500000,987500000
1,9875,987500000,987500100,17418,29031,987600000,987600000
1,9876,987600000,987600100,17418,29031,987700000,987700000
1,9877,987700000,987700100,17418,29031,987800000,987800000
1,9878,987800000,987800100,17418,29031,987900000,987900000
1,9879,987900000,987900100,17418,29031,988000000,988000000
1,9880,988000000,988000100,17418,29031,988100000,988100000
1,9881,988100000,988100100,17418,29031,988200000,988200000
1,9882,988200000,988200100,17418,29031,988300000,988300000
1,9883,988300000,988300100,17418,29031,988400000,988400000
1,9884,988400000,988400100,17418,29031,988500000,988500000
1,9885,988500000,988500100,17418,29031,988600000,988600000
1,9886,988600000,988600100,17418,29031,988700000,988700000
1,9887,988700000,988700100,17418,29031,988800000,988800000
1,9888,988800000,988800100,17418,29031,988900000,988900000
1,9889,988900000,988900100,17418,29031,989000000,989000000
1,9890,989000000,989000100,17418,29031,989100000,989100000
1,9891,989100000,989100100,17418,29031,989200000,989200000
1,9892,989200000,989200100,17418,29031,989300000,989300000
1,9893,989300000,989300100,17418,29031,989400000,989400000
1,9894,989400000,989400100,17418,29031,989500000,989500000
1,9895,989500000,989500100,17418,29031,989600000,989600000
1,9896,989600000,989600100,17418,29031,989700000,989700000
1,9897,989700000,989700100,17418,29031,989800000,989800000
1,9898,989800000,989800100,17418,29031,989900000,989900000
1,9899,989900000,989900100,17418,29031,990000000,990000000
1,9900,990000000,990000100,17418,29031,990100000,990100000
1,9901,990100000,990100100,17418,29031,990200000,990200000
1,9902,990200000,990200100,17418,29031,990300000,990300000
1,9903,990300000,990300100,17418,29031,990400000,990400000
1,9904,990400000,990400100,17418,29031,990500000,990500000
1,9905,990500000,990500100,17418,29031,990600000,990600000
1,9906,990600000,990600100,17418,29031,990700000,990700000
1,9907,990700000,990700100,17418,29031,990800000,990800000
1,9908,990800000,990800100,17418,29031,990900000,990900000
1,9909,990900000,990900100,17418,29031,991000000,991000000
1,9910,991000000,991000100,17418,29031,991100000,991100000
1,9911,991100000,991100100,17418,29031,991200000,991200000
1,9912,991200000,991200100,17418,29031,991300000,991300000
1,9913,991300000,991300100,17418,29031,991400000,991400000
1,9914,991400000,991400100,17418,29031,991500000,991500000
1,9915,991500000,991500100,17418,29031,991600000,991600000
1,9916,991600000,991600100,17418,29031,991700000,991700000
1,9917,991700000,991700100,17418,29031,991800000,991800000
1,9918,991800000,991800100,17418,29031,991900000,991900000
1,9919,991900000,991900100,17418,29031,992000000,992000000
1,9920,992000000,992000100,17418,29031,992100000,992100000
1,9921,992100000,992100100,17418,29031,992200000,992200000
1,9922,992200000,992200100,17418,29031,992300000,992300000
1,9923,992300000,992300100,17418,29031,992400000,992400000
1,9924,992400000,992400100,17418,29031,992500000,992500000
1,9925,992500000,992500100,17418,29031,992600000,992600000
1,9926,992600000,992600100,17418,29031,992700000,992700000
1,9927,992700000,992700100,17418,29031,992800000,992800000
1,9928,992800000,992800100,17418,29031,992900000,992900000
1,9929,992900000,992900100,17418,29031,993000000,993000000
1,9930,993000000,993000100,17418,29031,993100000,993100000
1,9931,993100000,993100100,17418,29031,993200000,993200000
1,9932,993200000,993200100,17418,29031,993300000,993300000
1,9933,993300000,993300100,17418,29031,993400000,993400000
1,9934,993400000,993400100,17418,29031,993500000,993500000
1,9935,993500000,993500100,17418,29031,993600000,993600000
1,9936,993600000,993600100,17418,29031,993700000,993700000
1,9937,993700000,993700100,17418,29031,993800000,993800000
1,9938,993800000,993800100,17418,29031,993900000,993900000
1,9939,993900000,993900100,17418,29031,994000000,994000000
1,9940,994000000,994000100,17418,29031,994100000,994100000
1,9941,994100000,994100100,17418,29031,994200000,994200000
1,9942,994200000,994200100,17418,29031,994300000,994300000
1,9943,994300000,994300100,17418,29031,994400000,994400000
1,9944,994400000,994400100,17418,29031,994500000,994500000
1,9945,994500000,994500100,17418,29031,994600000,994600000
1,9946,994600000,994600100,17418,29031,994700000,994700000
1,9947,994700000,994700100,17418,29031,994800000,994800000
1,9948,994800000,994800100,17418,29031,994900000,994900000
1,9949,994900000,994900100,17418,29031,995000000,995000000
1,9950,995000000,995000100,17418,29031,995100000,995100000
1,9951,995100000,995100100,17418,29031,995200000,995200000
1,9952,995200000,995200100,17418,29031,995300000,995300000
1,9953,995300000,995300100,17418,29031,995400000,995400000
1,9954,995400000,995400100,17418,29031,995500000,995500000
1,9955,995500000,995500100,17418,29031,995600000,995600000
1,9956,995600000,995600100,17418,29031,995700000,995700000
1,9957,995700000,995700100,17418,29031,995800000,995800000
1,9958,995800000,995800100,17418,29031,995900000,995900000
1,9959,995900000,995900100,17418,29031,996000000,996000000
1,9960,996000000,996000100,17418,29031,996100000,996100000
1,9961,996100000,996100100,17418,29031,996200000,996200000
1,9962,996200000,996200100,17418,29031,996300000,996300000
1,9963,996300000,996300100,17418,29031,996400000,996400000
1,9964,996400000,996400100,17418,29031,996500000,996500000
1,9965,996500000,996500100,17418,29031,996600000,996600000
1,9966,996600000,996600100,17418,29031,996700000,996700000
1,9967,996700000,996700100,17418,29031,996800000,996800000
1,9968,996800000,996800100,17418,29031,996900000,996900000
1,9969,996900000,996900100,17418,29031,997000000,997000000
1,9970,997000000,997000100,17418,29031,997100000,997100000
1,9971,997100000,997100100,17418,29031,997200000,997200000
1,9972,997200000,997200100,17418,29031,997300000,997300000
1,9973,997300000,997300100,17418,29031,997400000,997400000
1,9974,997400000,997400100,17418,29031,997500000,997500000
1,9975,997500000,997500100,17418,29031,997600000,997600000
1,9976,997600000,997600100,17418,29031,997700000,997700000
1,9977,997700000,997700100,17418,29031,997800000,997800000
1,9978,997800000,997800100,17418,29031,997900000,997900000
1,9979,997900000,997900100,17418,29031,998000000,998000000
1,9980,998000000,998000100,17418,29031,998100000,998100000
1,9981,998100000,998100100,17418,29031,998200000,998200000
1,9982,998200000,998200100,17418,29031,998300000,998300000
1,9983,998300000,998300100,17418,29031,998400000,998400000
1,9984,998400000,998400100,17418,29031,998500000,998500000
1,9985,998500000,998500100,17418,29031,998600000,998600000
1,9986,998600000,998600100,17418,29031,998700000,998700000
1,9987,998700000,998700100,17418,29031,998800000,998800000
1,9988,998800000,998800100,17418,29031,998900000,998900000
1,9989,998900000,998900100,17418,29031,999000000,999000000
1,9990,999000000,999000100,17418,29031,999100000,999100000
1,9991,999100000,999100100,17418,29031,999200000,999200000
1,9992,999200000,999200100,17418,29031,999300000,999300000
1,9993,999300000,999300100,17418,29031,999400000,999400000
1,9994,999400000,999400100,17418,29031,999500000,999500000
1,9995,999500000,999500100,17418,29031,999600000,999600000
1,9996,999600000,999600100,17418,29031,999700000,999700000
1,9997,999700000,999700100,17418,29031,999800000,999800000
1,9998,999800000,999800100,17418,29031,999900000,999900000
1,9999,999900000,999900100,17418,29031,1000000000,1000000000
1,10000,1000000000,1000000100,17418,29031,1000100000,1000100000
1,10001,1000100000,1000100100,17418,29031,1000200000,1000200000
1,10002,1000200000,1000200100,17418,29031,1000300000,1000300000
1,10003,1000300000,1000300100,17418,29031,1000400000,1000400000
1,10004,1000400000,1000400100,17418,29031,1000500000,1000500000
1,10005,1000500000,1000500100,17418,29031,1000600000,1000600000
1,10006,1000600000,1000600100,17418,29031,1000700000,1000700000
1,10007,1000700000,1000700100,17418,29031,1000800000,1000800000
1,10008,1000800000,1000800100,17418,29031,1000900000,1000900000
1,10009,1000900000,1000900100,17418,29031,1001000000,1001000000
1,10010,1001000000,1001000100,17418,29031,1001100000,1001100000
1,10011,1001100000,1001100100,17418,29031,1001200000,1001200000
1,10012,1001200000,1001200100,17418,29031,1001300000,1001300000
1,10013,1001300000,1001300100,17418,29031,1001400000,1001400000
1,10014,1001400000,1001400100,17418,29031,1001500000,1001500000
1,10015,1001500000,1001500100,17418,29031,1001600000,1001600000
1,10016,1001600000,1001600100,17418,29031,1001700000,1001700000
1,10017,1001700000,1001700100,17418,29031,1001800000,1001800000
1,10018,1001800000,1001800100,17418,29031,1001900000,1001900000
1,10019,1001900000,1001900100,17418,29031,1002000000,1002000000
1,10020,1002000000,1002000100,17418,29031,1002100000,1002100000
1,10021,1002100000,1002100100,17418,29031,1002200000,1002200000
1,10022,1002200000,1002200100,17418,29031,1002300000,1002300000
1,10023,1002300000,1002300100,17418,29031,1002400000,1002400000
1,10024,1002400000,1002400100,17418,29031,1002500000,1002500000
1,10025,1002500000,1002500100,17418,29031,1002600000,1002600000
1,10026,1002600000,1002600100,17418,29031,1002700000,1002700000
1,10027,1002700000,1002700100,17418,29031,1002800000,1002800000
1,10028,1002800000,1002800100,17418,29031,1002900000,1002900000
1,10029,1002900000,1002900100,17418,29031,1003000000,1003000000
1,10030,1003000000,1003000100,17418,29031,1003100000,1003100000
1,10031,1003100000,1003100100,17418,29031,1003200000,1003200000
1,10032,1003200000,1003200100,17418,29031,1003300000,1003300000
1,10033,1003300000,1003300100,17418,29031,1003400000,1003400000
1,10034,1003400000,1003400100,17418,29031,1003500000,1003500000
1,10035,1003500000,1003500100,17418,29031,1003600000,1003600000
1,10036,1003600000,1003600100,17418,29031,1003700000,1003700000
1,10037,1003700000,1003700100,17418,29031,1003800000,1003800000
1,10038,1003800000,1003800100,17418,29031,1003900000,1003900000
1,10039,1003900000,1003900100,17418,29031,1004000000,1004000000
1,10040,1004000000,1004000100,17418,29031,1004100000,1004100000
1,10041,1004100000,1004100100,17418,29031,1004200000,1004200000
1,10042,1004200000,1004200100,17418,29031,1004300000,1004300000
1,10043,1004300000,1004300100,17418,29031,1004400000,1004400000
1,10044,1004400000,1004400100,17418,29031,1004500000,1004500000
1,10045,1004500000,1004500100,17418,29031,1004600000,1004600000
1,10046,1004600000,1004600100,17418,29031,1004700000,1004700000
1,10047,1004700000,1004700100,17418,29031,1004800000,1004800000
1,10048,1004800000,1004800100,17418,29031,1004900000,1004900000
1,10049,1004900000,1004900100,17418,29031,1005000000,1005000000
1,10050,1005000000,1005000100,17418,29031,1005100000,1005100000
1,10051,1005100000,1005100100,17418,29031,1005200000,1005200000
1,10052,1005200000,1005200100,17418,29031,1005300000,1005300000
1,10053,1005300000,1005300100,17418,29031,1005400000,1005400000
1,10054,1005400000,1005400100,17418,29031,1005500000,1005500000
1,10055,1005500000,1005500100,17418,29031,1005600000,1005600000
1,10056,1005600000,1005600100,17418,29031,1005700000,1005700000
1,10057,1005700000,1005700100,17418,29031,1005800000,1005800000
1,10058,1005800000,1005800100,17418,29031,1005900000,1005900000
1,10059,1005900000,1005900100,17418,29031,1006000000,1006000000
1,10060,1006000000,1006000100,17418,29031,1006100000,1006100000
1,10061,1006100000,1006100100,17418,29031,1006200000,1006200000
1,10062,1006200000,1006200100,17418,29031,1006300000,1006300000
1,10063,1006300000,1006300100,17418,29031,1006400000,1006400000
1,10064,1006400000,1006400100,17418,29031,1006500000,1006500000
1,10065,1006500000,1006500100,17418,29031,1006600000,1006600000
1,10066,1006600000,1006600100,17418,29031,1006700000,1006700000
1,10067,1006700000,1006700100,17418,29031,1006800000,1006800000
1,10068,1006800000,1006800100,17418,29031,1006900000,1006900000
1,10069,1006900000,1006900100,17418,29031,1007000000,1007000000
1,10070,1007000000,1007000100,17418,29031,1007100000,1007100000
1,10071,1007100000,1007100100,17418,29031,1007200000,1007200000
1,10072,1007200000,1007200100,17418,29031,1007300000,1007300000
1,10073,1007300000,1007300100,17418,29031,1007400000,1007400000
1,10074,1007400000,1007400100,17418,29031,1007500000,1007500000
1,10075,1007500000,1007500100,17418,29031,1007600000,1007600000
1,10076,1007600000,1007600100,17418,29031,1007700000,1007700000
1,10077,1007700000,1007700100,17418,29031,1007800000,1007800000
1,10078,1007800000,1007800100,17418,29031,1007900000,1007900000
1,10079,1007900000,1007900100,17418,29031,1008000000,1008000000
1,10080,1008000000,1008000100,17418,29031,1008100000,1008100000
1,10081,1008100000,1008100100,17418,29031,1008200000,1008200000
1,10082,1008200000,1008200100,17418,29031,1008300000,1008300000
1,10083,1008300000,1008300100,17418,29031,1008400000,1008400000
1,10084,1008400000,1008400100,17418,29031,1008500000,1008500000
1,10085,1008500000,1008500100,17418,29031,1008600000,1008600000
1,10086,1008600000,1008600100,17418,29031,1008700000,1008700000
1,10087,1008700000,1008700100,17418,29031,1008800000,1008800000
1,10088,1008800000,1008800100,17418,29031,1008900000,1008900000
1,10089,1008900000,1008900100,17418,29031,1009000000,1009000000
1,10090,1009000000,1009000100,17418,29031,1009100000,1009100000
1,10091,1009100000,1009100100,17418,29031,1009200000,1009200000
1,10092,1009200000,1009200100,17418,29031,1009300000,1009300000
1,10093,1009300000,1009300100,17418,29031,1009400000,1009400000
1,10094,1009400000,1009400100,17418,29031,1009500000,1009500000
1,10095,1009500000,1009500100,17418,29031,1009600000,1009600000
1,10096,1009600000,1009600100,17418,29031,1009700000,1009700000
1,10097,1009700000,1009700100,17418,29031,1009800000,1009800000
1,10098,1009800000,1009800100,17418,29031,1009900000,1009900000
1,10099,1009900000,1009900100,17418,29031,1010000000,1010000000
1,10100,1010000000,1010000100,17418,29031,1010100000,1010100000
1,10101,1010100000,1010100100,17418,29031,1010200000,1010200000
1,10102,1010200000,1010200100,17418,29031,1010300000,1010300000
1,10103,1010300000,1010300100,17418,29031,1010400000,1010400000
1,10104,1010400000,1010400100,17418,29031,1010500000,1010500000
1,10105,1010500000,1010500100,17418,29031,1010600000,1010600000
1,10106,1010600000,1010600100,17418,29031,1010700000,1010700000
1,10107,1010700000,1010700100,17418,29031,1010800000,1010800000
1,10108,1010800000,1010800100,17418,29031,1010900000,1010900000
1,10109,1010900000,1010900100,17418,29031,1011000000,1011000000
1,10110,1011000000,1011000100,17418,29031,1011100000,1011100000
1,10111,1011100000,1011100100,17418,29031,1011200000,1011200000
1,10112,1011200000,1011200100,17418,29031,1011300000,1011300000
1,10113,1011300000,1011300100,17418,29031,1011400000,1011400000
1,10114,1011400000,1011400100,17418,29031,1011500000,1011500000
1,10115,1011500000,1011500100,17418,29031,1011600000,1011600000
1,10116,1011600000,1011600100,17418,29031,1011700000,1011700000
1,10117,1011700000,1011700100,17418,29031,1011800000,1011800000
1,10118,1011800000,1011800100,17418,29031,1011900000,1011900000
1,10119,1011900000,1011900100,17418,29031,1012000000,1012000000
1,10120,1012000000,1012000100,17418,29031,1012100000,1012100000
1,10121,1012100000,1012100100,17418,29031,1012200000,1012200000
1,10122,1012200000,1012200100,17418,29031,1012300000,1012300000
1,10123,1012300000,1012300100,17418,29031,1012400000,1012400000
1,10124,1012400000,1012400100,17418,29031,1012500000,1012500000
1,10125,1012500000,1012500100,17418,29031,1012600000,1012600000
1,10126,1012600000,1012600100,17418,29031,1012700000,1012700000
1,10127,1012700000,1012700100,17418,29031,1012800000,1012800000
1,10128,1012800000,1012800100,17418,29031,1012900000,1012900000
1,10129,1012900000,1012900100,17418,29031,1013000000,1013000000
1,10130,1013000000,1013000100,17418,29031,1013100000,1013100000
1,10131,1013100000,1013100100,17418,29031,1013200000,1013200000
1,10132,1013200000,1013200100,17418,29031,1013300000,1013300000
1,10133,1013300000,1013300100,17418,29031,1013400000,1013400000
1,10134,1013400000,1013400100,17418,29031,1013500000,1013500000
1,10135,1013500000,1013500100,17418,29031,1013600000,1013600000
1,10136,1013600000,1013600100,17418,29031,1013700000,1013700000
1,10137,1013700000,1013700100,17418,29031,1013800000,1013800000
1,10138,1013800000,1013800100,17418,29031,1013900000,1013900000
1,10139,1013900000,1013900100,17418,29031,1014000000,1014000000
1,10140,1014000000,1014000100,17418,29031,1014100000,1014100000
1,10141,1014100000,1014100100,17418,29031,1014200000,1014200000
1,10142,1014200000,1014200100,17418,29031,1014300000,1014300000
1,10143,1014300000,1014300100,17418,29031,1014400000,1014400000
1,10144,1014400000,1014400100,17418,29031,1014500000,1014500000
1,10145,1014500000,1014500100,17418,29031,1014600000,1014600000
1,10146,1014600000,1014600100,17418,29031,1014700000,1014700000
1,10147,1014700000,1014700100,17418,29031,1014800000,1014800000
1,10148,1014800000,1014800100,17418,29031,1014900000,1014900000
1,10149,1014900000,1014900100,17418,29031,1015000000,1015000000
1,10150,1015000000,1015000100,17418,29031,1015100000,1015100000
1,10151,1015100000,1015100100,17418,29031,1015200000,1015200000
1,10152,1015200000,1015200100,17418,29031,1015300000,1015300000
1,10153,1015300000,1015300100,17418,29031,1015400000,1015400000
1,10154,1015400000,1015400100,17418,29031,1015500000,1015500000
1,10155,1015500000,1015500100,17418,29031,1015600000,1015600000
1,10156,1015600000,1015600100,17418,29031,1015700000,1015700000
1,10157,1015700000,1015700100,17418,29031,1015800000,1015800000
1,10158,1015800000,1015800100,17418,29031,1015900000,1015900000
1,10159,1015900000,1015900100,17418,29031,1016000000,1016000000
1,10160,1016000000,1016000100,17418,29031,1016100000,1016100000
1,10161,1016100000,1016100100,17418,29031,1016200000,1016200000
1,10162,1016200000,1016200100,17418,29031,1016300000,1016300000
1,10163,1016300000,1016300100,17418,29031,1016400000,1016400000
1,10164,1016400000,1016400100,17418,29031,1016500000,1016500000
1,10165,1016500000,1016500100,17418,29031,1016600000,1016600000
1,10166,1016600000,1016600100,17418,29031,1016700000,1016700000
1,10167,1016700000,1016700100,17418,29031,1016800000,1016800000
1,10168,1016800000,1016800100,17418,29031,1016900000,1016900000
1,10169,1016900000,1016900100,17418,29031,1017000000,1017000000
1,10170,1017000000,1017000100,17418,29031,1017100000,1017100000
1,10171,1017100000,1017100100,17418,29031,1017200000,1017200000
1,10172,1017200000,1017200100,17418,29031,1017300000,1017300000
1,10173,1017300000,1017300100,17418,29031,1017400000,1017400000
1,10174,1017400000,1017400100,17418,29031,1017500000,1017500000
1,10175,1017500000,1017500100,17418,29031,1017600000,1017600000
1,10176,1017600000,1017600100,17418,29031,1017700000,1017700000
1,10177,1017700000,1017700100,17418,29031,1017800000,1017800000
1,10178,1017800000,1017800100,17418,29031,1017900000,1017900000
1,10179,1017900000,1017900100,17418,29031,1018000000,1018000000
1,10180,1018000000,1018000100,17418,29031,1018100000,1018100000
1,10181,1018100000,1018100100,17418,29031,1018200000,1018200000
1,10182,1018200000,1018200100,17418,29031,1018300000,1018300000
1,10183,1018300000,1018300100,17418,29031,1018400000,1018400000
1,10184,1018400000,1018400100,17418,29031,1018500000,1018500000
1,10185,1018500000,1018500100,17418,29031,1018600000,1018600000
1,10186,1018600000,1018600100,17418,29031,1018700000,1018700000
1,10187,1018700000,1018700100,17418,29031,1018800000,1018800000
1,10188,1018800000,1018800100,17418,29031,1018900000,1018900000
1,10189,1018900000,1018900100,17418,29031,1019000000,1019000000
1,10190,1019000000,1019000100,17418,29031,1019100000,1019100000
1,10191,1019100000,1019100100,17418,29031,1019200000,1019200000
1,10192,1019200000,1019200100,17418,29031,1019300000,1019300000
1,10193,1019300000,1019300100,17418,29031,1019400000,1019400000
1,10194,1019400000,1019400100,17418,29031,1019500000,1019500000
1,10195,1019500000,1019500100,17418,29031,1019600000,1019600000
1,10196,1019600000,1019600100,17418,29031,1019700000,1019700000
1,10197,1019700000,1019700100,17418,29031,1019800000,1019800000
1,10198,1019800000,1019800100,17418,29031,1019900000,1019900000
1,10199,1019900000,1019900100,17418,29031,1020000000,1020000000
1,10200,1020000000,1020000100,17418,29031,1020100000,1020100000
1,10201,1020100000,1020100100,17418,29031,1020200000,1020200000
1,10202,1020200000,1020200100,17418,29031,1020300000,1020300000
1,10203,1020300000,1020300100,17418,29031,1020400000,1020400000
1,10204,1020400000,1020400100,17418,29031,1020500000,1020500000
1,10205,1020500000,1020500100,17418,29031,1020600000,1020600000
1,10206,1020600000,1020600100,17418,29031,1020700000,1020700000
1,10207,1020700000,1020700100,17418,29031,1020800000,1020800000
1,10208,1020800000,1020800100,17418,29031,1020900000,1020900000
1,10209,1020900000,1020900100,17418,29031,1021000000,1021000000
1,10210,1021000000,1021000100,17418,29031,1021100000,1021100000
1,10211,1021100000,1021100100,17418,29031,1021200000,1021200000
1,10212,1021200000,1021200100,17418,29031,1021300000,1021300000
1,10213,1021300000,1021300100,17418,29031,1021400000,1021400000
1,10214,1021400000,1021400100,17418,29031,1021500000,1021500000
1,10215,1021500000,1021500100,17418,29031,1021600000,1021600000
1,10216,1021600000,1021600100,17418,29031,1021700000,1021700000
1,10217,1021700000,1021700100,17418,29031,1021800000,1021800000
1,10218,1021800000,1021800100,17418,29031,1021900000,1021900000
1,10219,1021900000,1021900100,17418,29031,1022000000,1022000000
1,10220,1022000000,1022000100,17418,29031,1022100000,1022100000
1,10221,1022100000,1022100100,17418,29031,1022200000,1022200000
1,10222,1022200000,1022200100,17418,29031,1022300000,1022300000
1,10223,1022300000,1022300100,17418,29031,1022400000,1022400000
1,10224,1022400000,1022400100,17418,29031,1022500000,1022500000
1,10225,1022500000,1022500100,17418,29031,1022600000,1022600000
1,10226,1022600000,1022600100,17418,29031,1022700000,1022700000
1,10227,1022700000,1022700100,17418,29031,1022800000,1022800000
1,10228,1022800000,1022800100,17418,29031,1022900000,1022900000
1,10229,1022900000,1022900100,17418,29031,1023000000,1023000000
1,10230,1023000000,1023000100,17418,29031,1023100000,1023100000
1,10231,1023100000,1023100100,17418,29031,1023200000,1023200000
1,10232,1023200000,1023200100,17418,29031,1023300000,1023300000
1,10233,1023300000,1023300100,17418,29031,1023400000,1023400000
1,10234,1023400000,1023400100,17418,29031,1023500000,1023500000
1,10235,1023500000,1023500100,17418,29031,1023600000,1023600000
1,10236,1023600000,1023600100,17418,29031,1023700000,1023700000
1,10237,1023700000,1023700100,17418,29031,1023800000,1023800000
1,10238,1023800000,1023800100,17418,29031,1023900000,1023900000
1,10239,1023900000,1023900100,17418,29031,1024000000,1024000000
1,10240,1024000000,1024000100,17418,29031,1024100000,1024100000
1,10241,1024100000,1024100100,17418,29031,1024200000,1024200000
1,10242,1024200000,1024200100,17418,29031,1024300000,1024300000
1,10243,1024300000,1024300100,17418,29031,1024400000,1024400000
1,10244,1024400000,1024400100,17418,29031,1024500000,1024500000
1,10245,1024500000,1024500100,17418,29031,1024600000,1024600000
1,10246,1024600000,1024600100,17418,29031,1024700000,1024700000
1,10247,1024700000,1024700100,17418,29031,1024800000,1024800000
1,10248,1024800000,1024800100,17418,29031,1024900000,1024900000
1,10249,1024900000,1024900100,17418,29031,1025000000,1025000000
1,10250,1025000000,1025000100,17418,29031,1025100000,1025100000
1,10251,1025100000,1025100100,17418,29031,1025200000,1025200000
1,10252,1025200000,1025200100,17418,29031,1025300000,1025300000
1,10253,1025300000,1025300100,17418,29031,1025400000,1025400000
1,10254,1025400000,1025400100,17418,29031,1025500000,1025500000
1,10255,1025500000,1025500100,17418,29031,1025600000,1025600000
1,10256,1025600000,1025600100,17418,29031,1025700000,1025700000
1,10257,1025700000,1025700100,17418,29031,1025800000,1025800000
1,10258,1025800000,1025800100,17418,29031,1025900000,1025900000
1,10259,1025900000,1025900100,17418,29031,1026000000,1026000000
1,10260,1026000000,1026000100,17418,29031,1026100000,1026100000
1,10261,1026100000,1026100100,17418,29031,1026200000,1026200000
1,10262,1026200000,1026200100,17418,29031,1026300000,1026300000
1,10263,1026300000,1026300100,17418,29031,1026400000,1026400000
1,10264,1026400000,1026400100,17418,29031,1026500000,1026500000
1,10265,1026500000,1026500100,17418,29031,1026600000,1026600000
1,10266,1026600000,1026600100,17418,29031,1026700000,1026700000
1,10267,1026700000,1026700100,17418,29031,1026800000,1026800000
1,10268,1026800000,1026800100,17418,29031,1026900000,1026900000
1,10269,1026900000,1026900100,17418,29031,1027000000,1027000000
1,10270,1027000000,1027000100,17418,29031,1027100000,1027100000
1,10271,1027100000,1027100100,17418,29031,1027200000,1027200000
1,10272,1027200000,1027200100,17418,29031,1027300000,1027300000
1,10273,1027300000,1027300100,17418,29031,1027400000,1027400000
1,10274,1027400000,1027400100,17418,29031,1027500000,1027500000
1,10275,1027500000,1027500100,17418,29031,1027600000,1027600000
1,10276,1027600000,1027600100,17418,29031,1027700000,1027700000
1,10277,1027700000,1027700100,17418,29031,1027800000,1027800000
1,10278,1027800000,1027800100,17418,29031,1027900000,1027900000
1,10279,1027900000,1027900100,17418,29031,1028000000,1028000000
1,10280,1028000000,1028000100,17418,29031,1028100000,1028100000
1,10281,1028100000,1028100100,17418,29031,1028200000,1028200000
1,10282,1028200000,1028200100,17418,29031,1028300000,1028300000
1,10283,1028300000,1028300100,17418,29031,1028400000,1028400000
1,10284,1028400000,1028400100,17418,29031,1028500000,1028500000
1,10285,1028500000,1028500100,17418,29031,1028600000,1028600000
1,10286,1028600000,1028600100,17418,29031,1028700000,1028700000
1,10287,1028700000,1028700100,17418,29031,1028800000,1028800000
1,10288,1028800000,1028800100,17418,29031,1028900000,1028900000
1,10289,1028900000,1028900100,17418,29031,1029000000,1029000000
1,10290,1029000000,1029000100,17418,29031,1029100000,1029100000
1,10291,1029100000,1029100100,17418,29031,1029200000,1029200000
1,10292,1029200000,1029200100,17418,29031,1029300000,1029300000
1,10293,1029300000,1029300100,17418,29031,1029400000,1029400000
1,10294,1029400000,1029400100,17418,29031,1029500000,1029500000
1,10295,1029500000,1029500100,17418,29031,1029600000,1029600000
1,10296,1029600000,1029600100,17418,29031,1029700000,1029700000
1,10297,1029700000,1029700100,17418,29031,1029800000,1029800000
1,10298,1029800000,1029800100,17418,29031,1029900000,1029900000
1,10299,1029900000,1029900100,17418,29031,1030000000,1030000000
1,10300,1030000000,1030000100,17418,29031,1030100000,1030100000
1,10301,1030100000,1030100100,17418,29031,1030200000,1030200000
1,10302,1030200000,1030200100,17418,29031,1030300000,1030300000
1,10303,1030300000,1030300100,17418,29031,1030400000,1030400000
1,10304,1030400000,1030400100,17418,29031,1030500000,1030500000
1,10305,1030500000,1030500100,17418,29031,1030600000,1030600000
1,10306,1030600000,1030600100,17418,29031,1030700000,1030700000
1,10307,1030700000,1030700100,17418,29031,1030800000,1030800000
1,10308,1030800000,1030800100,17418,29031,1030900000,1030900000
1,10309,1030900000,1030900100,17418,29031,1031000000,1031000000
1,10310,1031000000,1031000100,17418,29031,1031100000,1031100000
1,10311,1031100000,1031100100,17418,29031,1031200000,1031200000
1,10312,1031200000,1031200100,17418,29031,1031300000,1031300000
1,10313,1031300000,1031300100,17418,29031,1031400000,1031400000
1,10314,1031400000,1031400100,17418,29031,1031500000,1031500000
1,10315,1031500000,1031500100,17418,29031,1031600000,1031600000
1,10316,1031600000,1031600100,17418,29031,1031700000,1031700000
1,10317,1031700000,1031700100,17418,29031,1031800000,1031800000
1,10318,1031800000,1031800100,17418,29031,1031900000,1031900000
1,10319,1031900000,1031900100,17418,29031,1032000000,1032000000
1,10320,1032000000,1032000100,17418,29031,1032100000,1032100000
1,10321,1032100000,1032100100,17418,29031,1032200000,1032200000
1,10322,1032200000,1032200100,17418,29031,1032300000,1032300000
1,10323,1032300000,1032300100,17418,29031,1032400000,1032400000
1,10324,1032400000,1032400100,17418,29031,1032500000,1032500000
1,10325,1032500000,1032500100,17418,29031,1032600000,1032600000
1,10326,1032600000,1032600100,17418,29031,1032700000,1032700000
1,10327,1032700000,1032700100,17418,29031,1032800000,1032800000
1,10328,1032800000,1032800100,17418,29031,1032900000,1032900000
1,10329,1032900000,1032900100,17418,29031,1033000000,1033000000
1,10330,1033000000,1033000100,17418,29031,1033100000,1033100000
1,10331,1033100000,1033100100,17418,29031,1033200000,1033200000
1,10332,1033200000,1033200100,17418,29031,1033300000,1033300000
1,10333,1033300000,1033300100,17418,29031,1033400000,1033400000
1,10334,1033400000,1033400100,17418,29031,1033500000,1033500000
1,10335,1033500000,1033500100,17418,29031,1033600000,1033600000
1,10336,1033600000,1033600100,17418,29031,1033700000,1033700000
1,10337,1033700000,1033700100,17418,29031,1033800000,1033800000
1,10338,1033800000,1033800100,17418,29031,1033900000,1033900000
1,10339,1033900000,1033900100,17418,29031,1034000000,1034000000
1,10340,1034000000,1034000100,17418,29031,1034100000,1034100000
1,10341,1034100000,1034100100,17418,29031,1034200000,1034200000
1,10342,1034200000,1034200100,17418,29031,1034300000,1034300000
1,10343,1034300000,1034300100,17418,29031,1034400000,1034400000
1,10344,1034400000,1034400100,17418,29031,1034500000,1034500000
1,10345,1034500000,1034500100,17418,29031,1034600000,1034600000
1,10346,1034600000,1034600100,17418,29031,1034700000,1034700000
1,10347,1034700000,1034700100,17418,29031,1034800000,1034800000
1,10348,1034800000,1034800100,17418,29031,1034900000,1034900000
1,10349,1034900000,1034900100,17418,29031,1035000000,1035000000
1,10350,1035000000,1035000100,17418,29031,1035100000,1035100000
1,10351,1035100000,1035100100,17418,29031,1035200000,1035200000
1,10352,1035200000,1035200100,17418,29031,1035300000,1035300000
1,10353,1035300000,1035300100,17418,29031,1035400000,1035400000
1,10354,1035400000,1035400100,17418,29031,1035500000,1035500000
1,10355,1035500000,1035500100,17418,29031,1035600000,1035600000
1,10356,1035600000,1035600100,17418,29031,1035700000,1035700000
1,10357,1035700000,1035700100,17418,29031,1035800000,1035800000
1,10358,1035800000,1035800100,17418,29031,1035900000,1035900000
1,10359,1035900000,1035900100,17418,29031,1036000000,1036000000
1,10360,1036000000,1036000100,17418,29031,1036100000,1036100000
1,10361,1036100000,1036100100,17418,29031,1036200000,1036200000
1,10362,1036200000,1036200100,17418,29031,1036300000,1036300000
1,10363,1036300000,1036300100,17418,29031,1036400000,1036400000
1,10364,1036400000,1036400100,17418,29031,1036500000,1036500000
1,10365,1036500000,1036500100,17418,29031,1036600000,1036600000
1,10366,1036600000,1036600100,17418,29031,1036700000,1036700000
1,10367,1036700000,1036700100,17418,29031,1036800000,1036800000
1,10368,1036800000,1036800100,17418,29031,1036900000,1036900000
1,10369,1036900000,1036900100,17418,29031,1037000000,1037000000
1,10370,1037000000,1037000100,17418,29031,1037100000,1037100000
1,10371,1037100000,1037100100,17418,29031,1037200000,1037200000
1,10372,1037200000,1037200100,17418,29031,1037300000,1037300000
1,10373,1037300000,1037300100,17418,29031,1037400000,1037400000
1,10374,1037400000,1037400100,17418,29031,1037500000,1037500000
1,10375,1037500000,1037500100,17418,29031,1037600000,1037600000
1,10376,1037600000,1037600100,17418,29031,1037700000,1037700000
1,10377,1037700000,1037700100,17418,29031,1037800000,1037800000
1,10378,1037800000,1037800100,17418,29031,1037900000,1037900000
1,10379,1037900000,1037900100,17418,29031,1038000000,1038000000
1,10380,1038000000,1038000100,17418,29031,1038100000,1038100000
1,10381,1038100000,1038100100,17418,29031,1038200000,1038200000
1,10382,1038200000,1038200100,17418,29031,1038300000,1038300000
1,10383,1038300000,1038300100,17418,29031,1038400000,1038400000
1,10384,1038400000,1038400100,17418,29031,1038500000,1038500000
1,10385,1038500000,1038500100,17418,29031,1038600000,1038600000
1,10386,1038600000,1038600100,17418,29031,1038700000,1038700000
1,10387,1038700000,1038700100,17418,29031,1038800000,1038800000
1,10388,1038800000,1038800100,17418,29031,1038900000,1038900000
1,10389,1038900000,1038900100,17418,29031,1039000000,1039000000
1,10390,1039000000,1039000100,17418,29031,1039100000,1039100000
1,10391,1039100000,1039100100,17418,29031,1039200000,1039200000
1,10392,1039200000,1039200100,17418,29031,1039300000,1039300000
1,10393,1039300000,1039300100,17418,29031,1039400000,1039400000
1,10394,1039400000,1039400100,17418,29031,1039500000,1039500000
1,10395,1039500000,1039500100,17418,29031,1039600000,1039600000
1,10396,1039600000,1039600100,17418,29031,1039700000,1039700000
1,10397,1039700000,1039700100,17418,29031,1039800000,1039800000
1,10398,1039800000,1039800100,17418,29031,1039900000,1039900000
1,10399,1039900000,1039900100,17418,29031,1040000000,1040000000
1,10400,1040000000,1040000100,17418,29031,1040100000,1040100000
1,10401,1040100000,1040100100,17418,29031,1040200000,1040200000
1,10402,1040200000,1040200100,17418,29031,1040300000,1040300000
1,10403,1040300000,1040300100,17418,29031,1040400000,1040400000
1,10404,1040400000,1040400100,17418,29031,1040500000,1040500000
1,10405,1040500000,1040500100,17418,29031,1040600000,1040600000
1,10406,1040600000,1040600100,17418,29031,1040700000,1040700000
1,10407,1040700000,1040700100,17418,29031,1040800000,1040800000
1,10408,1040800000,1040800100,17418,29031,1040900000,1040900000
1,10409,1040900000,1040900100,17418,29031,1041000000,1041000000
1,10410,1041000000,1041000100,17418,29031,1041100000,1041100000
1,10411,1041100000,1041100100,17418,29031,1041200000,1041200000
1,10412,1041200000,1041200100,17418,29031,1041300000,1041300000
1,10413,1041300000,1041300100,17418,29031,1041400000,1041400000
1,10414,1041400000,1041400100,17418,29031,1041500000,1041500000
1,10415,1041500000,1041500100,17418,29031,1041600000,1041600000
1,10416,1041600000,1041600100,17418,29031,1041700000,1041700000
1,10417,1041700000,1041700100,17418,29031,1041800000,1041800000
1,10418,1041800000,1041800100,17418,29031,1041900000,1041900000
1,10419,1041900000,1041900100,17418,29031,1042000000,1042000000
1,10420,1042000000,1042000100,17418,29031,1042100000,1042100000
1,10421,1042100000,1042100100,17418,29031,1042200000,1042200000
1,10422,1042200000,1042200100,17418,29031,1042300000,1042300000
1,10423,1042300000,1042300100,17418,29031,1042400000,1042400000
1,10424,1042400000,1042400100,17418,29031,1042500000,1042500000
1,10425,1042500000,1042500100,17418,29031,1042600000,1042600000
1,10426,1042600000,1042600100,17418,29031,1042700000,1042700000
1,10427,1042700000,1042700100,17418,29031,1042800000,1042800000
1,10428,1042800000,1042800100,17418,29031,1042900000,1042900000
1,10429,1042900000,1042900100,17418,29031,1043000000,1043000000
1,10430,1043000000,1043000100,17418,29031,1043100000,1043100000
1,10431,1043100000,1043100100,17418,29031,1043200000,1043200000
1,10432,1043200000,1043200100,17418,29031,1043300000,1043300000
1,10433,1043300000,1043300100,17418,29031,1043400000,1043400000
1,10434,1043400000,1043400100,17418,29031,1043500000,1043500000
1,10435,1043500000,1043500100,17418,29031,1043600000,1043600000
1,10436,1043600000,1043600100,17418,29031,1043700000,1043700000
1,10437,1043700000,1043700100,17418,29031,1043800000,1043800000
1,10438,1043800000,1043800100,17418,29031,1043900000,1043900000
1,10439,1043900000,1043900100,17418,29031,1044000000,1044000000
1,10440,1044000000,1044000100,17418,29031,1044100000,1044100000
1,10441,1044100000,1044100100,17418,29031,1044200000,1044200000
1,10442,1044200000,1044200100,17418,29031,1044300000,1044300000
1,10443,1044300000,1044300100,17418,29031,1044400000,1044400000
1,10444,1044400000,1044400100,17418,29031,1044500000,1044500000
1,10445,1044500000,1044500100,17418,29031,1044600000,1044600000
1,10446,1044600000,1044600100,17418,29031,1044700000,1044700000
1,10447,1044700000,1044700100,17418,29031,1044800000,1044800000
1,10448,1044800000,1044800100,17418,29031,1044900000,1044900000
1,10449,1044900000,1044900100,17418,29031,1045000000,1045000000
1,10450,1045000000,1045000100,17418,29031,1045100000,1045100000
1,10451,1045100000,1045100100,17418,29031,1045200000,1045200000
1,10452,1045200000,1045200100,17418,29031,1045300000,1045300000
1,10453,1045300000,1045300100,17418,29031,1045400000,1045400000
1,10454,1045400000,1045400100,17418,29031,1045500000,1045500000
1,10455,1045500000,1045500100,17418,29031,1045600000,1045600000
1,10456,1045600000,1045600100,17418,29031,1045700000,1045700000
1,10457,1045700000,1045700100,17418,29031,1045800000,1045800000
1,10458,1045800000,1045800100,17418,29031,1045900000,1045900000
1,10459,1045900000,1045900100,17418,29031,1046000000,1046000000
1,10460,1046000000,1046000100,17418,29031,1046100000,1046100000
1,10461,1046100000,1046100100,17418,29031,1046200000,1046200000
1,10462,1046200000,1046200100,17418,29031,1046300000,1046300000
1,10463,1046300000,1046300100,17418,29031,1046400000,1046400000
1,10464,1046400000,1046400100,17418,29031,1046500000,1046500000
1,10465,1046500000,1046500100,17418,29031,1046600000,1046600000
1,10466,1046600000,1046600100,17418,29031,1046700000,1046700000
1,10467,1046700000,1046700100,17418,29031,1046800000,1046800000
1,10468,1046800000,1046800100,17418,29031,1046900000,1046900000
1,10469,1046900000,1046900100,17418,29031,1047000000,1047000000
1,10470,1047000000,1047000100,17418,29031,1047100000,1047100000
1,10471,1047100000,1047100100,17418,29031,1047200000,1047200000
1,10472,1047200000,1047200100,17418,29031,1047300000,1047300000
1,10473,1047300000,1047300100,17418,29031,1047400000,1047400000
1,10474,1047400000,1047400100,17418,29031,1047500000,1047500000
1,10475,1047500000,1047500100,17418,29031,1047600000,1047600000
1,10476,1047600000,1047600100,17418,29031,1047700000,1047700000
1,10477,1047700000,1047700100,17418,29031,1047800000,1047800000
1,10478,1047800000,1047800100,17418,29031,1047900000,1047900000
1,10479,1047900000,1047900100,17418,29031,1048000000,1048000000
1,10480,1048000000,1048000100,17418,29031,1048100000,1048100000
1,10481,1048100000,1048100100,17418,29031,1048200000,1048200000
1,10482,1048200000,1048200100,17418,29031,1048300000,1048300000
1,10483,1048300000,1048300100,17418,29031,1048400000,1048400000
1,10484,1048400000,1048400100,17418,29031,1048500000,1048500000
1,10485,1048500000,1048500100,17418,29031,1048600000,1048600000
1,10486,1048600000,1048600100,17418,29031,1048700000,1048700000
1,10487,1048700000,1048700100,17418,29031,1048800000,1048800000
1,10488,1048800000,1048800100,17418,29031,1048900000,1048900000
1,10489,1048900000,1048900100,17418,29031,1049000000,1049000000
1,10490,1049000000,1049000100,17418,29031,1049100000,1049100000
1,10491,1049100000,1049100100,17418,29031,1049200000,1049200000
1,10492,1049200000,1049200100,17418,29031,1049300000,1049300000
1,10493,1049300000,1049300100,17418,29031,1049400000,1049400000
1,10494,1049400000,1049400100,17418,29031,1049500000,1049500000
1,10495,1049500000,1049500100,17418,29031,1049600000,1049600000
1,10496,1049600000,1049600100,17418,29031,1049700000,1049700000
1,10497,1049700000,1049700100,17418,29031,1049800000,1049800000
1,10498,1049800000,1049800100,17418,29031,1049900000,1049900000
1,10499,1049900000,1049900100,17418,29031,1050000000,1050000000
1,10500,1050000000,1050000100,17418,29031,1050100000,1050100000
1,10501,1050100000,1050100100,17418,29031,1050200000,1050200000
1,10502,1050200000,1050200100,17418,29031,1050300000,1050300000
1,10503,1050300000,1050300100,17418,29031,1050400000,1050400000
1,10504,1050400000,1050400100,17418,29031,1050500000,1050500000
1,10505,1050500000,1050500100,17418,29031,1050600000,1050600000
1,10506,1050600000,1050600100,17418,29031,1050700000,1050700000
1,10507,1050700000,1050700100,17418,29031,1050800000,1050800000
1,10508,1050800000,1050800100,17418,29031,1050900000,1050900000
1,10509,1050900000,1050900100,17418,29031,1051000000,1051000000
1,10510,1051000000,1051000100,17418,29031,1051100000,1051100000
1,10511,1051100000,1051100100,17418,29031,1051200000,1051200000
1,10512,1051200000,1051200100,17418,29031,1051300000,1051300000
1,10513,1051300000,1051300100,17418,29031,1051400000,1051400000
1,10514,1051400000,1051400100,17418,29031,1051500000,1051500000
1,10515,1051500000,1051500100,17418,29031,1051600000,1051600000
1,10516,1051600000,1051600100,17418,29031,1051700000,1051700000
1,10517,1051700000,1051700100,17418,29031,1051800000,1051800000
1,10518,1051800000,1051800100,17418,29031,1051900000,1051900000
1,10519,1051900000,1051900100,17418,29031,1052000000,1052000000
1,10520,1052000000,1052000100,17418,29031,1052100000,1052100000
1,10521,1052100000,1052100100,17418,29031,1052200000,1052200000
1,10522,1052200000,1052200100,17418,29031,1052300000,1052300000
1,10523,1052300000,1052300100,17418,29031,1052400000,1052400000
1,10524,1052400000,1052400100,17418,29031,1052500000,1052500000
1,10525,1052500000,1052500100,17418,29031,1052600000,1052600000
1,10526,1052600000,1052600100,17418,29031,1052700000,1052700000
1,10527,1052700000,1052700100,17418,29031,1052800000,1052800000
1,10528,1052800000,1052800100,17418,29031,1052900000,1052900000
1,10529,1052900000,1052900100,17418,29031,1053000000,1053000000
1,10530,1053000000,1053000100,17418,29031,1053100000,1053100000
1,10531,1053100000,1053100100,17418,29031,1053200000,1053200000
1,10532,1053200000,1053200100,17418,29031,1053300000,1053300000
1,10533,1053300000,1053300100,17418,29031,1053400000,1053400000
1,10534,1053400000,1053400100,17418,29031,1053500000,1053500000
1,10535,1053500000,1053500100,17418,29031,1053600000,1053600000
1,10536,1053600000,1053600100,17418,29031,1053700000,1053700000
1,10537,1053700000,1053700100,17418,29031,1053800000,1053800000
1,10538,1053800000,1053800100,17418,29031,1053900000,1053900000
1,10539,1053900000,1053900100,17418,29031,1054000000,1054000000
1,10540,1054000000,1054000100,17418,29031,1054100000,1054100000
1,10541,1054100000,1054100100,17418,29031,1054200000,1054200000
1,10542,1054200000,1054200100,17418,29031,1054300000,1054300000
1,10543,1054300000,1054300100,17418,29031,1054400000,1054400000
1,10544,1054400000,1054400100,17418,29031,1054500000,1054500000
1,10545,1054500000,1054500100,17418,29031,1054600000,1054600000
1,10546,1054600000,1054600100,17418,29031,1054700000,1054700000
1,10547,1054700000,1054700100,17418,29031,1054800000,1054800000
1,10548,1054800000,1054800100,17418,29031,1054900000,1054900000
1,10549,1054900000,1054900100,17418,29031,1055000000,1055000000
1,10550,1055000000,1055000100,17418,29031,1055100000,1055100000
1,10551,1055100000,1055100100,17418,29031,1055200000,1055200000
1,10552,1055200000,1055200100,17418,29031,1055300000,1055300000
1,10553,1055300000,1055300100,17418,29031,1055400000,1055400000
1,10554,1055400000,1055400100,17418,29031,1055500000,1055500000
1,10555,1055500000,1055500100,17418,29031,1055600000,1055600000
1,10556,1055600000,1055600100,17418,29031,1055700000,1055700000
1,10557,1055700000,1055700100,17418,29031,1055800000,1055800000
1,10558,1055800000,1055800100,17418,29031,1055900000,1055900000
1,10559,1055900000,1055900100,17418,29031,1056000000,1056000000
1,10560,1056000000,1056000100,17418,29031,1056100000,1056100000
1,10561,1056100000,1056100100,17418,29031,1056200000,1056200000
1,10562,1056200000,1056200100,17418,29031,1056300000,1056300000
1,10563,1056300000,1056300100,17418,29031,1056400000,1056400000
1,10564,1056400000,1056400100,17418,29031,1056500000,1056500000
1,10565,1056500000,1056500100,17418,29031,1056600000,1056600000
1,10566,1056600000,1056600100,17418,29031,1056700000,1056700000
1,10567,1056700000,1056700100,17418,29031,1056800000,1056800000
1,10568,1056800000,1056800100,17418,29031,1056900000,1056900000
1,10569,1056900000,1056900100,17418,29031,1057000000,1057000000
1,10570,1057000000,1057000100,17418,29031,1057100000,1057100000
1,10571,1057100000,1057100100,17418,29031,1057200000,1057200000
1,10572,1057200000,1057200100,17418,29031,1057300000,1057300000
1,10573,1057300000,1057300100,17418,29031,1057400000,1057400000
1,10574,1057400000,1057400100,17418,29031,1057500000,1057500000
1,10575,1057500000,1057500100,17418,29031,1057600000,1057600000
1,10576,1057600000,1057600100,17418,29031,1057700000,1057700000
1,10577,1057700000,1057700100,17418,29031,1057800000,1057800000
1,10578,1057800000,1057800100,17418,29031,1057900000,1057900000
1,10579,1057900000,1057900100,17418,29031,1058000000,1058000000
1,10580,1058000000,1058000100,17418,29031,1058100000,1058100000
1,10581,1058100000,1058100100,17418,29031,1058200000,1058200000
1,10582,1058200000,1058200100,17418,29031,1058300000,1058300000
1,10583,1058300000,1058300100,17418,29031,1058400000,1058400000
1,10584,1058400000,1058400100,17418,29031,1058500000,1058500000
1,10585,1058500000,1058500100,17418,29031,1058600000,1058600000
1,10586,1058600000,1058600100,17418,29031,1058700000,1058700000
1,10587,1058700000,1058700100,17418,29031,1058800000,1058800000
1,10588,1058800000,1058800100,17418,29031,1058900000,1058900000
1,10589,1058900000,1058900100,17418,29031,1059000000,1059000000
1,10590,1059000000,1059000100,17418,29031,1059100000,1059100000
1,10591,1059100000,1059100100,17418,29031,1059200000,1059200000
1,10592,1059200000,1059200100,17418,29031,1059300000,1059300000
1,10593,1059300000,1059300100,17418,29031,1059400000,1059400000
1,10594,1059400000,1059400100,17418,29031,1059500000,1059500000
1,10595,1059500000,1059500100,17418,29031,1059600000,1059600000
1,10596,1059600000,1059600100,17418,29031,1059700000,1059700000
1,10597,1059700000,1059700100,17418,29031,1059800000,1059800000
1,10598,1059800000,1059800100,17418,29031,1059900000,1059900000
1,10599,1059900000,1059900100,17418,29031,1060000000,1060000000
1,10600,1060000000,1060000100,17418,29031,1060100000,1060100000
1,10601,1060100000,1060100100,17418,29031,1060200000,1060200000
1,10602,1060200000,1060200100,17418,29031,1060300000,1060300000
1,10603,1060300000,1060300100,17418,29031,1060400000,1060400000
1,10604,1060400000,1060400100,17418,29031,1060500000,1060500000
1,10605,1060500000,1060500100,17418,29031,1060600000,1060600000
1,10606,1060600000,1060600100,17418,29031,1060700000,1060700000
1,10607,1060700000,1060700100,17418,29031,1060800000,1060800000
1,10608,1060800000,1060800100,17418,29031,1060900000,1060900000
1,10609,1060900000,1060900100,17418,29031,1061000000,1061000000
1,10610,1061000000,1061000100,17418,29031,1061100000,1061100000
1,10611,1061100000,1061100100,17418,29031,1061200000,1061200000
1,10612,1061200000,1061200100,17418,29031,1061300000,1061300000
1,10613,1061300000,1061300100,17418,29031,1061400000,1061400000
1,10614,1061400000,1061400100,17418,29031,1061500000,1061500000
1,10615,1061500000,1061500100,17418,29031,1061600000,1061600000
1,10616,1061600000,1061600100,17418,29031,1061700000,1061700000
1,10617,1061700000,1061700100,17418,29031,1061800000,1061800000
1,10618,1061800000,1061800100,17418,29031,1061900000,1061900000
1,10619,1061900000,1061900100,17418,29031,1062000000,1062000000
1,10620,1062000000,1062000100,17418,29031,1062100000,1062100000
1,10621,1062100000,1062100100,17418,29031,1062200000,1062200000
1,10622,1062200000,1062200100,17418,29031,1062300000,1062300000
1,10623,1062300000,1062300100,17418,29031,1062400000,1062400000
1,10624,1062400000,1062400100,17418,29031,1062500000,1062500000
1,10625,1062500000,1062500100,17418,29031,1062600000,1062600000
1,10626,1062600000,1062600100,17418,29031,1062700000,1062700000
1,10627,1062700000,1062700100,17418,29031,1062800000,1062800000
1,10628,1062800000,1062800100,17418,29031,1062900000,1062900000
1,10629,1062900000,1062900100,17418,29031,1063000000,1063000000
1,10630,1063000000,1063000100,17418,29031,1063100000,1063100000
1,10631,1063100000,1063100100,17418,29031,1063200000,1063200000
1,10632,1063200000,1063200100,17418,29031,1063300000,1063300000
1,10633,1063300000,1063300100,17418,29031,1063400000,1063400000
1,10634,1063400000,1063400100,17418,29031,1063500000,1063500000
1,10635,1063500000,1063500100,17418,29031,1063600000,1063600000
1,10636,1063600000,1063600100,17418,29031,1063700000,1063700000
1,10637,1063700000,1063700100,17418,29031,1063800000,1063800000
1,10638,1063800000,1063800100,17418,29031,1063900000,1063900000
1,10639,1063900000,1063900100,17418,29031,1064000000,1064000000
1,10640,1064000000,1064000100,17418,29031,1064100000,1064100000
1,10641,1064100000,1064100100,17418,29031,1064200000,1064200000
1,10642,1064200000,1064200100,17418,29031,1064300000,1064300000
1,10643,1064300000,1064300100,17418,29031,1064400000,1064400000
1,10644,1064400000,1064400100,17418,29031,1064500000,1064500000
1,10645,1064500000,1064500100,17418,29031,1064600000,1064600000
1,10646,1064600000,1064600100,17418,29031,1064700000,1064700000
1,10647,1064700000,1064700100,17418,29031,1064800000,1064800000
1,10648,1064800000,1064800100,17418,29031,1064900000,1064900000
1,10649,1064900000,1064900100,17418,29031,1065000000,1065000000
1,10650,1065000000,1065000100,17418,29031,1065100000,1065100000
1,10651,1065100000,1065100100,17418,29031,1065200000,1065200000
1,10652,1065200000,1065200100,17418,29031,1065300000,1065300000
1,10653,1065300000,1065300100,17418,29031,1065400000,1065400000
1,10654,1065400000,1065400100,17418,29031,1065500000,1065500000
1,10655,1065500000,1065500100,17418,29031,1065600000,1065600000
1,10656,1065600000,1065600100,17418,29031,1065700000,1065700000
1,10657,1065700000,1065700100,17418,29031,1065800000,1065800000
1,10658,1065800000,1065800100,17418,29031,1065900000,1065900000
1,10659,1065900000,1065900100,17418,29031,1066000000,1066000000
1,10660,1066000000,1066000100,17418,29031,1066100000,1066100000
1,10661,1066100000,1066100100,17418,29031,1066200000,1066200000
1,10662,1066200000,1066200100,17418,29031,1066300000,1066300000
1,10663,1066300000,1066300100,17418,29031,1066400000,1066400000
1,10664,1066400000,1066400100,17418,29031,1066500000,1066500000
1,10665,1066500000,1066500100,17418,29031,1066600000,1066600000
1,10666,1066600000,1066600100,17418,29031,1066700000,1066700000
1,10667,1066700000,1066700100,17418,29031,1066800000,1066800000
1,10668,1066800000,1066800100,17418,29031,1066900000,1066900000
1,10669,1066900000,1066900100,17418,29031,1067000000,1067000000
1,10670,1067000000,1067000100,17418,29031,1067100000,1067100000
1,10671,1067100000,1067100100,17418,29031,1067200000,1067200000
1,10672,1067200000,1067200100,17418,29031,1067300000,1067300000
1,10673,1067300000,1067300100,17418,29031,1067400000,1067400000
1,10674,1067400000,1067400100,17418,29031,1067500000,1067500000
1,10675,1067500000,1067500100,17418,29031,1067600000,1067600000
1,10676,1067600000,1067600100,17418,29031,1067700000,1067700000
1,10677,1067700000,1067700100,17418,29031,1067800000,1067800000
1,10678,1067800000,1067800100,17418,29031,1067900000,1067900000
1,10679,1067900000,1067900100,17418,29031,1068000000,1068000000
1,10680,1068000000,1068000100,17418,29031,1068100000,1068100000
1,10681,1068100000,1068100100,17418,29031,1068200000,1068200000
1,10682,1068200000,1068200100,17418,29031,1068300000,1068300000
1,10683,1068300000,1068300100,17418,29031,1068400000,1068400000
1,10684,1068400000,1068400100,17418,29031,1068500000,1068500000
1,10685,1068500000,1068500100,17418,29031,1068600000,1068600000
1,10686,1068600000,1068600100,17418,29031,1068700000,1068700000
1,10687,1068700000,1068700100,17418,29031,1068800000,1068800000
1,10688,1068800000,1068800100,17418,29031,1068900000,1068900000
1,10689,1068900000,1068900100,17418,29031,1069000000,1069000000
1,10690,1069000000,1069000100,17418,29031,1069100000,1069100000
1,10691,1069100000,1069100100,17418,29031,1069200000,1069200000
1,10692,1069200000,1069200100,17418,29031,1069300000,1069300000
1,10693,1069300000,1069300100,17418,29031,1069400000,1069400000
1,10694,1069400000,1069400100,17418,29031,1069500000,1069500000
1,10695,1069500000,1069500100,17418,29031,1069600000,1069600000
1,10696,1069600000,1069600100,17418,29031,1069700000,1069700000
1,10697,1069700000,1069700100,17418,29031,1069800000,1069800000
1,10698,1069800000,1069800100,17418,29031,1069900000,1069900000
1,10699,1069900000,1069900100,17418,29031,1070000000,1070000000
1,10700,1070000000,1070000100,17418,29031,1070100000,1070100000
1,10701,1070100000,1070100100,17418,29031,1070200000,1070200000
1,10702,1070200000,1070200100,17418,29031,1070300000,1070300000
1,10703,1070300000,1070300100,17418,29031,1070400000,1070400000
1,10704,1070400000,1070400100,17418,29031,1070500000,1070500000
1,10705,1070500000,1070500100,17418,29031,1070600000,1070600000
1,10706,1070600000,1070600100,17418,29031,1070700000,1070700000
1,10707,1070700000,1070700100,17418,29031,1070800000,1070800000
1,10708,1070800000,1070800100,17418,29031,1070900000,1070900000
1,10709,1070900000,1070900100,17418,29031,1071000000,1071000000
1,10710,1071000000,1071000100,17418,29031,1071100000,1071100000
1,10711,1071100000,1071100100,17418,29031,1071200000,1071200000
1,10712,1071200000,1071200100,17418,29031,1071300000,1071300000
1,10713,1071300000,1071300100,17418,29031,1071400000,1071400000
1,10714,1071400000,1071400100,17418,29031,1071500000,1071500000
1,10715,1071500000,1071500100,17418,29031,1071600000,1071600000
1,10716,1071600000,1071600100,17418,29031,1071700000,1071700000
1,10717,1071700000,1071700100,17418,29031,1071800000,1071800000
1,10718,1071800000,1071800100,17418,29031,1071900000,1071900000
1,10719,1071900000,1071900100,17418,29031,1072000000,1072000000
1,10720,1072000000,1072000100,17418,29031,1072100000,1072100000
1,10721,1072100000,1072100100,17418,29031,1072200000,1072200000
1,10722,1072200000,1072200100,17418,29031,1072300000,1072300000
1,10723,1072300000,1072300100,17418,29031,1072400000,1072400000
1,10724,1072400000,1072400100,17418,29031,1072500000,1072500000
1,10725,1072500000,1072500100,17418,29031,1072600000,1072600000
1,10726,1072600000,1072600100,17418,29031,1072700000,1072700000
1,10727,1072700000,1072700100,17418,29031,1072800000,1072800000
1,10728,1072800000,1072800100,17418,29031,1072900000,1072900000
1,10729,1072900000,1072900100,17418,29031,1073000000,1073000000
1,10730,1073000000,1073000100,17418,29031,1073100000,1073100000
1,10731,1073100000,1073100100,17418,29031,1073200000,1073200000
1,10732,1073200000,1073200100,17418,29031,1073300000,1073300000
1,10733,1073300000,1073300100,17418,29031,1073400000,1073400000
1,10734,1073400000,1073400100,17418,29031,1073500000,1073500000
1,10735,1073500000,1073500100,17418,29031,1073600000,1073600000
1,10736,1073600000,1073600100,17418,29031,1073700000,1073700000
1,10737,1073700000,1073700100,17418,29031,1073800000,1073800000
1,10738,1073800000,1073800100,17418,29031,1073900000,1073900000
1,10739,1073900000,1073900100,17418,29031,1074000000,1074000000
1,10740,1074000000,1074000100,17418,29031,1074100000,1074100000
1,10741,1074100000,1074100100,17418,29031,1074200000,1074200000
1,10742,1074200000,1074200100,17418,29031,1074300000,1074300000
1,10743,1074300000,1074300100,17418,29031,1074400000,1074400000
1,10744,1074400000,1074400100,17418,29031,1074500000,1074500000
1,10745,1074500000,1074500100,17418,29031,1074600000,1074600000
1,10746,1074600000,1074600100,17418,29031,1074700000,1074700000
1,10747,1074700000,1074700100,17418,29031,1074800000,1074800000
1,10748,1074800000,1074800100,17418,29031,1074900000,1074900000
1,10749,1074900000,1074900100,17418,29031,1075000000,1075000000
1,10750,1075000000,1075000100,17418,29031,1075100000,1075100000
1,10751,1075100000,1075100100,17418,29031,1075200000,1075200000
1,10752,1075200000,1075200100,17418,29031,1075300000,1075300000
1,10753,1075300000,1075300100,17418,29031,1075400000,1075400000
1,10754,1075400000,1075400100,17418,29031,1075500000,1075500000
1,10755,1075500000,1075500100,17418,29031,1075600000,1075600000
1,10756,1075600000,1075600100,17418,29031,1075700000,1075700000
1,10757,1075700000,1075700100,17418,29031,1075800000,1075800000
1,10758,1075800000,1075800100,17418,29031,1075900000,1075900000
1,10759,1075900000,1075900100,17418,29031,1076000000,1076000000
1,10760,1076000000,1076000100,17418,29031,1076100000,1076100000
1,10761,1076100000,1076100100,17418,29031,1076200000,1076200000
1,10762,1076200000,1076200100,17418,29031,1076300000,1076300000
1,10763,1076300000,1076300100,17418,29031,1076400000,1076400000
1,10764,1076400000,1076400100,17418,29031,1076500000,1076500000
1,10765,1076500000,1076500100,17418,29031,1076600000,1076600000
1,10766,1076600000,1076600100,17418,29031,1076700000,1076700000
1,10767,1076700000,1076700100,17418,29031,1076800000,1076800000
1,10768,1076800000,1076800100,17418,29031,1076900000,1076900000
1,10769,1076900000,1076900100,17418,29031,1077000000,1077000000
1,10770,1077000000,1077000100,17418,29031,1077100000,1077100000
1,10771,1077100000,1077100100,17418,29031,1077200000,1077200000
1,10772,1077200000,1077200100,17418,29031,1077300000,1077300000
1,10773,1077300000,1077300100,17418,29031,1077400000,1077400000
1,10774,1077400000,1077400100,17418,29031,1077500000,1077500000
1,10775,1077500000,1077500100,17418,29031,1077600000,1077600000
1,10776,1077600000,1077600100,17418,29031,1077700000,1077700000
1,10777,1077700000,1077700100,17418,29031,1077800000,1077800000
1,10778,1077800000,1077800100,17418,29031,1077900000,1077900000
1,10779,1077900000,1077900100,17418,29031,1078000000,1078000000
1,10780,1078000000,1078000100,17418,29031,1078100000,1078100000
1,10781,1078100000,1078100100,17418,29031,1078200000,1078200000
1,10782,1078200000,1078200100,17418,29031,1078300000,1078300000
1,10783,1078300000,1078300100,17418,29031,1078400000,1078400000
1,10784,1078400000,1078400100,17418,29031,1078500000,1078500000
1,10785,1078500000,1078500100,17418,29031,1078600000,1078600000
1,10786,1078600000,1078600100,17418,29031,1078700000,1078700000
1,10787,1078700000,1078700100,17418,29031,1078800000,1078800000
1,10788,1078800000,1078800100,17418,29031,1078900000,1078900000
1,10789,1078900000,1078900100,17418,29031,1079000000,1079000000
1,10790,1079000000,1079000100,17418,29031,1079100000,1079100000
1,10791,1079100000,1079100100,17418,29031,1079200000,1079200000
1,10792,1079200000,1079200100,17418,29031,1079300000,1079300000
1,10793,1079300000,1079300100,17418,29031,1079400000,1079400000
1,10794,1079400000,1079400100,17418,29031,1079500000,1079500000
1,10795,1079500000,1079500100,17418,29031,1079600000,1079600000
1,10796,1079600000,1079600100,17418,29031,1079700000,1079700000
1,10797,1079700000,1079700100,17418,29031,1079800000,1079800000
1,10798,1079800000,1079800100,17418,29031,1079900000,1079900000
1,10799,1079900000,1079900100,17418,29031,1080000000,1080000000
1,10800,1080000000,1080000100,17418,29031,1080100000,1080100000
1,10801,1080100000,1080100100,17418,29031,1080200000,1080200000
1,10802,1080200000,1080200100,17418,29031,1080300000,1080300000
1,10803,1080300000,1080300100,17418,29031,1080400000,1080400000
1,10804,1080400000,1080400100,17418,29031,1080500000,1080500000
1,10805,1080500000,1080500100,17418,29031,1080600000,1080600000
1,10806,1080600000,1080600100,17418,29031,1080700000,1080700000
1,10807,1080700000,1080700100,17418,29031,1080800000,1080800000
1,10808,1080800000,1080800100,17418,29031,1080900000,1080900000
1,10809,1080900000,1080900100,17418,29031,1081000000,1081000000
1,10810,1081000000,1081000100,17418,29031,1081100000,1081100000
1,10811,1081100000,1081100100,17418,29031,1081200000,1081200000
1,10812,1081200000,1081200100,17418,29031,1081300000,1081300000
1,10813,1081300000,1081300100,17418,29031,1081400000,1081400000
1,10814,1081400000,1081400100,17418,29031,1081500000,1081500000
1,10815,1081500000,1081500100,17418,29031,1081600000,1081600000
1,10816,1081600000,1081600100,17418,29031,1081700000,1081700000
1,10817,1081700000,1081700100,17418,29031,1081800000,1081800000
1,10818,1081800000,1081800100,17418,29031,1081900000,1081900000
1,10819,1081900000,1081900100,17418,29031,1082000000,1082000000
1,10820,1082000000,1082000100,17418,29031,1082100000,1082100000
1,10821,1082100000,1082100100,17418,29031,1082200000,1082200000
1,10822,1082200000,1082200100,17418,29031,1082300000,1082300000
1,10823,1082300000,1082300100,17418,29031,1082400000,1082400000
1,10824,1082400000,1082400100,17418,29031,1082500000,1082500000
1,10825,1082500000,1082500100,17418,29031,1082600000,1082600000
1,10826,1082600000,1082600100,17418,29031,1082700000,1082700000
1,10827,1082700000,1082700100,17418,29031,1082800000,1082800000
1,10828,1082800000,1082800100,17418,29031,1082900000,1082900000
1,10829,1082900000,1082900100,17418,29031,1083000000,1083000000
1,10830,1083000000,1083000100,17418,29031,1083100000,1083100000
1,10831,1083100000,1083100100,17418,29031,1083200000,1083200000
1,10832,1083200000,1083200100,17418,29031,1083300000,1083300000
1,10833,1083300000,1083300100,17418,29031,1083400000,1083400000
1,10834,1083400000,1083400100,17418,29031,1083500000,1083500000
1,10835,1083500000,1083500100,17418,29031,1083600000,1083600000
1,10836,1083600000,1083600100,17418,29031,1083700000,1083700000
1,10837,1083700000,1083700100,17418,29031,1083800000,1083800000
1,10838,1083800000,1083800100,17418,29031,1083900000,1083900000
1,10839,1083900000,1083900100,17418,29031,1084000000,1084000000
1,10840,1084000000,1084000100,17418,29031,1084100000,1084100000
1,10841,1084100000,1084100100,17418,29031,1084200000,1084200000
1,10842,1084200000,1084200100,17418,29031,1084300000,1084300000
1,10843,1084300000,1084300100,17418,29031,1084400000,1084400000
1,10844,1084400000,1084400100,17418,29031,1084500000,1084500000
1,10845,1084500000,1084500100,17418,29031,1084600000,1084600000
1,10846,1084600000,1084600100,17418,29031,1084700000,1084700000
1,10847,1084700000,1084700100,17418,29031,1084800000,1084800000
1,10848,1084800000,1084800100,17418,29031,1084900000,1084900000
1,10849,1084900000,1084900100,17418,29031,1085000000,1085000000
1,10850,1085000000,1085000100,17418,29031,1085100000,1085100000
1,10851,1085100000,1085100100,17418,29031,1085200000,1085200000
1,10852,1085200000,1085200100,17418,29031,1085300000,1085300000
1,10853,1085300000,1085300100,17418,29031,1085400000,1085400000
1,10854,1085400000,1085400100,17418,29031,1085500000,1085500000
1,10855,1085500000,1085500100,17418,29031,1085600000,1085600000
1,10856,1085600000,1085600100,17418,29031,1085700000,1085700000
1,10857,1085700000,1085700100,17418,29031,1085800000,1085800000
1,10858,1085800000,1085800100,17418,29031,1085900000,1085900000
1,10859,1085900000,1085900100,17418,29031,1086000000,1086000000
1,10860,1086000000,1086000100,17418,29031,1086100000,1086100000
1,10861,1086100000,1086100100,17418,29031,1086200000,1086200000
1,10862,1086200000,1086200100,17418,29031,1086300000,1086300000
1,10863,1086300000,1086300100,17418,29031,1086400000,1086400000
1,10864,1086400000,1086400100,17418,29031,1086500000,1086500000
1,10865,1086500000,1086500100,17418,29031,1086600000,1086600000
1,10866,1086600000,1086600100,17418,29031,1086700000,1086700000
1,10867,1086700000,1086700100,17418,29031,1086800000,1086800000
1,10868,1086800000,1086800100,17418,29031,1086900000,1086900000
1,10869,1086900000,1086900100,17418,29031,1087000000,1087000000
1,10870,1087000000,1087000100,17418,29031,1087100000,1087100000
1,10871,1087100000,1087100100,17418,29031,1087200000,1087200000
1,10872,1087200000,1087200100,17418,29031,1087300000,1087300000
1,10873,1087300000,1087300100,17418,29031,1087400000,1087400000
1,10874,1087400000,1087400100,17418,29031,1087500000,1087500000
1,10875,1087500000,1087500100,17418,29031,1087600000,1087600000
1,10876,1087600000,1087600100,17418,29031,1087700000,1087700000
1,10877,1087700000,1087700100,17418,29031,1087800000,1087800000
1,10878,1087800000,1087800100,17418,29031,1087900000,1087900000
1,10879,1087900000,1087900100,17418,29031,1088000000,1088000000
1,10880,1088000000,1088000100,17418,29031,1088100000,1088100000
1,10881,1088100000,1088100100,17418,29031,1088200000,1088200000
1,10882,1088200000,1088200100,17418,29031,1088300000,1088300000
1,10883,1088300000,1088300100,17418,29031,1088400000,1088400000
1,10884,1088400000,1088400100,17418,29031,1088500000,1088500000
1,10885,1088500000,1088500100,17418,29031,1088600000,1088600000
1,10886,1088600000,1088600100,17418,29031,1088700000,1088700000
1,10887,1088700000,1088700100,17418,29031,1088800000,1088800000
1,10888,1088800000,1088800100,17418,29031,1088900000,1088900000
1,10889,1088900000,1088900100,17418,29031,1089000000,1089000000
1,10890,1089000000,1089000100,17418,29031,1089100000,1089100000
1,10891,1089100000,1089100100,17418,29031,1089200000,1089200000
1,10892,1089200000,1089200100,17418,29031,1089300000,1089300000
1,10893,1089300000,1089300100,17418,29031,1089400000,1089400000
1,10894,1089400000,1089400100,17418,29031,1089500000,1089500000
1,10895,1089500000,1089500100,17418,29031,1089600000,1089600000
1,10896,1089600000,1089600100,17418,29031,1089700000,1089700000
1,10897,1089700000,1089700100,17418,29031,1089800000,1089800000
1,10898,1089800000,1089800100,17418,29031,1089900000,1089900000
1,10899,1089900000,1089900100,17418,29031,1090000000,1090000000
1,10900,1090000000,1090000100,17418,29031,1090100000,1090100000
1,10901,1090100000,1090100100,17418,29031,1090200000,1090200000
1,10902,1090200000,1090200100,17418,29031,1090300000,1090300000
1,10903,1090300000,1090300100,17418,29031,1090400000,1090400000
1,10904,1090400000,1090400100,17418,29031,1090500000,1090500000
1,10905,1090500000,1090500100,17418,29031,1090600000,1090600000
1,10906,1090600000,1090600100,17418,29031,1090700000,1090700000
1,10907,1090700000,1090700100,17418,29031,1090800000,1090800000
1,10908,1090800000,1090800100,17418,29031,1090900000,1090900000
1,10909,1090900000,1090900100,17418,29031,1091000000,1091000000
1,10910,1091000000,1091000100,17418,29031,1091100000,1091100000
1,10911,1091100000,1091100100,17418,29031,1091200000,1091200000
1,10912,1091200000,1091200100,17418,29031,1091300000,1091300000
1,10913,1091300000,1091300100,17418,29031,1091400000,1091400000
1,10914,1091400000,1091400100,17418,29031,1091500000,1091500000
1,10915,1091500000,1091500100,17418,29031,1091600000,1091600000
1,10916,1091600000,1091600100,17418,29031,1091700000,1091700000
1,10917,1091700000,1091700100,17418,29031,1091800000,1091800000
1,10918,1091800000,1091800100,17418,29031,1091900000,1091900000
1,10919,1091900000,1091900100,17418,29031,1092000000,1092000000
1,10920,1092000000,1092000100,17418,29031,1092100000,1092100000
1,10921,1092100000,1092100100,17418,29031,1092200000,1092200000
1,10922,1092200000,1092200100,17418,29031,1092300000,1092300000
1,10923,1092300000,1092300100,17418,29031,1092400000,1092400000
1,10924,1092400000,1092400100,17418,29031,1092500000,1092500000
1,10925,1092500000,1092500100,17418,29031,1092600000,1092600000
1,10926,1092600000,1092600100,17418,29031,1092700000,1092700000
1,10927,1092700000,1092700100,17418,29031,1092800000,1092800000
1,10928,1092800000,1092800100,17418,29031,1092900000,1092900000
1,10929,1092900000,1092900100,17418,29031,1093000000,1093000000
1,10930,1093000000,1093000100,17418,29031,1093100000,1093100000
1,10931,1093100000,1093100100,17418,29031,1093200000,1093200000
1,10932,1093200000,1093200100,17418,29031,1093300000,1093300000
1,10933,1093300000,1093300100,17418,29031,1093400000,1093400000
1,10934,1093400000,1093400100,17418,29031,1093500000,1093500000
1,10935,1093500000,1093500100,17418,29031,1093600000,1093600000
1,10936,1093600000,1093600100,17418,29031,1093700000,1093700000
1,10937,1093700000,1093700100,17418,29031,1093800000,1093800000
1,10938,1093800000,1093800100,17418,29031,1093900000,1093900000
1,10939,1093900000,1093900100,17418,29031,1094000000,1094000000
1,10940,1094000000,1094000100,17418,29031,1094100000,1094100000
1,10941,1094100000,1094100100,17418,29031,1094200000,1094200000
1,10942,1094200000,1094200100,17418,29031,1094300000,1094300000
1,10943,1094300000,1094300100,17418,29031,1094400000,1094400000
1,10944,1094400000,1094400100,17418,29031,1094500000,1094500000
1,10945,1094500000,1094500100,17418,29031,1094600000,1094600000
1,10946,1094600000,1094600100,17418,29031,1094700000,1094700000
1,10947,1094700000,1094700100,17418,29031,1094800000,1094800000
1,10948,1094800000,1094800100,17418,29031,1094900000,1094900000
1,10949,1094900000,1094900100,17418,29031,1095000000,1095000000
1,10950,1095000000,1095000100,17418,29031,1095100000,1095100000
1,10951,1095100000,1095100100,17418,29031,1095200000,1095200000
1,10952,1095200000,1095200100,17418,29031,1095300000,1095300000
1,10953,1095300000,1095300100,17418,29031,1095400000,1095400000
1,10954,1095400000,1095400100,17418,29031,1095500000,1095500000
1,10955,1095500000,1095500100,17418,29031,1095600000,1095600000
1,10956,1095600000,1095600100,17418,29031,1095700000,1095700000
1,10957,1095700000,1095700100,17418,29031,1095800000,1095800000
1,10958,1095800000,1095800100,17418,29031,1095900000,1095900000
1,10959,1095900000,1095900100,17418,29031,1096000000,1096000000
1,10960,1096000000,1096000100,17418,29031,1096100000,1096100000
1,10961,1096100000,1096100100,17418,29031,1096200000,1096200000
1,10962,1096200000,1096200100,17418,29031,1096300000,1096300000
1,10963,1096300000,1096300100,17418,29031,1096400000,1096400000
1,10964,1096400000,1096400100,17418,29031,1096500000,1096500000
1,10965,1096500000,1096500100,17418,29031,1096600000,1096600000
1,10966,1096600000,1096600100,17418,29031,1096700000,1096700000
1,10967,1096700000,1096700100,17418,29031,1096800000,1096800000
1,10968,1096800000,1096800100,17418,29031,1096900000,1096900000
1,10969,1096900000,1096900100,17418,29031,1097000000,1097000000
1,10970,1097000000,1097000100,17418,29031,1097100000,1097100000
1,10971,1097100000,1097100100,17418,29031,1097200000,1097200000
1,10972,1097200000,1097200100,17418,29031,1097300000,1097300000
1,10973,1097300000,1097300100,17418,29031,1097400000,1097400000
1,10974,1097400000,1097400100,17418,29031,1097500000,1097500000
1,10975,1097500000,1097500100,17418,29031,1097600000,1097600000
1,10976,1097600000,1097600100,17418,29031,1097700000,1097700000
1,10977,1097700000,1097700100,17418,29031,1097800000,1097800000
1,10978,1097800000,1097800100,17418,29031,1097900000,1097900000
1,10979,1097900000,1097900100,17418,29031,1098000000,1098000000
1,10980,1098000000,1098000100,17418,29031,1098100000,1098100000
1,10981,1098100000,1098100100,17418,29031,1098200000,1098200000
1,10982,1098200000,1098200100,17418,29031,1098300000,1098300000
1,10983,1098300000,1098300100,17418,29031,1098400000,1098400000
1,10984,1098400000,1098400100,17418,29031,1098500000,1098500000
1,10985,1098500000,1098500100,17418,29031,1098600000,1098600000
1,10986,1098600000,1098600100,17418,29031,1098700000,1098700000
1,10987,1098700000,1098700100,17418,29031,1098800000,1098800000
1,10988,1098800000,1098800100,17418,29031,1098900000,1098900000
1,10989,1098900000,1098900100,17418,29031,1099000000,1099000000
1,10990,1099000000,1099000100,17418,29031,1099100000,1099100000
1,10991,1099100000,1099100100,17418,29031,1099200000,1099200000
1,10992,1099200000,1099200100,17418,29031,1099300000,1099300000
1,10993,1099300000,1099300100,17418,29031,1099400000,1099400000
1,10994,1099400000,1099400100,17418,29031,1099500000,1099500000
1,10995,1099500000,1099500100,17418,29031,1099600000,1099600000
1,10996,1099600000,1099600100,17418,29031,1099700000,1099700000
1,10997,1099700000,1099700100,17418,29031,1099800000,1099800000
1,10998,1099800000,1099800100,17418,29031,1099900000,1099900000
1,10999,1099900000,1099900100,17418,29031,1100000000,1100000000
1,11000,1100000000,1100000100,17418,29031,1100100000,1100100000
1,11001,1100100000,1100100100,17418,29031,1100200000,1100200000
1,11002,1100200000,1100200100,17418,29031,1100300000,1100300000
1,11003,1100300000,1100300100,17418,29031,1100400000,1100400000
1,11004,1100400000,1100400100,17418,29031,1100500000,1100500000
1,11005,1100500000,1100500100,17418,29031,1100600000,1100600000
1,11006,1100600000,1100600100,17418,29031,1100700000,1100700000
1,11007,1100700000,1100700100,17418,29031,1100800000,1100800000
1,11008,1100800000,1100800100,17418,29031,1100900000,1100900000
1,11009,1100900000,1100900100,17418,29031,1101000000,1101000000
1,11010,1101000000,1101000100,17418,29031,1101100000,1101100000
1,11011,1101100000,1101100100,17418,29031,1101200000,1101200000
1,11012,1101200000,1101200100,17418,29031,1101300000,1101300000
1,11013,1101300000,1101300100,17418,29031,1101400000,1101400000
1,11014,1101400000,1101400100,17418,29031,1101500000,1101500000
1,11015,1101500000,1101500100,17418,29031,1101600000,1101600000
1,11016,1101600000,1101600100,17418,29031,1101700000,1101700000
1,11017,1101700000,1101700100,17418,29031,1101800000,1101800000
1,11018,1101800000,1101800100,17418,29031,1101900000,1101900000
1,11019,1101900000,1101900100,17418,29031,1102000000,1102000000
1,11020,1102000000,1102000100,17418,29031,1102100000,1102100000
1,11021,1102100000,1102100100,17418,29031,1102200000,1102200000
1,11022,1102200000,1102200100,17418,29031,1102300000,1102300000
1,11023,1102300000,1102300100,17418,29031,1102400000,1102400000
1,11024,1102400000,1102400100,17418,29031,1102500000,1102500000
1,11025,1102500000,1102500100,17418,29031,1102600000,1102600000
1,11026,1102600000,1102600100,17418,29031,1102700000,1102700000
1,11027,1102700000,1102700100,17418,29031,1102800000,1102800000
1,11028,1102800000,1102800100,17418,29031,1102900000,1102900000
1,11029,1102900000,1102900100,17418,29031,1103000000,1103000000
1,11030,1103000000,1103000100,17418,29031,1103100000,1103100000
1,11031,1103100000,1103100100,17418,29031,1103200000,1103200000
1,11032,1103200000,1103200100,17418,29031,1103300000,1103300000
1,11033,1103300000,1103300100,17418,29031,1103400000,1103400000
1,11034,1103400000,1103400100,17418,29031,1103500000,1103500000
1,11035,1103500000,1103500100,17418,29031,1103600000,1103600000
1,11036,1103600000,1103600100,17418,29031,1103700000,1103700000
1,11037,1103700000,1103700100,17418,29031,1103800000,1103800000
1,11038,1103800000,1103800100,17418,29031,1103900000,1103900000
1,11039,1103900000,1103900100,17418,29031,1104000000,1104000000
1,11040,1104000000,1104000100,17418,29031,1104100000,1104100000
1,11041,1104100000,1104100100,17418,29031,1104200000,1104200000
1,11042,1104200000,1104200100,17418,29031,1104300000,1104300000
1,11043,1104300000,1104300100,17418,29031,1104400000,1104400000
1,11044,1104400000,1104400100,17418,29031,1104500000,1104500000
1,11045,1104500000,1104500100,17418,29031,1104600000,1104600000
1,11046,1104600000,1104600100,17418,29031,1104700000,1104700000
1,11047,1104700000,1104700100,17418,29031,1104800000,1104800000
1,11048,1104800000,1104800100,17418,29031,1104900000,1104900000
1,11049,1104900000,1104900100,17418,29031,1105000000,1105000000
1,11050,1105000000,1105000100,17418,29031,1105100000,1105100000
1,11051,1105100000,1105100100,17418,29031,1105200000,1105200000
1,11052,1105200000,1105200100,17418,29031,1105300000,1105300000
1,11053,1105300000,1105300100,17418,29031,1105400000,1105400000
1,11054,1105400000,1105400100,17418,29031,1105500000,1105500000
1,11055,1105500000,1105500100,17418,29031,1105600000,1105600000
1,11056,1105600000,1105600100,17418,29031,1105700000,1105700000
1,11057,1105700000,1105700100,17418,29031,1105800000,1105800000
1,11058,1105800000,1105800100,17418,29031,1105900000,1105900000
1,11059,1105900000,1105900100,17418,29031,1106000000,1106000000
1,11060,1106000000,1106000100,17418,29031,1106100000,1106100000
1,11061,1106100000,1106100100,17418,29031,1106200000,1106200000
1,11062,1106200000,1106200100,17418,29031,1106300000,1106300000
1,11063,1106300000,1106300100,17418,29031,1106400000,1106400000
1,11064,1106400000,1106400100,17418,29031,1106500000,1106500000
1,11065,1106500000,1106500100,17418,29031,1106600000,1106600000
1,11066,1106600000,1106600100,17418,29031,1106700000,1106700000
1,11067,1106700000,1106700100,17418,29031,1106800000,1106800000
1,11068,1106800000,1106800100,17418,29031,1106900000,1106900000
1,11069,1106900000,1106900100,17418,29031,1107000000,1107000000
1,11070,1107000000,1107000100,17418,29031,1107100000,1107100000
1,11071,1107100000,1107100100,17418,29031,1107200000,1107200000
1,11072,1107200000,1107200100,17418,29031,1107300000,1107300000
1,11073,1107300000,1107300100,17418,29031,1107400000,1107400000
1,11074,1107400000,1107400100,17418,29031,1107500000,1107500000
1,11075,1107500000,1107500100,17418,29031,1107600000,1107600000
1,11076,1107600000,1107600100,17418,29031,1107700000,1107700000
1,11077,1107700000,1107700100,17418,29031,1107800000,1107800000
1,11078,1107800000,1107800100,17418,29031,1107900000,1107900000
1,11079,1107900000,1107900100,17418,29031,1108000000,1108000000
1,11080,1108000000,1108000100,17418,29031,1108100000,1108100000
1,11081,1108100000,1108100100,17418,29031,1108200000,1108200000
1,11082,1108200000,1108200100,17418,29031,1108300000,1108300000
1,11083,1108300000,1108300100,17418,29031,1108400000,1108400000
1,11084,1108400000,1108400100,17418,29031,1108500000,1108500000
1,11085,1108500000,1108500100,17418,29031,1108600000,1108600000
1,11086,1108600000,1108600100,17418,29031,1108700000,1108700000
1,11087,1108700000,1108700100,17418,29031,1108800000,1108800000
1,11088,1108800000,1108800100,17418,29031,1108900000,1108900000
1,11089,1108900000,1108900100,17418,29031,1109000000,1109000000
1,11090,1109000000,1109000100,17418,29031,1109100000,1109100000
1,11091,1109100000,1109100100,17418,29031,1109200000,1109200000
1,11092,1109200000,1109200100,17418,29031,1109300000,1109300000
1,11093,1109300000,1109300100,17418,29031,1109400000,1109400000
1,11094,1109400000,1109400100,17418,29031,1109500000,1109500000
1,11095,1109500000,1109500100,17418,29031,1109600000,1109600000
1,11096,1109600000,1109600100,17418,29031,1109700000,1109700000
1,11097,1109700000,1109700100,17418,29031,1109800000,1109800000
1,11098,1109800000,1109800100,17418,29031,1109900000,1109900000
1,11099,1109900000,1109900100,17418,29031,1110000000,1110000000
1,11100,1110000000,1110000100,17418,29031,1110100000,1110100000
1,11101,1110100000,1110100100,17418,29031,1110200000,1110200000
1,11102,1110200000,1110200100,17418,29031,1110300000,1110300000
1,11103,1110300000,1110300100,17418,29031,1110400000,1110400000
1,11104,1110400000,1110400100,17418,29031,1110500000,1110500000
1,11105,1110500000,1110500100,17418,29031,1110600000,1110600000
1,11106,1110600000,1110600100,17418,29031,1110700000,1110700000
1,11107,1110700000,1110700100,17418,29031,1110800000,1110800000
1,11108,1110800000,1110800100,17418,29031,1110900000,1110900000
1,11109,1110900000,1110900100,17418,29031,1111000000,1111000000
1,11110,1111000000,1111000100,17418,29031,1111100000,1111100000
1,11111,1111100000,1111100100,17418,29031,1111200000,1111200000
1,11112,1111200000,1111200100,17418,29031,1111300000,1111300000
1,11113,1111300000,1111300100,17418,29031,1111400000,1111400000
1,11114,1111400000,1111400100,17418,29031,1111500000,1111500000
1,11115,1111500000,1111500100,17418,29031,1111600000,1111600000
1,11116,1111600000,1111600100,17418,29031,1111700000,1111700000
1,11117,1111700000,1111700100,17418,29031,1111800000,1111800000
1,11118,1111800000,1111800100,17418,29031,1111900000,1111900000
1,11119,1111900000,1111900100,17418,29031,1112000000,1112000000
1,11120,1112000000,1112000100,17418,29031,1112100000,1112100000
1,11121,1112100000,1112100100,17418,29031,1112200000,1112200000
1,11122,1112200000,1112200100,17418,29031,1112300000,1112300000
1,11123,1112300000,1112300100,17418,29031,1112400000,1112400000
1,11124,1112400000,1112400100,17418,29031,1112500000,1112500000
1,11125,1112500000,1112500100,17418,29031,1112600000,1112600000
1,11126,1112600000,1112600100,17418,29031,1112700000,1112700000
1,11127,1112700000,1112700100,17418,29031,1112800000,1112800000
1,11128,1112800000,1112800100,17418,29031,1112900000,1112900000
1,11129,1112900000,1112900100,17418,29031,1113000000,1113000000
1,11130,1113000000,1113000100,17418,29031,1113100000,1113100000
1,11131,1113100000,1113100100,17418,29031,1113200000,1113200000
1,11132,1113200000,1113200100,17418,29031,1113300000,1113300000
1,11133,1113300000,1113300100,17418,29031,1113400000,1113400000
1,11134,1113400000,1113400100,17418,29031,1113500000,1113500000
1,11135,1113500000,1113500100,17418,29031,1113600000,1113600000
1,11136,1113600000,1113600100,17418,29031,1113700000,1113700000
1,11137,1113700000,1113700100,17418,29031,1113800000,1113800000
1,11138,1113800000,1113800100,17418,29031,1113900000,1113900000
1,11139,1113900000,1113900100,17418,29031,1114000000,1114000000
1,11140,1114000000,1114000100,17418,29031,1114100000,1114100000
1,11141,1114100000,1114100100,17418,29031,1114200000,1114200000
1,11142,1114200000,1114200100,17418,29031,1114300000,1114300000
1,11143,1114300000,1114300100,17418,29031,1114400000,1114400000
1,11144,1114400000,1114400100,17418,29031,1114500000,1114500000
1,11145,1114500000,1114500100,17418,29031,1114600000,1114600000
1,11146,1114600000,1114600100,17418,29031,1114700000,1114700000
1,11147,1114700000,1114700100,17418,29031,1114800000,1114800000
1,11148,1114800000,1114800100,17418,29031,1114900000,1114900000
1,11149,1114900000,1114900100,17418,29031,1115000000,1115000000
1,11150,1115000000,1115000100,17418,29031,1115100000,1115100000
1,11151,1115100000,1115100100,17418,29031,1115200000,1115200000
1,11152,1115200000,1115200100,17418,29031,1115300000,1115300000
1,11153,1115300000,1115300100,17418,29031,1115400000,1115400000
1,11154,1115400000,1115400100,17418,29031,1115500000,1115500000
1,11155,1115500000,1115500100,17418,29031,1115600000,1115600000
1,11156,1115600000,1115600100,17418,29031,1115700000,1115700000
1,11157,1115700000,1115700100,17418,29031,1115800000,1115800000
1,11158,1115800000,1115800100,17418,29031,1115900000,1115900000
1,11159,1115900000,1115900100,17418,29031,1116000000,1116000000
1,11160,1116000000,1116000100,17418,29031,1116100000,1116100000
1,11161,1116100000,1116100100,17418,29031,1116200000,1116200000
1,11162,1116200000,1116200100,17418,29031,1116300000,1116300000
1,11163,1116300000,1116300100,17418,29031,1116400000,1116400000
1,11164,1116400000,1116400100,17418,29031,1116500000,1116500000
1,11165,1116500000,1116500100,17418,29031,1116600000,1116600000
1,11166,1116600000,1116600100,17418,29031,1116700000,1116700000
1,11167,1116700000,1116700100,17418,29031,1116800000,1116800000
1,11168,1116800000,1116800100,17418,29031,1116900000,1116900000
1,11169,1116900000,1116900100,17418,29031,1117000000,1117000000
1,11170,1117000000,1117000100,17418,29031,1117100000,1117100000
1,11171,1117100000,1117100100,17418,29031,1117200000,1117200000
1,11172,1117200000,1117200100,17418,29031,1117300000,1117300000
1,11173,1117300000,1117300100,17418,29031,1117400000,1117400000
1,11174,1117400000,1117400100,17418,29031,1117500000,1117500000
1,11175,1117500000,1117500100,17418,29031,1117600000,1117600000
1,11176,1117600000,1117600100,17418,29031,1117700000,1117700000
1,11177,1117700000,1117700100,17418,29031,1117800000,1117800000
1,11178,1117800000,1117800100,17418,29031,1117900000,1117900000
1,11179,1117900000,1117900100,17418,29031,1118000000,1118000000
1,11180,1118000000,1118000100,17418,29031,1118100000,1118100000
1,11181,1118100000,1118100100,17418,29031,1118200000,1118200000
1,11182,1118200000,1118200100,17418,29031,1118300000,1118300000
1,11183,1118300000,1118300100,17418,29031,1118400000,1118400000
1,11184,1118400000,1118400100,17418,29031,1118500000,1118500000
1,11185,1118500000,1118500100,17418,29031,1118600000,1118600000
1,11186,1118600000,1118600100,17418,29031,1118700000,1118700000
1,11187,1118700000,1118700100,17418,29031,1118800000,1118800000
1,11188,1118800000,1118800100,17418,29031,1118900000,1118900000
1,11189,1118900000,1118900100,17418,29031,1119000000,1119000000
1,11190,1119000000,1119000100,17418,29031,1119100000,1119100000
1,11191,1119100000,1119100100,17418,29031,1119200000,1119200000
1,11192,1119200000,1119200100,17418,29031,1119300000,1119300000
1,11193,1119300000,1119300100,17418,29031,1119400000,1119400000
1,11194,1119400000,1119400100,17418,29031,1119500000,1119500000
1,11195,1119500000,1119500100,17418,29031,1119600000,1119600000
1,11196,1119600000,1119600100,17418,29031,1119700000,1119700000
1,11197,1119700000,1119700100,17418,29031,1119800000,1119800000
1,11198,1119800000,1119800100,17418,29031,1119900000,1119900000
1,11199,1119900000,1119900100,17418,29031,1120000000,1120000000
1,11200,1120000000,1120000100,17418,29031,1120100000,1120100000
1,11201,1120100000,1120100100,17418,29031,1120200000,1120200000
1,11202,1120200000,1120200100,17418,29031,1120300000,1120300000
1,11203,1120300000,1120300100,17418,29031,1120400000,1120400000
1,11204,1120400000,1120400100,17418,29031,1120500000,1120500000
1,11205,1120500000,1120500100,17418,29031,1120600000,1120600000
1,11206,1120600000,1120600100,17418,29031,1120700000,1120700000
1,11207,1120700000,1120700100,17418,29031,1120800000,1120800000
1,11208,1120800000,1120800100,17418,29031,1120900000,1120900000
1,11209,1120900000,1120900100,17418,29031,1121000000,1121000000
1,11210,1121000000,1121000100,17418,29031,1121100000,1121100000
1,11211,1121100000,1121100100,17418,29031,1121200000,1121200000
1,11212,1121200000,1121200100,17418,29031,1121300000,1121300000
1,11213,1121300000,1121300100,17418,29031,1121400000,1121400000
1,11214,1121400000,1121400100,17418,29031,1121500000,1121500000
1,11215,1121500000,1121500100,17418,29031,1121600000,1121600000
1,11216,1121600000,1121600100,17418,29031,1121700000,1121700000
1,11217,1121700000,1121700100,17418,29031,1121800000,1121800000
1,11218,1121800000,1121800100,17418,29031,1121900000,1121900000
1,11219,1121900000,1121900100,17418,29031,1122000000,1122000000
1,11220,1122000000,1122000100,17418,29031,1122100000,1122100000
1,11221,1122100000,1122100100,17418,29031,1122200000,1122200000
1,11222,1122200000,1122200100,17418,29031,1122300000,1122300000
1,11223,1122300000,1122300100,17418,29031,1122400000,1122400000
1,11224,1122400000,1122400100,17418,29031,1122500000,1122500000
1,11225,1122500000,1122500100,17418,29031,1122600000,1122600000
1,11226,1122600000,1122600100,17418,29031,1122700000,1122700000
1,11227,1122700000,1122700100,17418,29031,1122800000,1122800000
1,11228,1122800000,1122800100,17418,29031,1122900000,1122900000
1,11229,1122900000,1122900100,17418,29031,1123000000,1123000000
1,11230,1123000000,1123000100,17418,29031,1123100000,1123100000
1,11231,1123100000,1123100100,17418,29031,1123200000,1123200000
1,11232,1123200000,1123200100,17418,29031,1123300000,1123300000
1,11233,1123300000,1123300100,17418,29031,1123400000,1123400000
1,11234,1123400000,1123400100,17418,29031,1123500000,1123500000
1,11235,1123500000,1123500100,17418,29031,1123600000,1123600000
1,11236,1123600000,1123600100,17418,29031,1123700000,1123700000
1,11237,1123700000,1123700100,17418,29031,1123800000,1123800000
1,11238,1123800000,1123800100,17418,29031,1123900000,1123900000
1,11239,1123900000,1123900100,17418,29031,1124000000,1124000000
1,11240,1124000000,1124000100,17418,29031,1124100000,1124100000
1,11241,1124100000,1124100100,17418,29031,1124200000,1124200000
1,11242,1124200000,1124200100,17418,29031,1124300000,1124300000
1,11243,1124300000,1124300100,17418,29031,1124400000,1124400000
1,11244,1124400000,1124400100,17418,29031,1124500000,1124500000
1,11245,1124500000,1124500100,17418,29031,1124600000,1124600000
1,11246,1124600000,1124600100,17418,29031,1124700000,1124700000
1,11247,1124700000,1124700100,17418,29031,1124800000,1124800000
1,11248,1124800000,1124800100,17418,29031,1124900000,1124900000
1,11249,1124900000,1124900100,17418,29031,1125000000,1125000000
1,11250,1125000000,1125000100,17418,29031,1125100000,1125100000
1,11251,1125100000,1125100100,17418,29031,1125200000,1125200000
1,11252,1125200000,1125200100,17418,29031,1125300000,1125300000
1,11253,1125300000,1125300100,17418,29031,1125400000,1125400000
1,11254,1125400000,1125400100,17418,29031,1125500000,1125500000
1,11255,1125500000,1125500100,17418,29031,1125600000,1125600000
1,11256,1125600000,1125600100,17418,29031,1125700000,1125700000
1,11257,1125700000,1125700100,17418,29031,1125800000,1125800000
1,11258,1125800000,1125800100,17418,29031,1125900000,1125900000
1,11259,1125900000,1125900100,17418,29031,1126000000,1126000000
1,11260,1126000000,1126000100,17418,29031,1126100000,1126100000
1,11261,1126100000,1126100100,17418,29031,1126200000,1126200000
1,11262,1126200000,1126200100,17418,29031,1126300000,1126300000
1,11263,1126300000,1126300100,17418,29031,1126400000,1126400000
1,11264,1126400000,1126400100,17418,29031,1126500000,1126500000
1,11265,1126500000,1126500100,17418,29031,1126600000,1126600000
1,11266,1126600000,1126600100,17418,29031,1126700000,1126700000
1,11267,1126700000,1126700100,17418,29031,1126800000,1126800000
1,11268,1126800000,1126800100,17418,29031,1126900000,1126900000
1,11269,1126900000,1126900100,17418,29031,1127000000,1127000000
1,11270,1127000000,1127000100,17418,29031,1127100000,1127100000
1,11271,1127100000,1127100100,17418,29031,1127200000,1127200000
1,11272,1127200000,1127200100,17418,29031,1127300000,1127300000
1,11273,1127300000,1127300100,17418,29031,1127400000,1127400000
1,11274,1127400000,1127400100,17418,29031,1127500000,1127500000
1,11275,1127500000,1127500100,17418,29031,1127600000,1127600000
1,11276,1127600000,1127600100,17418,29031,1127700000,1127700000
1,11277,1127700000,1127700100,17418,29031,1127800000,1127800000
1,11278,1127800000,1127800100,17418,29031,1127900000,1127900000
1,11279,1127900000,1127900100,17418,29031,1128000000,1128000000
1,11280,1128000000,1128000100,17418,29031,1128100000,1128100000
1,11281,1128100000,1128100100,17418,29031,1128200000,1128200000
1,11282,1128200000,1128200100,17418,29031,1128300000,1128300000
1,11283,1128300000,1128300100,17418,29031,1128400000,1128400000
1,11284,1128400000,1128400100,17418,29031,1128500000,1128500000
1,11285,1128500000,1128500100,17418,29031,1128600000,1128600000
1,11286,1128600000,1128600100,17418,29031,1128700000,1128700000
1,11287,1128700000,1128700100,17418,29031,1128800000,1128800000
1,11288,1128800000,1128800100,17418,29031,1128900000,1128900000
1,11289,1128900000,1128900100,17418,29031,1129000000,1129000000
1,11290,1129000000,1129000100,17418,29031,1129100000,1129100000
1,11291,1129100000,1129100100,17418,29031,1129200000,1129200000
1,11292,1129200000,1129200100,17418,29031,1129300000,1129300000
1,11293,1129300000,1129300100,17418,29031,1129400000,1129400000
1,11294,1129400000,1129400100,17418,29031,1129500000,1129500000
1,11295,1129500000,1129500100,17418,29031,1129600000,1129600000
1,11296,1129600000,1129600100,17418,29031,1129700000,1129700000
1,11297,1129700000,1129700100,17418,29031,1129800000,1129800000
1,11298,1129800000,1129800100,17418,29031,1129900000,1129900000
1,11299,1129900000,1129900100,17418,29031,1130000000,1130000000
1,11300,1130000000,1130000100,17418,29031,1130100000,1130100000
1,11301,1130100000,1130100100,17418,29031,1130200000,1130200000
1,11302,1130200000,1130200100,17418,29031,1130300000,1130300000
1,11303,1130300000,1130300100,17418,29031,1130400000,1130400000
1,11304,1130400000,1130400100,17418,29031,1130500000,1130500000
1,11305,1130500000,1130500100,17418,29031,1130600000,1130600000
1,11306,1130600000,1130600100,17418,29031,1130700000,1130700000
1,11307,1130700000,1130700100,17418,29031,1130800000,1130800000
1,11308,1130800000,1130800100,17418,29031,1130900000,1130900000
1,11309,1130900000,1130900100,17418,29031,1131000000,1131000000
1,11310,1131000000,1131000100,17418,29031,1131100000,1131100000
1,11311,1131100000,1131100100,17418,29031,1131200000,1131200000
1,11312,1131200000,1131200100,17418,29031,1131300000,1131300000
1,11313,1131300000,1131300100,17418,29031,1131400000,1131400000
1,11314,1131400000,1131400100,17418,29031,1131500000,1131500000
1,11315,1131500000,1131500100,17418,29031,1131600000,1131600000
1,11316,1131600000,1131600100,17418,29031,1131700000,1131700000
1,11317,1131700000,1131700100,17418,29031,1131800000,1131800000
1,11318,1131800000,1131800100,17418,29031,1131900000,1131900000
1,11319,1131900000,1131900100,17418,29031,1132000000,1132000000
1,11320,1132000000,1132000100,17418,29031,1132100000,1132100000
1,11321,1132100000,1132100100,17418,29031,1132200000,1132200000
1,11322,1132200000,1132200100,17418,29031,1132300000,1132300000
1,11323,1132300000,1132300100,17418,29031,1132400000,1132400000
1,11324,1132400000,1132400100,17418,29031,1132500000,1132500000
1,11325,1132500000,1132500100,17418,29031,1132600000,1132600000
1,11326,1132600000,1132600100,17418,29031,1132700000,1132700000
1,11327,1132700000,1132700100,17418,29031,1132800000,1132800000
1,11328,1132800000,1132800100,17418,29031,1132900000,1132900000
1,11329,1132900000,1132900100,17418,29031,1133000000,1133000000
1,11330,1133000000,1133000100,17418,29031,1133100000,1133100000
1,11331,1133100000,1133100100,17418,29031,1133200000,1133200000
1,11332,1133200000,1133200100,17418,29031,1133300000,1133300000
1,11333,1133300000,1133300100,17418,29031,1133400000,1133400000
1,11334,1133400000,1133400100,17418,29031,1133500000,1133500000
1,11335,1133500000,1133500100,17418,29031,1133600000,1133600000
1,11336,1133600000,1133600100,17418,29031,1133700000,1133700000
1,11337,1133700000,1133700100,17418,29031,1133800000,1133800000
1,11338,1133800000,1133800100,17418,29031,1133900000,1133900000
1,11339,1133900000,1133900100,17418,29031,1134000000,1134000000
1,11340,1134000000,1134000100,17418,29031,1134100000,1134100000
1,11341,1134100000,1134100100,17418,29031,1134200000,1134200000
1,11342,1134200000,1134200100,17418,29031,1134300000,1134300000
1,11343,1134300000,1134300100,17418,29031,1134400000,1134400000
1,11344,1134400000,1134400100,17418,29031,1134500000,1134500000
1,11345,1134500000,1134500100,17418,29031,1134600000,1134600000
1,11346,1134600000,1134600100,17418,29031,1134700000,1134700000
1,11347,1134700000,1134700100,17418,29031,1134800000,1134800000
1,11348,1134800000,1134800100,17418,29031,1134900000,1134900000
1,11349,1134900000,1134900100,17418,29031,1135000000,1135000000
1,11350,1135000000,1135000100,17418,29031,1135100000,1135100000
1,11351,1135100000,1135100100,17418,29031,1135200000,1135200000
1,11352,1135200000,1135200100,17418,29031,1135300000,1135300000
1,11353,1135300000,1135300100,17418,29031,1135400000,1135400000
1,11354,1135400000,1135400100,17418,29031,1135500000,1135500000
1,11355,1135500000,1135500100,17418,29031,1135600000,1135600000
1,11356,1135600000,1135600100,17418,29031,1135700000,1135700000
1,11357,1135700000,1135700100,17418,29031,1135800000,1135800000
1,11358,1135800000,1135800100,17418,29031,1135900000,1135900000
1,11359,1135900000,1135900100,17418,29031,1136000000,1136000000
1,11360,1136000000,1136000100,17418,29031,1136100000,1136100000
1,11361,1136100000,1136100100,17418,29031,1136200000,1136200000
1,11362,1136200000,1136200100,17418,29031,1136300000,1136300000
1,11363,1136300000,1136300100,17418,29031,1136400000,1136400000
1,11364,1136400000,1136400100,17418,29031,1136500000,1136500000
1,11365,1136500000,1136500100,17418,29031,1136600000,1136600000
1,11366,1136600000,1136600100,17418,29031,1136700000,1136700000
1,11367,1136700000,1136700100,17418,29031,1136800000,1136800000
1,11368,1136800000,1136800100,17418,29031,1136900000,1136900000
1,11369,1136900000,1136900100,17418,29031,1137000000,1137000000
1,11370,1137000000,1137000100,17418,29031,1137100000,1137100000
1,11371,1137100000,1137100100,17418,29031,1137200000,1137200000
1,11372,1137200000,1137200100,17418,29031,1137300000,1137300000
1,11373,1137300000,1137300100,17418,29031,1137400000,1137400000
1,11374,1137400000,1137400100,17418,29031,1137500000,1137500000
1,11375,1137500000,1137500100,17418,29031,1137600000,1137600000
1,11376,1137600000,1137600100,17418,29031,1137700000,1137700000
1,11377,1137700000,1137700100,17418,29031,1137800000,1137800000
1,11378,1137800000,1137800100,17418,29031,1137900000,1137900000
1,11379,1137900000,1137900100,17418,29031,1138000000,1138000000
1,11380,1138000000,1138000100,17418,29031,1138100000,1138100000
1,11381,1138100000,1138100100,17418,29031,1138200000,1138200000
1,11382,1138200000,1138200100,17418,29031,1138300000,1138300000
1,11383,1138300000,1138300100,17418,29031,1138400000,1138400000
1,11384,1138400000,1138400100,17418,29031,1138500000,1138500000
1,11385,1138500000,1138500100,17418,29031,1138600000,1138600000
1,11386,1138600000,1138600100,17418,29031,1138700000,1138700000
1,11387,1138700000,1138700100,17418,29031,1138800000,1138800000
1,11388,1138800000,1138800100,17418,29031,1138900000,1138900000
1,11389,1138900000,1138900100,17418,29031,1139000000,1139000000
1,11390,1139000000,1139000100,17418,29031,1139100000,1139100000
1,11391,1139100000,1139100100,17418,29031,1139200000,1139200000
1,11392,1139200000,1139200100,17418,29031,1139300000,1139300000
1,11393,1139300000,1139300100,17418,29031,1139400000,1139400000
1,11394,1139400000,1139400100,17418,29031,1139500000,1139500000
1,11395,1139500000,1139500100,17418,29031,1139600000,1139600000
1,11396,1139600000,1139600100,17418,29031,1139700000,1139700000
1,11397,1139700000,1139700100,17418,29031,1139800000,1139800000
1,11398,1139800000,1139800100,17418,29031,1139900000,1139900000
1,11399,1139900000,1139900100,17418,29031,1140000000,1140000000
1,11400,1140000000,1140000100,17418,29031,1140100000,1140100000
1,11401,1140100000,1140100100,17418,29031,1140200000,1140200000
1,11402,1140200000,1140200100,17418,29031,1140300000,1140300000
1,11403,1140300000,1140300100,17418,29031,1140400000,1140400000
1,11404,1140400000,1140400100,17418,29031,1140500000,1140500000
1,11405,1140500000,1140500100,17418,29031,1140600000,1140600000
1,11406,1140600000,1140600100,17418,29031,1140700000,1140700000
1,11407,1140700000,1140700100,17418,29031,1140800000,1140800000
1,11408,1140800000,1140800100,17418,29031,1140900000,1140900000
1,11409,1140900000,1140900100,17418,29031,1141000000,1141000000
1,11410,1141000000,1141000100,17418,29031,1141100000,1141100000
1,11411,1141100000,1141100100,17418,29031,1141200000,1141200000
1,11412,1141200000,1141200100,17418,29031,1141300000,1141300000
1,11413,1141300000,1141300100,17418,29031,1141400000,1141400000
1,11414,1141400000,1141400100,17418,29031,1141500000,1141500000
1,11415,1141500000,1141500100,17418,29031,1141600000,1141600000
1,11416,1141600000,1141600100,17418,29031,1141700000,1141700000
1,11417,1141700000,1141700100,17418,29031,1141800000,1141800000
1,11418,1141800000,1141800100,17418,29031,1141900000,1141900000
1,11419,1141900000,1141900100,17418,29031,1142000000,1142000000
1,11420,1142000000,1142000100,17418,29031,1142100000,1142100000
1,11421,1142100000,1142100100,17418,29031,1142200000,1142200000
1,11422,1142200000,1142200100,17418,29031,1142300000,1142300000
1,11423,1142300000,1142300100,17418,29031,1142400000,1142400000
1,11424,1142400000,1142400100,17418,29031,1142500000,1142500000
1,11425,1142500000,1142500100,17418,29031,1142600000,1142600000
1,11426,1142600000,1142600100,17418,29031,1142700000,1142700000
1,11427,1142700000,1142700100,17418,29031,1142800000,1142800000
1,11428,1142800000,1142800100,17418,29031,1142900000,1142900000
1,11429,1142900000,1142900100,17418,29031,1143000000,1143000000
1,11430,1143000000,1143000100,17418,29031,1143100000,1143100000
1,11431,1143100000,1143100100,17418,29031,1143200000,1143200000
1,11432,1143200000,1143200100,17418,29031,1143300000,1143300000
1,11433,1143300000,1143300100,17418,29031,1143400000,1143400000
1,11434,1143400000,1143400100,17418,29031,1143500000,1143500000
1,11435,1143500000,1143500100,17418,29031,1143600000,1143600000
1,11436,1143600000,1143600100,17418,29031,1143700000,1143700000
1,11437,1143700000,1143700100,17418,29031,1143800000,1143800000
1,11438,1143800000,1143800100,17418,29031,1143900000,1143900000
1,11439,1143900000,1143900100,17418,29031,1144000000,1144000000
1,11440,1144000000,1144000100,17418,29031,1144100000,1144100000
1,11441,1144100000,1144100100,17418,29031,1144200000,1144200000
1,11442,1144200000,1144200100,17418,29031,1144300000,1144300000
1,11443,1144300000,1144300100,17418,29031,1144400000,1144400000
1,11444,1144400000,1144400100,17418,29031,1144500000,1144500000
1,11445,1144500000,1144500100,17418,29031,1144600000,1144600000
1,11446,1144600000,1144600100,17418,29031,1144700000,1144700000
1,11447,1144700000,1144700100,17418,29031,1144800000,1144800000
1,11448,1144800000,1144800100,17418,29031,1144900000,1144900000
1,11449,1144900000,1144900100,17418,29031,1145000000,1145000000
1,11450,1145000000,1145000100,17418,29031,1145100000,1145100000
1,11451,1145100000,1145100100,17418,29031,1145200000,1145200000
1,11452,1145200000,1145200100,17418,29031,1145300000,1145300000
1,11453,1145300000,1145300100,17418,29031,1145400000,1145400000
1,11454,1145400000,1145400100,17418,29031,1145500000,1145500000
1,11455,1145500000,1145500100,17418,29031,1145600000,1145600000
1,11456,1145600000,1145600100,17418,29031,1145700000,1145700000
1,11457,1145700000,1145700100,17418,29031,1145800000,1145800000
1,11458,1145800000,1145800100,17418,29031,1145900000,1145900000
1,11459,1145900000,1145900100,17418,29031,1146000000,1146000000
1,11460,1146000000,1146000100,17418,29031,1146100000,1146100000
1,11461,1146100000,1146100100,17418,29031,1146200000,1146200000
1,11462,1146200000,1146200100,17418,29031,1146300000,1146300000
1,11463,1146300000,1146300100,17418,29031,1146400000,1146400000
1,11464,1146400000,1146400100,17418,29031,1146500000,1146500000
1,11465,1146500000,1146500100,17418,29031,1146600000,1146600000
1,11466,1146600000,1146600100,17418,29031,1146700000,1146700000
1,11467,1146700000,1146700100,17418,29031,1146800000,1146800000
1,11468,1146800000,1146800100,17418,29031,1146900000,1146900000
1,11469,1146900000,1146900100,17418,29031,1147000000,1147000000
1,11470,1147000000,1147000100,17418,29031,1147100000,1147100000
1,11471,1147100000,1147100100,17418,29031,1147200000,1147200000
1,11472,1147200000,1147200100,17418,29031,1147300000,1147300000
1,11473,1147300000,1147300100,17418,29031,1147400000,1147400000
1,11474,1147400000,1147400100,17418,29031,1147500000,1147500000
1,11475,1147500000,1147500100,17418,29031,1147600000,1147600000
1,11476,1147600000,1147600100,17418,29031,1147700000,1147700000
1,11477,1147700000,1147700100,17418,29031,1147800000,1147800000
1,11478,1147800000,1147800100,17418,29031,1147900000,1147900000
1,11479,1147900000,1147900100,17418,29031,1148000000,1148000000
1,11480,1148000000,1148000100,17418,29031,1148100000,1148100000
1,11481,1148100000,1148100100,17418,29031,1148200000,1148200000
1,11482,1148200000,1148200100,17418,29031,1148300000,1148300000
1,11483,1148300000,1148300100,17418,29031,1148400000,1148400000
1,11484,1148400000,1148400100,17418,29031,1148500000,1148500000
1,11485,1148500000,1148500100,17418,29031,1148600000,1148600000
1,11486,1148600000,1148600100,17418,29031,1148700000,1148700000
1,11487,1148700000,1148700100,17418,29031,1148800000,1148800000
1,11488,1148800000,1148800100,17418,29031,1148900000,1148900000
1,11489,1148900000,1148900100,17418,29031,1149000000,1149000000
1,11490,1149000000,1149000100,17418,29031,1149100000,1149100000
1,11491,1149100000,1149100100,17418,29031,1149200000,1149200000
1,11492,1149200000,1149200100,17418,29031,1149300000,1149300000
1,11493,1149300000,1149300100,17418,29031,1149400000,1149400000
1,11494,1149400000,1149400100,17418,29031,1149500000,1149500000
1,11495,1149500000,1149500100,17418,29031,1149600000,1149600000
1,11496,1149600000,1149600100,17418,29031,1149700000,1149700000
1,11497,1149700000,1149700100,17418,29031,1149800000,1149800000
1,11498,1149800000,1149800100,17418,29031,1149900000,1149900000
1,11499,1149900000,1149900100,17418,29031,1150000000,1150000000
1,11500,1150000000,1150000100,17418,29031,1150100000,1150100000
1,11501,1150100000,1150100100,17418,29031,1150200000,1150200000
1,11502,1150200000,1150200100,17418,29031,1150300000,1150300000
1,11503,1150300000,1150300100,17418,29031,1150400000,1150400000
1,11504,1150400000,1150400100,17418,29031,1150500000,1150500000
1,11505,1150500000,1150500100,17418,29031,1150600000,1150600000
1,11506,1150600000,1150600100,17418,29031,1150700000,1150700000
1,11507,1150700000,1150700100,17418,29031,1150800000,1150800000
1,11508,1150800000,1150800100,17418,29031,1150900000,1150900000
1,11509,1150900000,1150900100,17418,29031,1151000000,1151000000
1,11510,1151000000,1151000100,17418,29031,1151100000,1151100000
1,11511,1151100000,1151100100,17418,29031,1151200000,1151200000
1,11512,1151200000,1151200100,17418,29031,1151300000,1151300000
1,11513,1151300000,1151300100,17418,29031,1151400000,1151400000
1,11514,1151400000,1151400100,17418,29031,1151500000,1151500000
1,11515,1151500000,1151500100,17418,29031,1151600000,1151600000
1,11516,1151600000,1151600100,17418,29031,1151700000,1151700000
1,11517,1151700000,1151700100,17418,29031,1151800000,1151800000
1,11518,1151800000,1151800100,17418,29031,1151900000,1151900000
1,11519,1151900000,1151900100,17418,29031,1152000000,1152000000
1,11520,1152000000,1152000100,17418,29031,1152100000,1152100000
1,11521,1152100000,1152100100,17418,29031,1152200000,1152200000
1,11522,1152200000,1152200100,17418,29031,1152300000,1152300000
1,11523,1152300000,1152300100,17418,29031,1152400000,1152400000
1,11524,1152400000,1152400100,17418,29031,1152500000,1152500000
1,11525,1152500000,1152500100,17418,29031,1152600000,1152600000
1,11526,1152600000,1152600100,17418,29031,1152700000,1152700000
1,11527,1152700000,1152700100,17418,29031,1152800000,1152800000
1,11528,1152800000,1152800100,17418,29031,1152900000,1152900000
1,11529,1152900000,1152900100,17418,29031,1153000000,1153000000
1,11530,1153000000,1153000100,17418,29031,1153100000,1153100000
1,11531,1153100000,1153100100,17418,29031,1153200000,1153200000
1,11532,1153200000,1153200100,17418,29031,1153300000,1153300000
1,11533,1153300000,1153300100,17418,29031,1153400000,1153400000
1,11534,1153400000,1153400100,17418,29031,1153500000,1153500000
1,11535,1153500000,1153500100,17418,29031,1153600000,1153600000
1,11536,1153600000,1153600100,17418,29031,1153700000,1153700000
1,11537,1153700000,1153700100,17418,29031,1153800000,1153800000
1,11538,1153800000,1153800100,17418,29031,1153900000,1153900000
1,11539,1153900000,1153900100,17418,29031,1154000000,1154000000
1,11540,1154000000,1154000100,17418,29031,1154100000,1154100000
1,11541,1154100000,1154100100,17418,29031,1154200000,1154200000
1,11542,1154200000,1154200100,17418,29031,1154300000,1154300000
1,11543,1154300000,1154300100,17418,29031,1154400000,1154400000
1,11544,1154400000,1154400100,17418,29031,1154500000,1154500000
1,11545,1154500000,1154500100,17418,29031,1154600000,1154600000
1,11546,1154600000,1154600100,17418,29031,1154700000,1154700000
1,11547,1154700000,1154700100,17418,29031,1154800000,1154800000
1,11548,1154800000,1154800100,17418,29031,1154900000,1154900000
1,11549,1154900000,1154900100,17418,29031,1155000000,1155000000
1,11550,1155000000,1155000100,17418,29031,1155100000,1155100000
1,11551,1155100000,1155100100,17418,29031,1155200000,1155200000
1,11552,1155200000,1155200100,17418,29031,1155300000,1155300000
1,11553,1155300000,1155300100,17418,29031,1155400000,1155400000
1,11554,1155400000,1155400100,17418,29031,1155500000,1155500000
1,11555,1155500000,1155500100,17418,29031,1155600000,1155600000
1,11556,1155600000,1155600100,17418,29031,1155700000,1155700000
1,11557,1155700000,1155700100,17418,29031,1155800000,1155800000
1,11558,1155800000,1155800100,17418,29031,1155900000,1155900000
1,11559,1155900000,1155900100,17418,29031,1156000000,1156000000
1,11560,1156000000,1156000100,17418,29031,1156100000,1156100000
1,11561,1156100000,1156100100,17418,29031,1156200000,1156200000
1,11562,1156200000,1156200100,17418,29031,1156300000,1156300000
1,11563,1156300000,1156300100,17418,29031,1156400000,1156400000
1,11564,1156400000,1156400100,17418,29031,1156500000,1156500000
1,11565,1156500000,1156500100,17418,29031,1156600000,1156600000
1,11566,1156600000,1156600100,17418,29031,1156700000,1156700000
1,11567,1156700000,1156700100,17418,29031,1156800000,1156800000
1,11568,1156800000,1156800100,17418,29031,1156900000,1156900000
1,11569,1156900000,1156900100,17418,29031,1157000000,1157000000
1,11570,1157000000,1157000100,17418,29031,1157100000,1157100000
1,11571,1157100000,1157100100,17418,29031,1157200000,1157200000
1,11572,1157200000,1157200100,17418,29031,1157300000,1157300000
1,11573,1157300000,1157300100,17418,29031,1157400000,1157400000
1,11574,1157400000,1157400100,17418,29031,1157500000,1157500000
1,11575,1157500000,1157500100,17418,29031,1157600000,1157600000
1,11576,1157600000,1157600100,17418,29031,1157700000,1157700000
1,11577,1157700000,1157700100,17418,29031,1157800000,1157800000
1,11578,1157800000,1157800100,17418,29031,1157900000,1157900000
1,11579,1157900000,1157900100,17418,29031,1158000000,1158000000
1,11580,1158000000,1158000100,17418,29031,1158100000,1158100000
1,11581,1158100000,1158100100,17418,29031,1158200000,1158200000
1,11582,1158200000,1158200100,17418,29031,1158300000,1158300000
1,11583,1158300000,1158300100,17418,29031,1158400000,1158400000
1,11584,1158400000,1158400100,17418,29031,1158500000,1158500000
1,11585,1158500000,1158500100,17418,29031,1158600000,1158600000
1,11586,1158600000,1158600100,17418,29031,1158700000,1158700000
1,11587,1158700000,1158700100,17418,29031,1158800000,1158800000
1,11588,1158800000,1158800100,17418,29031,1158900000,1158900000
1,11589,1158900000,1158900100,17418,29031,1159000000,1159000000
1,11590,1159000000,1159000100,17418,29031,1159100000,1159100000
1,11591,1159100000,1159100100,17418,29031,1159200000,1159200000
1,11592,1159200000,1159200100,17418,29031,1159300000,1159300000
1,11593,1159300000,1159300100,17418,29031,1159400000,1159400000
1,11594,1159400000,1159400100,17418,29031,1159500000,1159500000
1,11595,1159500000,1159500100,17418,29031,1159600000,1159600000
1,11596,1159600000,1159600100,17418,29031,1159700000,1159700000
1,11597,1159700000,1159700100,17418,29031,1159800000,1159800000
1,11598,1159800000,1159800100,17418,29031,1159900000,1159900000
1,11599,1159900000,1159900100,17418,29031,1160000000,1160000000
1,11600,1160000000,1160000100,17418,29031,1160100000,1160100000
1,11601,1160100000,1160100100,17418,29031,1160200000,1160200000
1,11602,1160200000,1160200100,17418,29031,1160300000,1160300000
1,11603,1160300000,1160300100,17418,29031,1160400000,1160400000
1,11604,1160400000,1160400100,17418,29031,1160500000,1160500000
1,11605,1160500000,1160500100,17418,29031,1160600000,1160600000
1,11606,1160600000,1160600100,17418,29031,1160700000,1160700000
1,11607,1160700000,1160700100,17418,29031,1160800000,1160800000
1,11608,1160800000,1160800100,17418,29031,1160900000,1160900000
1,11609,1160900000,1160900100,17418,29031,1161000000,1161000000
1,11610,1161000000,1161000100,17418,29031,1161100000,1161100000
1,11611,1161100000,1161100100,17418,29031,1161200000,1161200000
1,11612,1161200000,1161200100,17418,29031,1161300000,1161300000
1,11613,1161300000,1161300100,17418,29031,1161400000,1161400000
1,11614,1161400000,1161400100,17418,29031,1161500000,1161500000
1,11615,1161500000,1161500100,17418,29031,1161600000,1161600000
1,11616,1161600000,1161600100,17418,29031,1161700000,1161700000
1,11617,1161700000,1161700100,17418,29031,1161800000,1161800000
1,11618,1161800000,1161800100,17418,29031,1161900000,1161900000
1,11619,1161900000,1161900100,17418,29031,1162000000,1162000000
1,11620,1162000000,1162000100,17418,29031,1162100000,1162100000
1,11621,1162100000,1162100100,17418,29031,1162200000,1162200000
1,11622,1162200000,1162200100,17418,29031,1162300000,1162300000
1,11623,1162300000,1162300100,17418,29031,1162400000,1162400000
1,11624,1162400000,1162400100,17418,29031,1162500000,1162500000
1,11625,1162500000,1162500100,17418,29031,1162600000,1162600000
1,11626,1162600000,1162600100,17418,29031,1162700000,1162700000
1,11627,1162700000,1162700100,17418,29031,1162800000,1162800000
1,11628,1162800000,1162800100,17418,29031,1162900000,1162900000
1,11629,1162900000,1162900100,17418,29031,1163000000,1163000000
1,11630,1163000000,1163000100,17418,29031,1163100000,1163100000
1,11631,1163100000,1163100100,17418,29031,1163200000,1163200000
1,11632,1163200000,1163200100,17418,29031,1163300000,1163300000
1,11633,1163300000,1163300100,17418,29031,1163400000,1163400000
1,11634,1163400000,1163400100,17418,29031,1163500000,1163500000
1,11635,1163500000,1163500100,17418,29031,1163600000,1163600000
1,11636,1163600000,1163600100,17418,29031,1163700000,1163700000
1,11637,1163700000,1163700100,17418,29031,1163800000,1163800000
1,11638,1163800000,1163800100,17418,29031,1163900000,1163900000
1,11639,1163900000,1163900100,17418,29031,1164000000,1164000000
1,11640,1164000000,1164000100,17418,29031,1164100000,1164100000
1,11641,1164100000,1164100100,17418,29031,1164200000,1164200000
1,11642,1164200000,1164200100,17418,29031,1164300000,1164300000
1,11643,1164300000,1164300100,17418,29031,1164400000,1164400000
1,11644,1164400000,1164400100,17418,29031,1164500000,1164500000
1,11645,1164500000,1164500100,17418,29031,1164600000,1164600000
1,11646,1164600000,1164600100,17418,29031,1164700000,1164700000
1,11647,1164700000,1164700100,17418,29031,1164800000,1164800000
1,11648,1164800000,1164800100,17418,29031,1164900000,1164900000
1,11649,1164900000,1164900100,17418,29031,1165000000,1165000000
1,11650,1165000000,1165000100,17418,29031,1165100000,1165100000
1,11651,1165100000,1165100100,17418,29031,1165200000,1165200000
1,11652,1165200000,1165200100,17418,29031,1165300000,1165300000
1,11653,1165300000,1165300100,17418,29031,1165400000,1165400000
1,11654,1165400000,1165400100,17418,29031,1165500000,1165500000
1,11655,1165500000,1165500100,17418,29031,1165600000,1165600000
1,11656,1165600000,1165600100,17418,29031,1165700000,1165700000
1,11657,1165700000,1165700100,17418,29031,1165800000,1165800000
1,11658,1165800000,1165800100,17418,29031,1165900000,1165900000
1,11659,1165900000,1165900100,17418,29031,1166000000,1166000000
1,11660,1166000000,1166000100,17418,29031,1166100000,1166100000
1,11661,1166100000,1166100100,17418,29031,1166200000,1166200000
1,11662,1166200000,1166200100,17418,29031,1166300000,1166300000
1,11663,1166300000,1166300100,17418,29031,1166400000,1166400000
1,11664,1166400000,1166400100,17418,29031,1166500000,1166500000
1,11665,1166500000,1166500100,17418,29031,1166600000,1166600000
1,11666,1166600000,1166600100,17418,29031,1166700000,1166700000
1,11667,1166700000,1166700100,17418,29031,1166800000,1166800000
1,11668,1166800000,1166800100,17418,29031,1166900000,1166900000
1,11669,1166900000,1166900100,17418,29031,1167000000,1167000000
1,11670,1167000000,1167000100,17418,29031,1167100000,1167100000
1,11671,1167100000,1167100100,17418,29031,1167200000,1167200000
1,11672,1167200000,1167200100,17418,29031,1167300000,1167300000
1,11673,1167300000,1167300100,17418,29031,1167400000,1167400000
1,11674,1167400000,1167400100,17418,29031,1167500000,1167500000
1,11675,1167500000,1167500100,17418,29031,1167600000,1167600000
1,11676,1167600000,1167600100,17418,29031,1167700000,1167700000
1,11677,1167700000,1167700100,17418,29031,1167800000,1167800000
1,11678,1167800000,1167800100,17418,29031,1167900000,1167900000
1,11679,1167900000,1167900100,17418,29031,1168000000,1168000000
1,11680,1168000000,1168000100,17418,29031,1168100000,1168100000
1,11681,1168100000,1168100100,17418,29031,1168200000,1168200000
1,11682,1168200000,1168200100,17418,29031,1168300000,1168300000
1,11683,1168300000,1168300100,17418,29031,1168400000,1168400000
1,11684,1168400000,1168400100,17418,29031,1168500000,1168500000
1,11685,1168500000,1168500100,17418,29031,1168600000,1168600000
1,11686,1168600000,1168600100,17418,29031,1168700000,1168700000
1,11687,1168700000,1168700100,17418,29031,1168800000,1168800000
1,11688,1168800000,1168800100,17418,29031,1168900000,1168900000
1,11689,1168900000,1168900100,17418,29031,1169000000,1169000000
1,11690,1169000000,1169000100,17418,29031,1169100000,1169100000
1,11691,1169100000,1169100100,17418,29031,1169200000,1169200000
1,11692,1169200000,1169200100,17418,29031,1169300000,1169300000
1,11693,1169300000,1169300100,17418,29031,1169400000,1169400000
1,11694,1169400000,1169400100,17418,29031,1169500000,1169500000
1,11695,1169500000,1169500100,17418,29031,1169600000,1169600000
1,11696,1169600000,1169600100,17418,29031,1169700000,1169700000
1,11697,1169700000,1169700100,17418,29031,1169800000,1169800000
1,11698,1169800000,1169800100,17418,29031,1169900000,1169900000
1,11699,1169900000,1169900100,17418,29031,1170000000,1170000000
1,11700,1170000000,1170000100,17418,29031,1170100000,1170100000
1,11701,1170100000,1170100100,17418,29031,1170200000,1170200000
1,11702,1170200000,1170200100,17418,29031,1170300000,1170300000
1,11703,1170300000,1170300100,17418,29031,1170400000,1170400000
1,11704,1170400000,1170400100,17418,29031,1170500000,1170500000
1,11705,1170500000,1170500100,17418,29031,1170600000,1170600000
1,11706,1170600000,1170600100,17418,29031,1170700000,1170700000
1,11707,1170700000,1170700100,17418,29031,1170800000,1170800000
1,11708,1170800000,1170800100,17418,29031,1170900000,1170900000
1,11709,1170900000,1170900100,17418,29031,1171000000,1171000000
1,11710,1171000000,1171000100,17418,29031,1171100000,1171100000
1,11711,1171100000,1171100100,17418,29031,1171200000,1171200000
1,11712,1171200000,1171200100,17418,29031,1171300000,1171300000
1,11713,1171300000,1171300100,17418,29031,1171400000,1171400000
1,11714,1171400000,1171400100,17418,29031,1171500000,1171500000
1,11715,1171500000,1171500100,17418,29031,1171600000,1171600000
1,11716,1171600000,1171600100,17418,29031,1171700000,1171700000
1,11717,1171700000,1171700100,17418,29031,1171800000,1171800000
1,11718,1171800000,1171800100,17418,29031,1171900000,1171900000
1,11719,1171900000,1171900100,17418,29031,1172000000,1172000000
1,11720,1172000000,1172000100,17418,29031,1172100000,1172100000
1,11721,1172100000,1172100100,17418,29031,1172200000,1172200000
1,11722,1172200000,1172200100,17418,29031,1172300000,1172300000
1,11723,1172300000,1172300100,17418,29031,1172400000,1172400000
1,11724,1172400000,1172400100,17418,29031,1172500000,1172500000
1,11725,1172500000,1172500100,17418,29031,1172600000,1172600000
1,11726,1172600000,1172600100,17418,29031,1172700000,1172700000
1,11727,1172700000,1172700100,17418,29031,1172800000,1172800000
1,11728,1172800000,1172800100,17418,29031,1172900000,1172900000
1,11729,1172900000,1172900100,17418,29031,1173000000,1173000000
1,11730,1173000000,1173000100,17418,29031,1173100000,1173100000
1,11731,1173100000,1173100100,17418,29031,1173200000,1173200000
1,11732,1173200000,1173200100,17418,29031,1173300000,1173300000
1,11733,1173300000,1173300100,17418,29031,1173400000,1173400000
1,11734,1173400000,1173400100,17418,29031,1173500000,1173500000
1,11735,1173500000,1173500100,17418,29031,1173600000,1173600000
1,11736,1173600000,1173600100,17418,29031,1173700000,1173700000
1,11737,1173700000,1173700100,17418,29031,1173800000,1173800000
1,11738,1173800000,1173800100,17418,29031,1173900000,1173900000
1,11739,1173900000,1173900100,17418,29031,1174000000,1174000000
1,11740,1174000000,1174000100,17418,29031,1174100000,1174100000
1,11741,1174100000,1174100100,17418,29031,1174200000,1174200000
1,11742,1174200000,1174200100,17418,29031,1174300000,1174300000
1,11743,1174300000,1174300100,17418,29031,1174400000,1174400000
1,11744,1174400000,1174400100,17418,29031,1174500000,1174500000
1,11745,1174500000,1174500100,17418,29031,1174600000,1174600000
1,11746,1174600000,1174600100,17418,29031,1174700000,1174700000
1,11747,1174700000,1174700100,17418,29031,1174800000,1174800000
1,11748,1174800000,1174800100,17418,29031,1174900000,1174900000
1,11749,1174900000,1174900100,17418,29031,1175000000,1175000000
1,11750,1175000000,1175000100,17418,29031,1175100000,1175100000
1,11751,1175100000,1175100100,17418,29031,1175200000,1175200000
1,11752,1175200000,1175200100,17418,29031,1175300000,1175300000
1,11753,1175300000,1175300100,17418,29031,1175400000,1175400000
1,11754,1175400000,1175400100,17418,29031,1175500000,1175500000
1,11755,1175500000,1175500100,17418,29031,1175600000,1175600000
1,11756,1175600000,1175600100,17418,29031,1175700000,1175700000
1,11757,1175700000,1175700100,17418,29031,1175800000,1175800000
1,11758,1175800000,1175800100,17418,29031,1175900000,1175900000
1,11759,1175900000,1175900100,17418,29031,1176000000,1176000000
1,11760,1176000000,1176000100,17418,29031,1176100000,1176100000
1,11761,1176100000,1176100100,17418,29031,1176200000,1176200000
1,11762,1176200000,1176200100,17418,29031,1176300000,1176300000
1,11763,1176300000,1176300100,17418,29031,1176400000,1176400000
1,11764,1176400000,1176400100,17418,29031,1176500000,1176500000
1,11765,1176500000,1176500100,17418,29031,1176600000,1176600000
1,11766,1176600000,1176600100,17418,29031,1176700000,1176700000
1,11767,1176700000,1176700100,17418,29031,1176800000,1176800000
1,11768,1176800000,1176800100,17418,29031,1176900000,1176900000
1,11769,1176900000,1176900100,17418,29031,1177000000,1177000000
1,11770,1177000000,1177000100,17418,29031,1177100000,1177100000
1,11771,1177100000,1177100100,17418,29031,1177200000,1177200000
1,11772,1177200000,1177200100,17418,29031,1177300000,1177300000
1,11773,1177300000,1177300100,17418,29031,1177400000,1177400000
1,11774,1177400000,1177400100,17418,29031,1177500000,1177500000
1,11775,1177500000,1177500100,17418,29031,1177600000,1177600000
1,11776,1177600000,1177600100,17418,29031,1177700000,1177700000
1,11777,1177700000,1177700100,17418,29031,1177800000,1177800000
1,11778,1177800000,1177800100,17418,29031,1177900000,1177900000
1,11779,1177900000,1177900100,17418,29031,1178000000,1178000000
1,11780,1178000000,1178000100,17418,29031,1178100000,1178100000
1,11781,1178100000,1178100100,17418,29031,1178200000,1178200000
1,11782,1178200000,1178200100,17418,29031,1178300000,1178300000
1,11783,1178300000,1178300100,17418,29031,1178400000,1178400000
1,11784,1178400000,1178400100,17418,29031,1178500000,1178500000
1,11785,1178500000,1178500100,17418,29031,1178600000,1178600000
1,11786,1178600000,1178600100,17418,29031,1178700000,1178700000
1,11787,1178700000,1178700100,17418,29031,1178800000,1178800000
1,11788,1178800000,1178800100,17418,29031,1178900000,1178900000
1,11789,1178900000,1178900100,17418,29031,1179000000,1179000000
1,11790,1179000000,1179000100,17418,29031,1179100000,1179100000
1,11791,1179100000,1179100100,17418,29031,1179200000,1179200000
1,11792,1179200000,1179200100,17418,29031,1179300000,1179300000
1,11793,1179300000,1179300100,17418,29031,1179400000,1179400000
1,11794,1179400000,1179400100,17418,29031,1179500000,1179500000
1,11795,1179500000,1179500100,17418,29031,1179600000,1179600000
1,11796,1179600000,1179600100,17418,29031,1179700000,1179700000
1,11797,1179700000,1179700100,17418,29031,1179800000,1179800000
1,11798,1179800000,1179800100,17418,29031,1179900000,1179900000
1,11799,1179900000,1179900100,17418,29031,1180000000,1180000000
1,11800,1180000000,1180000100,17418,29031,1180100000,1180100000
1,11801,1180100000,1180100100,17418,29031,1180200000,1180200000
1,11802,1180200000,1180200100,17418,29031,1180300000,1180300000
1,11803,1180300000,1180300100,17418,29031,1180400000,1180400000
1,11804,1180400000,1180400100,17418,29031,1180500000,1180500000
1,11805,1180500000,1180500100,17418,29031,1180600000,1180600000
1,11806,1180600000,1180600100,17418,29031,1180700000,1180700000
1,11807,1180700000,1180700100,17418,29031,1180800000,1180800000
1,11808,1180800000,1180800100,17418,29031,1180900000,1180900000
1,11809,1180900000,1180900100,17418,29031,1181000000,1181000000
1,11810,1181000000,1181000100,17418,29031,1181100000,1181100000
1,11811,1181100000,1181100100,17418,29031,1181200000,1181200000
1,11812,1181200000,1181200100,17418,29031,1181300000,1181300000
1,11813,1181300000,1181300100,17418,29031,1181400000,1181400000
1,11814,1181400000,1181400100,17418,29031,1181500000,1181500000
1,11815,1181500000,1181500100,17418,29031,1181600000,1181600000
1,11816,1181600000,1181600100,17418,29031,1181700000,1181700000
1,11817,1181700000,1181700100,17418,29031,1181800000,1181800000
1,11818,1181800000,1181800100,17418,29031,1181900000,1181900000
1,11819,1181900000,1181900100,17418,29031,1182000000,1182000000
1,11820,1182000000,1182000100,17418,29031,1182100000,1182100000
1,11821,1182100000,1182100100,17418,29031,1182200000,1182200000
1,11822,1182200000,1182200100,17418,29031,1182300000,1182300000
1,11823,1182300000,1182300100,17418,29031,1182400000,1182400000
1,11824,1182400000,1182400100,17418,29031,1182500000,1182500000
1,11825,1182500000,1182500100,17418,29031,1182600000,1182600000
1,11826,1182600000,1182600100,17418,29031,1182700000,1182700000
1,11827,1182700000,1182700100,17418,29031,1182800000,1182800000
1,11828,1182800000,1182800100,17418,29031,1182900000,1182900000
1,11829,1182900000,1182900100,17418,29031,1183000000,1183000000
1,11830,1183000000,1183000100,17418,29031,1183100000,1183100000
1,11831,1183100000,1183100100,17418,29031,1183200000,1183200000
1,11832,1183200000,1183200100,17418,29031,1183300000,1183300000
1,11833,1183300000,1183300100,17418,29031,1183400000,1183400000
1,11834,1183400000,1183400100,17418,29031,1183500000,1183500000
1,11835,1183500000,1183500100,17418,29031,1183600000,1183600000
1,11836,1183600000,1183600100,17418,29031,1183700000,1183700000
1,11837,1183700000,1183700100,17418,29031,1183800000,1183800000
1,11838,1183800000,1183800100,17418,29031,1183900000,1183900000
1,11839,1183900000,1183900100,17418,29031,1184000000,1184000000
1,11840,1184000000,1184000100,17418,29031,1184100000,1184100000
1,11841,1184100000,1184100100,17418,29031,1184200000,1184200000
1,11842,1184200000,1184200100,17418,29031,1184300000,1184300000
1,11843,1184300000,1184300100,17418,29031,1184400000,1184400000
1,11844,1184400000,1184400100,17418,29031,1184500000,1184500000
1,11845,1184500000,1184500100,17418,29031,1184600000,1184600000
1,11846,1184600000,1184600100,17418,29031,1184700000,1184700000
1,11847,1184700000,1184700100,17418,29031,1184800000,1184800000
1,11848,1184800000,1184800100,17418,29031,1184900000,1184900000
1,11849,1184900000,1184900100,17418,29031,1185000000,1185000000
1,11850,1185000000,1185000100,17418,29031,1185100000,1185100000
1,11851,1185100000,1185100100,17418,29031,1185200000,1185200000
1,11852,1185200000,1185200100,17418,29031,1185300000,1185300000
1,11853,1185300000,1185300100,17418,29031,1185400000,1185400000
1,11854,1185400000,1185400100,17418,29031,1185500000,1185500000
1,11855,1185500000,1185500100,17418,29031,1185600000,1185600000
1,11856,1185600000,1185600100,17418,29031,1185700000,1185700000
1,11857,1185700000,1185700100,17418,29031,1185800000,1185800000
1,11858,1185800000,1185800100,17418,29031,1185900000,1185900000
1,11859,1185900000,1185900100,17418,29031,1186000000,1186000000
1,11860,1186000000,1186000100,17418,29031,1186100000,1186100000
1,11861,1186100000,1186100100,17418,29031,1186200000,1186200000
1,11862,1186200000,1186200100,17418,29031,1186300000,1186300000
1,11863,1186300000,1186300100,17418,29031,1186400000,1186400000
1,11864,1186400000,1186400100,17418,29031,1186500000,1186500000
1,11865,1186500000,1186500100,17418,29031,1186600000,1186600000
1,11866,1186600000,1186600100,17418,29031,1186700000,1186700000
1,11867,1186700000,1186700100,17418,29031,1186800000,1186800000
1,11868,1186800000,1186800100,17418,29031,1186900000,1186900000
1,11869,1186900000,1186900100,17418,29031,1187000000,1187000000
1,11870,1187000000,1187000100,17418,29031,1187100000,1187100000
1,11871,1187100000,1187100100,17418,29031,1187200000,1187200000
1,11872,1187200000,1187200100,17418,29031,1187300000,1187300000
1,11873,1187300000,1187300100,17418,29031,1187400000,1187400000
1,11874,1187400000,1187400100,17418,29031,1187500000,1187500000
1,11875,1187500000,1187500100,17418,29031,1187600000,1187600000
1,11876,1187600000,1187600100,17418,29031,1187700000,1187700000
1,11877,1187700000,1187700100,17418,29031,1187800000,1187800000
1,11878,1187800000,1187800100,17418,29031,1187900000,1187900000
1,11879,1187900000,1187900100,17418,29031,1188000000,1188000000
1,11880,1188000000,1188000100,17418,29031,1188100000,1188100000
1,11881,1188100000,1188100100,17418,29031,1188200000,1188200000
1,11882,1188200000,1188200100,17418,29031,1188300000,1188300000
1,11883,1188300000,1188300100,17418,29031,1188400000,1188400000
1,11884,1188400000,1188400100,17418,29031,1188500000,1188500000
1,11885,1188500000,1188500100,17418,29031,1188600000,1188600000
1,11886,1188600000,1188600100,17418,29031,1188700000,1188700000
1,11887,1188700000,1188700100,17418,29031,1188800000,1188800000
1,11888,1188800000,1188800100,17418,29031,1188900000,1188900000
1,11889,1188900000,1188900100,17418,29031,1189000000,1189000000
1,11890,1189000000,1189000100,17418,29031,1189100000,1189100000
1,11891,1189100000,1189100100,17418,29031,1189200000,1189200000
1,11892,1189200000,1189200100,17418,29031,1189300000,1189300000
1,11893,1189300000,1189300100,17418,29031,1189400000,1189400000
1,11894,1189400000,1189400100,17418,29031,1189500000,1189500000
1,11895,1189500000,1189500100,17418,29031,1189600000,1189600000
1,11896,1189600000,1189600100,17418,29031,1189700000,1189700000
1,11897,1189700000,1189700100,17418,29031,1189800000,1189800000
1,11898,1189800000,1189800100,17418,29031,1189900000,1189900000
1,11899,1189900000,1189900100,17418,29031,1190000000,1190000000
1,11900,1190000000,1190000100,17418,29031,1190100000,1190100000
1,11901,1190100000,1190100100,17418,29031,1190200000,1190200000
1,11902,1190200000,1190200100,17418,29031,1190300000,1190300000
1,11903,1190300000,1190300100,17418,29031,1190400000,1190400000
1,11904,1190400000,1190400100,17418,29031,1190500000,1190500000
1,11905,1190500000,1190500100,17418,29031,1190600000,1190600000
1,11906,1190600000,1190600100,17418,29031,1190700000,1190700000
1,11907,1190700000,1190700100,17418,29031,1190800000,1190800000
1,11908,1190800000,1190800100,17418,29031,1190900000,1190900000
1,11909,1190900000,1190900100,17418,29031,1191000000,1191000000
1,11910,1191000000,1191000100,17418,29031,1191100000,1191100000
1,11911,1191100000,1191100100,17418,29031,1191200000,1191200000
1,11912,1191200000,1191200100,17418,29031,1191300000,1191300000
1,11913,1191300000,1191300100,17418,29031,1191400000,1191400000
1,11914,1191400000,1191400100,17418,29031,1191500000,1191500000
1,11915,1191500000,1191500100,17418,29031,1191600000,1191600000
1,11916,1191600000,1191600100,17418,29031,1191700000,1191700000
1,11917,1191700000,1191700100,17418,29031,1191800000,1191800000
1,11918,1191800000,1191800100,17418,29031,1191900000,1191900000
1,11919,1191900000,1191900100,17418,29031,1192000000,1192000000
1,11920,1192000000,1192000100,17418,29031,1192100000,1192100000
1,11921,1192100000,1192100100,17418,29031,1192200000,1192200000
1,11922,1192200000,1192200100,17418,29031,1192300000,1192300000
1,11923,1192300000,1192300100,17418,29031,1192400000,1192400000
1,11924,1192400000,1192400100,17418,29031,1192500000,1192500000
1,11925,1192500000,1192500100,17418,29031,1192600000,1192600000
1,11926,1192600000,1192600100,17418,29031,1192700000,1192700000
1,11927,1192700000,1192700100,17418,29031,1192800000,1192800000
1,11928,1192800000,1192800100,17418,29031,1192900000,1192900000
1,11929,1192900000,1192900100,17418,29031,1193000000,1193000000
1,11930,1193000000,1193000100,17418,29031,1193100000,1193100000
1,11931,1193100000,1193100100,17418,29031,1193200000,1193200000
1,11932,1193200000,1193200100,17418,29031,1193300000,1193300000
1,11933,1193300000,1193300100,17418,29031,1193400000,1193400000
1,11934,1193400000,1193400100,17418,29031,1193500000,1193500000
1,11935,1193500000,1193500100,17418,29031,1193600000,1193600000
1,11936,1193600000,1193600100,17418,29031,1193700000,1193700000
1,11937,1193700000,1193700100,17418,29031,1193800000,1193800000
1,11938,1193800000,1193800100,17418,29031,1193900000,1193900000
1,11939,1193900000,1193900100,17418,29031,1194000000,1194000000
1,11940,1194000000,1194000100,17418,29031,1194100000,1194100000
1,11941,1194100000,1194100100,17418,29031,1194200000,1194200000
1,11942,1194200000,1194200100,17418,29031,1194300000,1194300000
1,11943,1194300000,1194300100,17418,29031,1194400000,1194400000
1,11944,1194400000,1194400100,17418,29031,1194500000,1194500000
1,11945,1194500000,1194500100,17418,29031,1194600000,1194600000
1,11946,1194600000,1194600100,17418,29031,1194700000,1194700000
1,11947,1194700000,1194700100,17418,29031,1194800000,1194800000
1,11948,1194800000,1194800100,17418,29031,1194900000,1194900000
1,11949,1194900000,1194900100,17418,29031,1195000000,1195000000
1,11950,1195000000,1195000100,17418,29031,1195100000,1195100000
1,11951,1195100000,1195100100,17418,29031,1195200000,1195200000
1,11952,1195200000,1195200100,17418,29031,1195300000,1195300000
1,11953,1195300000,1195300100,17418,29031,1195400000,1195400000
1,11954,1195400000,1195400100,17418,29031,1195500000,1195500000
1,11955,1195500000,1195500100,17418,29031,1195600000,1195600000
1,11956,1195600000,1195600100,17418,29031,1195700000,1195700000
1,11957,1195700000,1195700100,17418,29031,1195800000,1195800000
1,11958,1195800000,1195800100,17418,29031,1195900000,1195900000
1,11959,1195900000,1195900100,17418,29031,1196000000,1196000000
1,11960,1196000000,1196000100,17418,29031,1196100000,1196100000
1,11961,1196100000,1196100100,17418,29031,1196200000,1196200000
1,11962,1196200000,1196200100,17418,29031,1196300000,1196300000
1,11963,1196300000,1196300100,17418,29031,1196400000,1196400000
1,11964,1196400000,1196400100,17418,29031,1196500000,1196500000
1,11965,1196500000,1196500100,17418,29031,1196600000,1196600000
1,11966,1196600000,1196600100,17418,29031,1196700000,1196700000
1,11967,1196700000,1196700100,17418,29031,1196800000,1196800000
1,11968,1196800000,1196800100,17418,29031,1196900000,1196900000
1,11969,1196900000,1196900100,17418,29031,1197000000,1197000000
2,0,0,100,43143,71906,100000,100000
2,1,100000,100100,43143,71906,200000,200000
2,2,200000,200100,43143,71906,300000,300000
2,3,300000,300100,43143,71906,400000,400000
2,4,400000,400100,43143,71906,500000,500000
2,5,500000,500100,43143,71906,600000,600000
2,6,600000,600100,43143,71906,700000,700000
2,7,700000,700100,43143,71906,800000,800000
2,8,800000,800100,43143,71906,900000,900000
2,9,900000,900100,43143,71906,1000000,1000000
2,10,1000000,1000100,43143,71906,1100000,1100000
2,11,1100000,1100100,43143,71906,1200000,1200000
2,12,1200000,1200100,43143,71906,1300000,1300000
2,13,1300000,1300100,43143,71906,1400000,1400000
2,14,1400000,1400100,43143,71906,1500000,1500000
2,15,1500000,1500100,43143,71906,1600000,1600000
2,16,1600000,1600100,43143,71906,1700000,1700000
2,17,1700000,1700100,43143,71906,1800000,1800000
2,18,1800000,1800100,43143,71906,1900000,1900000
2,19,1900000,1900100,43143,71906,2000000,2000000
2,20,2000000,2000100,43143,71906,2100000,2100000
2,21,2100000,2100100,43143,71906,2200000,2200000
2,22,2200000,2200100,43143,71906,2300000,2300000
2,23,2300000,2300100,43143,71906,2400000,2400000
2,24,2400000,2400100,43143,71906,2500000,2500000
2,25,2500000,2500100,43143,71906,2600000,2600000
2,26,2600000,2600100,43143,71906,2700000,2700000
2,27,2700000,2700100,43143,71906,2800000,2800000
2,28,2800000,2800100,43143,71906,2900000,2900000
2,29,2900000,2900100,43143,71906,3000000,3000000
2,30,3000000,3000100,43143,71906,3100000,3100000
2,31,3100000,3100100,43143,71906,3200000,3200000
2,32,3200000,3200100,43143,71906,3300000,3300000
2,33,3300000,3300100,43143,71906,3400000,3400000
2,34,3400000,3400100,43143,71906,3500000,3500000
2,35,3500000,3500100,43143,71906,3600000,3600000
2,36,3600000,3600100,43143,71906,3700000,3700000
2,37,3700000,3700100,43143,71906,3800000,3800000
2,38,3800000,3800100,43143,71906,3900000,3900000
2,39,3900000,3900100,43143,71906,4000000,4000000
2,40,4000000,4000100,43143,71906,4100000,4100000
2,41,4100000,4100100,43143,71906,4200000,4200000
2,42,4200000,4200100,43143,71906,4300000,4300000
2,43,4300000,4300100,43143,71906,4400000,4400000
2,44,4400000,4400100,43143,71906,4500000,4500000
2,45,4500000,4500100,43143,71906,4600000,4600000
2,46,4600000,4600100,43143,71906,4700000,4700000
2,47,4700000,4700100,43143,71906,4800000,4800000
2,48,4800000,4800100,43143,71906,4900000,4900000
2,49,4900000,4900100,43143,71906,5000000,5000000
2,50,5000000,5000100,43143,71906,5100000,5100000
2,51,5100000,5100100,43143,71906,5200000,5200000
2,52,5200000,5200100,43143,71906,5300000,5300000
2,53,5300000,5300100,43143,71906,5400000,5400000
2,54,5400000,5400100,43143,71906,5500000,5500000
2,55,5500000,5500100,43143,71906,5600000,5600000
2,56,5600000,5600100,43143,71906,5700000,5700000
2,57,5700000,5700100,43143,71906,5800000,5800000
2,58,5800000,5800100,43143,71906,5900000,5900000
2,59,5900000,5900100,43143,71906,6000000,6000000
2,60,6000000,6000100,43143,71906,6100000,6100000
2,61,6100000,6100100,43143,71906,6200000,6200000
2,62,6200000,6200100,43143,71906,6300000,6300000
2,63,6300000,6300100,43143,71906,6400000,6400000
2,64,6400000,6400100,43143,71906,6500000,6500000
2,65,6500000,6500100,43143,71906,6600000,6600000
2,66,6600000,6600100,43143,71906,6700000,6700000
2,67,6700000,6700100,43143,71906,6800000,6800000
2,68,6800000,6800100,43143,71906,6900000,6900000
2,69,6900000,6900100,43143,71906,7000000,7000000
2,70,7000000,7000100,43143,71906,7100000,7100000
2,71,7100000,7100100,43143,71906,7200000,7200000
2,72,7200000,7200100,43143,71906,7300000,7300000
2,73,7300000,7300100,43143,71906,7400000,7400000
2,74,7400000,7400100,43143,71906,7500000,7500000
2,75,7500000,7500100,43143,71906,7600000,7600000
2,76,7600000,7600100,43143,71906,7700000,7700000
2,77,7700000,7700100,43143,71906,7800000,7800000
2,78,7800000,7800100,43143,71906,7900000,7900000
2,79,7900000,7900100,43143,71906,8000000,8000000
2,80,8000000,8000100,43143,71906,8100000,8100000
2,81,8100000,8100100,43143,71906,8200000,8200000
2,82,8200000,8200100,43143,71906,8300000,8300000
2,83,8300000,8300100,43143,71906,8400000,8400000
2,84,8400000,8400100,43143,71906,8500000,8500000
2,85,8500000,8500100,43143,71906,8600000,8600000
2,86,8600000,8600100,43143,71906,8700000,8700000
2,87,8700000,8700100,43143,71906,8800000,8800000
2,88,8800000,8800100,43143,71906,8900000,8900000
2,89,8900000,8900100,43143,71906,9000000,9000000
2,90,9000000,9000100,43143,71906,9100000,9100000
2,91,9100000,9100100,43143,71906,9200000,9200000
2,92,9200000,9200100,43143,71906,9300000,9300000
2,93,9300000,9300100,43143,71906,9400000,9400000
2,94,9400000,9400100,43143,71906,9500000,9500000
2,95,9500000,9500100,43143,71906,9600000,9600000
2,96,9600000,9600100,43143,71906,9700000,9700000
2,97,9700000,9700100,43143,71906,9800000,9800000
2,98,9800000,9800100,43143,71906,9900000,9900000
2,99,9900000,9900100,43143,71906,10000000,10000000
2,100,10000000,10000100,43143,71906,10100000,10100000
2,101,10100000,10100100,43143,71906,10200000,10200000
2,102,10200000,10200100,43143,71906,10300000,10300000
2,103,10300000,10300100,43143,71906,10400000,10400000
2,104,10400000,10400100,43143,71906,10500000,10500000
2,105,10500000,10500100,43143,71906,10600000,10600000
2,106,10600000,10600100,43143,71906,10700000,10700000
2,107,10700000,10700100,43143,71906,10800000,10800000
2,108,10800000,10800100,43143,71906,10900000,10900000
2,109,10900000,10900100,43143,71906,11000000,11000000
2,110,11000000,11000100,43143,71906,11100000,11100000
2,111,11100000,11100100,43143,71906,11200000,11200000
2,112,11200000,11200100,43143,71906,11300000,11300000
2,113,11300000,11300100,43143,71906,11400000,11400000
2,114,11400000,11400100,43143,71906,11500000,11500000
2,115,11500000,11500100,43143,71906,11600000,11600000
2,116,11600000,11600100,43143,71906,11700000,11700000
2,117,11700000,11700100,43143,71906,11800000,11800000
2,118,11800000,11800100,43143,71906,11900000,11900000
2,119,11900000,11900100,43143,71906,12000000,12000000
2,120,12000000,12000100,43143,71906,12100000,12100000
2,121,12100000,12100100,43143,71906,12200000,12200000
2,122,12200000,12200100,43143,71906,12300000,12300000
2,123,12300000,12300100,43143,71906,12400000,12400000
2,124,12400000,12400100,43143,71906,12500000,12500000
2,125,12500000,12500100,43143,71906,12600000,12600000
2,126,12600000,12600100,43143,71906,12700000,12700000
2,127,12700000,12700100,43143,71906,12800000,12800000
2,128,12800000,12800100,43143,71906,12900000,12900000
2,129,12900000,12900100,43143,71906,13000000,13000000
2,130,13000000,13000100,43143,71906,13100000,13100000
2,131,13100000,13100100,43143,71906,13200000,13200000
2,132,13200000,13200100,43143,71906,13300000,13300000
2,133,13300000,13300100,43143,71906,13400000,13400000
2,134,13400000,13400100,43143,71906,13500000,13500000
2,135,13500000,13500100,43143,71906,13600000,13600000
2,136,13600000,13600100,43143,71906,13700000,13700000
2,137,13700000,13700100,43143,71906,13800000,13800000
2,138,13800000,13800100,43143,71906,13900000,13900000
2,139,13900000,13900100,43143,71906,14000000,14000000
2,140,14000000,14000100,43143,71906,14100000,14100000
2,141,14100000,14100100,43143,71906,14200000,14200000
2,142,14200000,14200100,43143,71906,14300000,14300000
2,143,14300000,14300100,43143,71906,14400000,14400000
2,144,14400000,14400100,43143,71906,14500000,14500000
2,145,14500000,14500100,43143,71906,14600000,14600000
2,146,14600000,14600100,43143,71906,14700000,14700000
2,147,14700000,14700100,43143,71906,14800000,14800000
2,148,14800000,14800100,43143,71906,14900000,14900000
2,149,14900000,14900100,43143,71906,15000000,15000000
2,150,15000000,15000100,43143,71906,15100000,15100000
2,151,15100000,15100100,43143,71906,15200000,15200000
2,152,15200000,15200100,43143,71906,15300000,15300000
2,153,15300000,15300100,43143,71906,15400000,15400000
2,154,15400000,15400100,43143,71906,15500000,15500000
2,155,15500000,15500100,43143,71906,15600000,15600000
2,156,15600000,15600100,43143,71906,15700000,15700000
2,157,15700000,15700100,43143,71906,15800000,15800000
2,158,15800000,15800100,43143,71906,15900000,15900000
2,159,15900000,15900100,43143,71906,16000000,16000000
2,160,16000000,16000100,43143,71906,16100000,16100000
2,161,16100000,16100100,43143,71906,16200000,16200000
2,162,16200000,16200100,43143,71906,16300000,16300000
2,163,16300000,16300100,43143,71906,16400000,16400000
2,164,16400000,16400100,43143,71906,16500000,16500000
2,165,16500000,16500100,43143,71906,16600000,16600000
2,166,16600000,16600100,43143,71906,16700000,16700000
2,167,16700000,16700100,43143,71906,16800000,16800000
2,168,16800000,16800100,43143,71906,16900000,16900000
2,169,16900000,16900100,43143,71906,17000000,17000000
2,170,17000000,17000100,43143,71906,17100000,17100000
2,171,17100000,17100100,43143,71906,17200000,17200000
2,172,17200000,17200100,43143,71906,17300000,17300000
2,173,17300000,17300100,43143,71906,17400000,17400000
2,174,17400000,17400100,43143,71906,17500000,17500000
2,175,17500000,17500100,43143,71906,17600000,17600000
2,176,17600000,17600100,43143,71906,17700000,17700000
2,177,17700000,17700100,43143,71906,17800000,17800000
2,178,17800000,17800100,43143,71906,17900000,17900000
2,179,17900000,17900100,43143,71906,18000000,18000000
2,180,18000000,18000100,43143,71906,18100000,18100000
2,181,18100000,18100100,43143,71906,18200000,18200000
2,182,18200000,18200100,43143,71906,18300000,18300000
2,183,18300000,18300100,43143,71906,18400000,18400000
2,184,18400000,18400100,43143,71906,18500000,18500000
2,185,18500000,18500100,43143,71906,18600000,18600000
2,186,18600000,18600100,43143,71906,18700000,18700000
2,187,18700000,18700100,43143,71906,18800000,18800000
2,188,18800000,18800100,43143,71906,18900000,18900000
2,189,18900000,18900100,43143,71906,19000000,19000000
2,190,19000000,19000100,43143,71906,19100000,19100000
2,191,19100000,19100100,43143,71906,19200000,19200000
2,192,19200000,19200100,43143,71906,19300000,19300000
2,193,19300000,19300100,43143,71906,19400000,19400000
2,194,19400000,19400100,43143,71906,19500000,19500000
2,195,19500000,19500100,43143,71906,19600000,19600000
2,196,19600000,19600100,43143,71906,19700000,19700000
2,197,19700000,19700100,43143,71906,19800000,19800000
2,198,19800000,19800100,43143,71906,19900000,19900000
2,199,19900000,19900100,43143,71906,20000000,20000000
2,200,20000000,20000100,43143,71906,20100000,20100000
2,201,20100000,20100100,43143,71906,20200000,20200000
2,202,20200000,20200100,43143,71906,20300000,20300000
2,203,20300000,20300100,43143,71906,20400000,20400000
2,204,20400000,20400100,43143,71906,20500000,20500000
2,205,20500000,20500100,43143,71906,20600000,20600000
2,206,20600000,20600100,43143,71906,20700000,20700000
2,207,20700000,20700100,43143,71906,20800000,20800000
2,208,20800000,20800100,43143,71906,20900000,20900000
2,209,20900000,20900100,43143,71906,21000000,21000000
2,210,21000000,21000100,43143,71906,21100000,21100000
2,211,21100000,21100100,43143,71906,21200000,21200000
2,212,21200000,21200100,43143,71906,21300000,21300000
2,213,21300000,21300100,43143,71906,21400000,21400000
2,214,21400000,21400100,43143,71906,21500000,21500000
2,215,21500000,21500100,43143,71906,21600000,21600000
2,216,21600000,21600100,43143,71906,21700000,21700000
2,217,21700000,21700100,43143,71906,21800000,21800000
2,218,21800000,21800100,43143,71906,21900000,21900000
2,219,21900000,21900100,43143,71906,22000000,22000000
2,220,22000000,22000100,43143,71906,22100000,22100000
2,221,22100000,22100100,43143,71906,22200000,22200000
2,222,22200000,22200100,43143,71906,22300000,22300000
2,223,22300000,22300100,43143,71906,22400000,22400000
2,224,22400000,22400100,43143,71906,22500000,22500000
2,225,22500000,22500100,43143,71906,22600000,22600000
2,226,22600000,22600100,43143,71906,22700000,22700000
2,227,22700000,22700100,43143,71906,22800000,22800000
2,228,22800000,22800100,43143,71906,22900000,22900000
2,229,22900000,22900100,43143,71906,23000000,23000000
2,230,23000000,23000100,43143,71906,23100000,23100000
2,231,23100000,23100100,43143,71906,23200000,23200000
2,232,23200000,23200100,43143,71906,23300000,23300000
2,233,23300000,23300100,43143,71906,23400000,23400000
2,234,23400000,23400100,43143,71906,23500000,23500000
2,235,23500000,23500100,43143,71906,23600000,23600000
2,236,23600000,23600100,43143,71906,23700000,23700000
2,237,23700000,23700100,43143,71906,23800000,23800000
2,238,23800000,23800100,43143,71906,23900000,23900000
2,239,23900000,23900100,43143,71906,24000000,24000000
2,240,24000000,24000100,43143,71906,24100000,24100000
2,241,24100000,24100100,43143,71906,24200000,24200000
2,242,24200000,24200100,43143,71906,24300000,24300000
2,243,24300000,24300100,43143,71906,24400000,24400000
2,244,24400000,24400100,43143,71906,24500000,24500000
2,245,24500000,24500100,43143,71906,24600000,24600000
2,246,24600000,24600100,43143,71906,24700000,24700000
2,247,24700000,24700100,43143,71906,24800000,24800000
2,248,24800000,24800100,43143,71906,24900000,24900000
2,249,24900000,24900100,43143,71906,25000000,25000000
2,250,25000000,25000100,43143,71906,25100000,25100000
2,251,25100000,25100100,43143,71906,25200000,25200000
2,252,25200000,25200100,43143,71906,25300000,25300000
2,253,25300000,25300100,43143,71906,25400000,25400000
2,254,25400000,25400100,43143,71906,25500000,25500000
2,255,25500000,25500100,43143,71906,25600000,25600000
2,256,25600000,25600100,43143,71906,25700000,25700000
2,257,25700000,25700100,43143,71906,25800000,25800000
2,258,25800000,25800100,43143,71906,25900000,25900000
2,259,25900000,25900100,43143,71906,26000000,26000000
2,260,26000000,26000100,43143,71906,26100000,26100000
2,261,26100000,26100100,43143,71906,26200000,26200000
2,262,26200000,26200100,43143,71906,26300000,26300000
2,263,26300000,26300100,43143,71906,26400000,26400000
2,264,26400000,26400100,43143,71906,26500000,26500000
2,265,26500000,26500100,43143,71906,26600000,26600000
2,266,26600000,26600100,43143,71906,26700000,26700000
2,267,26700000,26700100,43143,71906,26800000,26800000
2,268,26800000,26800100,43143,71906,26900000,26900000
2,269,26900000,26900100,43143,71906,27000000,27000000
2,270,27000000,27000100,43143,71906,27100000,27100000
2,271,27100000,27100100,43143,71906,27200000,27200000
2,272,27200000,27200100,43143,71906,27300000,27300000
2,273,27300000,27300100,43143,71906,27400000,27400000
2,274,27400000,27400100,43143,71906,27500000,27500000
2,275,27500000,27500100,43143,71906,27600000,27600000
2,276,27600000,27600100,43143,71906,27700000,27700000
2,277,27700000,27700100,43143,71906,27800000,27800000
2,278,27800000,27800100,43143,71906,27900000,27900000
2,279,27900000,27900100,43143,71906,28000000,28000000
2,280,28000000,28000100,43143,71906,28100000,28100000
2,281,28100000,28100100,43143,71906,28200000,28200000
2,282,28200000,28200100,43143,71906,28300000,28300000
2,283,28300000,28300100,43143,71906,28400000,28400000
2,284,28400000,28400100,43143,71906,28500000,28500000
2,285,28500000,28500100,43143,71906,28600000,28600000
2,286,28600000,28600100,43143,71906,28700000,28700000
2,287,28700000,28700100,43143,71906,28800000,28800000
2,288,28800000,28800100,43143,71906,28900000,28900000
2,289,28900000,28900100,43143,71906,29000000,29000000
2,290,29000000,29000100,43143,71906,29100000,29100000
2,291,29100000,29100100,43143,71906,29200000,29200000
2,292,29200000,29200100,43143,71906,29300000,29300000
2,293,29300000,29300100,43143,71906,29400000,29400000
2,294,29400000,29400100,43143,71906,29500000,29500000
2,295,29500000,29500100,43143,71906,29600000,29600000
2,296,29600000,29600100,43143,71906,29700000,29700000
2,297,29700000,29700100,43143,71906,29800000,29800000
2,298,29800000,29800100,43143,71906,29900000,29900000
2,299,29900000,29900100,43143,71906,30000000,30000000
2,300,30000000,30000100,43143,71906,30100000,30100000
2,301,30100000,30100100,43143,71906,30200000,30200000
2,302,30200000,30200100,43143,71906,30300000,30300000
2,303,30300000,30300100,43143,71906,30400000,30400000
2,304,30400000,30400100,43143,71906,30500000,30500000
2,305,30500000,30500100,43143,71906,30600000,30600000
2,306,30600000,30600100,43143,71906,30700000,30700000
2,307,30700000,30700100,43143,71906,30800000,30800000
2,308,30800000,30800100,43143,71906,30900000,30900000
2,309,30900000,30900100,43143,71906,31000000,31000000
2,310,31000000,31000100,43143,71906,31100000,31100000
2,311,31100000,31100100,43143,71906,31200000,31200000
2,312,31200000,31200100,43143,71906,31300000,31300000
2,313,31300000,31300100,43143,71906,31400000,31400000
2,314,31400000,31400100,43143,71906,31500000,31500000
2,315,31500000,31500100,43143,71906,31600000,31600000
2,316,31600000,31600100,43143,71906,31700000,31700000
2,317,31700000,31700100,43143,71906,31800000,31800000
2,318,31800000,31800100,43143,71906,31900000,31900000
2,319,31900000,31900100,43143,71906,32000000,32000000
2,320,32000000,32000100,43143,71906,32100000,32100000
2,321,32100000,32100100,43143,71906,32200000,32200000
2,322,32200000,32200100,43143,71906,32300000,32300000
2,323,32300000,32300100,43143,71906,32400000,32400000
2,324,32400000,32400100,43143,71906,32500000,32500000
2,325,32500000,32500100,43143,71906,32600000,32600000
2,326,32600000,32600100,43143,71906,32700000,32700000
2,327,32700000,32700100,43143,71906,32800000,32800000
2,328,32800000,32800100,43143,71906,32900000,32900000
2,329,32900000,32900100,43143,71906,33000000,33000000
2,330,33000000,33000100,43143,71906,33100000,33100000
2,331,33100000,33100100,43143,71906,33200000,33200000
2,332,33200000,33200100,43143,71906,33300000,33300000
2,333,33300000,33300100,43143,71906,33400000,33400000
2,334,33400000,33400100,43143,71906,33500000,33500000
2,335,33500000,33500100,43143,71906,33600000,33600000
2,336,33600000,33600100,43143,71906,33700000,33700000
2,337,33700000,33700100,43143,71906,33800000,33800000
2,338,33800000,33800100,43143,71906,33900000,33900000
2,339,33900000,33900100,43143,71906,34000000,34000000
2,340,34000000,34000100,43143,71906,34100000,34100000
2,341,34100000,34100100,43143,71906,34200000,34200000
2,342,34200000,34200100,43143,71906,34300000,34300000
2,343,34300000,34300100,43143,71906,34400000,34400000
2,344,34400000,34400100,43143,71906,34500000,34500000
2,345,34500000,34500100,43143,71906,34600000,34600000
2,346,34600000,34600100,43143,71906,34700000,34700000
2,347,34700000,34700100,43143,71906,34800000,34800000
2,348,34800000,34800100,43143,71906,34900000,34900000
2,349,34900000,34900100,43143,71906,35000000,35000000
2,350,35000000,35000100,43143,71906,35100000,35100000
2,351,35100000,35100100,43143,71906,35200000,35200000
2,352,35200000,35200100,43143,71906,35300000,35300000
2,353,35300000,35300100,43143,71906,35400000,35400000
2,354,35400000,35400100,43143,71906,35500000,35500000
2,355,35500000,35500100,43143,71906,35600000,35600000
2,356,35600000,35600100,43143,71906,35700000,35700000
2,357,35700000,35700100,43143,71906,35800000,35800000
2,358,35800000,35800100,43143,71906,35900000,35900000
2,359,35900000,35900100,43143,71906,36000000,36000000
2,360,36000000,36000100,43143,71906,36100000,36100000
2,361,36100000,36100100,43143,71906,36200000,36200000
2,362,36200000,36200100,43143,71906,36300000,36300000
2,363,36300000,36300100,43143,71906,36400000,36400000
2,364,36400000,36400100,43143,71906,36500000,36500000
2,365,36500000,36500100,43143,71906,36600000,36600000
2,366,36600000,36600100,43143,71906,36700000,36700000
2,367,36700000,36700100,43143,71906,36800000,36800000
2,368,36800000,36800100,43143,71906,36900000,36900000
2,369,36900000,36900100,43143,71906,37000000,37000000
2,370,37000000,37000100,43143,71906,37100000,37100000
2,371,37100000,37100100,43143,71906,37200000,37200000
2,372,37200000,37200100,43143,71906,37300000,37300000
2,373,37300000,37300100,43143,71906,37400000,37400000
2,374,37400000,37400100,43143,71906,37500000,37500000
2,375,37500000,37500100,43143,71906,37600000,37600000
2,376,37600000,37600100,43143,71906,37700000,37700000
2,377,37700000,37700100,43143,71906,37800000,37800000
2,378,37800000,37800100,43143,71906,37900000,37900000
2,379,37900000,37900100,43143,71906,38000000,38000000
2,380,38000000,38000100,43143,71906,38100000,38100000
2,381,38100000,38100100,43143,71906,38200000,38200000
2,382,38200000,38200100,43143,71906,38300000,38300000
2,383,38300000,38300100,43143,71906,38400000,38400000
2,384,38400000,38400100,43143,71906,38500000,38500000
2,385,38500000,38500100,43143,71906,38600000,38600000
2,386,38600000,38600100,43143,71906,38700000,38700000
2,387,38700000,38700100,43143,71906,38800000,38800000
2,388,38800000,38800100,43143,71906,38900000,38900000
2,389,38900000,38900100,43143,71906,39000000,39000000
2,390,39000000,39000100,43143,71906,39100000,39100000
2,391,39100000,39100100,43143,71906,39200000,39200000
2,392,39200000,39200100,43143,71906,39300000,39300000
2,393,39300000,39300100,43143,71906,39400000,39400000
2,394,39400000,39400100,43143,71906,39500000,39500000
2,395,39500000,39500100,43143,71906,39600000,39600000
2,396,39600000,39600100,43143,71906,39700000,39700000
2,397,39700000,39700100,43143,71906,39800000,39800000
2,398,39800000,39800100,43143,71906,39900000,39900000
2,399,39900000,39900100,43143,71906,40000000,40000000
2,400,40000000,40000100,43143,71906,40100000,40100000
2,401,40100000,40100100,43143,71906,40200000,40200000
2,402,40200000,40200100,43143,71906,40300000,40300000
2,403,40300000,40300100,43143,71906,40400000,40400000
2,404,40400000,40400100,43143,71906,40500000,40500000
2,405,40500000,40500100,43143,71906,40600000,40600000
2,406,40600000,40600100,43143,71906,40700000,40700000
2,407,40700000,40700100,43143,71906,40800000,40800000
2,408,40800000,40800100,43143,71906,40900000,40900000
2,409,40900000,40900100,43143,71906,41000000,41000000
2,410,41000000,41000100,43143,71906,41100000,41100000
2,411,41100000,41100100,43143,71906,41200000,41200000
2,412,41200000,41200100,43143,71906,41300000,41300000
2,413,41300000,41300100,43143,71906,41400000,41400000
2,414,41400000,41400100,43143,71906,41500000,41500000
2,415,41500000,41500100,43143,71906,41600000,41600000
2,416,41600000,41600100,43143,71906,41700000,41700000
2,417,41700000,41700100,43143,71906,41800000,41800000
2,418,41800000,41800100,43143,71906,41900000,41900000
2,419,41900000,41900100,43143,71906,42000000,42000000
2,420,42000000,42000100,43143,71906,42100000,42100000
2,421,42100000,42100100,43143,71906,42200000,42200000
2,422,42200000,42200100,43143,71906,42300000,42300000
2,423,42300000,42300100,43143,71906,42400000,42400000
2,424,42400000,42400100,43143,71906,42500000,42500000
2,425,42500000,42500100,43143,71906,42600000,42600000
2,426,42600000,42600100,43143,71906,42700000,42700000
2,427,42700000,42700100,43143,71906,42800000,42800000
2,428,42800000,42800100,43143,71906,42900000,42900000
2,429,42900000,42900100,43143,71906,43000000,43000000
2,430,43000000,43000100,43143,71906,43100000,43100000
2,431,43100000,43100100,43143,71906,43200000,43200000
2,432,43200000,43200100,43143,71906,43300000,43300000
2,433,43300000,43300100,43143,71906,43400000,43400000
2,434,43400000,43400100,43143,71906,43500000,43500000
2,435,43500000,43500100,43143,71906,43600000,43600000
2,436,43600000,43600100,43143,71906,43700000,43700000
2,437,43700000,43700100,43143,71906,43800000,43800000
2,438,43800000,43800100,43143,71906,43900000,43900000
2,439,43900000,43900100,43143,71906,44000000,44000000
2,440,44000000,44000100,43143,71906,44100000,44100000
2,441,44100000,44100100,43143,71906,44200000,44200000
2,442,44200000,44200100,43143,71906,44300000,44300000
2,443,44300000,44300100,43143,71906,44400000,44400000
2,444,44400000,44400100,43143,71906,44500000,44500000
2,445,44500000,44500100,43143,71906,44600000,44600000
2,446,44600000,44600100,43143,71906,44700000,44700000
2,447,44700000,44700100,43143,71906,44800000,44800000
2,448,44800000,44800100,43143,71906,44900000,44900000
2,449,44900000,44900100,43143,71906,45000000,45000000
2,450,45000000,45000100,43143,71906,45100000,45100000
2,451,45100000,45100100,43143,71906,45200000,45200000
2,452,45200000,45200100,43143,71906,45300000,45300000
2,453,45300000,45300100,43143,71906,45400000,45400000
2,454,45400000,45400100,43143,71906,45500000,45500000
2,455,45500000,45500100,43143,71906,45600000,45600000
2,456,45600000,45600100,43143,71906,45700000,45700000
2,457,45700000,45700100,43143,71906,45800000,45800000
2,458,45800000,45800100,43143,71906,45900000,45900000
2,459,45900000,45900100,43143,71906,46000000,46000000
2,460,46000000,46000100,43143,71906,46100000,46100000
2,461,46100000,46100100,43143,71906,46200000,46200000
2,462,46200000,46200100,43143,71906,46300000,46300000
2,463,46300000,46300100,43143,71906,46400000,46400000
2,464,46400000,46400100,43143,71906,46500000,46500000
2,465,46500000,46500100,43143,71906,46600000,46600000
2,466,46600000,46600100,43143,71906,46700000,46700000
2,467,46700000,46700100,43143,71906,46800000,46800000
2,468,46800000,46800100,43143,71906,46900000,46900000
2,469,46900000,46900100,43143,71906,47000000,47000000
2,470,47000000,47000100,43143,71906,47100000,47100000
2,471,47100000,47100100,43143,71906,47200000,47200000
2,472,47200000,47200100,43143,71906,47300000,47300000
2,473,47300000,47300100,43143,71906,47400000,47400000
2,474,47400000,47400100,43143,71906,47500000,47500000
2,475,47500000,47500100,43143,71906,47600000,47600000
2,476,47600000,47600100,43143,71906,47700000,47700000
2,477,47700000,47700100,43143,71906,47800000,47800000
2,478,47800000,47800100,43143,71906,47900000,47900000
2,479,47900000,47900100,43143,71906,48000000,48000000
2,480,48000000,48000100,43143,71906,48100000,48100000
2,481,48100000,48100100,43143,71906,48200000,48200000
2,482,48200000,48200100,43143,71906,48300000,48300000
2,483,48300000,48300100,43143,71906,48400000,48400000
2,484,48400000,48400100,43143,71906,48500000,48500000
2,485,48500000,48500100,43143,71906,48600000,48600000
2,486,48600000,48600100,43143,71906,48700000,48700000
2,487,48700000,48700100,43143,71906,48800000,48800000
2,488,48800000,48800100,43143,71906,48900000,48900000
2,489,48900000,48900100,43143,71906,49000000,49000000
2,490,49000000,49000100,43143,71906,49100000,49100000
2,491,49100000,49100100,43143,71906,49200000,49200000
2,492,49200000,49200100,43143,71906,49300000,49300000
2,493,49300000,49300100,43143,71906,49400000,49400000
2,494,49400000,49400100,43143,71906,49500000,49500000
2,495,49500000,49500100,43143,71906,49600000,49600000
2,496,49600000,49600100,43143,71906,49700000,49700000
2,497,49700000,49700100,43143,71906,49800000,49800000
2,498,49800000,49800100,43143,71906,49900000,49900000
2,499,49900000,49900100,43143,71906,50000000,50000000
2,500,50000000,50000100,43143,71906,50100000,50100000
2,501,50100000,50100100,43143,71906,50200000,50200000
2,502,50200000,50200100,43143,71906,50300000,50300000
2,503,50300000,50300100,43143,71906,50400000,50400000
2,504,50400000,50400100,43143,71906,50500000,50500000
2,505,50500000,50500100,43143,71906,50600000,50600000
2,506,50600000,50600100,43143,71906,50700000,50700000
2,507,50700000,50700100,43143,71906,50800000,50800000
2,508,50800000,50800100,43143,71906,50900000,50900000
2,509,50900000,50900100,43143,71906,51000000,51000000
2,510,51000000,51000100,43143,71906,51100000,51100000
2,511,51100000,51100100,43143,71906,51200000,51200000
2,512,51200000,51200100,43143,71906,51300000,51300000
2,513,51300000,51300100,43143,71906,51400000,51400000
2,514,51400000,51400100,43143,71906,51500000,51500000
2,515,51500000,51500100,43143,71906,51600000,51600000
2,516,51600000,51600100,43143,71906,51700000,51700000
2,517,51700000,51700100,43143,71906,51800000,51800000
2,518,51800000,51800100,43143,71906,51900000,51900000
2,519,51900000,51900100,43143,71906,52000000,52000000
2,520,52000000,52000100,43143,71906,52100000,52100000
2,521,52100000,52100100,43143,71906,52200000,52200000
2,522,52200000,52200100,43143,71906,52300000,52300000
2,523,52300000,52300100,43143,71906,52400000,52400000
2,524,52400000,52400100,43143,71906,52500000,52500000
2,525,52500000,52500100,43143,71906,52600000,52600000
2,526,52600000,52600100,43143,71906,52700000,52700000
2,527,52700000,52700100,43143,71906,52800000,52800000
2,528,52800000,52800100,43143,71906,52900000,52900000
2,529,52900000,52900100,43143,71906,53000000,53000000
2,530,53000000,53000100,43143,71906,53100000,53100000
2,531,53100000,53100100,43143,71906,53200000,53200000
2,532,53200000,53200100,43143,71906,53300000,53300000
2,533,53300000,53300100,43143,71906,53400000,53400000
2,534,53400000,53400100,43143,71906,53500000,53500000
2,535,53500000,53500100,43143,71906,53600000,53600000
2,536,53600000,53600100,43143,71906,53700000,53700000
2,537,53700000,53700100,43143,71906,53800000,53800000
2,538,53800000,53800100,43143,71906,53900000,53900000
2,539,53900000,53900100,43143,71906,54000000,54000000
2,540,54000000,54000100,43143,71906,54100000,54100000
2,541,54100000,54100100,43143,71906,54200000,54200000
2,542,54200000,54200100,43143,71906,54300000,54300000
2,543,54300000,54300100,43143,71906,54400000,54400000
2,544,54400000,54400100,43143,71906,54500000,54500000
2,545,54500000,54500100,43143,71906,54600000,54600000
2,546,54600000,54600100,43143,71906,54700000,54700000
2,547,54700000,54700100,43143,71906,54800000,54800000
2,548,54800000,54800100,43143,71906,54900000,54900000
2,549,54900000,54900100,43143,71906,55000000,55000000
2,550,55000000,55000100,43143,71906,55100000,55100000
2,551,55100000,55100100,43143,71906,55200000,55200000
2,552,55200000,55200100,43143,71906,55300000,55300000
2,553,55300000,55300100,43143,71906,55400000,55400000
2,554,55400000,55400100,43143,71906,55500000,55500000
2,555,55500000,55500100,43143,71906,55600000,55600000
2,556,55600000,55600100,43143,71906,55700000,55700000
2,557,55700000,55700100,43143,71906,55800000,55800000
2,558,55800000,55800100,43143,71906,55900000,55900000
2,559,55900000,55900100,43143,71906,56000000,56000000
2,560,56000000,56000100,43143,71906,56100000,56100000
2,561,56100000,56100100,43143,71906,56200000,56200000
2,562,56200000,56200100,43143,71906,56300000,56300000
2,563,56300000,56300100,43143,71906,56400000,56400000
2,564,56400000,56400100,43143,71906,56500000,56500000
2,565,56500000,56500100,43143,71906,56600000,56600000
2,566,56600000,56600100,43143,71906,56700000,56700000
2,567,56700000,56700100,43143,71906,56800000,56800000
2,568,56800000,56800100,43143,71906,56900000,56900000
2,569,56900000,56900100,43143,71906,57000000,57000000
2,570,57000000,57000100,43143,71906,57100000,57100000
2,571,57100000,57100100,43143,71906,57200000,57200000
2,572,57200000,57200100,43143,71906,57300000,57300000
2,573,57300000,57300100,43143,71906,57400000,57400000
2,574,57400000,57400100,43143,71906,57500000,57500000
2,575,57500000,57500100,43143,71906,57600000,57600000
2,576,57600000,57600100,43143,71906,57700000,57700000
2,577,57700000,57700100,43143,71906,57800000,57800000
2,578,57800000,57800100,43143,71906,57900000,57900000
2,579,57900000,57900100,43143,71906,58000000,58000000
2,580,58000000,58000100,43143,71906,58100000,58100000
2,581,58100000,58100100,43143,71906,58200000,58200000
2,582,58200000,58200100,43143,71906,58300000,58300000
2,583,58300000,58300100,43143,71906,58400000,58400000
2,584,58400000,58400100,43143,71906,58500000,58500000
2,585,58500000,58500100,43143,71906,58600000,58600000
2,586,58600000,58600100,43143,71906,58700000,58700000
2,587,58700000,58700100,43143,71906,58800000,58800000
2,588,58800000,58800100,43143,71906,58900000,58900000
2,589,58900000,58900100,43143,71906,59000000,59000000
2,590,59000000,59000100,43143,71906,59100000,59100000
2,591,59100000,59100100,43143,71906,59200000,59200000
2,592,59200000,59200100,43143,71906,59300000,59300000
2,593,59300000,59300100,43143,71906,59400000,59400000
2,594,59400000,59400100,43143,71906,59500000,59500000
2,595,59500000,59500100,43143,71906,59600000,59600000
2,596,59600000,59600100,43143,71906,59700000,59700000
2,597,59700000,59700100,43143,71906,59800000,59800000
2,598,59800000,59800100,43143,71906,59900000,59900000
2,599,59900000,59900100,43143,71906,60000000,60000000
2,600,60000000,60000100,43143,71906,60100000,60100000
2,601,60100000,60100100,43143,71906,60200000,60200000
2,602,60200000,60200100,43143,71906,60300000,60300000
2,603,60300000,60300100,43143,71906,60400000,60400000
2,604,60400000,60400100,43143,71906,60500000,60500000
2,605,60500000,60500100,43143,71906,60600000,60600000
2,606,60600000,60600100,43143,71906,60700000,60700000
2,607,60700000,60700100,43143,71906,60800000,60800000
2,608,60800000,60800100,43143,71906,60900000,60900000
2,609,60900000,60900100,43143,71906,61000000,61000000
2,610,61000000,61000100,43143,71906,61100000,61100000
2,611,61100000,61100100,43143,71906,61200000,61200000
2,612,61200000,61200100,43143,71906,61300000,61300000
2,613,61300000,61300100,43143,71906,61400000,61400000
2,614,61400000,61400100,43143,71906,61500000,61500000
2,615,61500000,61500100,43143,71906,61600000,61600000
2,616,61600000,61600100,43143,71906,61700000,61700000
2,617,61700000,61700100,43143,71906,61800000,61800000
2,618,61800000,61800100,43143,71906,61900000,61900000
2,619,61900000,61900100,43143,71906,62000000,62000000
2,620,62000000,62000100,43143,71906,62100000,62100000
2,621,62100000,62100100,43143,71906,62200000,62200000
2,622,62200000,62200100,43143,71906,62300000,62300000
2,623,62300000,62300100,43143,71906,62400000,62400000
2,624,62400000,62400100,43143,71906,62500000,62500000
2,625,62500000,62500100,43143,71906,62600000,62600000
2,626,62600000,62600100,43143,71906,62700000,62700000
2,627,62700000,62700100,43143,71906,62800000,62800000
2,628,62800000,62800100,43143,71906,62900000,62900000
2,629,62900000,62900100,43143,71906,63000000,63000000
2,630,63000000,63000100,43143,71906,63100000,63100000
2,631,63100000,63100100,43143,71906,63200000,63200000
2,632,63200000,63200100,43143,71906,63300000,63300000
2,633,63300000,63300100,43143,71906,63400000,63400000
2,634,63400000,63400100,43143,71906,63500000,63500000
2,635,63500000,63500100,43143,71906,63600000,63600000
2,636,63600000,63600100,43143,71906,63700000,63700000
2,637,63700000,63700100,43143,71906,63800000,63800000
2,638,63800000,63800100,43143,71906,63900000,63900000
2,639,63900000,63900100,43143,71906,64000000,64000000
2,640,64000000,64000100,43143,71906,64100000,64100000
2,641,64100000,64100100,43143,71906,64200000,64200000
2,642,64200000,64200100,43143,71906,64300000,64300000
2,643,64300000,64300100,43143,71906,64400000,64400000
2,644,64400000,64400100,43143,71906,64500000,64500000
2,645,64500000,64500100,43143,71906,64600000,64600000
2,646,64600000,64600100,43143,71906,64700000,64700000
2,647,64700000,64700100,43143,71906,64800000,64800000
2,648,64800000,64800100,43143,71906,64900000,64900000
2,649,64900000,64900100,43143,71906,65000000,65000000
2,650,65000000,65000100,43143,71906,65100000,65100000
2,651,65100000,65100100,43143,71906,65200000,65200000
2,652,65200000,65200100,43143,71906,65300000,65300000
2,653,65300000,65300100,43143,71906,65400000,65400000
2,654,65400000,65400100,43143,71906,65500000,65500000
2,655,65500000,65500100,43143,71906,65600000,65600000
2,656,65600000,65600100,43143,71906,65700000,65700000
2,657,65700000,65700100,43143,71906,65800000,65800000
2,658,65800000,65800100,43143,71906,65900000,65900000
2,659,65900000,65900100,43143,71906,66000000,66000000
2,660,66000000,66000100,43143,71906,66100000,66100000
2,661,66100000,66100100,43143,71906,66200000,66200000
2,662,66200000,66200100,43143,71906,66300000,66300000
2,663,66300000,66300100,43143,71906,66400000,66400000
2,664,66400000,66400100,43143,71906,66500000,66500000
2,665,66500000,66500100,43143,71906,66600000,66600000
2,666,66600000,66600100,43143,71906,66700000,66700000
2,667,66700000,66700100,43143,71906,66800000,66800000
2,668,66800000,66800100,43143,71906,66900000,66900000
2,669,66900000,66900100,43143,71906,67000000,67000000
2,670,67000000,67000100,43143,71906,67100000,67100000
2,671,67100000,67100100,43143,71906,67200000,67200000
2,672,67200000,67200100,43143,71906,67300000,67300000
2,673,67300000,67300100,43143,71906,67400000,67400000
2,674,67400000,67400100,43143,71906,67500000,67500000
2,675,67500000,67500100,43143,71906,67600000,67600000
2,676,67600000,67600100,43143,71906,67700000,67700000
2,677,67700000,67700100,43143,71906,67800000,67800000
2,678,67800000,67800100,43143,71906,67900000,67900000
2,679,67900000,67900100,43143,71906,68000000,68000000
2,680,68000000,68000100,43143,71906,68100000,68100000
2,681,68100000,68100100,43143,71906,68200000,68200000
2,682,68200000,68200100,43143,71906,68300000,68300000
2,683,68300000,68300100,43143,71906,68400000,68400000
2,684,68400000,68400100,43143,71906,68500000,68500000
2,685,68500000,68500100,43143,71906,68600000,68600000
2,686,68600000,68600100,43143,71906,68700000,68700000
2,687,68700000,68700100,43143,71906,68800000,68800000
2,688,68800000,68800100,43143,71906,68900000,68900000
2,689,68900000,68900100,43143,71906,69000000,69000000
2,690,69000000,69000100,43143,71906,69100000,69100000
2,691,69100000,69100100,43143,71906,69200000,69200000
2,692,69200000,69200100,43143,71906,69300000,69300000
2,693,69300000,69300100,43143,71906,69400000,69400000
2,694,69400000,69400100,43143,71906,69500000,69500000
2,695,69500000,69500100,43143,71906,69600000,69600000
2,696,69600000,69600100,43143,71906,69700000,69700000
2,697,69700000,69700100,43143,71906,69800000,69800000
2,698,69800000,69800100,43143,71906,69900000,69900000
2,699,69900000,69900100,43143,71906,70000000,70000000
2,700,70000000,70000100,43143,71906,70100000,70100000
2,701,70100000,70100100,43143,71906,70200000,70200000
2,702,70200000,70200100,43143,71906,70300000,70300000
2,703,70300000,70300100,43143,71906,70400000,70400000
2,704,70400000,70400100,43143,71906,70500000,70500000
2,705,70500000,70500100,43143,71906,70600000,70600000
2,706,70600000,70600100,43143,71906,70700000,70700000
2,707,70700000,70700100,43143,71906,70800000,70800000
2,708,70800000,70800100,43143,71906,70900000,70900000
2,709,70900000,70900100,43143,71906,71000000,71000000
2,710,71000000,71000100,43143,71906,71100000,71100000
2,711,71100000,71100100,43143,71906,71200000,71200000
2,712,71200000,71200100,43143,71906,71300000,71300000
2,713,71300000,71300100,43143,71906,71400000,71400000
2,714,71400000,71400100,43143,71906,71500000,71500000
2,715,71500000,71500100,43143,71906,71600000,71600000
2,716,71600000,71600100,43143,71906,71700000,71700000
2,717,71700000,71700100,43143,71906,71800000,71800000
2,718,71800000,71800100,43143,71906,71900000,71900000
2,719,71900000,71900100,43143,71906,72000000,72000000
2,720,72000000,72000100,43143,71906,72100000,72100000
2,721,72100000,72100100,43143,71906,72200000,72200000
2,722,72200000,72200100,43143,71906,72300000,72300000
2,723,72300000,72300100,43143,71906,72400000,72400000
2,724,72400000,72400100,43143,71906,72500000,72500000
2,725,72500000,72500100,43143,71906,72600000,72600000
2,726,72600000,72600100,43143,71906,72700000,72700000
2,727,72700000,72700100,43143,71906,72800000,72800000
2,728,72800000,72800100,43143,71906,72900000,72900000
2,729,72900000,72900100,43143,71906,73000000,73000000
2,730,73000000,73000100,43143,71906,73100000,73100000
2,731,73100000,73100100,43143,71906,73200000,73200000
2,732,73200000,73200100,43143,71906,73300000,73300000
2,733,73300000,73300100,43143,71906,73400000,73400000
2,734,73400000,73400100,43143,71906,73500000,73500000
2,735,73500000,73500100,43143,71906,73600000,73600000
2,736,73600000,73600100,43143,71906,73700000,73700000
2,737,73700000,73700100,43143,71906,73800000,73800000
2,738,73800000,73800100,43143,71906,73900000,73900000
2,739,73900000,73900100,43143,71906,74000000,74000000
2,740,74000000,74000100,43143,71906,74100000,74100000
2,741,74100000,74100100,43143,71906,74200000,74200000
2,742,74200000,74200100,43143,71906,74300000,74300000
2,743,74300000,74300100,43143,71906,74400000,74400000
2,744,74400000,74400100,43143,71906,74500000,74500000
2,745,74500000,74500100,43143,71906,74600000,74600000
2,746,74600000,74600100,43143,71906,74700000,74700000
2,747,74700000,74700100,43143,71906,74800000,74800000
2,748,74800000,74800100,43143,71906,74900000,74900000
2,749,74900000,74900100,43143,71906,75000000,75000000
2,750,75000000,75000100,43143,71906,75100000,75100000
2,751,75100000,75100100,43143,71906,75200000,75200000
2,752,75200000,75200100,43143,71906,75300000,75300000
2,753,75300000,75300100,43143,71906,75400000,75400000
2,754,75400000,75400100,43143,71906,75500000,75500000
2,755,75500000,75500100,43143,71906,75600000,75600000
2,756,75600000,75600100,43143,71906,75700000,75700000
2,757,75700000,75700100,43143,71906,75800000,75800000
2,758,75800000,75800100,43143,71906,75900000,75900000
2,759,75900000,75900100,43143,71906,76000000,76000000
2,760,76000000,76000100,43143,71906,76100000,76100000
2,761,76100000,76100100,43143,71906,76200000,76200000
2,762,76200000,76200100,43143,71906,76300000,76300000
2,763,76300000,76300100,43143,71906,76400000,76400000
2,764,76400000,76400100,43143,71906,76500000,76500000
2,765,76500000,76500100,43143,71906,76600000,76600000
2,766,76600000,76600100,43143,71906,76700000,76700000
2,767,76700000,76700100,43143,71906,76800000,76800000
2,768,76800000,76800100,43143,71906,76900000,76900000
2,769,76900000,76900100,43143,71906,77000000,77000000
2,770,77000000,77000100,43143,71906,77100000,77100000
2,771,77100000,77100100,43143,71906,77200000,77200000
2,772,77200000,77200100,43143,71906,77300000,77300000
2,773,77300000,77300100,43143,71906,77400000,77400000
2,774,77400000,77400100,43143,71906,77500000,77500000
2,775,77500000,77500100,43143,71906,77600000,77600000
2,776,77600000,77600100,43143,71906,77700000,77700000
2,777,77700000,77700100,43143,71906,77800000,77800000
2,778,77800000,77800100,43143,71906,77900000,77900000
2,779,77900000,77900100,43143,71906,78000000,78000000
2,780,78000000,78000100,43143,71906,78100000,78100000
2,781,78100000,78100100,43143,71906,78200000,78200000
2,782,78200000,78200100,43143,71906,78300000,78300000
2,783,78300000,78300100,43143,71906,78400000,78400000
2,784,78400000,78400100,43143,71906,78500000,78500000
2,785,78500000,78500100,43143,71906,78600000,78600000
2,786,78600000,78600100,43143,71906,78700000,78700000
2,787,78700000,78700100,43143,71906,78800000,78800000
2,788,78800000,78800100,43143,71906,78900000,78900000
2,789,78900000,78900100,43143,71906,79000000,79000000
2,790,79000000,79000100,43143,71906,79100000,79100000
2,791,79100000,79100100,43143,71906,79200000,79200000
2,792,79200000,79200100,43143,71906,79300000,79300000
2,793,79300000,79300100,43143,71906,79400000,79400000
2,794,79400000,79400100,43143,71906,79500000,79500000
2,795,79500000,79500100,43143,71906,79600000,79600000
2,796,79600000,79600100,43143,71906,79700000,79700000
2,797,79700000,79700100,43143,71906,79800000,79800000
2,798,79800000,79800100,43143,71906,79900000,79900000
2,799,79900000,79900100,43143,71906,80000000,80000000
2,800,80000000,80000100,43143,71906,80100000,80100000
2,801,80100000,80100100,43143,71906,80200000,80200000
2,802,80200000,80200100,43143,71906,80300000,80300000
2,803,80300000,80300100,43143,71906,80400000,80400000
2,804,80400000,80400100,43143,71906,80500000,80500000
2,805,80500000,80500100,43143,71906,80600000,80600000
2,806,80600000,80600100,43143,71906,80700000,80700000
2,807,80700000,80700100,43143,71906,80800000,80800000
2,808,80800000,80800100,43143,71906,80900000,80900000
2,809,80900000,80900100,43143,71906,81000000,81000000
2,810,81000000,81000100,43143,71906,81100000,81100000
2,811,81100000,81100100,43143,71906,81200000,81200000
2,812,81200000,81200100,43143,71906,81300000,81300000
2,813,81300000,81300100,43143,71906,81400000,81400000
2,814,81400000,81400100,43143,71906,81500000,81500000
2,815,81500000,81500100,43143,71906,81600000,81600000
2,816,81600000,81600100,43143,71906,81700000,81700000
2,817,81700000,81700100,43143,71906,81800000,81800000
2,818,81800000,81800100,43143,71906,81900000,81900000
2,819,81900000,81900100,43143,71906,82000000,82000000
2,820,82000000,82000100,43143,71906,82100000,82100000
2,821,82100000,82100100,43143,71906,82200000,82200000
2,822,82200000,82200100,43143,71906,82300000,82300000
2,823,82300000,82300100,43143,71906,82400000,82400000
2,824,82400000,82400100,43143,71906,82500000,82500000
2,825,82500000,82500100,43143,71906,82600000,82600000
2,826,82600000,82600100,43143,71906,82700000,82700000
2,827,82700000,82700100,43143,71906,82800000,82800000
2,828,82800000,82800100,43143,71906,82900000,82900000
2,829,82900000,82900100,43143,71906,83000000,83000000
2,830,83000000,83000100,43143,71906,83100000,83100000
2,831,83100000,83100100,43143,71906,83200000,83200000
2,832,83200000,83200100,43143,71906,83300000,83300000
2,833,83300000,83300100,43143,71906,83400000,83400000
2,834,83400000,83400100,43143,71906,83500000,83500000
2,835,83500000,83500100,43143,71906,83600000,83600000
2,836,83600000,83600100,43143,71906,83700000,83700000
2,837,83700000,83700100,43143,71906,83800000,83800000
2,838,83800000,83800100,43143,71906,83900000,83900000
2,839,83900000,83900100,43143,71906,84000000,84000000
2,840,84000000,84000100,43143,71906,84100000,84100000
2,841,84100000,84100100,43143,71906,84200000,84200000
2,842,84200000,84200100,43143,71906,84300000,84300000
2,843,84300000,84300100,43143,71906,84400000,84400000
2,844,84400000,84400100,43143,71906,84500000,84500000
2,845,84500000,84500100,43143,71906,84600000,84600000
2,846,84600000,84600100,43143,71906,84700000,84700000
2,847,84700000,84700100,43143,71906,84800000,84800000
2,848,84800000,84800100,43143,71906,84900000,84900000
2,849,84900000,84900100,43143,71906,85000000,85000000
2,850,85000000,85000100,43143,71906,85100000,85100000
2,851,85100000,85100100,43143,71906,85200000,85200000
2,852,85200000,85200100,43143,71906,85300000,85300000
2,853,85300000,85300100,43143,71906,85400000,85400000
2,854,85400000,85400100,43143,71906,85500000,85500000
2,855,85500000,85500100,43143,71906,85600000,85600000
2,856,85600000,85600100,43143,71906,85700000,85700000
2,857,85700000,85700100,43143,71906,85800000,85800000
2,858,85800000,85800100,43143,71906,85900000,85900000
2,859,85900000,85900100,43143,71906,86000000,86000000
2,860,86000000,86000100,43143,71906,86100000,86100000
2,861,86100000,86100100,43143,71906,86200000,86200000
2,862,86200000,86200100,43143,71906,86300000,86300000
2,863,86300000,86300100,43143,71906,86400000,86400000
2,864,86400000,86400100,43143,71906,86500000,86500000
2,865,86500000,86500100,43143,71906,86600000,86600000
2,866,86600000,86600100,43143,71906,86700000,86700000
2,867,86700000,86700100,43143,71906,86800000,86800000
2,868,86800000,86800100,43143,71906,86900000,86900000
2,869,86900000,86900100,43143,71906,87000000,87000000
2,870,87000000,87000100,43143,71906,87100000,87100000
2,871,87100000,87100100,43143,71906,87200000,87200000
2,872,87200000,87200100,43143,71906,87300000,87300000
2,873,87300000,87300100,43143,71906,87400000,87400000
2,874,87400000,87400100,43143,71906,87500000,87500000
2,875,87500000,87500100,43143,71906,87600000,87600000
2,876,87600000,87600100,43143,71906,87700000,87700000
2,877,87700000,87700100,43143,71906,87800000,87800000
2,878,87800000,87800100,43143,71906,87900000,87900000
2,879,87900000,87900100,43143,71906,88000000,88000000
2,880,88000000,88000100,43143,71906,88100000,88100000
2,881,88100000,88100100,43143,71906,88200000,88200000
2,882,88200000,88200100,43143,71906,88300000,88300000
2,883,88300000,88300100,43143,71906,88400000,88400000
2,884,88400000,88400100,43143,71906,88500000,88500000
2,885,88500000,88500100,43143,71906,88600000,88600000
2,886,88600000,88600100,43143,71906,88700000,88700000
2,887,88700000,88700100,43143,71906,88800000,88800000
2,888,88800000,88800100,43143,71906,88900000,88900000
2,889,88900000,88900100,43143,71906,89000000,89000000
2,890,89000000,89000100,43143,71906,89100000,89100000
2,891,89100000,89100100,43143,71906,89200000,89200000
2,892,89200000,89200100,43143,71906,89300000,89300000
2,893,89300000,89300100,43143,71906,89400000,89400000
2,894,89400000,89400100,43143,71906,89500000,89500000
2,895,89500000,89500100,43143,71906,89600000,89600000
2,896,89600000,89600100,43143,71906,89700000,89700000
2,897,89700000,89700100,43143,71906,89800000,89800000
2,898,89800000,89800100,43143,71906,89900000,89900000
2,899,89900000,89900100,43143,71906,90000000,90000000
2,900,90000000,90000100,43143,71906,90100000,90100000
2,901,90100000,90100100,43143,71906,90200000,90200000
2,902,90200000,90200100,43143,71906,90300000,90300000
2,903,90300000,90300100,43143,71906,90400000,90400000
2,904,90400000,90400100,43143,71906,90500000,90500000
2,905,90500000,90500100,43143,71906,90600000,90600000
2,906,90600000,90600100,43143,71906,90700000,90700000
2,907,90700000,90700100,43143,71906,90800000,90800000
2,908,90800000,90800100,43143,71906,90900000,90900000
2,909,90900000,90900100,43143,71906,91000000,91000000
2,910,91000000,91000100,43143,71906,91100000,91100000
2,911,91100000,91100100,43143,71906,91200000,91200000
2,912,91200000,91200100,43143,71906,91300000,91300000
2,913,91300000,91300100,43143,71906,91400000,91400000
2,914,91400000,91400100,43143,71906,91500000,91500000
2,915,91500000,91500100,43143,71906,91600000,91600000
2,916,91600000,91600100,43143,71906,91700000,91700000
2,917,91700000,91700100,43143,71906,91800000,91800000
2,918,91800000,91800100,43143,71906,91900000,91900000
2,919,91900000,91900100,43143,71906,92000000,92000000
2,920,92000000,92000100,43143,71906,92100000,92100000
2,921,92100000,92100100,43143,71906,92200000,92200000
2,922,92200000,92200100,43143,71906,92300000,92300000
2,923,92300000,92300100,43143,71906,92400000,92400000
2,924,92400000,92400100,43143,71906,92500000,92500000
2,925,92500000,92500100,43143,71906,92600000,92600000
2,926,92600000,92600100,43143,71906,92700000,92700000
2,927,92700000,92700100,43143,71906,92800000,92800000
2,928,92800000,92800100,43143,71906,92900000,92900000
2,929,92900000,92900100,43143,71906,93000000,93000000
2,930,93000000,93000100,43143,71906,93100000,93100000
2,931,93100000,93100100,43143,71906,93200000,93200000
2,932,93200000,93200100,43143,71906,93300000,93300000
2,933,93300000,93300100,43143,71906,93400000,93400000
2,934,93400000,93400100,43143,71906,93500000,93500000
2,935,93500000,93500100,43143,71906,93600000,93600000
2,936,93600000,93600100,43143,71906,93700000,93700000
2,937,93700000,93700100,43143,71906,93800000,93800000
2,938,93800000,93800100,43143,71906,93900000,93900000
2,939,93900000,93900100,43143,71906,94000000,94000000
2,940,94000000,94000100,43143,71906,94100000,94100000
2,941,94100000,94100100,43143,71906,94200000,94200000
2,942,94200000,94200100,43143,71906,94300000,94300000
2,943,94300000,94300100,43143,71906,94400000,94400000
2,944,94400000,94400100,43143,71906,94500000,94500000
2,945,94500000,94500100,43143,71906,94600000,94600000
2,946,94600000,94600100,43143,71906,94700000,94700000
2,947,94700000,94700100,43143,71906,94800000,94800000
2,948,94800000,94800100,43143,71906,94900000,94900000
2,949,94900000,94900100,43143,71906,95000000,95000000
2,950,95000000,95000100,43143,71906,95100000,95100000
2,951,95100000,95100100,43143,71906,95200000,95200000
2,952,95200000,95200100,43143,71906,95300000,95300000
2,953,95300000,95300100,43143,71906,95400000,95400000
2,954,95400000,95400100,43143,71906,95500000,95500000
2,955,95500000,95500100,43143,71906,95600000,95600000
2,956,95600000,95600100,43143,71906,95700000,95700000
2,957,95700000,95700100,43143,71906,95800000,95800000
2,958,95800000,95800100,43143,71906,95900000,95900000
2,959,95900000,95900100,43143,71906,96000000,96000000
2,960,96000000,96000100,43143,71906,96100000,96100000
2,961,96100000,96100100,43143,71906,96200000,96200000
2,962,96200000,96200100,43143,71906,96300000,96300000
2,963,96300000,96300100,43143,71906,96400000,96400000
2,964,96400000,96400100,43143,71906,96500000,96500000
2,965,96500000,96500100,43143,71906,96600000,96600000
2,966,96600000,96600100,43143,71906,96700000,96700000
2,967,96700000,96700100,43143,71906,96800000,96800000
2,968,96800000,96800100,43143,71906,96900000,96900000
2,969,96900000,96900100,43143,71906,97000000,97000000
2,970,97000000,97000100,43143,71906,97100000,97100000
2,971,97100000,97100100,43143,71906,97200000,97200000
2,972,97200000,97200100,43143,71906,97300000,97300000
2,973,97300000,97300100,43143,71906,97400000,97400000
2,974,97400000,97400100,43143,71906,97500000,97500000
2,975,97500000,97500100,43143,71906,97600000,97600000
2,976,97600000,97600100,43143,71906,97700000,97700000
2,977,97700000,97700100,43143,71906,97800000,97800000
2,978,97800000,97800100,43143,71906,97900000,97900000
2,979,97900000,97900100,43143,71906,98000000,98000000
2,980,98000000,98000100,43143,71906,98100000,98100000
2,981,98100000,98100100,43143,71906,98200000,98200000
2,982,98200000,98200100,43143,71906,98300000,98300000
2,983,98300000,98300100,43143,71906,98400000,98400000
2,984,98400000,98400100,43143,71906,98500000,98500000
2,985,98500000,98500100,43143,71906,98600000,98600000
2,986,98600000,98600100,43143,71906,98700000,98700000
2,987,98700000,98700100,43143,71906,98800000,98800000
2,988,98800000,98800100,43143,71906,98900000,98900000
2,989,98900000,98900100,43143,71906,99000000,99000000
2,990,99000000,99000100,43143,71906,99100000,99100000
2,991,99100000,99100100,43143,71906,99200000,99200000
2,992,99200000,99200100,43143,71906,99300000,99300000
2,993,99300000,99300100,43143,71906,99400000,99400000
2,994,99400000,99400100,43143,71906,99500000,99500000
2,995,99500000,99500100,43143,71906,99600000,99600000
2,996,99600000,99600100,43143,71906,99700000,99700000
2,997,99700000,99700100,43143,71906,99800000,99800000
2,998,99800000,99800100,43143,71906,99900000,99900000
2,999,99900000,99900100,43143,71906,100000000,100000000
2,1000,100000000,100000100,43143,71906,100100000,100100000
2,1001,100100000,100100100,43143,71906,100200000,100200000
2,1002,100200000,100200100,43143,71906,100300000,100300000
2,1003,100300000,100300100,43143,71906,100400000,100400000
2,1004,100400000,100400100,43143,71906,100500000,100500000
2,1005,100500000,100500100,43143,71906,100600000,100600000
2,1006,100600000,100600100,43143,71906,100700000,100700000
2,1007,100700000,100700100,43143,71906,100800000,100800000
2,1008,100800000,100800100,43143,71906,100900000,100900000
2,1009,100900000,100900100,43143,71906,101000000,101000000
2,1010,101000000,101000100,43143,71906,101100000,101100000
2,1011,101100000,101100100,43143,71906,101200000,101200000
2,1012,101200000,101200100,43143,71906,101300000,101300000
2,1013,101300000,101300100,43143,71906,101400000,101400000
2,1014,101400000,101400100,43143,71906,101500000,101500000
2,1015,101500000,101500100,43143,71906,101600000,101600000
2,1016,101600000,101600100,43143,71906,101700000,101700000
2,1017,101700000,101700100,43143,71906,101800000,101800000
2,1018,101800000,101800100,43143,71906,101900000,101900000
2,1019,101900000,101900100,43143,71906,102000000,102000000
2,1020,102000000,102000100,43143,71906,102100000,102100000
2,1021,102100000,102100100,43143,71906,102200000,102200000
2,1022,102200000,102200100,43143,71906,102300000,102300000
2,1023,102300000,102300100,43143,71906,102400000,102400000
2,1024,102400000,102400100,43143,71906,102500000,102500000
2,1025,102500000,102500100,43143,71906,102600000,102600000
2,1026,102600000,102600100,43143,71906,102700000,102700000
2,1027,102700000,102700100,43143,71906,102800000,102800000
2,1028,102800000,102800100,43143,71906,102900000,102900000
2,1029,102900000,102900100,43143,71906,103000000,103000000
2,1030,103000000,103000100,43143,71906,103100000,103100000
2,1031,103100000,103100100,43143,71906,103200000,103200000
2,1032,103200000,103200100,43143,71906,103300000,103300000
2,1033,103300000,103300100,43143,71906,103400000,103400000
2,1034,103400000,103400100,43143,71906,103500000,103500000
2,1035,103500000,103500100,43143,71906,103600000,103600000
2,1036,103600000,103600100,43143,71906,103700000,103700000
2,1037,103700000,103700100,43143,71906,103800000,103800000
2,1038,103800000,103800100,43143,71906,103900000,103900000
2,1039,103900000,103900100,43143,71906,104000000,104000000
2,1040,104000000,104000100,43143,71906,104100000,104100000
2,1041,104100000,104100100,43143,71906,104200000,104200000
2,1042,104200000,104200100,43143,71906,104300000,104300000
2,1043,104300000,104300100,43143,71906,104400000,104400000
2,1044,104400000,104400100,43143,71906,104500000,104500000
2,1045,104500000,104500100,43143,71906,104600000,104600000
2,1046,104600000,104600100,43143,71906,104700000,104700000
2,1047,104700000,104700100,43143,71906,104800000,104800000
2,1048,104800000,104800100,43143,71906,104900000,104900000
2,1049,104900000,104900100,43143,71906,105000000,105000000
2,1050,105000000,105000100,43143,71906,105100000,105100000
2,1051,105100000,105100100,43143,71906,105200000,105200000
2,1052,105200000,105200100,43143,71906,105300000,105300000
2,1053,105300000,105300100,43143,71906,105400000,105400000
2,1054,105400000,105400100,43143,71906,105500000,105500000
2,1055,105500000,105500100,43143,71906,105600000,105600000
2,1056,105600000,105600100,43143,71906,105700000,105700000
2,1057,105700000,105700100,43143,71906,105800000,105800000
2,1058,105800000,105800100,43143,71906,105900000,105900000
2,1059,105900000,105900100,43143,71906,106000000,106000000
2,1060,106000000,106000100,43143,71906,106100000,106100000
2,1061,106100000,106100100,43143,71906,106200000,106200000
2,1062,106200000,106200100,43143,71906,106300000,106300000
2,1063,106300000,106300100,43143,71906,106400000,106400000
2,1064,106400000,106400100,43143,71906,106500000,106500000
2,1065,106500000,106500100,43143,71906,106600000,106600000
2,1066,106600000,106600100,43143,71906,106700000,106700000
2,1067,106700000,106700100,43143,71906,106800000,106800000
2,1068,106800000,106800100,43143,71906,106900000,106900000
2,1069,106900000,106900100,43143,71906,107000000,107000000
2,1070,107000000,107000100,43143,71906,107100000,107100000
2,1071,107100000,107100100,43143,71906,107200000,107200000
2,1072,107200000,107200100,43143,71906,107300000,107300000
2,1073,107300000,107300100,43143,71906,107400000,107400000
2,1074,107400000,107400100,43143,71906,107500000,107500000
2,1075,107500000,107500100,43143,71906,107600000,107600000
2,1076,107600000,107600100,43143,71906,107700000,107700000
2,1077,107700000,107700100,43143,71906,107800000,107800000
2,1078,107800000,107800100,43143,71906,107900000,107900000
2,1079,107900000,107900100,43143,71906,108000000,108000000
2,1080,108000000,108000100,43143,71906,108100000,108100000
2,1081,108100000,108100100,43143,71906,108200000,108200000
2,1082,108200000,108200100,43143,71906,108300000,108300000
2,1083,108300000,108300100,43143,71906,108400000,108400000
2,1084,108400000,108400100,43143,71906,108500000,108500000
2,1085,108500000,108500100,43143,71906,108600000,108600000
2,1086,108600000,108600100,43143,71906,108700000,108700000
2,1087,108700000,108700100,43143,71906,108800000,108800000
2,1088,108800000,108800100,43143,71906,108900000,108900000
2,1089,108900000,108900100,43143,71906,109000000,109000000
2,1090,109000000,109000100,43143,71906,109100000,109100000
2,1091,109100000,109100100,43143,71906,109200000,109200000
2,1092,109200000,109200100,43143,71906,109300000,109300000
2,1093,109300000,109300100,43143,71906,109400000,109400000
2,1094,109400000,109400100,43143,71906,109500000,109500000
2,1095,109500000,109500100,43143,71906,109600000,109600000
2,1096,109600000,109600100,43143,71906,109700000,109700000
2,1097,109700000,109700100,43143,71906,109800000,109800000
2,1098,109800000,109800100,43143,71906,109900000,109900000
2,1099,109900000,109900100,43143,71906,110000000,110000000
2,1100,110000000,110000100,43143,71906,110100000,110100000
2,1101,110100000,110100100,43143,71906,110200000,110200000
2,1102,110200000,110200100,43143,71906,110300000,110300000
2,1103,110300000,110300100,43143,71906,110400000,110400000
2,1104,110400000,110400100,43143,71906,110500000,110500000
2,1105,110500000,110500100,43143,71906,110600000,110600000
2,1106,110600000,110600100,43143,71906,110700000,110700000
2,1107,110700000,110700100,43143,71906,110800000,110800000
2,1108,110800000,110800100,43143,71906,110900000,110900000
2,1109,110900000,110900100,43143,71906,111000000,111000000
2,1110,111000000,111000100,43143,71906,111100000,111100000
2,1111,111100000,111100100,43143,71906,111200000,111200000
2,1112,111200000,111200100,43143,71906,111300000,111300000
2,1113,111300000,111300100,43143,71906,111400000,111400000
2,1114,111400000,111400100,43143,71906,111500000,111500000
2,1115,111500000,111500100,43143,71906,111600000,111600000
2,1116,111600000,111600100,43143,71906,111700000,111700000
2,1117,111700000,111700100,43143,71906,111800000,111800000
2,1118,111800000,111800100,43143,71906,111900000,111900000
2,1119,111900000,111900100,43143,71906,112000000,112000000
2,1120,112000000,112000100,43143,71906,112100000,112100000
2,1121,112100000,112100100,43143,71906,112200000,112200000
2,1122,112200000,112200100,43143,71906,112300000,112300000
2,1123,112300000,112300100,43143,71906,112400000,112400000
2,1124,112400000,112400100,43143,71906,112500000,112500000
2,1125,112500000,112500100,43143,71906,112600000,112600000
2,1126,112600000,112600100,43143,71906,112700000,112700000
2,1127,112700000,112700100,43143,71906,112800000,112800000
2,1128,112800000,112800100,43143,71906,112900000,112900000
2,1129,112900000,112900100,43143,71906,113000000,113000000
2,1130,113000000,113000100,43143,71906,113100000,113100000
2,1131,113100000,113100100,43143,71906,113200000,113200000
2,1132,113200000,113200100,43143,71906,113300000,113300000
2,1133,113300000,113300100,43143,71906,113400000,113400000
2,1134,113400000,113400100,43143,71906,113500000,113500000
2,1135,113500000,113500100,43143,71906,113600000,113600000
2,1136,113600000,113600100,43143,71906,113700000,113700000
2,1137,113700000,113700100,43143,71906,113800000,113800000
2,1138,113800000,113800100,43143,71906,113900000,113900000
2,1139,113900000,113900100,43143,71906,114000000,114000000
2,1140,114000000,114000100,43143,71906,114100000,114100000
2,1141,114100000,114100100,43143,71906,114200000,114200000
2,1142,114200000,114200100,43143,71906,114300000,114300000
2,1143,114300000,114300100,43143,71906,114400000,114400000
2,1144,114400000,114400100,43143,71906,114500000,114500000
2,1145,114500000,114500100,43143,71906,114600000,114600000
2,1146,114600000,114600100,43143,71906,114700000,114700000
2,1147,114700000,114700100,43143,71906,114800000,114800000
2,1148,114800000,114800100,43143,71906,114900000,114900000
2,1149,114900000,114900100,43143,71906,115000000,115000000
2,1150,115000000,115000100,43143,71906,115100000,115100000
2,1151,115100000,115100100,43143,71906,115200000,115200000
2,1152,115200000,115200100,43143,71906,115300000,115300000
2,1153,115300000,115300100,43143,71906,115400000,115400000
2,1154,115400000,115400100,43143,71906,115500000,115500000
2,1155,115500000,115500100,43143,71906,115600000,115600000
2,1156,115600000,115600100,43143,71906,115700000,115700000
2,1157,115700000,115700100,43143,71906,115800000,115800000
2,1158,115800000,115800100,43143,71906,115900000,115900000
2,1159,115900000,115900100,43143,71906,116000000,116000000
2,1160,116000000,116000100,43143,71906,116100000,116100000
2,1161,116100000,116100100,43143,71906,116200000,116200000
2,1162,116200000,116200100,43143,71906,116300000,116300000
2,1163,116300000,116300100,43143,71906,116400000,116400000
2,1164,116400000,116400100,43143,71906,116500000,116500000
2,1165,116500000,116500100,43143,71906,116600000,116600000
2,1166,116600000,116600100,43143,71906,116700000,116700000
2,1167,116700000,116700100,43143,71906,116800000,116800000
2,1168,116800000,116800100,43143,71906,116900000,116900000
2,1169,116900000,116900100,43143,71906,117000000,117000000
2,1170,117000000,117000100,43143,71906,117100000,117100000
2,1171,117100000,117100100,43143,71906,117200000,117200000
2,1172,117200000,117200100,43143,71906,117300000,117300000
2,1173,117300000,117300100,43143,71906,117400000,117400000
2,1174,117400000,117400100,43143,71906,117500000,117500000
2,1175,117500000,117500100,43143,71906,117600000,117600000
2,1176,117600000,117600100,43143,71906,117700000,117700000
2,1177,117700000,117700100,43143,71906,117800000,117800000
2,1178,117800000,117800100,43143,71906,117900000,117900000
2,1179,117900000,117900100,43143,71906,118000000,118000000
2,1180,118000000,118000100,43143,71906,118100000,118100000
2,1181,118100000,118100100,43143,71906,118200000,118200000
2,1182,118200000,118200100,43143,71906,118300000,118300000
2,1183,118300000,118300100,43143,71906,118400000,118400000
2,1184,118400000,118400100,43143,71906,118500000,118500000
2,1185,118500000,118500100,43143,71906,118600000,118600000
2,1186,118600000,118600100,43143,71906,118700000,118700000
2,1187,118700000,118700100,43143,71906,118800000,118800000
2,1188,118800000,118800100,43143,71906,118900000,118900000
2,1189,118900000,118900100,43143,71906,119000000,119000000
2,1190,119000000,119000100,43143,71906,119100000,119100000
2,1191,119100000,119100100,43143,71906,119200000,119200000
2,1192,119200000,119200100,43143,71906,119300000,119300000
2,1193,119300000,119300100,43143,71906,119400000,119400000
2,1194,119400000,119400100,43143,71906,119500000,119500000
2,1195,119500000,119500100,43143,71906,119600000,119600000
2,1196,119600000,119600100,43143,71906,119700000,119700000
2,1197,119700000,119700100,43143,71906,119800000,119800000
2,1198,119800000,119800100,43143,71906,119900000,119900000
2,1199,119900000,119900100,43143,71906,120000000,120000000
2,1200,120000000,120000100,43143,71906,120100000,120100000
2,1201,120100000,120100100,43143,71906,120200000,120200000
2,1202,120200000,120200100,43143,71906,120300000,120300000
2,1203,120300000,120300100,43143,71906,120400000,120400000
2,1204,120400000,120400100,43143,71906,120500000,120500000
2,1205,120500000,120500100,43143,71906,120600000,120600000
2,1206,120600000,120600100,43143,71906,120700000,120700000
2,1207,120700000,120700100,43143,71906,120800000,120800000
2,1208,120800000,120800100,43143,71906,120900000,120900000
2,1209,120900000,120900100,43143,71906,121000000,121000000
2,1210,121000000,121000100,43143,71906,121100000,121100000
2,1211,121100000,121100100,43143,71906,121200000,121200000
2,1212,121200000,121200100,43143,71906,121300000,121300000
2,1213,121300000,121300100,43143,71906,121400000,121400000
2,1214,121400000,121400100,43143,71906,121500000,121500000
2,1215,121500000,121500100,43143,71906,121600000,121600000
2,1216,121600000,121600100,43143,71906,121700000,121700000
2,1217,121700000,121700100,43143,71906,121800000,121800000
2,1218,121800000,121800100,43143,71906,121900000,121900000
2,1219,121900000,121900100,43143,71906,122000000,122000000
2,1220,122000000,122000100,43143,71906,122100000,122100000
2,1221,122100000,122100100,43143,71906,122200000,122200000
2,1222,122200000,122200100,43143,71906,122300000,122300000
2,1223,122300000,122300100,43143,71906,122400000,122400000
2,1224,122400000,122400100,43143,71906,122500000,122500000
2,1225,122500000,122500100,43143,71906,122600000,122600000
2,1226,122600000,122600100,43143,71906,122700000,122700000
2,1227,122700000,122700100,43143,71906,122800000,122800000
2,1228,122800000,122800100,43143,71906,122900000,122900000
2,1229,122900000,122900100,43143,71906,123000000,123000000
2,1230,123000000,123000100,43143,71906,123100000,123100000
2,1231,123100000,123100100,43143,71906,123200000,123200000
2,1232,123200000,123200100,43143,71906,123300000,123300000
2,1233,123300000,123300100,43143,71906,123400000,123400000
2,1234,123400000,123400100,43143,71906,123500000,123500000
2,1235,123500000,123500100,43143,71906,123600000,123600000
2,1236,123600000,123600100,43143,71906,123700000,123700000
2,1237,123700000,123700100,43143,71906,123800000,123800000
2,1238,123800000,123800100,43143,71906,123900000,123900000
2,1239,123900000,123900100,43143,71906,124000000,124000000
2,1240,124000000,124000100,43143,71906,124100000,124100000
2,1241,124100000,124100100,43143,71906,124200000,124200000
2,1242,124200000,124200100,43143,71906,124300000,124300000
2,1243,124300000,124300100,43143,71906,124400000,124400000
2,1244,124400000,124400100,43143,71906,124500000,124500000
2,1245,124500000,124500100,43143,71906,124600000,124600000
2,1246,124600000,124600100,43143,71906,124700000,124700000
2,1247,124700000,124700100,43143,71906,124800000,124800000
2,1248,124800000,124800100,43143,71906,124900000,124900000
2,1249,124900000,124900100,43143,71906,125000000,125000000
2,1250,125000000,125000100,43143,71906,125100000,125100000
2,1251,125100000,125100100,43143,71906,125200000,125200000
2,1252,125200000,125200100,43143,71906,125300000,125300000
2,1253,125300000,125300100,43143,71906,125400000,125400000
2,1254,125400000,125400100,43143,71906,125500000,125500000
2,1255,125500000,125500100,43143,71906,125600000,125600000
2,1256,125600000,125600100,43143,71906,125700000,125700000
2,1257,125700000,125700100,43143,71906,125800000,125800000
2,1258,125800000,125800100,43143,71906,125900000,125900000
2,1259,125900000,125900100,43143,71906,126000000,126000000
2,1260,126000000,126000100,43143,71906,126100000,126100000
2,1261,126100000,126100100,43143,71906,126200000,126200000
2,1262,126200000,126200100,43143,71906,126300000,126300000
2,1263,126300000,126300100,43143,71906,126400000,126400000
2,1264,126400000,126400100,43143,71906,126500000,126500000
2,1265,126500000,126500100,43143,71906,126600000,126600000
2,1266,126600000,126600100,43143,71906,126700000,126700000
2,1267,126700000,126700100,43143,71906,126800000,126800000
2,1268,126800000,126800100,43143,71906,126900000,126900000
2,1269,126900000,126900100,43143,71906,127000000,127000000
2,1270,127000000,127000100,43143,71906,127100000,127100000
2,1271,127100000,127100100,43143,71906,127200000,127200000
2,1272,127200000,127200100,43143,71906,127300000,127300000
2,1273,127300000,127300100,43143,71906,127400000,127400000
2,1274,127400000,127400100,43143,71906,127500000,127500000
2,1275,127500000,127500100,43143,71906,127600000,127600000
2,1276,127600000,127600100,43143,71906,127700000,127700000
2,1277,127700000,127700100,43143,71906,127800000,127800000
2,1278,127800000,127800100,43143,71906,127900000,127900000
2,1279,127900000,127900100,43143,71906,128000000,128000000
2,1280,128000000,128000100,43143,71906,128100000,128100000
2,1281,128100000,128100100,43143,71906,128200000,128200000
2,1282,128200000,128200100,43143,71906,128300000,128300000
2,1283,128300000,128300100,43143,71906,128400000,128400000
2,1284,128400000,128400100,43143,71906,128500000,128500000
2,1285,128500000,128500100,43143,71906,128600000,128600000
2,1286,128600000,128600100,43143,71906,128700000,128700000
2,1287,128700000,128700100,43143,71906,128800000,128800000
2,1288,128800000,128800100,43143,71906,128900000,128900000
2,1289,128900000,128900100,43143,71906,129000000,129000000
2,1290,129000000,129000100,43143,71906,129100000,129100000
2,1291,129100000,129100100,43143,71906,129200000,129200000
2,1292,129200000,129200100,43143,71906,129300000,129300000
2,1293,129300000,129300100,43143,71906,129400000,129400000
2,1294,129400000,129400100,43143,71906,129500000,129500000
2,1295,129500000,129500100,43143,71906,129600000,129600000
2,1296,129600000,129600100,43143,71906,129700000,129700000
2,1297,129700000,129700100,43143,71906,129800000,129800000
2,1298,129800000,129800100,43143,71906,129900000,129900000
2,1299,129900000,129900100,43143,71906,130000000,130000000
2,1300,130000000,130000100,43143,71906,130100000,130100000
2,1301,130100000,130100100,43143,71906,130200000,130200000
2,1302,130200000,130200100,43143,71906,130300000,130300000
2,1303,130300000,130300100,43143,71906,130400000,130400000
2,1304,130400000,130400100,43143,71906,130500000,130500000
2,1305,130500000,130500100,43143,71906,130600000,130600000
2,1306,130600000,130600100,43143,71906,130700000,130700000
2,1307,130700000,130700100,43143,71906,130800000,130800000
2,1308,130800000,130800100,43143,71906,130900000,130900000
2,1309,130900000,130900100,43143,71906,131000000,131000000
2,1310,131000000,131000100,43143,71906,131100000,131100000
2,1311,131100000,131100100,43143,71906,131200000,131200000
2,1312,131200000,131200100,43143,71906,131300000,131300000
2,1313,131300000,131300100,43143,71906,131400000,131400000
2,1314,131400000,131400100,43143,71906,131500000,131500000
2,1315,131500000,131500100,43143,71906,131600000,131600000
2,1316,131600000,131600100,43143,71906,131700000,131700000
2,1317,131700000,131700100,43143,71906,131800000,131800000
2,1318,131800000,131800100,43143,71906,131900000,131900000
2,1319,131900000,131900100,43143,71906,132000000,132000000
2,1320,132000000,132000100,43143,71906,132100000,132100000
2,1321,132100000,132100100,43143,71906,132200000,132200000
2,1322,132200000,132200100,43143,71906,132300000,132300000
2,1323,132300000,132300100,43143,71906,132400000,132400000
2,1324,132400000,132400100,43143,71906,132500000,132500000
2,1325,132500000,132500100,43143,71906,132600000,132600000
2,1326,132600000,132600100,43143,71906,132700000,132700000
2,1327,132700000,132700100,43143,71906,132800000,132800000
2,1328,132800000,132800100,43143,71906,132900000,132900000
2,1329,132900000,132900100,43143,71906,133000000,133000000
2,1330,133000000,133000100,43143,71906,133100000,133100000
2,1331,133100000,133100100,43143,71906,133200000,133200000
2,1332,133200000,133200100,43143,71906,133300000,133300000
2,1333,133300000,133300100,43143,71906,133400000,133400000
2,1334,133400000,133400100,43143,71906,133500000,133500000
2,1335,133500000,133500100,43143,71906,133600000,133600000
2,1336,133600000,133600100,43143,71906,133700000,133700000
2,1337,133700000,133700100,43143,71906,133800000,133800000
2,1338,133800000,133800100,43143,71906,133900000,133900000
2,1339,133900000,133900100,43143,71906,134000000,134000000
2,1340,134000000,134000100,43143,71906,134100000,134100000
2,1341,134100000,134100100,43143,71906,134200000,134200000
2,1342,134200000,134200100,43143,71906,134300000,134300000
2,1343,134300000,134300100,43143,71906,134400000,134400000
2,1344,134400000,134400100,43143,71906,134500000,134500000
2,1345,134500000,134500100,43143,71906,134600000,134600000
2,1346,134600000,134600100,43143,71906,134700000,134700000
2,1347,134700000,134700100,43143,71906,134800000,134800000
2,1348,134800000,134800100,43143,71906,134900000,134900000
2,1349,134900000,134900100,43143,71906,135000000,135000000
2,1350,135000000,135000100,43143,71906,135100000,135100000
2,1351,135100000,135100100,43143,71906,135200000,135200000
2,1352,135200000,135200100,43143,71906,135300000,135300000
2,1353,135300000,135300100,43143,71906,135400000,135400000
2,1354,135400000,135400100,43143,71906,135500000,135500000
2,1355,135500000,135500100,43143,71906,135600000,135600000
2,1356,135600000,135600100,43143,71906,135700000,135700000
2,1357,135700000,135700100,43143,71906,135800000,135800000
2,1358,135800000,135800100,43143,71906,135900000,135900000
2,1359,135900000,135900100,43143,71906,136000000,136000000
2,1360,136000000,136000100,43143,71906,136100000,136100000
2,1361,136100000,136100100,43143,71906,136200000,136200000
2,1362,136200000,136200100,43143,71906,136300000,136300000
2,1363,136300000,136300100,43143,71906,136400000,136400000
2,1364,136400000,136400100,43143,71906,136500000,136500000
2,1365,136500000,136500100,43143,71906,136600000,136600000
2,1366,136600000,136600100,43143,71906,136700000,136700000
2,1367,136700000,136700100,43143,71906,136800000,136800000
2,1368,136800000,136800100,43143,71906,136900000,136900000
2,1369,136900000,136900100,43143,71906,137000000,137000000
2,1370,137000000,137000100,43143,71906,137100000,137100000
2,1371,137100000,137100100,43143,71906,137200000,137200000
2,1372,137200000,137200100,43143,71906,137300000,137300000
2,1373,137300000,137300100,43143,71906,137400000,137400000
2,1374,137400000,137400100,43143,71906,137500000,137500000
2,1375,137500000,137500100,43143,71906,137600000,137600000
2,1376,137600000,137600100,43143,71906,137700000,137700000
2,1377,137700000,137700100,43143,71906,137800000,137800000
2,1378,137800000,137800100,43143,71906,137900000,137900000
2,1379,137900000,137900100,43143,71906,138000000,138000000
2,1380,138000000,138000100,43143,71906,138100000,138100000
2,1381,138100000,138100100,43143,71906,138200000,138200000
2,1382,138200000,138200100,43143,71906,138300000,138300000
2,1383,138300000,138300100,43143,71906,138400000,138400000
2,1384,138400000,138400100,43143,71906,138500000,138500000
2,1385,138500000,138500100,43143,71906,138600000,138600000
2,1386,138600000,138600100,43143,71906,138700000,138700000
2,1387,138700000,138700100,43143,71906,138800000,138800000
2,1388,138800000,138800100,43143,71906,138900000,138900000
2,1389,138900000,138900100,43143,71906,139000000,139000000
2,1390,139000000,139000100,43143,71906,139100000,139100000
2,1391,139100000,139100100,43143,71906,139200000,139200000
2,1392,139200000,139200100,43143,71906,139300000,139300000
2,1393,139300000,139300100,43143,71906,139400000,139400000
2,1394,139400000,139400100,43143,71906,139500000,139500000
2,1395,139500000,139500100,43143,71906,139600000,139600000
2,1396,139600000,139600100,43143,71906,139700000,139700000
2,1397,139700000,139700100,43143,71906,139800000,139800000
2,1398,139800000,139800100,43143,71906,139900000,139900000
2,1399,139900000,139900100,43143,71906,140000000,140000000
2,1400,140000000,140000100,43143,71906,140100000,140100000
2,1401,140100000,140100100,43143,71906,140200000,140200000
2,1402,140200000,140200100,43143,71906,140300000,140300000
2,1403,140300000,140300100,43143,71906,140400000,140400000
2,1404,140400000,140400100,43143,71906,140500000,140500000
2,1405,140500000,140500100,43143,71906,140600000,140600000
2,1406,140600000,140600100,43143,71906,140700000,140700000
2,1407,140700000,140700100,43143,71906,140800000,140800000
2,1408,140800000,140800100,43143,71906,140900000,140900000
2,1409,140900000,140900100,43143,71906,141000000,141000000
2,1410,141000000,141000100,43143,71906,141100000,141100000
2,1411,141100000,141100100,43143,71906,141200000,141200000
2,1412,141200000,141200100,43143,71906,141300000,141300000
2,1413,141300000,141300100,43143,71906,141400000,141400000
2,1414,141400000,141400100,43143,71906,141500000,141500000
2,1415,141500000,141500100,43143,71906,141600000,141600000
2,1416,141600000,141600100,43143,71906,141700000,141700000
2,1417,141700000,141700100,43143,71906,141800000,141800000
2,1418,141800000,141800100,43143,71906,141900000,141900000
2,1419,141900000,141900100,43143,71906,142000000,142000000
2,1420,142000000,142000100,43143,71906,142100000,142100000
2,1421,142100000,142100100,43143,71906,142200000,142200000
2,1422,142200000,142200100,43143,71906,142300000,142300000
2,1423,142300000,142300100,43143,71906,142400000,142400000
2,1424,142400000,142400100,43143,71906,142500000,142500000
2,1425,142500000,142500100,43143,71906,142600000,142600000
2,1426,142600000,142600100,43143,71906,142700000,142700000
2,1427,142700000,142700100,43143,71906,142800000,142800000
2,1428,142800000,142800100,43143,71906,142900000,142900000
2,1429,142900000,142900100,43143,71906,143000000,143000000
2,1430,143000000,143000100,43143,71906,143100000,143100000
2,1431,143100000,143100100,43143,71906,143200000,143200000
2,1432,143200000,143200100,43143,71906,143300000,143300000
2,1433,143300000,143300100,43143,71906,143400000,143400000
2,1434,143400000,143400100,43143,71906,143500000,143500000
2,1435,143500000,143500100,43143,71906,143600000,143600000
2,1436,143600000,143600100,43143,71906,143700000,143700000
2,1437,143700000,143700100,43143,71906,143800000,143800000
2,1438,143800000,143800100,43143,71906,143900000,143900000
2,1439,143900000,143900100,43143,71906,144000000,144000000
2,1440,144000000,144000100,43143,71906,144100000,144100000
2,1441,144100000,144100100,43143,71906,144200000,144200000
2,1442,144200000,144200100,43143,71906,144300000,144300000
2,1443,144300000,144300100,43143,71906,144400000,144400000
2,1444,144400000,144400100,43143,71906,144500000,144500000
2,1445,144500000,144500100,43143,71906,144600000,144600000
2,1446,144600000,144600100,43143,71906,144700000,144700000
2,1447,144700000,144700100,43143,71906,144800000,144800000
2,1448,144800000,144800100,43143,71906,144900000,144900000
2,1449,144900000,144900100,43143,71906,145000000,145000000
2,1450,145000000,145000100,43143,71906,145100000,145100000
2,1451,145100000,145100100,43143,71906,145200000,145200000
2,1452,145200000,145200100,43143,71906,145300000,145300000
2,1453,145300000,145300100,43143,71906,145400000,145400000
2,1454,145400000,145400100,43143,71906,145500000,145500000
2,1455,145500000,145500100,43143,71906,145600000,145600000
2,1456,145600000,145600100,43143,71906,145700000,145700000
2,1457,145700000,145700100,43143,71906,145800000,145800000
2,1458,145800000,145800100,43143,71906,145900000,145900000
2,1459,145900000,145900100,43143,71906,146000000,146000000
2,1460,146000000,146000100,43143,71906,146100000,146100000
2,1461,146100000,146100100,43143,71906,146200000,146200000
2,1462,146200000,146200100,43143,71906,146300000,146300000
2,1463,146300000,146300100,43143,71906,146400000,146400000
2,1464,146400000,146400100,43143,71906,146500000,146500000
2,1465,146500000,146500100,43143,71906,146600000,146600000
2,1466,146600000,146600100,43143,71906,146700000,146700000
2,1467,146700000,146700100,43143,71906,146800000,146800000
2,1468,146800000,146800100,43143,71906,146900000,146900000
2,1469,146900000,146900100,43143,71906,147000000,147000000
2,1470,147000000,147000100,43143,71906,147100000,147100000
2,1471,147100000,147100100,43143,71906,147200000,147200000
2,1472,147200000,147200100,43143,71906,147300000,147300000
2,1473,147300000,147300100,43143,71906,147400000,147400000
2,1474,147400000,147400100,43143,71906,147500000,147500000
2,1475,147500000,147500100,43143,71906,147600000,147600000
2,1476,147600000,147600100,43143,71906,147700000,147700000
2,1477,147700000,147700100,43143,71906,147800000,147800000
2,1478,147800000,147800100,43143,71906,147900000,147900000
2,1479,147900000,147900100,43143,71906,148000000,148000000
2,1480,148000000,148000100,43143,71906,148100000,148100000
2,1481,148100000,148100100,43143,71906,148200000,148200000
2,1482,148200000,148200100,43143,71906,148300000,148300000
2,1483,148300000,148300100,43143,71906,148400000,148400000
2,1484,148400000,148400100,43143,71906,148500000,148500000
2,1485,148500000,148500100,43143,71906,148600000,148600000
2,1486,148600000,148600100,43143,71906,148700000,148700000
2,1487,148700000,148700100,43143,71906,148800000,148800000
2,1488,148800000,148800100,43143,71906,148900000,148900000
2,1489,148900000,148900100,43143,71906,149000000,149000000
2,1490,149000000,149000100,43143,71906,149100000,149100000
2,1491,149100000,149100100,43143,71906,149200000,149200000
2,1492,149200000,149200100,43143,71906,149300000,149300000
2,1493,149300000,149300100,43143,71906,149400000,149400000
2,1494,149400000,149400100,43143,71906,149500000,149500000
2,1495,149500000,149500100,43143,71906,149600000,149600000
2,1496,149600000,149600100,43143,71906,149700000,149700000
2,1497,149700000,149700100,43143,71906,149800000,149800000
2,1498,149800000,149800100,43143,71906,149900000,149900000
2,1499,149900000,149900100,43143,71906,150000000,150000000
2,1500,150000000,150000100,43143,71906,150100000,150100000
2,1501,150100000,150100100,43143,71906,150200000,150200000
2,1502,150200000,150200100,43143,71906,150300000,150300000
2,1503,150300000,150300100,43143,71906,150400000,150400000
2,1504,150400000,150400100,43143,71906,150500000,150500000
2,1505,150500000,150500100,43143,71906,150600000,150600000
2,1506,150600000,150600100,43143,71906,150700000,150700000
2,1507,150700000,150700100,43143,71906,150800000,150800000
2,1508,150800000,150800100,43143,71906,150900000,150900000
2,1509,150900000,150900100,43143,71906,151000000,151000000
2,1510,151000000,151000100,43143,71906,151100000,151100000
2,1511,151100000,151100100,43143,71906,151200000,151200000
2,1512,151200000,151200100,43143,71906,151300000,151300000
2,1513,151300000,151300100,43143,71906,151400000,151400000
2,1514,151400000,151400100,43143,71906,151500000,151500000
2,1515,151500000,151500100,43143,71906,151600000,151600000
2,1516,151600000,151600100,43143,71906,151700000,151700000
2,1517,151700000,151700100,43143,71906,151800000,151800000
2,1518,151800000,151800100,43143,71906,151900000,151900000
2,1519,151900000,151900100,43143,71906,152000000,152000000
2,1520,152000000,152000100,43143,71906,152100000,152100000
2,1521,152100000,152100100,43143,71906,152200000,152200000
2,1522,152200000,152200100,43143,71906,152300000,152300000
2,1523,152300000,152300100,43143,71906,152400000,152400000
2,1524,152400000,152400100,43143,71906,152500000,152500000
2,1525,152500000,152500100,43143,71906,152600000,152600000
2,1526,152600000,152600100,43143,71906,152700000,152700000
2,1527,152700000,152700100,43143,71906,152800000,152800000
2,1528,152800000,152800100,43143,71906,152900000,152900000
2,1529,152900000,152900100,43143,71906,153000000,153000000
2,1530,153000000,153000100,43143,71906,153100000,153100000
2,1531,153100000,153100100,43143,71906,153200000,153200000
2,1532,153200000,153200100,43143,71906,153300000,153300000
2,1533,153300000,153300100,43143,71906,153400000,153400000
2,1534,153400000,153400100,43143,71906,153500000,153500000
2,1535,153500000,153500100,43143,71906,153600000,153600000
2,1536,153600000,153600100,43143,71906,153700000,153700000
2,1537,153700000,153700100,43143,71906,153800000,153800000
2,1538,153800000,153800100,43143,71906,153900000,153900000
2,1539,153900000,153900100,43143,71906,154000000,154000000
2,1540,154000000,154000100,43143,71906,154100000,154100000
2,1541,154100000,154100100,43143,71906,154200000,154200000
2,1542,154200000,154200100,43143,71906,154300000,154300000
2,1543,154300000,154300100,43143,71906,154400000,154400000
2,1544,154400000,154400100,43143,71906,154500000,154500000
2,1545,154500000,154500100,43143,71906,154600000,154600000
2,1546,154600000,154600100,43143,71906,154700000,154700000
2,1547,154700000,154700100,43143,71906,154800000,154800000
2,1548,154800000,154800100,43143,71906,154900000,154900000
2,1549,154900000,154900100,43143,71906,155000000,155000000
2,1550,155000000,155000100,43143,71906,155100000,155100000
2,1551,155100000,155100100,43143,71906,155200000,155200000
2,1552,155200000,155200100,43143,71906,155300000,155300000
2,1553,155300000,155300100,43143,71906,155400000,155400000
2,1554,155400000,155400100,43143,71906,155500000,155500000
2,1555,155500000,155500100,43143,71906,155600000,155600000
2,1556,155600000,155600100,43143,71906,155700000,155700000
2,1557,155700000,155700100,43143,71906,155800000,155800000
2,1558,155800000,155800100,43143,71906,155900000,155900000
2,1559,155900000,155900100,43143,71906,156000000,156000000
2,1560,156000000,156000100,43143,71906,156100000,156100000
2,1561,156100000,156100100,43143,71906,156200000,156200000
2,1562,156200000,156200100,43143,71906,156300000,156300000
2,1563,156300000,156300100,43143,71906,156400000,156400000
2,1564,156400000,156400100,43143,71906,156500000,156500000
2,1565,156500000,156500100,43143,71906,156600000,156600000
2,1566,156600000,156600100,43143,71906,156700000,156700000
2,1567,156700000,156700100,43143,71906,156800000,156800000
2,1568,156800000,156800100,43143,71906,156900000,156900000
2,1569,156900000,156900100,43143,71906,157000000,157000000
2,1570,157000000,157000100,43143,71906,157100000,157100000
2,1571,157100000,157100100,43143,71906,157200000,157200000
2,1572,157200000,157200100,43143,71906,157300000,157300000
2,1573,157300000,157300100,43143,71906,157400000,157400000
2,1574,157400000,157400100,43143,71906,157500000,157500000
2,1575,157500000,157500100,43143,71906,157600000,157600000
2,1576,157600000,157600100,43143,71906,157700000,157700000
2,1577,157700000,157700100,43143,71906,157800000,157800000
2,1578,157800000,157800100,43143,71906,157900000,157900000
2,1579,157900000,157900100,43143,71906,158000000,158000000
2,1580,158000000,158000100,43143,71906,158100000,158100000
2,1581,158100000,158100100,43143,71906,158200000,158200000
2,1582,158200000,158200100,43143,71906,158300000,158300000
2,1583,158300000,158300100,43143,71906,158400000,158400000
2,1584,158400000,158400100,43143,71906,158500000,158500000
2,1585,158500000,158500100,43143,71906,158600000,158600000
2,1586,158600000,158600100,43143,71906,158700000,158700000
2,1587,158700000,158700100,43143,71906,158800000,158800000
2,1588,158800000,158800100,43143,71906,158900000,158900000
2,1589,158900000,158900100,43143,71906,159000000,159000000
2,1590,159000000,159000100,43143,71906,159100000,159100000
2,1591,159100000,159100100,43143,71906,159200000,159200000
2,1592,159200000,159200100,43143,71906,159300000,159300000
2,1593,159300000,159300100,43143,71906,159400000,159400000
2,1594,159400000,159400100,43143,71906,159500000,159500000
2,1595,159500000,159500100,43143,71906,159600000,159600000
2,1596,159600000,159600100,43143,71906,159700000,159700000
2,1597,159700000,159700100,43143,71906,159800000,159800000
2,1598,159800000,159800100,43143,71906,159900000,159900000
2,1599,159900000,159900100,43143,71906,160000000,160000000
2,1600,160000000,160000100,43143,71906,160100000,160100000
2,1601,160100000,160100100,43143,71906,160200000,160200000
2,1602,160200000,160200100,43143,71906,160300000,160300000
2,1603,160300000,160300100,43143,71906,160400000,160400000
2,1604,160400000,160400100,43143,71906,160500000,160500000
2,1605,160500000,160500100,43143,71906,160600000,160600000
2,1606,160600000,160600100,43143,71906,160700000,160700000
2,1607,160700000,160700100,43143,71906,160800000,160800000
2,1608,160800000,160800100,43143,71906,160900000,160900000
2,1609,160900000,160900100,43143,71906,161000000,161000000
2,1610,161000000,161000100,43143,71906,161100000,161100000
2,1611,161100000,161100100,43143,71906,161200000,161200000
2,1612,161200000,161200100,43143,71906,161300000,161300000
2,1613,161300000,161300100,43143,71906,161400000,161400000
2,1614,161400000,161400100,43143,71906,161500000,161500000
2,1615,161500000,161500100,43143,71906,161600000,161600000
2,1616,161600000,161600100,43143,71906,161700000,161700000
2,1617,161700000,161700100,43143,71906,161800000,161800000
2,1618,161800000,161800100,43143,71906,161900000,161900000
2,1619,161900000,161900100,43143,71906,162000000,162000000
2,1620,162000000,162000100,43143,71906,162100000,162100000
2,1621,162100000,162100100,43143,71906,162200000,162200000
2,1622,162200000,162200100,43143,71906,162300000,162300000
2,1623,162300000,162300100,43143,71906,162400000,162400000
2,1624,162400000,162400100,43143,71906,162500000,162500000
2,1625,162500000,162500100,43143,71906,162600000,162600000
2,1626,162600000,162600100,43143,71906,162700000,162700000
2,1627,162700000,162700100,43143,71906,162800000,162800000
2,1628,162800000,162800100,43143,71906,162900000,162900000
2,1629,162900000,162900100,43143,71906,163000000,163000000
2,1630,163000000,163000100,43143,71906,163100000,163100000
2,1631,163100000,163100100,43143,71906,163200000,163200000
2,1632,163200000,163200100,43143,71906,163300000,163300000
2,1633,163300000,163300100,43143,71906,163400000,163400000
2,1634,163400000,163400100,43143,71906,163500000,163500000
2,1635,163500000,163500100,43143,71906,163600000,163600000
2,1636,163600000,163600100,43143,71906,163700000,163700000
2,1637,163700000,163700100,43143,71906,163800000,163800000
2,1638,163800000,163800100,43143,71906,163900000,163900000
2,1639,163900000,163900100,43143,71906,164000000,164000000
2,1640,164000000,164000100,43143,71906,164100000,164100000
2,1641,164100000,164100100,43143,71906,164200000,164200000
2,1642,164200000,164200100,43143,71906,164300000,164300000
2,1643,164300000,164300100,43143,71906,164400000,164400000
2,1644,164400000,164400100,43143,71906,164500000,164500000
2,1645,164500000,164500100,43143,71906,164600000,164600000
2,1646,164600000,164600100,43143,71906,164700000,164700000
2,1647,164700000,164700100,43143,71906,164800000,164800000
2,1648,164800000,164800100,43143,71906,164900000,164900000
2,1649,164900000,164900100,43143,71906,165000000,165000000
2,1650,165000000,165000100,43143,71906,165100000,165100000
2,1651,165100000,165100100,43143,71906,165200000,165200000
2,1652,165200000,165200100,43143,71906,165300000,165300000
2,1653,165300000,165300100,43143,71906,165400000,165400000
2,1654,165400000,165400100,43143,71906,165500000,165500000
2,1655,165500000,165500100,43143,71906,165600000,165600000
2,1656,165600000,165600100,43143,71906,165700000,165700000
2,1657,165700000,165700100,43143,71906,165800000,165800000
2,1658,165800000,165800100,43143,71906,165900000,165900000
2,1659,165900000,165900100,43143,71906,166000000,166000000
2,1660,166000000,166000100,43143,71906,166100000,166100000
2,1661,166100000,166100100,43143,71906,166200000,166200000
2,1662,166200000,166200100,43143,71906,166300000,166300000
2,1663,166300000,166300100,43143,71906,166400000,166400000
2,1664,166400000,166400100,43143,71906,166500000,166500000
2,1665,166500000,166500100,43143,71906,166600000,166600000
2,1666,166600000,166600100,43143,71906,166700000,166700000
2,1667,166700000,166700100,43143,71906,166800000,166800000
2,1668,166800000,166800100,43143,71906,166900000,166900000
2,1669,166900000,166900100,43143,71906,167000000,167000000
2,1670,167000000,167000100,43143,71906,167100000,167100000
2,1671,167100000,167100100,43143,71906,167200000,167200000
2,1672,167200000,167200100,43143,71906,167300000,167300000
2,1673,167300000,167300100,43143,71906,167400000,167400000
2,1674,167400000,167400100,43143,71906,167500000,167500000
2,1675,167500000,167500100,43143,71906,167600000,167600000
2,1676,167600000,167600100,43143,71906,167700000,167700000
2,1677,167700000,167700100,43143,71906,167800000,167800000
2,1678,167800000,167800100,43143,71906,167900000,167900000
2,1679,167900000,167900100,43143,71906,168000000,168000000
2,1680,168000000,168000100,43143,71906,168100000,168100000
2,1681,168100000,168100100,43143,71906,168200000,168200000
2,1682,168200000,168200100,43143,71906,168300000,168300000
2,1683,168300000,168300100,43143,71906,168400000,168400000
2,1684,168400000,168400100,43143,71906,168500000,168500000
2,1685,168500000,168500100,43143,71906,168600000,168600000
2,1686,168600000,168600100,43143,71906,168700000,168700000
2,1687,168700000,168700100,43143,71906,168800000,168800000
2,1688,168800000,168800100,43143,71906,168900000,168900000
2,1689,168900000,168900100,43143,71906,169000000,169000000
2,1690,169000000,169000100,43143,71906,169100000,169100000
2,1691,169100000,169100100,43143,71906,169200000,169200000
2,1692,169200000,169200100,43143,71906,169300000,169300000
2,1693,169300000,169300100,43143,71906,169400000,169400000
2,1694,169400000,169400100,43143,71906,169500000,169500000
2,1695,169500000,169500100,43143,71906,169600000,169600000
2,1696,169600000,169600100,43143,71906,169700000,169700000
2,1697,169700000,169700100,43143,71906,169800000,169800000
2,1698,169800000,169800100,43143,71906,169900000,169900000
2,1699,169900000,169900100,43143,71906,170000000,170000000
2,1700,170000000,170000100,43143,71906,170100000,170100000
2,1701,170100000,170100100,43143,71906,170200000,170200000
2,1702,170200000,170200100,43143,71906,170300000,170300000
2,1703,170300000,170300100,43143,71906,170400000,170400000
2,1704,170400000,170400100,43143,71906,170500000,170500000
2,1705,170500000,170500100,43143,71906,170600000,170600000
2,1706,170600000,170600100,43143,71906,170700000,170700000
2,1707,170700000,170700100,43143,71906,170800000,170800000
2,1708,170800000,170800100,43143,71906,170900000,170900000
2,1709,170900000,170900100,43143,71906,171000000,171000000
2,1710,171000000,171000100,43143,71906,171100000,171100000
2,1711,171100000,171100100,43143,71906,171200000,171200000
2,1712,171200000,171200100,43143,71906,171300000,171300000
2,1713,171300000,171300100,43143,71906,171400000,171400000
2,1714,171400000,171400100,43143,71906,171500000,171500000
2,1715,171500000,171500100,43143,71906,171600000,171600000
2,1716,171600000,171600100,43143,71906,171700000,171700000
2,1717,171700000,171700100,43143,71906,171800000,171800000
2,1718,171800000,171800100,43143,71906,171900000,171900000
2,1719,171900000,171900100,43143,71906,172000000,172000000
2,1720,172000000,172000100,43143,71906,172100000,172100000
2,1721,172100000,172100100,43143,71906,172200000,172200000
2,1722,172200000,172200100,43143,71906,172300000,172300000
2,1723,172300000,172300100,43143,71906,172400000,172400000
2,1724,172400000,172400100,43143,71906,172500000,172500000
2,1725,172500000,172500100,43143,71906,172600000,172600000
2,1726,172600000,172600100,43143,71906,172700000,172700000
2,1727,172700000,172700100,43143,71906,172800000,172800000
2,1728,172800000,172800100,43143,71906,172900000,172900000
2,1729,172900000,172900100,43143,71906,173000000,173000000
2,1730,173000000,173000100,43143,71906,173100000,173100000
2,1731,173100000,173100100,43143,71906,173200000,173200000
2,1732,173200000,173200100,43143,71906,173300000,173300000
2,1733,173300000,173300100,43143,71906,173400000,173400000
2,1734,173400000,173400100,43143,71906,173500000,173500000
2,1735,173500000,173500100,43143,71906,173600000,173600000
2,1736,173600000,173600100,43143,71906,173700000,173700000
2,1737,173700000,173700100,43143,71906,173800000,173800000
2,1738,173800000,173800100,43143,71906,173900000,173900000
2,1739,173900000,173900100,43143,71906,174000000,174000000
2,1740,174000000,174000100,43143,71906,174100000,174100000
2,1741,174100000,174100100,43143,71906,174200000,174200000
2,1742,174200000,174200100,43143,71906,174300000,174300000
2,1743,174300000,174300100,43143,71906,174400000,174400000
2,1744,174400000,174400100,43143,71906,174500000,174500000
2,1745,174500000,174500100,43143,71906,174600000,174600000
2,1746,174600000,174600100,43143,71906,174700000,174700000
2,1747,174700000,174700100,43143,71906,174800000,174800000
2,1748,174800000,174800100,43143,71906,174900000,174900000
2,1749,174900000,174900100,43143,71906,175000000,175000000
2,1750,175000000,175000100,43143,71906,175100000,175100000
2,1751,175100000,175100100,43143,71906,175200000,175200000
2,1752,175200000,175200100,43143,71906,175300000,175300000
2,1753,175300000,175300100,43143,71906,175400000,175400000
2,1754,175400000,175400100,43143,71906,175500000,175500000
2,1755,175500000,175500100,43143,71906,175600000,175600000
2,1756,175600000,175600100,43143,71906,175700000,175700000
2,1757,175700000,175700100,43143,71906,175800000,175800000
2,1758,175800000,175800100,43143,71906,175900000,175900000
2,1759,175900000,175900100,43143,71906,176000000,176000000
2,1760,176000000,176000100,43143,71906,176100000,176100000
2,1761,176100000,176100100,43143,71906,176200000,176200000
2,1762,176200000,176200100,43143,71906,176300000,176300000
2,1763,176300000,176300100,43143,71906,176400000,176400000
2,1764,176400000,176400100,43143,71906,176500000,176500000
2,1765,176500000,176500100,43143,71906,176600000,176600000
2,1766,176600000,176600100,43143,71906,176700000,176700000
2,1767,176700000,176700100,43143,71906,176800000,176800000
2,1768,176800000,176800100,43143,71906,176900000,176900000
2,1769,176900000,176900100,43143,71906,177000000,177000000
2,1770,177000000,177000100,43143,71906,177100000,177100000
2,1771,177100000,177100100,43143,71906,177200000,177200000
2,1772,177200000,177200100,43143,71906,177300000,177300000
2,1773,177300000,177300100,43143,71906,177400000,177400000
2,1774,177400000,177400100,43143,71906,177500000,177500000
2,1775,177500000,177500100,43143,71906,177600000,177600000
2,1776,177600000,177600100,43143,71906,177700000,177700000
2,1777,177700000,177700100,43143,71906,177800000,177800000
2,1778,177800000,177800100,43143,71906,177900000,177900000
2,1779,177900000,177900100,43143,71906,178000000,178000000
2,1780,178000000,178000100,43143,71906,178100000,178100000
2,1781,178100000,178100100,43143,71906,178200000,178200000
2,1782,178200000,178200100,43143,71906,178300000,178300000
2,1783,178300000,178300100,43143,71906,178400000,178400000
2,1784,178400000,178400100,43143,71906,178500000,178500000
2,1785,178500000,178500100,43143,71906,178600000,178600000
2,1786,178600000,178600100,43143,71906,178700000,178700000
2,1787,178700000,178700100,43143,71906,178800000,178800000
2,1788,178800000,178800100,43143,71906,178900000,178900000
2,1789,178900000,178900100,43143,71906,179000000,179000000
2,1790,179000000,179000100,43143,71906,179100000,179100000
2,1791,179100000,179100100,43143,71906,179200000,179200000
2,1792,179200000,179200100,43143,71906,179300000,179300000
2,1793,179300000,179300100,43143,71906,179400000,179400000
2,1794,179400000,179400100,43143,71906,179500000,179500000
2,1795,179500000,179500100,43143,71906,179600000,179600000
2,1796,179600000,179600100,43143,71906,179700000,179700000
2,1797,179700000,179700100,43143,71906,179800000,179800000
2,1798,179800000,179800100,43143,71906,179900000,179900000
2,1799,179900000,179900100,43143,71906,180000000,180000000
2,1800,180000000,180000100,43143,71906,180100000,180100000
2,1801,180100000,180100100,43143,71906,180200000,180200000
2,1802,180200000,180200100,43143,71906,180300000,180300000
2,1803,180300000,180300100,43143,71906,180400000,180400000
2,1804,180400000,180400100,43143,71906,180500000,180500000
2,1805,180500000,180500100,43143,71906,180600000,180600000
2,1806,180600000,180600100,43143,71906,180700000,180700000
2,1807,180700000,180700100,43143,71906,180800000,180800000
2,1808,180800000,180800100,43143,71906,180900000,180900000
2,1809,180900000,180900100,43143,71906,181000000,181000000
2,1810,181000000,181000100,43143,71906,181100000,181100000
2,1811,181100000,181100100,43143,71906,181200000,181200000
2,1812,181200000,181200100,43143,71906,181300000,181300000
2,1813,181300000,181300100,43143,71906,181400000,181400000
2,1814,181400000,181400100,43143,71906,181500000,181500000
2,1815,181500000,181500100,43143,71906,181600000,181600000
2,1816,181600000,181600100,43143,71906,181700000,181700000
2,1817,181700000,181700100,43143,71906,181800000,181800000
2,1818,181800000,181800100,43143,71906,181900000,181900000
2,1819,181900000,181900100,43143,71906,182000000,182000000
2,1820,182000000,182000100,43143,71906,182100000,182100000
2,1821,182100000,182100100,43143,71906,182200000,182200000
2,1822,182200000,182200100,43143,71906,182300000,182300000
2,1823,182300000,182300100,43143,71906,182400000,182400000
2,1824,182400000,182400100,43143,71906,182500000,182500000
2,1825,182500000,182500100,43143,71906,182600000,182600000
2,1826,182600000,182600100,43143,71906,182700000,182700000
2,1827,182700000,182700100,43143,71906,182800000,182800000
2,1828,182800000,182800100,43143,71906,182900000,182900000
2,1829,182900000,182900100,43143,71906,183000000,183000000
2,1830,183000000,183000100,43143,71906,183100000,183100000
2,1831,183100000,183100100,43143,71906,183200000,183200000
2,1832,183200000,183200100,43143,71906,183300000,183300000
2,1833,183300000,183300100,43143,71906,183400000,183400000
2,1834,183400000,183400100,43143,71906,183500000,183500000
2,1835,183500000,183500100,43143,71906,183600000,183600000
2,1836,183600000,183600100,43143,71906,183700000,183700000
2,1837,183700000,183700100,43143,71906,183800000,183800000
2,1838,183800000,183800100,43143,71906,183900000,183900000
2,1839,183900000,183900100,43143,71906,184000000,184000000
2,1840,184000000,184000100,43143,71906,184100000,184100000
2,1841,184100000,184100100,43143,71906,184200000,184200000
2,1842,184200000,184200100,43143,71906,184300000,184300000
2,1843,184300000,184300100,43143,71906,184400000,184400000
2,1844,184400000,184400100,43143,71906,184500000,184500000
2,1845,184500000,184500100,43143,71906,184600000,184600000
2,1846,184600000,184600100,43143,71906,184700000,184700000
2,1847,184700000,184700100,43143,71906,184800000,184800000
2,1848,184800000,184800100,43143,71906,184900000,184900000
2,1849,184900000,184900100,43143,71906,185000000,185000000
2,1850,185000000,185000100,43143,71906,185100000,185100000
2,1851,185100000,185100100,43143,71906,185200000,185200000
2,1852,185200000,185200100,43143,71906,185300000,185300000
2,1853,185300000,185300100,43143,71906,185400000,185400000
2,1854,185400000,185400100,43143,71906,185500000,185500000
2,1855,185500000,185500100,43143,71906,185600000,185600000
2,1856,185600000,185600100,43143,71906,185700000,185700000
2,1857,185700000,185700100,43143,71906,185800000,185800000
2,1858,185800000,185800100,43143,71906,185900000,185900000
2,1859,185900000,185900100,43143,71906,186000000,186000000
2,1860,186000000,186000100,43143,71906,186100000,186100000
2,1861,186100000,186100100,43143,71906,186200000,186200000
2,1862,186200000,186200100,43143,71906,186300000,186300000
2,1863,186300000,186300100,43143,71906,186400000,186400000
2,1864,186400000,186400100,43143,71906,186500000,186500000
2,1865,186500000,186500100,43143,71906,186600000,186600000
2,1866,186600000,186600100,43143,71906,186700000,186700000
2,1867,186700000,186700100,43143,71906,186800000,186800000
2,1868,186800000,186800100,43143,71906,186900000,186900000
2,1869,186900000,186900100,43143,71906,187000000,187000000
2,1870,187000000,187000100,43143,71906,187100000,187100000
2,1871,187100000,187100100,43143,71906,187200000,187200000
2,1872,187200000,187200100,43143,71906,187300000,187300000
2,1873,187300000,187300100,43143,71906,187400000,187400000
2,1874,187400000,187400100,43143,71906,187500000,187500000
2,1875,187500000,187500100,43143,71906,187600000,187600000
2,1876,187600000,187600100,43143,71906,187700000,187700000
2,1877,187700000,187700100,43143,71906,187800000,187800000
2,1878,187800000,187800100,43143,71906,187900000,187900000
2,1879,187900000,187900100,43143,71906,188000000,188000000
2,1880,188000000,188000100,43143,71906,188100000,188100000
2,1881,188100000,188100100,43143,71906,188200000,188200000
2,1882,188200000,188200100,43143,71906,188300000,188300000
2,1883,188300000,188300100,43143,71906,188400000,188400000
2,1884,188400000,188400100,43143,71906,188500000,188500000
2,1885,188500000,188500100,43143,71906,188600000,188600000
2,1886,188600000,188600100,43143,71906,188700000,188700000
2,1887,188700000,188700100,43143,71906,188800000,188800000
2,1888,188800000,188800100,43143,71906,188900000,188900000
2,1889,188900000,188900100,43143,71906,189000000,189000000
2,1890,189000000,189000100,43143,71906,189100000,189100000
2,1891,189100000,189100100,43143,71906,189200000,189200000
2,1892,189200000,189200100,43143,71906,189300000,189300000
2,1893,189300000,189300100,43143,71906,189400000,189400000
2,1894,189400000,189400100,43143,71906,189500000,189500000
2,1895,189500000,189500100,43143,71906,189600000,189600000
2,1896,189600000,189600100,43143,71906,189700000,189700000
2,1897,189700000,189700100,43143,71906,189800000,189800000
2,1898,189800000,189800100,43143,71906,189900000,189900000
2,1899,189900000,189900100,43143,71906,190000000,190000000
2,1900,190000000,190000100,43143,71906,190100000,190100000
2,1901,190100000,190100100,43143,71906,190200000,190200000
2,1902,190200000,190200100,43143,71906,190300000,190300000
2,1903,190300000,190300100,43143,71906,190400000,190400000
2,1904,190400000,190400100,43143,71906,190500000,190500000
2,1905,190500000,190500100,43143,71906,190600000,190600000
2,1906,190600000,190600100,43143,71906,190700000,190700000
2,1907,190700000,190700100,43143,71906,190800000,190800000
2,1908,190800000,190800100,43143,71906,190900000,190900000
2,1909,190900000,190900100,43143,71906,191000000,191000000
2,1910,191000000,191000100,43143,71906,191100000,191100000
2,1911,191100000,191100100,43143,71906,191200000,191200000
2,1912,191200000,191200100,43143,71906,191300000,191300000
2,1913,191300000,191300100,43143,71906,191400000,191400000
2,1914,191400000,191400100,43143,71906,191500000,191500000
2,1915,191500000,191500100,43143,71906,191600000,191600000
2,1916,191600000,191600100,43143,71906,191700000,191700000
2,1917,191700000,191700100,43143,71906,191800000,191800000
2,1918,191800000,191800100,43143,71906,191900000,191900000
2,1919,191900000,191900100,43143,71906,192000000,192000000
2,1920,192000000,192000100,43143,71906,192100000,192100000
2,1921,192100000,192100100,43143,71906,192200000,192200000
2,1922,192200000,192200100,43143,71906,192300000,192300000
2,1923,192300000,192300100,43143,71906,192400000,192400000
2,1924,192400000,192400100,43143,71906,192500000,192500000
2,1925,192500000,192500100,43143,71906,192600000,192600000
2,1926,192600000,192600100,43143,71906,192700000,192700000
2,1927,192700000,192700100,43143,71906,192800000,192800000
2,1928,192800000,192800100,43143,71906,192900000,192900000
2,1929,192900000,192900100,43143,71906,193000000,193000000
2,1930,193000000,193000100,43143,71906,193100000,193100000
2,1931,193100000,193100100,43143,71906,193200000,193200000
2,1932,193200000,193200100,43143,71906,193300000,193300000
2,1933,193300000,193300100,43143,71906,193400000,193400000
2,1934,193400000,193400100,43143,71906,193500000,193500000
2,1935,193500000,193500100,43143,71906,193600000,193600000
2,1936,193600000,193600100,43143,71906,193700000,193700000
2,1937,193700000,193700100,43143,71906,193800000,193800000
2,1938,193800000,193800100,43143,71906,193900000,193900000
2,1939,193900000,193900100,43143,71906,194000000,194000000
2,1940,194000000,194000100,43143,71906,194100000,194100000
2,1941,194100000,194100100,43143,71906,194200000,194200000
2,1942,194200000,194200100,43143,71906,194300000,194300000
2,1943,194300000,194300100,43143,71906,194400000,194400000
2,1944,194400000,194400100,43143,71906,194500000,194500000
2,1945,194500000,194500100,43143,71906,194600000,194600000
2,1946,194600000,194600100,43143,71906,194700000,194700000
2,1947,194700000,194700100,43143,71906,194800000,194800000
2,1948,194800000,194800100,43143,71906,194900000,194900000
2,1949,194900000,194900100,43143,71906,195000000,195000000
2,1950,195000000,195000100,43143,71906,195100000,195100000
2,1951,195100000,195100100,43143,71906,195200000,195200000
2,1952,195200000,195200100,43143,71906,195300000,195300000
2,1953,195300000,195300100,43143,71906,195400000,195400000
2,1954,195400000,195400100,43143,71906,195500000,195500000
2,1955,195500000,195500100,43143,71906,195600000,195600000
2,1956,195600000,195600100,43143,71906,195700000,195700000
2,1957,195700000,195700100,43143,71906,195800000,195800000
2,1958,195800000,195800100,43143,71906,195900000,195900000
2,1959,195900000,195900100,43143,71906,196000000,196000000
2,1960,196000000,196000100,43143,71906,196100000,196100000
2,1961,196100000,196100100,43143,71906,196200000,196200000
2,1962,196200000,196200100,43143,71906,196300000,196300000
2,1963,196300000,196300100,43143,71906,196400000,196400000
2,1964,196400000,196400100,43143,71906,196500000,196500000
2,1965,196500000,196500100,43143,71906,196600000,196600000
2,1966,196600000,196600100,43143,71906,196700000,196700000
2,1967,196700000,196700100,43143,71906,196800000,196800000
2,1968,196800000,196800100,43143,71906,196900000,196900000
2,1969,196900000,196900100,43143,71906,197000000,197000000
2,1970,197000000,197000100,43143,71906,197100000,197100000
2,1971,197100000,197100100,43143,71906,197200000,197200000
2,1972,197200000,197200100,43143,71906,197300000,197300000
2,1973,197300000,197300100,43143,71906,197400000,197400000
2,1974,197400000,197400100,43143,71906,197500000,197500000
2,1975,197500000,197500100,43143,71906,197600000,197600000
2,1976,197600000,197600100,43143,71906,197700000,197700000
2,1977,197700000,197700100,43143,71906,197800000,197800000
2,1978,197800000,197800100,43143,71906,197900000,197900000
2,1979,197900000,197900100,43143,71906,198000000,198000000
2,1980,198000000,198000100,43143,71906,198100000,198100000
2,1981,198100000,198100100,43143,71906,198200000,198200000
2,1982,198200000,198200100,43143,71906,198300000,198300000
2,1983,198300000,198300100,43143,71906,198400000,198400000
2,1984,198400000,198400100,43143,71906,198500000,198500000
2,1985,198500000,198500100,43143,71906,198600000,198600000
2,1986,198600000,198600100,43143,71906,198700000,198700000
2,1987,198700000,198700100,43143,71906,198800000,198800000
2,1988,198800000,198800100,43143,71906,198900000,198900000
2,1989,198900000,198900100,43143,71906,199000000,199000000
2,1990,199000000,199000100,43143,71906,199100000,199100000
2,1991,199100000,199100100,43143,71906,199200000,199200000
2,1992,199200000,199200100,43143,71906,199300000,199300000
2,1993,199300000,199300100,43143,71906,199400000,199400000
2,1994,199400000,199400100,43143,71906,199500000,199500000
2,1995,199500000,199500100,43143,71906,199600000,199600000
2,1996,199600000,199600100,43143,71906,199700000,199700000
2,1997,199700000,199700100,43143,71906,199800000,199800000
2,1998,199800000,199800100,43143,71906,199900000,199900000
2,1999,199900000,199900100,43143,71906,200000000,200000000
2,2000,200000000,200000100,43143,71906,200100000,200100000
2,2001,200100000,200100100,43143,71906,200200000,200200000
2,2002,200200000,200200100,43143,71906,200300000,200300000
2,2003,200300000,200300100,43143,71906,200400000,200400000
2,2004,200400000,200400100,43143,71906,200500000,200500000
2,2005,200500000,200500100,43143,71906,200600000,200600000
2,2006,200600000,200600100,43143,71906,200700000,200700000
2,2007,200700000,200700100,43143,71906,200800000,200800000
2,2008,200800000,200800100,43143,71906,200900000,200900000
2,2009,200900000,200900100,43143,71906,201000000,201000000
2,2010,201000000,201000100,43143,71906,201100000,201100000
2,2011,201100000,201100100,43143,71906,201200000,201200000
2,2012,201200000,201200100,43143,71906,201300000,201300000
2,2013,201300000,201300100,43143,71906,201400000,201400000
2,2014,201400000,201400100,43143,71906,201500000,201500000
2,2015,201500000,201500100,43143,71906,201600000,201600000
2,2016,201600000,201600100,43143,71906,201700000,201700000
2,2017,201700000,201700100,43143,71906,201800000,201800000
2,2018,201800000,201800100,43143,71906,201900000,201900000
2,2019,201900000,201900100,43143,71906,202000000,202000000
2,2020,202000000,202000100,43143,71906,202100000,202100000
2,2021,202100000,202100100,43143,71906,202200000,202200000
2,2022,202200000,202200100,43143,71906,202300000,202300000
2,2023,202300000,202300100,43143,71906,202400000,202400000
2,2024,202400000,202400100,43143,71906,202500000,202500000
2,2025,202500000,202500100,43143,71906,202600000,202600000
2,2026,202600000,202600100,43143,71906,202700000,202700000
2,2027,202700000,202700100,43143,71906,202800000,202800000
2,2028,202800000,202800100,43143,71906,202900000,202900000
2,2029,202900000,202900100,43143,71906,203000000,203000000
2,2030,203000000,203000100,43143,71906,203100000,203100000
2,2031,203100000,203100100,43143,71906,203200000,203200000
2,2032,203200000,203200100,43143,71906,203300000,203300000
2,2033,203300000,203300100,43143,71906,203400000,203400000
2,2034,203400000,203400100,43143,71906,203500000,203500000
2,2035,203500000,203500100,43143,71906,203600000,203600000
2,2036,203600000,203600100,43143,71906,203700000,203700000
2,2037,203700000,203700100,43143,71906,203800000,203800000
2,2038,203800000,203800100,43143,71906,203900000,203900000
2,2039,203900000,203900100,43143,71906,204000000,204000000
2,2040,204000000,204000100,43143,71906,204100000,204100000
2,2041,204100000,204100100,43143,71906,204200000,204200000
2,2042,204200000,204200100,43143,71906,204300000,204300000
2,2043,204300000,204300100,43143,71906,204400000,204400000
2,2044,204400000,204400100,43143,71906,204500000,204500000
2,2045,204500000,204500100,43143,71906,204600000,204600000
2,2046,204600000,204600100,43143,71906,204700000,204700000
2,2047,204700000,204700100,43143,71906,204800000,204800000
2,2048,204800000,204800100,43143,71906,204900000,204900000
2,2049,204900000,204900100,43143,71906,205000000,205000000
2,2050,205000000,205000100,43143,71906,205100000,205100000
2,2051,205100000,205100100,43143,71906,205200000,205200000
2,2052,205200000,205200100,43143,71906,205300000,205300000
2,2053,205300000,205300100,43143,71906,205400000,205400000
2,2054,205400000,205400100,43143,71906,205500000,205500000
2,2055,205500000,205500100,43143,71906,205600000,205600000
2,2056,205600000,205600100,43143,71906,205700000,205700000
2,2057,205700000,205700100,43143,71906,205800000,205800000
2,2058,205800000,205800100,43143,71906,205900000,205900000
2,2059,205900000,205900100,43143,71906,206000000,206000000
2,2060,206000000,206000100,43143,71906,206100000,206100000
2,2061,206100000,206100100,43143,71906,206200000,206200000
2,2062,206200000,206200100,43143,71906,206300000,206300000
2,2063,206300000,206300100,43143,71906,206400000,206400000
2,2064,206400000,206400100,43143,71906,206500000,206500000
2,2065,206500000,206500100,43143,71906,206600000,206600000
2,2066,206600000,206600100,43143,71906,206700000,206700000
2,2067,206700000,206700100,43143,71906,206800000,206800000
2,2068,206800000,206800100,43143,71906,206900000,206900000
2,2069,206900000,206900100,43143,71906,207000000,207000000
2,2070,207000000,207000100,43143,71906,207100000,207100000
2,2071,207100000,207100100,43143,71906,207200000,207200000
2,2072,207200000,207200100,43143,71906,207300000,207300000
2,2073,207300000,207300100,43143,71906,207400000,207400000
2,2074,207400000,207400100,43143,71906,207500000,207500000
2,2075,207500000,207500100,43143,71906,207600000,207600000
2,2076,207600000,207600100,43143,71906,207700000,207700000
2,2077,207700000,207700100,43143,71906,207800000,207800000
2,2078,207800000,207800100,43143,71906,207900000,207900000
2,2079,207900000,207900100,43143,71906,208000000,208000000
2,2080,208000000,208000100,43143,71906,208100000,208100000
2,2081,208100000,208100100,43143,71906,208200000,208200000
2,2082,208200000,208200100,43143,71906,208300000,208300000
2,2083,208300000,208300100,43143,71906,208400000,208400000
2,2084,208400000,208400100,43143,71906,208500000,208500000
2,2085,208500000,208500100,43143,71906,208600000,208600000
2,2086,208600000,208600100,43143,71906,208700000,208700000
2,2087,208700000,208700100,43143,71906,208800000,208800000
2,2088,208800000,208800100,43143,71906,208900000,208900000
2,2089,208900000,208900100,43143,71906,209000000,209000000
2,2090,209000000,209000100,43143,71906,209100000,209100000
2,2091,209100000,209100100,43143,71906,209200000,209200000
2,2092,209200000,209200100,43143,71906,209300000,209300000
2,2093,209300000,209300100,43143,71906,209400000,209400000
2,2094,209400000,209400100,43143,71906,209500000,209500000
2,2095,209500000,209500100,43143,71906,209600000,209600000
2,2096,209600000,209600100,43143,71906,209700000,209700000
2,2097,209700000,209700100,43143,71906,209800000,209800000
2,2098,209800000,209800100,43143,71906,209900000,209900000
2,2099,209900000,209900100,43143,71906,210000000,210000000
2,2100,210000000,210000100,43143,71906,210100000,210100000
2,2101,210100000,210100100,43143,71906,210200000,210200000
2,2102,210200000,210200100,43143,71906,210300000,210300000
2,2103,210300000,210300100,43143,71906,210400000,210400000
2,2104,210400000,210400100,43143,71906,210500000,210500000
2,2105,210500000,210500100,43143,71906,210600000,210600000
2,2106,210600000,210600100,43143,71906,210700000,210700000
2,2107,210700000,210700100,43143,71906,210800000,210800000
2,2108,210800000,210800100,43143,71906,210900000,210900000
2,2109,210900000,210900100,43143,71906,211000000,211000000
2,2110,211000000,211000100,43143,71906,211100000,211100000
2,2111,211100000,211100100,43143,71906,211200000,211200000
2,2112,211200000,211200100,43143,71906,211300000,211300000
2,2113,211300000,211300100,43143,71906,211400000,211400000
2,2114,211400000,211400100,43143,71906,211500000,211500000
2,2115,211500000,211500100,43143,71906,211600000,211600000
2,2116,211600000,211600100,43143,71906,211700000,211700000
2,2117,211700000,211700100,43143,71906,211800000,211800000
2,2118,211800000,211800100,43143,71906,211900000,211900000
2,2119,211900000,211900100,43143,71906,212000000,212000000
2,2120,212000000,212000100,43143,71906,212100000,212100000
2,2121,212100000,212100100,43143,71906,212200000,212200000
2,2122,212200000,212200100,43143,71906,212300000,212300000
2,2123,212300000,212300100,43143,71906,212400000,212400000
2,2124,212400000,212400100,43143,71906,212500000,212500000
2,2125,212500000,212500100,43143,71906,212600000,212600000
2,2126,212600000,212600100,43143,71906,212700000,212700000
2,2127,212700000,212700100,43143,71906,212800000,212800000
2,2128,212800000,212800100,43143,71906,212900000,212900000
2,2129,212900000,212900100,43143,71906,213000000,213000000
2,2130,213000000,213000100,43143,71906,213100000,213100000
2,2131,213100000,213100100,43143,71906,213200000,213200000
2,2132,213200000,213200100,43143,71906,213300000,213300000
2,2133,213300000,213300100,43143,71906,213400000,213400000
2,2134,213400000,213400100,43143,71906,213500000,213500000
2,2135,213500000,213500100,43143,71906,213600000,213600000
2,2136,213600000,213600100,43143,71906,213700000,213700000
2,2137,213700000,213700100,43143,71906,213800000,213800000
2,2138,213800000,213800100,43143,71906,213900000,213900000
2,2139,213900000,213900100,43143,71906,214000000,214000000
2,2140,214000000,214000100,43143,71906,214100000,214100000
2,2141,214100000,214100100,43143,71906,214200000,214200000
2,2142,214200000,214200100,43143,71906,214300000,214300000
2,2143,214300000,214300100,43143,71906,214400000,214400000
2,2144,214400000,214400100,43143,71906,214500000,214500000
2,2145,214500000,214500100,43143,71906,214600000,214600000
2,2146,214600000,214600100,43143,71906,214700000,214700000
2,2147,214700000,214700100,43143,71906,214800000,214800000
2,2148,214800000,214800100,43143,71906,214900000,214900000
2,2149,214900000,214900100,43143,71906,215000000,215000000
2,2150,215000000,215000100,43143,71906,215100000,215100000
2,2151,215100000,215100100,43143,71906,215200000,215200000
2,2152,215200000,215200100,43143,71906,215300000,215300000
2,2153,215300000,215300100,43143,71906,215400000,215400000
2,2154,215400000,215400100,43143,71906,215500000,215500000
2,2155,215500000,215500100,43143,71906,215600000,215600000
2,2156,215600000,215600100,43143,71906,215700000,215700000
2,2157,215700000,215700100,43143,71906,215800000,215800000
2,2158,215800000,215800100,43143,71906,215900000,215900000
2,2159,215900000,215900100,43143,71906,216000000,216000000
2,2160,216000000,216000100,43143,71906,216100000,216100000
2,2161,216100000,216100100,43143,71906,216200000,216200000
2,2162,216200000,216200100,43143,71906,216300000,216300000
2,2163,216300000,216300100,43143,71906,216400000,216400000
2,2164,216400000,216400100,43143,71906,216500000,216500000
2,2165,216500000,216500100,43143,71906,216600000,216600000
2,2166,216600000,216600100,43143,71906,216700000,216700000
2,2167,216700000,216700100,43143,71906,216800000,216800000
2,2168,216800000,216800100,43143,71906,216900000,216900000
2,2169,216900000,216900100,43143,71906,217000000,217000000
2,2170,217000000,217000100,43143,71906,217100000,217100000
2,2171,217100000,217100100,43143,71906,217200000,217200000
2,2172,217200000,217200100,43143,71906,217300000,217300000
2,2173,217300000,217300100,43143,71906,217400000,217400000
2,2174,217400000,217400100,43143,71906,217500000,217500000
2,2175,217500000,217500100,43143,71906,217600000,217600000
2,2176,217600000,217600100,43143,71906,217700000,217700000
2,2177,217700000,217700100,43143,71906,217800000,217800000
2,2178,217800000,217800100,43143,71906,217900000,217900000
2,2179,217900000,217900100,43143,71906,218000000,218000000
2,2180,218000000,218000100,43143,71906,218100000,218100000
2,2181,218100000,218100100,43143,71906,218200000,218200000
2,2182,218200000,218200100,43143,71906,218300000,218300000
2,2183,218300000,218300100,43143,71906,218400000,218400000
2,2184,218400000,218400100,43143,71906,218500000,218500000
2,2185,218500000,218500100,43143,71906,218600000,218600000
2,2186,218600000,218600100,43143,71906,218700000,218700000
2,2187,218700000,218700100,43143,71906,218800000,218800000
2,2188,218800000,218800100,43143,71906,218900000,218900000
2,2189,218900000,218900100,43143,71906,219000000,219000000
2,2190,219000000,219000100,43143,71906,219100000,219100000
2,2191,219100000,219100100,43143,71906,219200000,219200000
2,2192,219200000,219200100,43143,71906,219300000,219300000
2,2193,219300000,219300100,43143,71906,219400000,219400000
2,2194,219400000,219400100,43143,71906,219500000,219500000
2,2195,219500000,219500100,43143,71906,219600000,219600000
2,2196,219600000,219600100,43143,71906,219700000,219700000
2,2197,219700000,219700100,43143,71906,219800000,219800000
2,2198,219800000,219800100,43143,71906,219900000,219900000
2,2199,219900000,219900100,43143,71906,220000000,220000000
2,2200,220000000,220000100,43143,71906,220100000,220100000
2,2201,220100000,220100100,43143,71906,220200000,220200000
2,2202,220200000,220200100,43143,71906,220300000,220300000
2,2203,220300000,220300100,43143,71906,220400000,220400000
2,2204,220400000,220400100,43143,71906,220500000,220500000
2,2205,220500000,220500100,43143,71906,220600000,220600000
2,2206,220600000,220600100,43143,71906,220700000,220700000
2,2207,220700000,220700100,43143,71906,220800000,220800000
2,2208,220800000,220800100,43143,71906,220900000,220900000
2,2209,220900000,220900100,43143,71906,221000000,221000000
2,2210,221000000,221000100,43143,71906,221100000,221100000
2,2211,221100000,221100100,43143,71906,221200000,221200000
2,2212,221200000,221200100,43143,71906,221300000,221300000
2,2213,221300000,221300100,43143,71906,221400000,221400000
2,2214,221400000,221400100,43143,71906,221500000,221500000
2,2215,221500000,221500100,43143,71906,221600000,221600000
2,2216,221600000,221600100,43143,71906,221700000,221700000
2,2217,221700000,221700100,43143,71906,221800000,221800000
2,2218,221800000,221800100,43143,71906,221900000,221900000
2,2219,221900000,221900100,43143,71906,222000000,222000000
2,2220,222000000,222000100,43143,71906,222100000,222100000
2,2221,222100000,222100100,43143,71906,222200000,222200000
2,2222,222200000,222200100,43143,71906,222300000,222300000
2,2223,222300000,222300100,43143,71906,222400000,222400000
2,2224,222400000,222400100,43143,71906,222500000,222500000
2,2225,222500000,222500100,43143,71906,222600000,222600000
2,2226,222600000,222600100,43143,71906,222700000,222700000
2,2227,222700000,222700100,43143,71906,222800000,222800000
2,2228,222800000,222800100,43143,71906,222900000,222900000
2,2229,222900000,222900100,43143,71906,223000000,223000000
2,2230,223000000,223000100,43143,71906,223100000,223100000
2,2231,223100000,223100100,43143,71906,223200000,223200000
2,2232,223200000,223200100,43143,71906,223300000,223300000
2,2233,223300000,223300100,43143,71906,223400000,223400000
2,2234,223400000,223400100,43143,71906,223500000,223500000
2,2235,223500000,223500100,43143,71906,223600000,223600000
2,2236,223600000,223600100,43143,71906,223700000,223700000
2,2237,223700000,223700100,43143,71906,223800000,223800000
2,2238,223800000,223800100,43143,71906,223900000,223900000
2,2239,223900000,223900100,43143,71906,224000000,224000000
2,2240,224000000,224000100,43143,71906,224100000,224100000
2,2241,224100000,224100100,43143,71906,224200000,224200000
2,2242,224200000,224200100,43143,71906,224300000,224300000
2,2243,224300000,224300100,43143,71906,224400000,224400000
2,2244,224400000,224400100,43143,71906,224500000,224500000
2,2245,224500000,224500100,43143,71906,224600000,224600000
2,2246,224600000,224600100,43143,71906,224700000,224700000
2,2247,224700000,224700100,43143,71906,224800000,224800000
2,2248,224800000,224800100,43143,71906,224900000,224900000
2,2249,224900000,224900100,43143,71906,225000000,225000000
2,2250,225000000,225000100,43143,71906,225100000,225100000
2,2251,225100000,225100100,43143,71906,225200000,225200000
2,2252,225200000,225200100,43143,71906,225300000,225300000
2,2253,225300000,225300100,43143,71906,225400000,225400000
2,2254,225400000,225400100,43143,71906,225500000,225500000
2,2255,225500000,225500100,43143,71906,225600000,225600000
2,2256,225600000,225600100,43143,71906,225700000,225700000
2,2257,225700000,225700100,43143,71906,225800000,225800000
2,2258,225800000,225800100,43143,71906,225900000,225900000
2,2259,225900000,225900100,43143,71906,226000000,226000000
2,2260,226000000,226000100,43143,71906,226100000,226100000
2,2261,226100000,226100100,43143,71906,226200000,226200000
2,2262,226200000,226200100,43143,71906,226300000,226300000
2,2263,226300000,226300100,43143,71906,226400000,226400000
2,2264,226400000,226400100,43143,71906,226500000,226500000
2,2265,226500000,226500100,43143,71906,226600000,226600000
2,2266,226600000,226600100,43143,71906,226700000,226700000
2,2267,226700000,226700100,43143,71906,226800000,226800000
2,2268,226800000,226800100,43143,71906,226900000,226900000
2,2269,226900000,226900100,43143,71906,227000000,227000000
2,2270,227000000,227000100,43143,71906,227100000,227100000
2,2271,227100000,227100100,43143,71906,227200000,227200000
2,2272,227200000,227200100,43143,71906,227300000,227300000
2,2273,227300000,227300100,43143,71906,227400000,227400000
2,2274,227400000,227400100,43143,71906,227500000,227500000
2,2275,227500000,227500100,43143,71906,227600000,227600000
2,2276,227600000,227600100,43143,71906,227700000,227700000
2,2277,227700000,227700100,43143,71906,227800000,227800000
2,2278,227800000,227800100,43143,71906,227900000,227900000
2,2279,227900000,227900100,43143,71906,228000000,228000000
2,2280,228000000,228000100,43143,71906,228100000,228100000
2,2281,228100000,228100100,43143,71906,228200000,228200000
2,2282,228200000,228200100,43143,71906,228300000,228300000
2,2283,228300000,228300100,43143,71906,228400000,228400000
2,2284,228400000,228400100,43143,71906,228500000,228500000
2,2285,228500000,228500100,43143,71906,228600000,228600000
2,2286,228600000,228600100,43143,71906,228700000,228700000
2,2287,228700000,228700100,43143,71906,228800000,228800000
2,2288,228800000,228800100,43143,71906,228900000,228900000
2,2289,228900000,228900100,43143,71906,229000000,229000000
2,2290,229000000,229000100,43143,71906,229100000,229100000
2,2291,229100000,229100100,43143,71906,229200000,229200000
2,2292,229200000,229200100,43143,71906,229300000,229300000
2,2293,229300000,229300100,43143,71906,229400000,229400000
2,2294,229400000,229400100,43143,71906,229500000,229500000
2,2295,229500000,229500100,43143,71906,229600000,229600000
2,2296,229600000,229600100,43143,71906,229700000,229700000
2,2297,229700000,229700100,43143,71906,229800000,229800000
2,2298,229800000,229800100,43143,71906,229900000,229900000
2,2299,229900000,229900100,43143,71906,230000000,230000000
2,2300,230000000,230000100,43143,71906,230100000,230100000
2,2301,230100000,230100100,43143,71906,230200000,230200000
2,2302,230200000,230200100,43143,71906,230300000,230300000
2,2303,230300000,230300100,43143,71906,230400000,230400000
2,2304,230400000,230400100,43143,71906,230500000,230500000
2,2305,230500000,230500100,43143,71906,230600000,230600000
2,2306,230600000,230600100,43143,71906,230700000,230700000
2,2307,230700000,230700100,43143,71906,230800000,230800000
2,2308,230800000,230800100,43143,71906,230900000,230900000
2,2309,230900000,230900100,43143,71906,231000000,231000000
2,2310,231000000,231000100,43143,71906,231100000,231100000
2,2311,231100000,231100100,43143,71906,231200000,231200000
2,2312,231200000,231200100,43143,71906,231300000,231300000
2,2313,231300000,231300100,43143,71906,231400000,231400000
2,2314,231400000,231400100,43143,71906,231500000,231500000
2,2315,231500000,231500100,43143,71906,231600000,231600000
2,2316,231600000,231600100,43143,71906,231700000,231700000
2,2317,231700000,231700100,43143,71906,231800000,231800000
2,2318,231800000,231800100,43143,71906,231900000,231900000
2,2319,231900000,231900100,43143,71906,232000000,232000000
2,2320,232000000,232000100,43143,71906,232100000,232100000
2,2321,232100000,232100100,43143,71906,232200000,232200000
2,2322,232200000,232200100,43143,71906,232300000,232300000
2,2323,232300000,232300100,43143,71906,232400000,232400000
2,2324,232400000,232400100,43143,71906,232500000,232500000
2,2325,232500000,232500100,43143,71906,232600000,232600000
2,2326,232600000,232600100,43143,71906,232700000,232700000
2,2327,232700000,232700100,43143,71906,232800000,232800000
2,2328,232800000,232800100,43143,71906,232900000,232900000
2,2329,232900000,232900100,43143,71906,233000000,233000000
2,2330,233000000,233000100,43143,71906,233100000,233100000
2,2331,233100000,233100100,43143,71906,233200000,233200000
2,2332,233200000,233200100,43143,71906,233300000,233300000
2,2333,233300000,233300100,43143,71906,233400000,233400000
2,2334,233400000,233400100,43143,71906,233500000,233500000
2,2335,233500000,233500100,43143,71906,233600000,233600000
2,2336,233600000,233600100,43143,71906,233700000,233700000
2,2337,233700000,233700100,43143,71906,233800000,233800000
2,2338,233800000,233800100,43143,71906,233900000,233900000
2,2339,233900000,233900100,43143,71906,234000000,234000000
2,2340,234000000,234000100,43143,71906,234100000,234100000
2,2341,234100000,234100100,43143,71906,234200000,234200000
2,2342,234200000,234200100,43143,71906,234300000,234300000
2,2343,234300000,234300100,43143,71906,234400000,234400000
2,2344,234400000,234400100,43143,71906,234500000,234500000
2,2345,234500000,234500100,43143,71906,234600000,234600000
2,2346,234600000,234600100,43143,71906,234700000,234700000
2,2347,234700000,234700100,43143,71906,234800000,234800000
2,2348,234800000,234800100,43143,71906,234900000,234900000
2,2349,234900000,234900100,43143,71906,235000000,235000000
2,2350,235000000,235000100,43143,71906,235100000,235100000
2,2351,235100000,235100100,43143,71906,235200000,235200000
2,2352,235200000,235200100,43143,71906,235300000,235300000
2,2353,235300000,235300100,43143,71906,235400000,235400000
2,2354,235400000,235400100,43143,71906,235500000,235500000
2,2355,235500000,235500100,43143,71906,235600000,235600000
2,2356,235600000,235600100,43143,71906,235700000,235700000
2,2357,235700000,235700100,43143,71906,235800000,235800000
2,2358,235800000,235800100,43143,71906,235900000,235900000
2,2359,235900000,235900100,43143,71906,236000000,236000000
2,2360,236000000,236000100,43143,71906,236100000,236100000
2,2361,236100000,236100100,43143,71906,236200000,236200000
2,2362,236200000,236200100,43143,71906,236300000,236300000
2,2363,236300000,236300100,43143,71906,236400000,236400000
2,2364,236400000,236400100,43143,71906,236500000,236500000
2,2365,236500000,236500100,43143,71906,236600000,236600000
2,2366,236600000,236600100,43143,71906,236700000,236700000
2,2367,236700000,236700100,43143,71906,236800000,236800000
2,2368,236800000,236800100,43143,71906,236900000,236900000
2,2369,236900000,236900100,43143,71906,237000000,237000000
2,2370,237000000,237000100,43143,71906,237100000,237100000
2,2371,237100000,237100100,43143,71906,237200000,237200000
2,2372,237200000,237200100,43143,71906,237300000,237300000
2,2373,237300000,237300100,43143,71906,237400000,237400000
2,2374,237400000,237400100,43143,71906,237500000,237500000
2,2375,237500000,237500100,43143,71906,237600000,237600000
2,2376,237600000,237600100,43143,71906,237700000,237700000
2,2377,237700000,237700100,43143,71906,237800000,237800000
2,2378,237800000,237800100,43143,71906,237900000,237900000
2,2379,237900000,237900100,43143,71906,238000000,238000000
2,2380,238000000,238000100,43143,71906,238100000,238100000
2,2381,238100000,238100100,43143,71906,238200000,238200000
2,2382,238200000,238200100,43143,71906,238300000,238300000
2,2383,238300000,238300100,43143,71906,238400000,238400000
2,2384,238400000,238400100,43143,71906,238500000,238500000
2,2385,238500000,238500100,43143,71906,238600000,238600000
2,2386,238600000,238600100,43143,71906,238700000,238700000
2,2387,238700000,238700100,43143,71906,238800000,238800000
2,2388,238800000,238800100,43143,71906,238900000,238900000
2,2389,238900000,238900100,43143,71906,239000000,239000000
2,2390,239000000,239000100,43143,71906,239100000,239100000
2,2391,239100000,239100100,43143,71906,239200000,239200000
2,2392,239200000,239200100,43143,71906,239300000,239300000
2,2393,239300000,239300100,43143,71906,239400000,239400000
2,2394,239400000,239400100,43143,71906,239500000,239500000
2,2395,239500000,239500100,43143,71906,239600000,239600000
2,2396,239600000,239600100,43143,71906,239700000,239700000
2,2397,239700000,239700100,43143,71906,239800000,239800000
2,2398,239800000,239800100,43143,71906,239900000,239900000
2,2399,239900000,239900100,43143,71906,240000000,240000000
2,2400,240000000,240000100,43143,71906,240100000,240100000
2,2401,240100000,240100100,43143,71906,240200000,240200000
2,2402,240200000,240200100,43143,71906,240300000,240300000
2,2403,240300000,240300100,43143,71906,240400000,240400000
2,2404,240400000,240400100,43143,71906,240500000,240500000
2,2405,240500000,240500100,43143,71906,240600000,240600000
2,2406,240600000,240600100,43143,71906,240700000,240700000
2,2407,240700000,240700100,43143,71906,240800000,240800000
2,2408,240800000,240800100,43143,71906,240900000,240900000
2,2409,240900000,240900100,43143,71906,241000000,241000000
2,2410,241000000,241000100,43143,71906,241100000,241100000
2,2411,241100000,241100100,43143,71906,241200000,241200000
2,2412,241200000,241200100,43143,71906,241300000,241300000
2,2413,241300000,241300100,43143,71906,241400000,241400000
2,2414,241400000,241400100,43143,71906,241500000,241500000
2,2415,241500000,241500100,43143,71906,241600000,241600000
2,2416,241600000,241600100,43143,71906,241700000,241700000
2,2417,241700000,241700100,43143,71906,241800000,241800000
2,2418,241800000,241800100,43143,71906,241900000,241900000
2,2419,241900000,241900100,43143,71906,242000000,242000000
2,2420,242000000,242000100,43143,71906,242100000,242100000
2,2421,242100000,242100100,43143,71906,242200000,242200000
2,2422,242200000,242200100,43143,71906,242300000,242300000
2,2423,242300000,242300100,43143,71906,242400000,242400000
2,2424,242400000,242400100,43143,71906,242500000,242500000
2,2425,242500000,242500100,43143,71906,242600000,242600000
2,2426,242600000,242600100,43143,71906,242700000,242700000
2,2427,242700000,242700100,43143,71906,242800000,242800000
2,2428,242800000,242800100,43143,71906,242900000,242900000
2,2429,242900000,242900100,43143,71906,243000000,243000000
2,2430,243000000,243000100,43143,71906,243100000,243100000
2,2431,243100000,243100100,43143,71906,243200000,243200000
2,2432,243200000,243200100,43143,71906,243300000,243300000
2,2433,243300000,243300100,43143,71906,243400000,243400000
2,2434,243400000,243400100,43143,71906,243500000,243500000
2,2435,243500000,243500100,43143,71906,243600000,243600000
2,2436,243600000,243600100,43143,71906,243700000,243700000
2,2437,243700000,243700100,43143,71906,243800000,243800000
2,2438,243800000,243800100,43143,71906,243900000,243900000
2,2439,243900000,243900100,43143,71906,244000000,244000000
2,2440,244000000,244000100,43143,71906,244100000,244100000
2,2441,244100000,244100100,43143,71906,244200000,244200000
2,2442,244200000,244200100,43143,71906,244300000,244300000
2,2443,244300000,244300100,43143,71906,244400000,244400000
2,2444,244400000,244400100,43143,71906,244500000,244500000
2,2445,244500000,244500100,43143,71906,244600000,244600000
2,2446,244600000,244600100,43143,71906,244700000,244700000
2,2447,244700000,244700100,43143,71906,244800000,244800000
2,2448,244800000,244800100,43143,71906,244900000,244900000
2,2449,244900000,244900100,43143,71906,245000000,245000000
2,2450,245000000,245000100,43143,71906,245100000,245100000
2,2451,245100000,245100100,43143,71906,245200000,245200000
2,2452,245200000,245200100,43143,71906,245300000,245300000
2,2453,245300000,245300100,43143,71906,245400000,245400000
2,2454,245400000,245400100,43143,71906,245500000,245500000
2,2455,245500000,245500100,43143,71906,245600000,245600000
2,2456,245600000,245600100,43143,71906,245700000,245700000
2,2457,245700000,245700100,43143,71906,245800000,245800000
2,2458,245800000,245800100,43143,71906,245900000,245900000
2,2459,245900000,245900100,43143,71906,246000000,246000000
2,2460,246000000,246000100,43143,71906,246100000,246100000
2,2461,246100000,246100100,43143,71906,246200000,246200000
2,2462,246200000,246200100,43143,71906,246300000,246300000
2,2463,246300000,246300100,43143,71906,246400000,246400000
2,2464,246400000,246400100,43143,71906,246500000,246500000
2,2465,246500000,246500100,43143,71906,246600000,246600000
2,2466,246600000,246600100,43143,71906,246700000,246700000
2,2467,246700000,246700100,43143,71906,246800000,246800000
2,2468,246800000,246800100,43143,71906,246900000,246900000
2,2469,246900000,246900100,43143,71906,247000000,247000000
2,2470,247000000,247000100,43143,71906,247100000,247100000
2,2471,247100000,247100100,43143,71906,247200000,247200000
2,2472,247200000,247200100,43143,71906,247300000,247300000
2,2473,247300000,247300100,43143,71906,247400000,247400000
2,2474,247400000,247400100,43143,71906,247500000,247500000
2,2475,247500000,247500100,43143,71906,247600000,247600000
2,2476,247600000,247600100,43143,71906,247700000,247700000
2,2477,247700000,247700100,43143,71906,247800000,247800000
2,2478,247800000,247800100,43143,71906,247900000,247900000
2,2479,247900000,247900100,43143,71906,248000000,248000000
2,2480,248000000,248000100,43143,71906,248100000,248100000
2,2481,248100000,248100100,43143,71906,248200000,248200000
2,2482,248200000,248200100,43143,71906,248300000,248300000
2,2483,248300000,248300100,43143,71906,248400000,248400000
2,2484,248400000,248400100,43143,71906,248500000,248500000
2,2485,248500000,248500100,43143,71906,248600000,248600000
2,2486,248600000,248600100,43143,71906,248700000,248700000
2,2487,248700000,248700100,43143,71906,248800000,248800000
2,2488,248800000,248800100,43143,71906,248900000,248900000
2,2489,248900000,248900100,43143,71906,249000000,249000000
2,2490,249000000,249000100,43143,71906,249100000,249100000
2,2491,249100000,249100100,43143,71906,249200000,249200000
2,2492,249200000,249200100,43143,71906,249300000,249300000
2,2493,249300000,249300100,43143,71906,249400000,249400000
2,2494,249400000,249400100,43143,71906,249500000,249500000
2,2495,249500000,249500100,43143,71906,249600000,249600000
2,2496,249600000,249600100,43143,71906,249700000,249700000
2,2497,249700000,249700100,43143,71906,249800000,249800000
2,2498,249800000,249800100,43143,71906,249900000,249900000
2,2499,249900000,249900100,43143,71906,250000000,250000000
2,2500,250000000,250000100,43143,71906,250100000,250100000
2,2501,250100000,250100100,43143,71906,250200000,250200000
2,2502,250200000,250200100,43143,71906,250300000,250300000
2,2503,250300000,250300100,43143,71906,250400000,250400000
2,2504,250400000,250400100,43143,71906,250500000,250500000
2,2505,250500000,250500100,43143,71906,250600000,250600000
2,2506,250600000,250600100,43143,71906,250700000,250700000
2,2507,250700000,250700100,43143,71906,250800000,250800000
2,2508,250800000,250800100,43143,71906,250900000,250900000
2,2509,250900000,250900100,43143,71906,251000000,251000000
2,2510,251000000,251000100,43143,71906,251100000,251100000
2,2511,251100000,251100100,43143,71906,251200000,251200000
2,2512,251200000,251200100,43143,71906,251300000,251300000
2,2513,251300000,251300100,43143,71906,251400000,251400000
2,2514,251400000,251400100,43143,71906,251500000,251500000
2,2515,251500000,251500100,43143,71906,251600000,251600000
2,2516,251600000,251600100,43143,71906,251700000,251700000
2,2517,251700000,251700100,43143,71906,251800000,251800000
2,2518,251800000,251800100,43143,71906,251900000,251900000
2,2519,251900000,251900100,43143,71906,252000000,252000000
2,2520,252000000,252000100,43143,71906,252100000,252100000
2,2521,252100000,252100100,43143,71906,252200000,252200000
2,2522,252200000,252200100,43143,71906,252300000,252300000
2,2523,252300000,252300100,43143,71906,252400000,252400000
2,2524,252400000,252400100,43143,71906,252500000,252500000
2,2525,252500000,252500100,43143,71906,252600000,252600000
2,2526,252600000,252600100,43143,71906,252700000,252700000
2,2527,252700000,252700100,43143,71906,252800000,252800000
2,2528,252800000,252800100,43143,71906,252900000,252900000
2,2529,252900000,252900100,43143,71906,253000000,253000000
2,2530,253000000,253000100,43143,71906,253100000,253100000
2,2531,253100000,253100100,43143,71906,253200000,253200000
2,2532,253200000,253200100,43143,71906,253300000,253300000
2,2533,253300000,253300100,43143,71906,253400000,253400000
2,2534,253400000,253400100,43143,71906,253500000,253500000
2,2535,253500000,253500100,43143,71906,253600000,253600000
2,2536,253600000,253600100,43143,71906,253700000,253700000
2,2537,253700000,253700100,43143,71906,253800000,253800000
2,2538,253800000,253800100,43143,71906,253900000,253900000
2,2539,253900000,253900100,43143,71906,254000000,254000000
2,2540,254000000,254000100,43143,71906,254100000,254100000
2,2541,254100000,254100100,43143,71906,254200000,254200000
2,2542,254200000,254200100,43143,71906,254300000,254300000
2,2543,254300000,254300100,43143,71906,254400000,254400000
2,2544,254400000,254400100,43143,71906,254500000,254500000
2,2545,254500000,254500100,43143,71906,254600000,254600000
2,2546,254600000,254600100,43143,71906,254700000,254700000
2,2547,254700000,254700100,43143,71906,254800000,254800000
2,2548,254800000,254800100,43143,71906,254900000,254900000
2,2549,254900000,254900100,43143,71906,255000000,255000000
2,2550,255000000,255000100,43143,71906,255100000,255100000
2,2551,255100000,255100100,43143,71906,255200000,255200000
2,2552,255200000,255200100,43143,71906,255300000,255300000
2,2553,255300000,255300100,43143,71906,255400000,255400000
2,2554,255400000,255400100,43143,71906,255500000,255500000
2,2555,255500000,255500100,43143,71906,255600000,255600000
2,2556,255600000,255600100,43143,71906,255700000,255700000
2,2557,255700000,255700100,43143,71906,255800000,255800000
2,2558,255800000,255800100,43143,71906,255900000,255900000
2,2559,255900000,255900100,43143,71906,256000000,256000000
2,2560,256000000,256000100,43143,71906,256100000,256100000
2,2561,256100000,256100100,43143,71906,256200000,256200000
2,2562,256200000,256200100,43143,71906,256300000,256300000
2,2563,256300000,256300100,43143,71906,256400000,256400000
2,2564,256400000,256400100,43143,71906,256500000,256500000
2,2565,256500000,256500100,43143,71906,256600000,256600000
2,2566,256600000,256600100,43143,71906,256700000,256700000
2,2567,256700000,256700100,43143,71906,256800000,256800000
2,2568,256800000,256800100,43143,71906,256900000,256900000
2,2569,256900000,256900100,43143,71906,257000000,257000000
2,2570,257000000,257000100,43143,71906,257100000,257100000
2,2571,257100000,257100100,43143,71906,257200000,257200000
2,2572,257200000,257200100,43143,71906,257300000,257300000
2,2573,257300000,257300100,43143,71906,257400000,257400000
2,2574,257400000,257400100,43143,71906,257500000,257500000
2,2575,257500000,257500100,43143,71906,257600000,257600000
2,2576,257600000,257600100,43143,71906,257700000,257700000
2,2577,257700000,257700100,43143,71906,257800000,257800000
2,2578,257800000,257800100,43143,71906,257900000,257900000
2,2579,257900000,257900100,43143,71906,258000000,258000000
2,2580,258000000,258000100,43143,71906,258100000,258100000
2,2581,258100000,258100100,43143,71906,258200000,258200000
2,2582,258200000,258200100,43143,71906,258300000,258300000
2,2583,258300000,258300100,43143,71906,258400000,258400000
2,2584,258400000,258400100,43143,71906,258500000,258500000
2,2585,258500000,258500100,43143,71906,258600000,258600000
2,2586,258600000,258600100,43143,71906,258700000,258700000
2,2587,258700000,258700100,43143,71906,258800000,258800000
2,2588,258800000,258800100,43143,71906,258900000,258900000
2,2589,258900000,258900100,43143,71906,259000000,259000000
2,2590,259000000,259000100,43143,71906,259100000,259100000
2,2591,259100000,259100100,43143,71906,259200000,259200000
2,2592,259200000,259200100,43143,71906,259300000,259300000
2,2593,259300000,259300100,43143,71906,259400000,259400000
2,2594,259400000,259400100,43143,71906,259500000,259500000
2,2595,259500000,259500100,43143,71906,259600000,259600000
2,2596,259600000,259600100,43143,71906,259700000,259700000
2,2597,259700000,259700100,43143,71906,259800000,259800000
2,2598,259800000,259800100,43143,71906,259900000,259900000
2,2599,259900000,259900100,43143,71906,260000000,260000000
2,2600,260000000,260000100,43143,71906,260100000,260100000
2,2601,260100000,260100100,43143,71906,260200000,260200000
2,2602,260200000,260200100,43143,71906,260300000,260300000
2,2603,260300000,260300100,43143,71906,260400000,260400000
2,2604,260400000,260400100,43143,71906,260500000,260500000
2,2605,260500000,260500100,43143,71906,260600000,260600000
2,2606,260600000,260600100,43143,71906,260700000,260700000
2,2607,260700000,260700100,43143,71906,260800000,260800000
2,2608,260800000,260800100,43143,71906,260900000,260900000
2,2609,260900000,260900100,43143,71906,261000000,261000000
2,2610,261000000,261000100,43143,71906,261100000,261100000
2,2611,261100000,261100100,43143,71906,261200000,261200000
2,2612,261200000,261200100,43143,71906,261300000,261300000
2,2613,261300000,261300100,43143,71906,261400000,261400000
2,2614,261400000,261400100,43143,71906,261500000,261500000
2,2615,261500000,261500100,43143,71906,261600000,261600000
2,2616,261600000,261600100,43143,71906,261700000,261700000
2,2617,261700000,261700100,43143,71906,261800000,261800000
2,2618,261800000,261800100,43143,71906,261900000,261900000
2,2619,261900000,261900100,43143,71906,262000000,262000000
2,2620,262000000,262000100,43143,71906,262100000,262100000
2,2621,262100000,262100100,43143,71906,262200000,262200000
2,2622,262200000,262200100,43143,71906,262300000,262300000
2,2623,262300000,262300100,43143,71906,262400000,262400000
2,2624,262400000,262400100,43143,71906,262500000,262500000
2,2625,262500000,262500100,43143,71906,262600000,262600000
2,2626,262600000,262600100,43143,71906,262700000,262700000
2,2627,262700000,262700100,43143,71906,262800000,262800000
2,2628,262800000,262800100,43143,71906,262900000,262900000
2,2629,262900000,262900100,43143,71906,263000000,263000000
2,2630,263000000,263000100,43143,71906,263100000,263100000
2,2631,263100000,263100100,43143,71906,263200000,263200000
2,2632,263200000,263200100,43143,71906,263300000,263300000
2,2633,263300000,263300100,43143,71906,263400000,263400000
2,2634,263400000,263400100,43143,71906,263500000,263500000
2,2635,263500000,263500100,43143,71906,263600000,263600000
2,2636,263600000,263600100,43143,71906,263700000,263700000
2,2637,263700000,263700100,43143,71906,263800000,263800000
2,2638,263800000,263800100,43143,71906,263900000,263900000
2,2639,263900000,263900100,43143,71906,264000000,264000000
2,2640,264000000,264000100,43143,71906,264100000,264100000
2,2641,264100000,264100100,43143,71906,264200000,264200000
2,2642,264200000,264200100,43143,71906,264300000,264300000
2,2643,264300000,264300100,43143,71906,264400000,264400000
2,2644,264400000,264400100,43143,71906,264500000,264500000
2,2645,264500000,264500100,43143,71906,264600000,264600000
2,2646,264600000,264600100,43143,71906,264700000,264700000
2,2647,264700000,264700100,43143,71906,264800000,264800000
2,2648,264800000,264800100,43143,71906,264900000,264900000
2,2649,264900000,264900100,43143,71906,265000000,265000000
2,2650,265000000,265000100,43143,71906,265100000,265100000
2,2651,265100000,265100100,43143,71906,265200000,265200000
2,2652,265200000,265200100,43143,71906,265300000,265300000
2,2653,265300000,265300100,43143,71906,265400000,265400000
2,2654,265400000,265400100,43143,71906,265500000,265500000
2,2655,265500000,265500100,43143,71906,265600000,265600000
2,2656,265600000,265600100,43143,71906,265700000,265700000
2,2657,265700000,265700100,43143,71906,265800000,265800000
2,2658,265800000,265800100,43143,71906,265900000,265900000
2,2659,265900000,265900100,43143,71906,266000000,266000000
2,2660,266000000,266000100,43143,71906,266100000,266100000
2,2661,266100000,266100100,43143,71906,266200000,266200000
2,2662,266200000,266200100,43143,71906,266300000,266300000
2,2663,266300000,266300100,43143,71906,266400000,266400000
2,2664,266400000,266400100,43143,71906,266500000,266500000
2,2665,266500000,266500100,43143,71906,266600000,266600000
2,2666,266600000,266600100,43143,71906,266700000,266700000
2,2667,266700000,266700100,43143,71906,266800000,266800000
2,2668,266800000,266800100,43143,71906,266900000,266900000
2,2669,266900000,266900100,43143,71906,267000000,267000000
2,2670,267000000,267000100,43143,71906,267100000,267100000
2,2671,267100000,267100100,43143,71906,267200000,267200000
2,2672,267200000,267200100,43143,71906,267300000,267300000
2,2673,267300000,267300100,43143,71906,267400000,267400000
2,2674,267400000,267400100,43143,71906,267500000,267500000
2,2675,267500000,267500100,43143,71906,267600000,267600000
2,2676,267600000,267600100,43143,71906,267700000,267700000
2,2677,267700000,267700100,43143,71906,267800000,267800000
2,2678,267800000,267800100,43143,71906,267900000,267900000
2,2679,267900000,267900100,43143,71906,268000000,268000000
2,2680,268000000,268000100,43143,71906,268100000,268100000
2,2681,268100000,268100100,43143,71906,268200000,268200000
2,2682,268200000,268200100,43143,71906,268300000,268300000
2,2683,268300000,268300100,43143,71906,268400000,268400000
2,2684,268400000,268400100,43143,71906,268500000,268500000
2,2685,268500000,268500100,43143,71906,268600000,268600000
2,2686,268600000,268600100,43143,71906,268700000,268700000
2,2687,268700000,268700100,43143,71906,268800000,268800000
2,2688,268800000,268800100,43143,71906,268900000,268900000
2,2689,268900000,268900100,43143,71906,269000000,269000000
2,2690,269000000,269000100,43143,71906,269100000,269100000
2,2691,269100000,269100100,43143,71906,269200000,269200000
2,2692,269200000,269200100,43143,71906,269300000,269300000
2,2693,269300000,269300100,43143,71906,269400000,269400000
2,2694,269400000,269400100,43143,71906,269500000,269500000
2,2695,269500000,269500100,43143,71906,269600000,269600000
2,2696,269600000,269600100,43143,71906,269700000,269700000
2,2697,269700000,269700100,43143,71906,269800000,269800000
2,2698,269800000,269800100,43143,71906,269900000,269900000
2,2699,269900000,269900100,43143,71906,270000000,270000000
2,2700,270000000,270000100,43143,71906,270100000,270100000
2,2701,270100000,270100100,43143,71906,270200000,270200000
2,2702,270200000,270200100,43143,71906,270300000,270300000
2,2703,270300000,270300100,43143,71906,270400000,270400000
2,2704,270400000,270400100,43143,71906,270500000,270500000
2,2705,270500000,270500100,43143,71906,270600000,270600000
2,2706,270600000,270600100,43143,71906,270700000,270700000
2,2707,270700000,270700100,43143,71906,270800000,270800000
2,2708,270800000,270800100,43143,71906,270900000,270900000
2,2709,270900000,270900100,43143,71906,271000000,271000000
2,2710,271000000,271000100,43143,71906,271100000,271100000
2,2711,271100000,271100100,43143,71906,271200000,271200000
2,2712,271200000,271200100,43143,71906,271300000,271300000
2,2713,271300000,271300100,43143,71906,271400000,271400000
2,2714,271400000,271400100,43143,71906,271500000,271500000
2,2715,271500000,271500100,43143,71906,271600000,271600000
2,2716,271600000,271600100,43143,71906,271700000,271700000
2,2717,271700000,271700100,43143,71906,271800000,271800000
2,2718,271800000,271800100,43143,71906,271900000,271900000
2,2719,271900000,271900100,43143,71906,272000000,272000000
2,2720,272000000,272000100,43143,71906,272100000,272100000
2,2721,272100000,272100100,43143,71906,272200000,272200000
2,2722,272200000,272200100,43143,71906,272300000,272300000
2,2723,272300000,272300100,43143,71906,272400000,272400000
2,2724,272400000,272400100,43143,71906,272500000,272500000
2,2725,272500000,272500100,43143,71906,272600000,272600000
2,2726,272600000,272600100,43143,71906,272700000,272700000
2,2727,272700000,272700100,43143,71906,272800000,272800000
2,2728,272800000,272800100,43143,71906,272900000,272900000
2,2729,272900000,272900100,43143,71906,273000000,273000000
2,2730,273000000,273000100,43143,71906,273100000,273100000
2,2731,273100000,273100100,43143,71906,273200000,273200000
2,2732,273200000,273200100,43143,71906,273300000,273300000
2,2733,273300000,273300100,43143,71906,273400000,273400000
2,2734,273400000,273400100,43143,71906,273500000,273500000
2,2735,273500000,273500100,43143,71906,273600000,273600000
2,2736,273600000,273600100,43143,71906,273700000,273700000
2,2737,273700000,273700100,43143,71906,273800000,273800000
2,2738,273800000,273800100,43143,71906,273900000,273900000
2,2739,273900000,273900100,43143,71906,274000000,274000000
2,2740,274000000,274000100,43143,71906,274100000,274100000
2,2741,274100000,274100100,43143,71906,274200000,274200000
2,2742,274200000,274200100,43143,71906,274300000,274300000
2,2743,274300000,274300100,43143,71906,274400000,274400000
2,2744,274400000,274400100,43143,71906,274500000,274500000
2,2745,274500000,274500100,43143,71906,274600000,274600000
2,2746,274600000,274600100,43143,71906,274700000,274700000
2,2747,274700000,274700100,43143,71906,274800000,274800000
2,2748,274800000,274800100,43143,71906,274900000,274900000
2,2749,274900000,274900100,43143,71906,275000000,275000000
2,2750,275000000,275000100,43143,71906,275100000,275100000
2,2751,275100000,275100100,43143,71906,275200000,275200000
2,2752,275200000,275200100,43143,71906,275300000,275300000
2,2753,275300000,275300100,43143,71906,275400000,275400000
2,2754,275400000,275400100,43143,71906,275500000,275500000
2,2755,275500000,275500100,43143,71906,275600000,275600000
2,2756,275600000,275600100,43143,71906,275700000,275700000
2,2757,275700000,275700100,43143,71906,275800000,275800000
2,2758,275800000,275800100,43143,71906,275900000,275900000
2,2759,275900000,275900100,43143,71906,276000000,276000000
2,2760,276000000,276000100,43143,71906,276100000,276100000
2,2761,276100000,276100100,43143,71906,276200000,276200000
2,2762,276200000,276200100,43143,71906,276300000,276300000
2,2763,276300000,276300100,43143,71906,276400000,276400000
2,2764,276400000,276400100,43143,71906,276500000,276500000
2,2765,276500000,276500100,43143,71906,276600000,276600000
2,2766,276600000,276600100,43143,71906,276700000,276700000
2,2767,276700000,276700100,43143,71906,276800000,276800000
2,2768,276800000,276800100,43143,71906,276900000,276900000
2,2769,276900000,276900100,43143,71906,277000000,277000000
2,2770,277000000,277000100,43143,71906,277100000,277100000
2,2771,277100000,277100100,43143,71906,277200000,277200000
2,2772,277200000,277200100,43143,71906,277300000,277300000
2,2773,277300000,277300100,43143,71906,277400000,277400000
2,2774,277400000,277400100,43143,71906,277500000,277500000
2,2775,277500000,277500100,43143,71906,277600000,277600000
2,2776,277600000,277600100,43143,71906,277700000,277700000
2,2777,277700000,277700100,43143,71906,277800000,277800000
2,2778,277800000,277800100,43143,71906,277900000,277900000
2,2779,277900000,277900100,43143,71906,278000000,278000000
2,2780,278000000,278000100,43143,71906,278100000,278100000
2,2781,278100000,278100100,43143,71906,278200000,278200000
2,2782,278200000,278200100,43143,71906,278300000,278300000
2,2783,278300000,278300100,43143,71906,278400000,278400000
2,2784,278400000,278400100,43143,71906,278500000,278500000
2,2785,278500000,278500100,43143,71906,278600000,278600000
2,2786,278600000,278600100,43143,71906,278700000,278700000
2,2787,278700000,278700100,43143,71906,278800000,278800000
2,2788,278800000,278800100,43143,71906,278900000,278900000
2,2789,278900000,278900100,43143,71906,279000000,279000000
2,2790,279000000,279000100,43143,71906,279100000,279100000
2,2791,279100000,279100100,43143,71906,279200000,279200000
2,2792,279200000,279200100,43143,71906,279300000,279300000
2,2793,279300000,279300100,43143,71906,279400000,279400000
2,2794,279400000,279400100,43143,71906,279500000,279500000
2,2795,279500000,279500100,43143,71906,279600000,279600000
2,2796,279600000,279600100,43143,71906,279700000,279700000
2,2797,279700000,279700100,43143,71906,279800000,279800000
2,2798,279800000,279800100,43143,71906,279900000,279900000
2,2799,279900000,279900100,43143,71906,280000000,280000000
2,2800,280000000,280000100,43143,71906,280100000,280100000
2,2801,280100000,280100100,43143,71906,280200000,280200000
2,2802,280200000,280200100,43143,71906,280300000,280300000
2,2803,280300000,280300100,43143,71906,280400000,280400000
2,2804,280400000,280400100,43143,71906,280500000,280500000
2,2805,280500000,280500100,43143,71906,280600000,280600000
2,2806,280600000,280600100,43143,71906,280700000,280700000
2,2807,280700000,280700100,43143,71906,280800000,280800000
2,2808,280800000,280800100,43143,71906,280900000,280900000
2,2809,280900000,280900100,43143,71906,281000000,281000000
2,2810,281000000,281000100,43143,71906,281100000,281100000
2,2811,281100000,281100100,43143,71906,281200000,281200000
2,2812,281200000,281200100,43143,71906,281300000,281300000
2,2813,281300000,281300100,43143,71906,281400000,281400000
2,2814,281400000,281400100,43143,71906,281500000,281500000
2,2815,281500000,281500100,43143,71906,281600000,281600000
2,2816,281600000,281600100,43143,71906,281700000,281700000
2,2817,281700000,281700100,43143,71906,281800000,281800000
2,2818,281800000,281800100,43143,71906,281900000,281900000
2,2819,281900000,281900100,43143,71906,282000000,282000000
2,2820,282000000,282000100,43143,71906,282100000,282100000
2,2821,282100000,282100100,43143,71906,282200000,282200000
2,2822,282200000,282200100,43143,71906,282300000,282300000
2,2823,282300000,282300100,43143,71906,282400000,282400000
2,2824,282400000,282400100,43143,71906,282500000,282500000
2,2825,282500000,282500100,43143,71906,282600000,282600000
2,2826,282600000,282600100,43143,71906,282700000,282700000
2,2827,282700000,282700100,43143,71906,282800000,282800000
2,2828,282800000,282800100,43143,71906,282900000,282900000
2,2829,282900000,282900100,43143,71906,283000000,283000000
2,2830,283000000,283000100,43143,71906,283100000,283100000
2,2831,283100000,283100100,43143,71906,283200000,283200000
2,2832,283200000,283200100,43143,71906,283300000,283300000
2,2833,283300000,283300100,43143,71906,283400000,283400000
2,2834,283400000,283400100,43143,71906,283500000,283500000
2,2835,283500000,283500100,43143,71906,283600000,283600000
2,2836,283600000,283600100,43143,71906,283700000,283700000
2,2837,283700000,283700100,43143,71906,283800000,283800000
2,2838,283800000,283800100,43143,71906,283900000,283900000
2,2839,283900000,283900100,43143,71906,284000000,284000000
2,2840,284000000,284000100,43143,71906,284100000,284100000
2,2841,284100000,284100100,43143,71906,284200000,284200000
2,2842,284200000,284200100,43143,71906,284300000,284300000
2,2843,284300000,284300100,43143,71906,284400000,284400000
2,2844,284400000,284400100,43143,71906,284500000,284500000
2,2845,284500000,284500100,43143,71906,284600000,284600000
2,2846,284600000,284600100,43143,71906,284700000,284700000
2,2847,284700000,284700100,43143,71906,284800000,284800000
2,2848,284800000,284800100,43143,71906,284900000,284900000
2,2849,284900000,284900100,43143,71906,285000000,285000000
2,2850,285000000,285000100,43143,71906,285100000,285100000
2,2851,285100000,285100100,43143,71906,285200000,285200000
2,2852,285200000,285200100,43143,71906,285300000,285300000
2,2853,285300000,285300100,43143,71906,285400000,285400000
2,2854,285400000,285400100,43143,71906,285500000,285500000
2,2855,285500000,285500100,43143,71906,285600000,285600000
2,2856,285600000,285600100,43143,71906,285700000,285700000
2,2857,285700000,285700100,43143,71906,285800000,285800000
2,2858,285800000,285800100,43143,71906,285900000,285900000
2,2859,285900000,285900100,43143,71906,286000000,286000000
2,2860,286000000,286000100,43143,71906,286100000,286100000
2,2861,286100000,286100100,43143,71906,286200000,286200000
2,2862,286200000,286200100,43143,71906,286300000,286300000
2,2863,286300000,286300100,43143,71906,286400000,286400000
2,2864,286400000,286400100,43143,71906,286500000,286500000
2,2865,286500000,286500100,43143,71906,286600000,286600000
2,2866,286600000,286600100,43143,71906,286700000,286700000
2,2867,286700000,286700100,43143,71906,286800000,286800000
2,2868,286800000,286800100,43143,71906,286900000,286900000
2,2869,286900000,286900100,43143,71906,287000000,287000000
2,2870,287000000,287000100,43143,71906,287100000,287100000
2,2871,287100000,287100100,43143,71906,287200000,287200000
2,2872,287200000,287200100,43143,71906,287300000,287300000
2,2873,287300000,287300100,43143,71906,287400000,287400000
2,2874,287400000,287400100,43143,71906,287500000,287500000
2,2875,287500000,287500100,43143,71906,287600000,287600000
2,2876,287600000,287600100,43143,71906,287700000,287700000
2,2877,287700000,287700100,43143,71906,287800000,287800000
2,2878,287800000,287800100,43143,71906,287900000,287900000
2,2879,287900000,287900100,43143,71906,288000000,288000000
2,2880,288000000,288000100,43143,71906,288100000,288100000
2,2881,288100000,288100100,43143,71906,288200000,288200000
2,2882,288200000,288200100,43143,71906,288300000,288300000
2,2883,288300000,288300100,43143,71906,288400000,288400000
2,2884,288400000,288400100,43143,71906,288500000,288500000
2,2885,288500000,288500100,43143,71906,288600000,288600000
2,2886,288600000,288600100,43143,71906,288700000,288700000
2,2887,288700000,288700100,43143,71906,288800000,288800000
2,2888,288800000,288800100,43143,71906,288900000,288900000
2,2889,288900000,288900100,43143,71906,289000000,289000000
2,2890,289000000,289000100,43143,71906,289100000,289100000
2,2891,289100000,289100100,43143,71906,289200000,289200000
2,2892,289200000,289200100,43143,71906,289300000,289300000
2,2893,289300000,289300100,43143,71906,289400000,289400000
2,2894,289400000,289400100,43143,71906,289500000,289500000
2,2895,289500000,289500100,43143,71906,289600000,289600000
2,2896,289600000,289600100,43143,71906,289700000,289700000
2,2897,289700000,289700100,43143,71906,289800000,289800000
2,2898,289800000,289800100,43143,71906,289900000,289900000
2,2899,289900000,289900100,43143,71906,290000000,290000000
2,2900,290000000,290000100,43143,71906,290100000,290100000
2,2901,290100000,290100100,43143,71906,290200000,290200000
2,2902,290200000,290200100,43143,71906,290300000,290300000
2,2903,290300000,290300100,43143,71906,290400000,290400000
2,2904,290400000,290400100,43143,71906,290500000,290500000
2,2905,290500000,290500100,43143,71906,290600000,290600000
2,2906,290600000,290600100,43143,71906,290700000,290700000
2,2907,290700000,290700100,43143,71906,290800000,290800000
2,2908,290800000,290800100,43143,71906,290900000,290900000
2,2909,290900000,290900100,43143,71906,291000000,291000000
2,2910,291000000,291000100,43143,71906,291100000,291100000
2,2911,291100000,291100100,43143,71906,291200000,291200000
2,2912,291200000,291200100,43143,71906,291300000,291300000
2,2913,291300000,291300100,43143,71906,291400000,291400000
2,2914,291400000,291400100,43143,71906,291500000,291500000
2,2915,291500000,291500100,43143,71906,291600000,291600000
2,2916,291600000,291600100,43143,71906,291700000,291700000
2,2917,291700000,291700100,43143,71906,291800000,291800000
2,2918,291800000,291800100,43143,71906,291900000,291900000
2,2919,291900000,291900100,43143,71906,292000000,292000000
2,2920,292000000,292000100,43143,71906,292100000,292100000
2,2921,292100000,292100100,43143,71906,292200000,292200000
2,2922,292200000,292200100,43143,71906,292300000,292300000
2,2923,292300000,292300100,43143,71906,292400000,292400000
2,2924,292400000,292400100,43143,71906,292500000,292500000
2,2925,292500000,292500100,43143,71906,292600000,292600000
2,2926,292600000,292600100,43143,71906,292700000,292700000
2,2927,292700000,292700100,43143,71906,292800000,292800000
2,2928,292800000,292800100,43143,71906,292900000,292900000
2,2929,292900000,292900100,43143,71906,293000000,293000000
2,2930,293000000,293000100,43143,71906,293100000,293100000
2,2931,293100000,293100100,43143,71906,293200000,293200000
2,2932,293200000,293200100,43143,71906,293300000,293300000
2,2933,293300000,293300100,43143,71906,293400000,293400000
2,2934,293400000,293400100,43143,71906,293500000,293500000
2,2935,293500000,293500100,43143,71906,293600000,293600000
2,2936,293600000,293600100,43143,71906,293700000,293700000
2,2937,293700000,293700100,43143,71906,293800000,293800000
2,2938,293800000,293800100,43143,71906,293900000,293900000
2,2939,293900000,293900100,43143,71906,294000000,294000000
2,2940,294000000,294000100,43143,71906,294100000,294100000
2,2941,294100000,294100100,43143,71906,294200000,294200000
2,2942,294200000,294200100,43143,71906,294300000,294300000
2,2943,294300000,294300100,43143,71906,294400000,294400000
2,2944,294400000,294400100,43143,71906,294500000,294500000
2,2945,294500000,294500100,43143,71906,294600000,294600000
2,2946,294600000,294600100,43143,71906,294700000,294700000
2,2947,294700000,294700100,43143,71906,294800000,294800000
2,2948,294800000,294800100,43143,71906,294900000,294900000
2,2949,294900000,294900100,43143,71906,295000000,295000000
2,2950,295000000,295000100,43143,71906,295100000,295100000
2,2951,295100000,295100100,43143,71906,295200000,295200000
2,2952,295200000,295200100,43143,71906,295300000,295300000
2,2953,295300000,295300100,43143,71906,295400000,295400000
2,2954,295400000,295400100,43143,71906,295500000,295500000
2,2955,295500000,295500100,43143,71906,295600000,295600000
2,2956,295600000,295600100,43143,71906,295700000,295700000
2,2957,295700000,295700100,43143,71906,295800000,295800000
2,2958,295800000,295800100,43143,71906,295900000,295900000
2,2959,295900000,295900100,43143,71906,296000000,296000000
2,2960,296000000,296000100,43143,71906,296100000,296100000
2,2961,296100000,296100100,43143,71906,296200000,296200000
2,2962,296200000,296200100,43143,71906,296300000,296300000
2,2963,296300000,296300100,43143,71906,296400000,296400000
2,2964,296400000,296400100,43143,71906,296500000,296500000
2,2965,296500000,296500100,43143,71906,296600000,296600000
2,2966,296600000,296600100,43143,71906,296700000,296700000
2,2967,296700000,296700100,43143,71906,296800000,296800000
2,2968,296800000,296800100,43143,71906,296900000,296900000
2,2969,296900000,296900100,43143,71906,297000000,297000000
2,2970,297000000,297000100,43143,71906,297100000,297100000
2,2971,297100000,297100100,43143,71906,297200000,297200000
2,2972,297200000,297200100,43143,71906,297300000,297300000
2,2973,297300000,297300100,43143,71906,297400000,297400000
2,2974,297400000,297400100,43143,71906,297500000,297500000
2,2975,297500000,297500100,43143,71906,297600000,297600000
2,2976,297600000,297600100,43143,71906,297700000,297700000
2,2977,297700000,297700100,43143,71906,297800000,297800000
2,2978,297800000,297800100,43143,71906,297900000,297900000
2,2979,297900000,297900100,43143,71906,298000000,298000000
2,2980,298000000,298000100,43143,71906,298100000,298100000
2,2981,298100000,298100100,43143,71906,298200000,298200000
2,2982,298200000,298200100,43143,71906,298300000,298300000
2,2983,298300000,298300100,43143,71906,298400000,298400000
2,2984,298400000,298400100,43143,71906,298500000,298500000
2,2985,298500000,298500100,43143,71906,298600000,298600000
2,2986,298600000,298600100,43143,71906,298700000,298700000
2,2987,298700000,298700100,43143,71906,298800000,298800000
2,2988,298800000,298800100,43143,71906,298900000,298900000
2,2989,298900000,298900100,43143,71906,299000000,299000000
2,2990,299000000,299000100,43143,71906,299100000,299100000
2,2991,299100000,299100100,43143,71906,299200000,299200000
2,2992,299200000,299200100,43143,71906,299300000,299300000
2,2993,299300000,299300100,43143,71906,299400000,299400000
2,2994,299400000,299400100,43143,71906,299500000,299500000
2,2995,299500000,299500100,43143,71906,299600000,299600000
2,2996,299600000,299600100,43143,71906,299700000,299700000
2,2997,299700000,299700100,43143,71906,299800000,299800000
2,2998,299800000,299800100,43143,71906,299900000,299900000
2,2999,299900000,299900100,43143,71906,300000000,300000000
2,3000,300000000,300000100,43143,71906,300100000,300100000
2,3001,300100000,300100100,43143,71906,300200000,300200000
2,3002,300200000,300200100,43143,71906,300300000,300300000
2,3003,300300000,300300100,43143,71906,300400000,300400000
2,3004,300400000,300400100,43143,71906,300500000,300500000
2,3005,300500000,300500100,43143,71906,300600000,300600000
2,3006,300600000,300600100,43143,71906,300700000,300700000
2,3007,300700000,300700100,43143,71906,300800000,300800000
2,3008,300800000,300800100,43143,71906,300900000,300900000
2,3009,300900000,300900100,43143,71906,301000000,301000000
2,3010,301000000,301000100,43143,71906,301100000,301100000
2,3011,301100000,301100100,43143,71906,301200000,301200000
2,3012,301200000,301200100,43143,71906,301300000,301300000
2,3013,301300000,301300100,43143,71906,301400000,301400000
2,3014,301400000,301400100,43143,71906,301500000,301500000
2,3015,301500000,301500100,43143,71906,301600000,301600000
2,3016,301600000,301600100,43143,71906,301700000,301700000
2,3017,301700000,301700100,43143,71906,301800000,301800000
2,3018,301800000,301800100,43143,71906,301900000,301900000
2,3019,301900000,301900100,43143,71906,302000000,302000000
2,3020,302000000,302000100,43143,71906,302100000,302100000
2,3021,302100000,302100100,43143,71906,302200000,302200000
2,3022,302200000,302200100,43143,71906,302300000,302300000
2,3023,302300000,302300100,43143,71906,302400000,302400000
2,3024,302400000,302400100,43143,71906,302500000,302500000
2,3025,302500000,302500100,43143,71906,302600000,302600000
2,3026,302600000,302600100,43143,71906,302700000,302700000
2,3027,302700000,302700100,43143,71906,302800000,302800000
2,3028,302800000,302800100,43143,71906,302900000,302900000
2,3029,302900000,302900100,43143,71906,303000000,303000000
2,3030,303000000,303000100,43143,71906,303100000,303100000
2,3031,303100000,303100100,43143,71906,303200000,303200000
2,3032,303200000,303200100,43143,71906,303300000,303300000
2,3033,303300000,303300100,43143,71906,303400000,303400000
2,3034,303400000,303400100,43143,71906,303500000,303500000
2,3035,303500000,303500100,43143,71906,303600000,303600000
2,3036,303600000,303600100,43143,71906,303700000,303700000
2,3037,303700000,303700100,43143,71906,303800000,303800000
2,3038,303800000,303800100,43143,71906,303900000,303900000
2,3039,303900000,303900100,43143,71906,304000000,304000000
2,3040,304000000,304000100,43143,71906,304100000,304100000
2,3041,304100000,304100100,43143,71906,304200000,304200000
2,3042,304200000,304200100,43143,71906,304300000,304300000
2,3043,304300000,304300100,43143,71906,304400000,304400000
2,3044,304400000,304400100,43143,71906,304500000,304500000
2,3045,304500000,304500100,43143,71906,304600000,304600000
2,3046,304600000,304600100,43143,71906,304700000,304700000
2,3047,304700000,304700100,43143,71906,304800000,304800000
2,3048,304800000,304800100,43143,71906,304900000,304900000
2,3049,304900000,304900100,43143,71906,305000000,305000000
2,3050,305000000,305000100,43143,71906,305100000,305100000
2,3051,305100000,305100100,43143,71906,305200000,305200000
2,3052,305200000,305200100,43143,71906,305300000,305300000
2,3053,305300000,305300100,43143,71906,305400000,305400000
2,3054,305400000,305400100,43143,71906,305500000,305500000
2,3055,305500000,305500100,43143,71906,305600000,305600000
2,3056,305600000,305600100,43143,71906,305700000,305700000
2,3057,305700000,305700100,43143,71906,305800000,305800000
2,3058,305800000,305800100,43143,71906,305900000,305900000
2,3059,305900000,305900100,43143,71906,306000000,306000000
2,3060,306000000,306000100,43143,71906,306100000,306100000
2,3061,306100000,306100100,43143,71906,306200000,306200000
2,3062,306200000,306200100,43143,71906,306300000,306300000
2,3063,306300000,306300100,43143,71906,306400000,306400000
2,3064,306400000,306400100,43143,71906,306500000,306500000
2,3065,306500000,306500100,43143,71906,306600000,306600000
2,3066,306600000,306600100,43143,71906,306700000,306700000
2,3067,306700000,306700100,43143,71906,306800000,306800000
2,3068,306800000,306800100,43143,71906,306900000,306900000
2,3069,306900000,306900100,43143,71906,307000000,307000000
2,3070,307000000,307000100,43143,71906,307100000,307100000
2,3071,307100000,307100100,43143,71906,307200000,307200000
2,3072,307200000,307200100,43143,71906,307300000,307300000
2,3073,307300000,307300100,43143,71906,307400000,307400000
2,3074,307400000,307400100,43143,71906,307500000,307500000
2,3075,307500000,307500100,43143,71906,307600000,307600000
2,3076,307600000,307600100,43143,71906,307700000,307700000
2,3077,307700000,307700100,43143,71906,307800000,307800000
2,3078,307800000,307800100,43143,71906,307900000,307900000
2,3079,307900000,307900100,43143,71906,308000000,308000000
2,3080,308000000,308000100,43143,71906,308100000,308100000
2,3081,308100000,308100100,43143,71906,308200000,308200000
2,3082,308200000,308200100,43143,71906,308300000,308300000
2,3083,308300000,308300100,43143,71906,308400000,308400000
2,3084,308400000,308400100,43143,71906,308500000,308500000
2,3085,308500000,308500100,43143,71906,308600000,308600000
2,3086,308600000,308600100,43143,71906,308700000,308700000
2,3087,308700000,308700100,43143,71906,308800000,308800000
2,3088,308800000,308800100,43143,71906,308900000,308900000
2,3089,308900000,308900100,43143,71906,309000000,309000000
2,3090,309000000,309000100,43143,71906,309100000,309100000
2,3091,309100000,309100100,43143,71906,309200000,309200000
2,3092,309200000,309200100,43143,71906,309300000,309300000
2,3093,309300000,309300100,43143,71906,309400000,309400000
2,3094,309400000,309400100,43143,71906,309500000,309500000
2,3095,309500000,309500100,43143,71906,309600000,309600000
2,3096,309600000,309600100,43143,71906,309700000,309700000
2,3097,309700000,309700100,43143,71906,309800000,309800000
2,3098,309800000,309800100,43143,71906,309900000,309900000
2,3099,309900000,309900100,43143,71906,310000000,310000000
2,3100,310000000,310000100,43143,71906,310100000,310100000
2,3101,310100000,310100100,43143,71906,310200000,310200000
2,3102,310200000,310200100,43143,71906,310300000,310300000
2,3103,310300000,310300100,43143,71906,310400000,310400000
2,3104,310400000,310400100,43143,71906,310500000,310500000
2,3105,310500000,310500100,43143,71906,310600000,310600000
2,3106,310600000,310600100,43143,71906,310700000,310700000
2,3107,310700000,310700100,43143,71906,310800000,310800000
2,3108,310800000,310800100,43143,71906,310900000,310900000
2,3109,310900000,310900100,43143,71906,311000000,311000000
2,3110,311000000,311000100,43143,71906,311100000,311100000
2,3111,311100000,311100100,43143,71906,311200000,311200000
2,3112,311200000,311200100,43143,71906,311300000,311300000
2,3113,311300000,311300100,43143,71906,311400000,311400000
2,3114,311400000,311400100,43143,71906,311500000,311500000
2,3115,311500000,311500100,43143,71906,311600000,311600000
2,3116,311600000,311600100,43143,71906,311700000,311700000
2,3117,311700000,311700100,43143,71906,311800000,311800000
2,3118,311800000,311800100,43143,71906,311900000,311900000
2,3119,311900000,311900100,43143,71906,312000000,312000000
2,3120,312000000,312000100,43143,71906,312100000,312100000
2,3121,312100000,312100100,43143,71906,312200000,312200000
2,3122,312200000,312200100,43143,71906,312300000,312300000
2,3123,312300000,312300100,43143,71906,312400000,312400000
2,3124,312400000,312400100,43143,71906,312500000,312500000
2,3125,312500000,312500100,43143,71906,312600000,312600000
2,3126,312600000,312600100,43143,71906,312700000,312700000
2,3127,312700000,312700100,43143,71906,312800000,312800000
2,3128,312800000,312800100,43143,71906,312900000,312900000
2,3129,312900000,312900100,43143,71906,313000000,313000000
2,3130,313000000,313000100,43143,71906,313100000,313100000
2,3131,313100000,313100100,43143,71906,313200000,313200000
2,3132,313200000,313200100,43143,71906,313300000,313300000
2,3133,313300000,313300100,43143,71906,313400000,313400000
2,3134,313400000,313400100,43143,71906,313500000,313500000
2,3135,313500000,313500100,43143,71906,313600000,313600000
2,3136,313600000,313600100,43143,71906,313700000,313700000
2,3137,313700000,313700100,43143,71906,313800000,313800000
2,3138,313800000,313800100,43143,71906,313900000,313900000
2,3139,313900000,313900100,43143,71906,314000000,314000000
2,3140,314000000,314000100,43143,71906,314100000,314100000
2,3141,314100000,314100100,43143,71906,314200000,314200000
2,3142,314200000,314200100,43143,71906,314300000,314300000
2,3143,314300000,314300100,43143,71906,314400000,314400000
2,3144,314400000,314400100,43143,71906,314500000,314500000
2,3145,314500000,314500100,43143,71906,314600000,314600000
2,3146,314600000,314600100,43143,71906,314700000,314700000
2,3147,314700000,314700100,43143,71906,314800000,314800000
2,3148,314800000,314800100,43143,71906,314900000,314900000
2,3149,314900000,314900100,43143,71906,315000000,315000000
2,3150,315000000,315000100,43143,71906,315100000,315100000
2,3151,315100000,315100100,43143,71906,315200000,315200000
2,3152,315200000,315200100,43143,71906,315300000,315300000
2,3153,315300000,315300100,43143,71906,315400000,315400000
2,3154,315400000,315400100,43143,71906,315500000,315500000
2,3155,315500000,315500100,43143,71906,315600000,315600000
2,3156,315600000,315600100,43143,71906,315700000,315700000
2,3157,315700000,315700100,43143,71906,315800000,315800000
2,3158,315800000,315800100,43143,71906,315900000,315900000
2,3159,315900000,315900100,43143,71906,316000000,316000000
2,3160,316000000,316000100,43143,71906,316100000,316100000
2,3161,316100000,316100100,43143,71906,316200000,316200000
2,3162,316200000,316200100,43143,71906,316300000,316300000
2,3163,316300000,316300100,43143,71906,316400000,316400000
2,3164,316400000,316400100,43143,71906,316500000,316500000
2,3165,316500000,316500100,43143,71906,316600000,316600000
2,3166,316600000,316600100,43143,71906,316700000,316700000
2,3167,316700000,316700100,43143,71906,316800000,316800000
2,3168,316800000,316800100,43143,71906,316900000,316900000
2,3169,316900000,316900100,43143,71906,317000000,317000000
2,3170,317000000,317000100,43143,71906,317100000,317100000
2,3171,317100000,317100100,43143,71906,317200000,317200000
2,3172,317200000,317200100,43143,71906,317300000,317300000
2,3173,317300000,317300100,43143,71906,317400000,317400000
2,3174,317400000,317400100,43143,71906,317500000,317500000
2,3175,317500000,317500100,43143,71906,317600000,317600000
2,3176,317600000,317600100,43143,71906,317700000,317700000
2,3177,317700000,317700100,43143,71906,317800000,317800000
2,3178,317800000,317800100,43143,71906,317900000,317900000
2,3179,317900000,317900100,43143,71906,318000000,318000000
2,3180,318000000,318000100,43143,71906,318100000,318100000
2,3181,318100000,318100100,43143,71906,318200000,318200000
2,3182,318200000,318200100,43143,71906,318300000,318300000
2,3183,318300000,318300100,43143,71906,318400000,318400000
2,3184,318400000,318400100,43143,71906,318500000,318500000
2,3185,318500000,318500100,43143,71906,318600000,318600000
2,3186,318600000,318600100,43143,71906,318700000,318700000
2,3187,318700000,318700100,43143,71906,318800000,318800000
2,3188,318800000,318800100,43143,71906,318900000,318900000
2,3189,318900000,318900100,43143,71906,319000000,319000000
2,3190,319000000,319000100,43143,71906,319100000,319100000
2,3191,319100000,319100100,43143,71906,319200000,319200000
2,3192,319200000,319200100,43143,71906,319300000,319300000
2,3193,319300000,319300100,43143,71906,319400000,319400000
2,3194,319400000,319400100,43143,71906,319500000,319500000
2,3195,319500000,319500100,43143,71906,319600000,319600000
2,3196,319600000,319600100,43143,71906,319700000,319700000
2,3197,319700000,319700100,43143,71906,319800000,319800000
2,3198,319800000,319800100,43143,71906,319900000,319900000
2,3199,319900000,319900100,43143,71906,320000000,320000000
2,3200,320000000,320000100,43143,71906,320100000,320100000
2,3201,320100000,320100100,43143,71906,320200000,320200000
2,3202,320200000,320200100,43143,71906,320300000,320300000
2,3203,320300000,320300100,43143,71906,320400000,320400000
2,3204,320400000,320400100,43143,71906,320500000,320500000
2,3205,320500000,320500100,43143,71906,320600000,320600000
2,3206,320600000,320600100,43143,71906,320700000,320700000
2,3207,320700000,320700100,43143,71906,320800000,320800000
2,3208,320800000,320800100,43143,71906,320900000,320900000
2,3209,320900000,320900100,43143,71906,321000000,321000000
2,3210,321000000,321000100,43143,71906,321100000,321100000
2,3211,321100000,321100100,43143,71906,321200000,321200000
2,3212,321200000,321200100,43143,71906,321300000,321300000
2,3213,321300000,321300100,43143,71906,321400000,321400000
2,3214,321400000,321400100,43143,71906,321500000,321500000
2,3215,321500000,321500100,43143,71906,321600000,321600000
2,3216,321600000,321600100,43143,71906,321700000,321700000
2,3217,321700000,321700100,43143,71906,321800000,321800000
2,3218,321800000,321800100,43143,71906,321900000,321900000
2,3219,321900000,321900100,43143,71906,322000000,322000000
2,3220,322000000,322000100,43143,71906,322100000,322100000
2,3221,322100000,322100100,43143,71906,322200000,322200000
2,3222,322200000,322200100,43143,71906,322300000,322300000
2,3223,322300000,322300100,43143,71906,322400000,322400000
2,3224,322400000,322400100,43143,71906,322500000,322500000
2,3225,322500000,322500100,43143,71906,322600000,322600000
2,3226,322600000,322600100,43143,71906,322700000,322700000
2,3227,322700000,322700100,43143,71906,322800000,322800000
2,3228,322800000,322800100,43143,71906,322900000,322900000
2,3229,322900000,322900100,43143,71906,323000000,323000000
2,3230,323000000,323000100,43143,71906,323100000,323100000
2,3231,323100000,323100100,43143,71906,323200000,323200000
2,3232,323200000,323200100,43143,71906,323300000,323300000
2,3233,323300000,323300100,43143,71906,323400000,323400000
2,3234,323400000,323400100,43143,71906,323500000,323500000
2,3235,323500000,323500100,43143,71906,323600000,323600000
2,3236,323600000,323600100,43143,71906,323700000,323700000
2,3237,323700000,323700100,43143,71906,323800000,323800000
2,3238,323800000,323800100,43143,71906,323900000,323900000
2,3239,323900000,323900100,43143,71906,324000000,324000000
2,3240,324000000,324000100,43143,71906,324100000,324100000
2,3241,324100000,324100100,43143,71906,324200000,324200000
2,3242,324200000,324200100,43143,71906,324300000,324300000
2,3243,324300000,324300100,43143,71906,324400000,324400000
2,3244,324400000,324400100,43143,71906,324500000,324500000
2,3245,324500000,324500100,43143,71906,324600000,324600000
2,3246,324600000,324600100,43143,71906,324700000,324700000
2,3247,324700000,324700100,43143,71906,324800000,324800000
2,3248,324800000,324800100,43143,71906,324900000,324900000
2,3249,324900000,324900100,43143,71906,325000000,325000000
2,3250,325000000,325000100,43143,71906,325100000,325100000
2,3251,325100000,325100100,43143,71906,325200000,325200000
2,3252,325200000,325200100,43143,71906,325300000,325300000
2,3253,325300000,325300100,43143,71906,325400000,325400000
2,3254,325400000,325400100,43143,71906,325500000,325500000
2,3255,325500000,325500100,43143,71906,325600000,325600000
2,3256,325600000,325600100,43143,71906,325700000,325700000
2,3257,325700000,325700100,43143,71906,325800000,325800000
2,3258,325800000,325800100,43143,71906,325900000,325900000
2,3259,325900000,325900100,43143,71906,326000000,326000000
2,3260,326000000,326000100,43143,71906,326100000,326100000
2,3261,326100000,326100100,43143,71906,326200000,326200000
2,3262,326200000,326200100,43143,71906,326300000,326300000
2,3263,326300000,326300100,43143,71906,326400000,326400000
2,3264,326400000,326400100,43143,71906,326500000,326500000
2,3265,326500000,326500100,43143,71906,326600000,326600000
2,3266,326600000,326600100,43143,71906,326700000,326700000
2,3267,326700000,326700100,43143,71906,326800000,326800000
2,3268,326800000,326800100,43143,71906,326900000,326900000
2,3269,326900000,326900100,43143,71906,327000000,327000000
2,3270,327000000,327000100,43143,71906,327100000,327100000
2,3271,327100000,327100100,43143,71906,327200000,327200000
2,3272,327200000,327200100,43143,71906,327300000,327300000
2,3273,327300000,327300100,43143,71906,327400000,327400000
2,3274,327400000,327400100,43143,71906,327500000,327500000
2,3275,327500000,327500100,43143,71906,327600000,327600000
2,3276,327600000,327600100,43143,71906,327700000,327700000
2,3277,327700000,327700100,43143,71906,327800000,327800000
2,3278,327800000,327800100,43143,71906,327900000,327900000
2,3279,327900000,327900100,43143,71906,328000000,328000000
2,3280,328000000,328000100,43143,71906,328100000,328100000
2,3281,328100000,328100100,43143,71906,328200000,328200000
2,3282,328200000,328200100,43143,71906,328300000,328300000
2,3283,328300000,328300100,43143,71906,328400000,328400000
2,3284,328400000,328400100,43143,71906,328500000,328500000
2,3285,328500000,328500100,43143,71906,328600000,328600000
2,3286,328600000,328600100,43143,71906,328700000,328700000
2,3287,328700000,328700100,43143,71906,328800000,328800000
2,3288,328800000,328800100,43143,71906,328900000,328900000
2,3289,328900000,328900100,43143,71906,329000000,329000000
2,3290,329000000,329000100,43143,71906,329100000,329100000
2,3291,329100000,329100100,43143,71906,329200000,329200000
2,3292,329200000,329200100,43143,71906,329300000,329300000
2,3293,329300000,329300100,43143,71906,329400000,329400000
2,3294,329400000,329400100,43143,71906,329500000,329500000
2,3295,329500000,329500100,43143,71906,329600000,329600000
2,3296,329600000,329600100,43143,71906,329700000,329700000
2,3297,329700000,329700100,43143,71906,329800000,329800000
2,3298,329800000,329800100,43143,71906,329900000,329900000
2,3299,329900000,329900100,43143,71906,330000000,330000000
2,3300,330000000,330000100,43143,71906,330100000,330100000
2,3301,330100000,330100100,43143,71906,330200000,330200000
2,3302,330200000,330200100,43143,71906,330300000,330300000
2,3303,330300000,330300100,43143,71906,330400000,330400000
2,3304,330400000,330400100,43143,71906,330500000,330500000
2,3305,330500000,330500100,43143,71906,330600000,330600000
2,3306,330600000,330600100,43143,71906,330700000,330700000
2,3307,330700000,330700100,43143,71906,330800000,330800000
2,3308,330800000,330800100,43143,71906,330900000,330900000
2,3309,330900000,330900100,43143,71906,331000000,331000000
2,3310,331000000,331000100,43143,71906,331100000,331100000
2,3311,331100000,331100100,43143,71906,331200000,331200000
2,3312,331200000,331200100,43143,71906,331300000,331300000
2,3313,331300000,331300100,43143,71906,331400000,331400000
2,3314,331400000,331400100,43143,71906,331500000,331500000
2,3315,331500000,331500100,43143,71906,331600000,331600000
2,3316,331600000,331600100,43143,71906,331700000,331700000
2,3317,331700000,331700100,43143,71906,331800000,331800000
2,3318,331800000,331800100,43143,71906,331900000,331900000
2,3319,331900000,331900100,43143,71906,332000000,332000000
2,3320,332000000,332000100,43143,71906,332100000,332100000
2,3321,332100000,332100100,43143,71906,332200000,332200000
2,3322,332200000,332200100,43143,71906,332300000,332300000
2,3323,332300000,332300100,43143,71906,332400000,332400000
2,3324,332400000,332400100,43143,71906,332500000,332500000
2,3325,332500000,332500100,43143,71906,332600000,332600000
2,3326,332600000,332600100,43143,71906,332700000,332700000
2,3327,332700000,332700100,43143,71906,332800000,332800000
2,3328,332800000,332800100,43143,71906,332900000,332900000
2,3329,332900000,332900100,43143,71906,333000000,333000000
2,3330,333000000,333000100,43143,71906,333100000,333100000
2,3331,333100000,333100100,43143,71906,333200000,333200000
2,3332,333200000,333200100,43143,71906,333300000,333300000
2,3333,333300000,333300100,43143,71906,333400000,333400000
2,3334,333400000,333400100,43143,71906,333500000,333500000
2,3335,333500000,333500100,43143,71906,333600000,333600000
2,3336,333600000,333600100,43143,71906,333700000,333700000
2,3337,333700000,333700100,43143,71906,333800000,333800000
2,3338,333800000,333800100,43143,71906,333900000,333900000
2,3339,333900000,333900100,43143,71906,334000000,334000000
2,3340,334000000,334000100,43143,71906,334100000,334100000
2,3341,334100000,334100100,43143,71906,334200000,334200000
2,3342,334200000,334200100,43143,71906,334300000,334300000
2,3343,334300000,334300100,43143,71906,334400000,334400000
2,3344,334400000,334400100,43143,71906,334500000,334500000
2,3345,334500000,334500100,43143,71906,334600000,334600000
2,3346,334600000,334600100,43143,71906,334700000,334700000
2,3347,334700000,334700100,43143,71906,334800000,334800000
2,3348,334800000,334800100,43143,71906,334900000,334900000
2,3349,334900000,334900100,43143,71906,335000000,335000000
2,3350,335000000,335000100,43143,71906,335100000,335100000
2,3351,335100000,335100100,43143,71906,335200000,335200000
2,3352,335200000,335200100,43143,71906,335300000,335300000
2,3353,335300000,335300100,43143,71906,335400000,335400000
2,3354,335400000,335400100,43143,71906,335500000,335500000
2,3355,335500000,335500100,43143,71906,335600000,335600000
2,3356,335600000,335600100,43143,71906,335700000,335700000
2,3357,335700000,335700100,43143,71906,335800000,335800000
2,3358,335800000,335800100,43143,71906,335900000,335900000
2,3359,335900000,335900100,43143,71906,336000000,336000000
2,3360,336000000,336000100,43143,71906,336100000,336100000
2,3361,336100000,336100100,43143,71906,336200000,336200000
2,3362,336200000,336200100,43143,71906,336300000,336300000
2,3363,336300000,336300100,43143,71906,336400000,336400000
2,3364,336400000,336400100,43143,71906,336500000,336500000
2,3365,336500000,336500100,43143,71906,336600000,336600000
2,3366,336600000,336600100,43143,71906,336700000,336700000
2,3367,336700000,336700100,43143,71906,336800000,336800000
2,3368,336800000,336800100,43143,71906,336900000,336900000
2,3369,336900000,336900100,43143,71906,337000000,337000000
2,3370,337000000,337000100,43143,71906,337100000,337100000
2,3371,337100000,337100100,43143,71906,337200000,337200000
2,3372,337200000,337200100,43143,71906,337300000,337300000
2,3373,337300000,337300100,43143,71906,337400000,337400000
2,3374,337400000,337400100,43143,71906,337500000,337500000
2,3375,337500000,337500100,43143,71906,337600000,337600000
2,3376,337600000,337600100,43143,71906,337700000,337700000
2,3377,337700000,337700100,43143,71906,337800000,337800000
2,3378,337800000,337800100,43143,71906,337900000,337900000
2,3379,337900000,337900100,43143,71906,338000000,338000000
2,3380,338000000,338000100,43143,71906,338100000,338100000
2,3381,338100000,338100100,43143,71906,338200000,338200000
2,3382,338200000,338200100,43143,71906,338300000,338300000
2,3383,338300000,338300100,43143,71906,338400000,338400000
2,3384,338400000,338400100,43143,71906,338500000,338500000
2,3385,338500000,338500100,43143,71906,338600000,338600000
2,3386,338600000,338600100,43143,71906,338700000,338700000
2,3387,338700000,338700100,43143,71906,338800000,338800000
2,3388,338800000,338800100,43143,71906,338900000,338900000
2,3389,338900000,338900100,43143,71906,339000000,339000000
2,3390,339000000,339000100,43143,71906,339100000,339100000
2,3391,339100000,339100100,43143,71906,339200000,339200000
2,3392,339200000,339200100,43143,71906,339300000,339300000
2,3393,339300000,339300100,43143,71906,339400000,339400000
2,3394,339400000,339400100,43143,71906,339500000,339500000
2,3395,339500000,339500100,43143,71906,339600000,339600000
2,3396,339600000,339600100,43143,71906,339700000,339700000
2,3397,339700000,339700100,43143,71906,339800000,339800000
2,3398,339800000,339800100,43143,71906,339900000,339900000
2,3399,339900000,339900100,43143,71906,340000000,340000000
2,3400,340000000,340000100,43143,71906,340100000,340100000
2,3401,340100000,340100100,43143,71906,340200000,340200000
2,3402,340200000,340200100,43143,71906,340300000,340300000
2,3403,340300000,340300100,43143,71906,340400000,340400000
2,3404,340400000,340400100,43143,71906,340500000,340500000
2,3405,340500000,340500100,43143,71906,340600000,340600000
2,3406,340600000,340600100,43143,71906,340700000,340700000
2,3407,340700000,340700100,43143,71906,340800000,340800000
2,3408,340800000,340800100,43143,71906,340900000,340900000
2,3409,340900000,340900100,43143,71906,341000000,341000000
2,3410,341000000,341000100,43143,71906,341100000,341100000
2,3411,341100000,341100100,43143,71906,341200000,341200000
2,3412,341200000,341200100,43143,71906,341300000,341300000
2,3413,341300000,341300100,43143,71906,341400000,341400000
2,3414,341400000,341400100,43143,71906,341500000,341500000
2,3415,341500000,341500100,43143,71906,341600000,341600000
2,3416,341600000,341600100,43143,71906,341700000,341700000
2,3417,341700000,341700100,43143,71906,341800000,341800000
2,3418,341800000,341800100,43143,71906,341900000,341900000
2,3419,341900000,341900100,43143,71906,342000000,342000000
2,3420,342000000,342000100,43143,71906,342100000,342100000
2,3421,342100000,342100100,43143,71906,342200000,342200000
2,3422,342200000,342200100,43143,71906,342300000,342300000
2,3423,342300000,342300100,43143,71906,342400000,342400000
2,3424,342400000,342400100,43143,71906,342500000,342500000
2,3425,342500000,342500100,43143,71906,342600000,342600000
2,3426,342600000,342600100,43143,71906,342700000,342700000
2,3427,342700000,342700100,43143,71906,342800000,342800000
2,3428,342800000,342800100,43143,71906,342900000,342900000
2,3429,342900000,342900100,43143,71906,343000000,343000000
2,3430,343000000,343000100,43143,71906,343100000,343100000
2,3431,343100000,343100100,43143,71906,343200000,343200000
2,3432,343200000,343200100,43143,71906,343300000,343300000
2,3433,343300000,343300100,43143,71906,343400000,343400000
2,3434,343400000,343400100,43143,71906,343500000,343500000
2,3435,343500000,343500100,43143,71906,343600000,343600000
2,3436,343600000,343600100,43143,71906,343700000,343700000
2,3437,343700000,343700100,43143,71906,343800000,343800000
2,3438,343800000,343800100,43143,71906,343900000,343900000
2,3439,343900000,343900100,43143,71906,344000000,344000000
2,3440,344000000,344000100,43143,71906,344100000,344100000
2,3441,344100000,344100100,43143,71906,344200000,344200000
2,3442,344200000,344200100,43143,71906,344300000,344300000
2,3443,344300000,344300100,43143,71906,344400000,344400000
2,3444,344400000,344400100,43143,71906,344500000,344500000
2,3445,344500000,344500100,43143,71906,344600000,344600000
2,3446,344600000,344600100,43143,71906,344700000,344700000
2,3447,344700000,344700100,43143,71906,344800000,344800000
2,3448,344800000,344800100,43143,71906,344900000,344900000
2,3449,344900000,344900100,43143,71906,345000000,345000000
2,3450,345000000,345000100,43143,71906,345100000,345100000
2,3451,345100000,345100100,43143,71906,345200000,345200000
2,3452,345200000,345200100,43143,71906,345300000,345300000
2,3453,345300000,345300100,43143,71906,345400000,345400000
2,3454,345400000,345400100,43143,71906,345500000,345500000
2,3455,345500000,345500100,43143,71906,345600000,345600000
2,3456,345600000,345600100,43143,71906,345700000,345700000
2,3457,345700000,345700100,43143,71906,345800000,345800000
2,3458,345800000,345800100,43143,71906,345900000,345900000
2,3459,345900000,345900100,43143,71906,346000000,346000000
2,3460,346000000,346000100,43143,71906,346100000,346100000
2,3461,346100000,346100100,43143,71906,346200000,346200000
2,3462,346200000,346200100,43143,71906,346300000,346300000
2,3463,346300000,346300100,43143,71906,346400000,346400000
2,3464,346400000,346400100,43143,71906,346500000,346500000
2,3465,346500000,346500100,43143,71906,346600000,346600000
2,3466,346600000,346600100,43143,71906,346700000,346700000
2,3467,346700000,346700100,43143,71906,346800000,346800000
2,3468,346800000,346800100,43143,71906,346900000,346900000
2,3469,346900000,346900100,43143,71906,347000000,347000000
2,3470,347000000,347000100,43143,71906,347100000,347100000
2,3471,347100000,347100100,43143,71906,347200000,347200000
2,3472,347200000,347200100,43143,71906,347300000,347300000
2,3473,347300000,347300100,43143,71906,347400000,347400000
2,3474,347400000,347400100,43143,71906,347500000,347500000
2,3475,347500000,347500100,43143,71906,347600000,347600000
2,3476,347600000,347600100,43143,71906,347700000,347700000
2,3477,347700000,347700100,43143,71906,347800000,347800000
2,3478,347800000,347800100,43143,71906,347900000,347900000
2,3479,347900000,347900100,43143,71906,348000000,348000000
2,3480,348000000,348000100,43143,71906,348100000,348100000
2,3481,348100000,348100100,43143,71906,348200000,348200000
2,3482,348200000,348200100,43143,71906,348300000,348300000
2,3483,348300000,348300100,43143,71906,348400000,348400000
2,3484,348400000,348400100,43143,71906,348500000,348500000
2,3485,348500000,348500100,43143,71906,348600000,348600000
2,3486,348600000,348600100,43143,71906,348700000,348700000
2,3487,348700000,348700100,43143,71906,348800000,348800000
2,3488,348800000,348800100,43143,71906,348900000,348900000
2,3489,348900000,348900100,43143,71906,349000000,349000000
2,3490,349000000,349000100,43143,71906,349100000,349100000
2,3491,349100000,349100100,43143,71906,349200000,349200000
2,3492,349200000,349200100,43143,71906,349300000,349300000
2,3493,349300000,349300100,43143,71906,349400000,349400000
2,3494,349400000,349400100,43143,71906,349500000,349500000
2,3495,349500000,349500100,43143,71906,349600000,349600000
2,3496,349600000,349600100,43143,71906,349700000,349700000
2,3497,349700000,349700100,43143,71906,349800000,349800000
2,3498,349800000,349800100,43143,71906,349900000,349900000
2,3499,349900000,349900100,43143,71906,350000000,350000000
2,3500,350000000,350000100,43143,71906,350100000,350100000
2,3501,350100000,350100100,43143,71906,350200000,350200000
2,3502,350200000,350200100,43143,71906,350300000,350300000
2,3503,350300000,350300100,43143,71906,350400000,350400000
2,3504,350400000,350400100,43143,71906,350500000,350500000
2,3505,350500000,350500100,43143,71906,350600000,350600000
2,3506,350600000,350600100,43143,71906,350700000,350700000
2,3507,350700000,350700100,43143,71906,350800000,350800000
2,3508,350800000,350800100,43143,71906,350900000,350900000
2,3509,350900000,350900100,43143,71906,351000000,351000000
2,3510,351000000,351000100,43143,71906,351100000,351100000
2,3511,351100000,351100100,43143,71906,351200000,351200000
2,3512,351200000,351200100,43143,71906,351300000,351300000
2,3513,351300000,351300100,43143,71906,351400000,351400000
2,3514,351400000,351400100,43143,71906,351500000,351500000
2,3515,351500000,351500100,43143,71906,351600000,351600000
2,3516,351600000,351600100,43143,71906,351700000,351700000
2,3517,351700000,351700100,43143,71906,351800000,351800000
2,3518,351800000,351800100,43143,71906,351900000,351900000
2,3519,351900000,351900100,43143,71906,352000000,352000000
2,3520,352000000,352000100,43143,71906,352100000,352100000
2,3521,352100000,352100100,43143,71906,352200000,352200000
2,3522,352200000,352200100,43143,71906,352300000,352300000
2,3523,352300000,352300100,43143,71906,352400000,352400000
2,3524,352400000,352400100,43143,71906,352500000,352500000
2,3525,352500000,352500100,43143,71906,352600000,352600000
2,3526,352600000,352600100,43143,71906,352700000,352700000
2,3527,352700000,352700100,43143,71906,352800000,352800000
2,3528,352800000,352800100,43143,71906,352900000,352900000
2,3529,352900000,352900100,43143,71906,353000000,353000000
2,3530,353000000,353000100,43143,71906,353100000,353100000
2,3531,353100000,353100100,43143,71906,353200000,353200000
2,3532,353200000,353200100,43143,71906,353300000,353300000
2,3533,353300000,353300100,43143,71906,353400000,353400000
2,3534,353400000,353400100,43143,71906,353500000,353500000
2,3535,353500000,353500100,43143,71906,353600000,353600000
2,3536,353600000,353600100,43143,71906,353700000,353700000
2,3537,353700000,353700100,43143,71906,353800000,353800000
2,3538,353800000,353800100,43143,71906,353900000,353900000
2,3539,353900000,353900100,43143,71906,354000000,354000000
2,3540,354000000,354000100,43143,71906,354100000,354100000
2,3541,354100000,354100100,43143,71906,354200000,354200000
2,3542,354200000,354200100,43143,71906,354300000,354300000
2,3543,354300000,354300100,43143,71906,354400000,354400000
2,3544,354400000,354400100,43143,71906,354500000,354500000
2,3545,354500000,354500100,43143,71906,354600000,354600000
2,3546,354600000,354600100,43143,71906,354700000,354700000
2,3547,354700000,354700100,43143,71906,354800000,354800000
2,3548,354800000,354800100,43143,71906,354900000,354900000
2,3549,354900000,354900100,43143,71906,355000000,355000000
2,3550,355000000,355000100,43143,71906,355100000,355100000
2,3551,355100000,355100100,43143,71906,355200000,355200000
2,3552,355200000,355200100,43143,71906,355300000,355300000
2,3553,355300000,355300100,43143,71906,355400000,355400000
2,3554,355400000,355400100,43143,71906,355500000,355500000
2,3555,355500000,355500100,43143,71906,355600000,355600000
2,3556,355600000,355600100,43143,71906,355700000,355700000
2,3557,355700000,355700100,43143,71906,355800000,355800000
2,3558,355800000,355800100,43143,71906,355900000,355900000
2,3559,355900000,355900100,43143,71906,356000000,356000000
2,3560,356000000,356000100,43143,71906,356100000,356100000
2,3561,356100000,356100100,43143,71906,356200000,356200000
2,3562,356200000,356200100,43143,71906,356300000,356300000
2,3563,356300000,356300100,43143,71906,356400000,356400000
2,3564,356400000,356400100,43143,71906,356500000,356500000
2,3565,356500000,356500100,43143,71906,356600000,356600000
2,3566,356600000,356600100,43143,71906,356700000,356700000
2,3567,356700000,356700100,43143,71906,356800000,356800000
2,3568,356800000,356800100,43143,71906,356900000,356900000
2,3569,356900000,356900100,43143,71906,357000000,357000000
2,3570,357000000,357000100,43143,71906,357100000,357100000
2,3571,357100000,357100100,43143,71906,357200000,357200000
2,3572,357200000,357200100,43143,71906,357300000,357300000
2,3573,357300000,357300100,43143,71906,357400000,357400000
2,3574,357400000,357400100,43143,71906,357500000,357500000
2,3575,357500000,357500100,43143,71906,357600000,357600000
2,3576,357600000,357600100,43143,71906,357700000,357700000
2,3577,357700000,357700100,43143,71906,357800000,357800000
2,3578,357800000,357800100,43143,71906,357900000,357900000
2,3579,357900000,357900100,43143,71906,358000000,358000000
2,3580,358000000,358000100,43143,71906,358100000,358100000
2,3581,358100000,358100100,43143,71906,358200000,358200000
2,3582,358200000,358200100,43143,71906,358300000,358300000
2,3583,358300000,358300100,43143,71906,358400000,358400000
2,3584,358400000,358400100,43143,71906,358500000,358500000
2,3585,358500000,358500100,43143,71906,358600000,358600000
2,3586,358600000,358600100,43143,71906,358700000,358700000
2,3587,358700000,358700100,43143,71906,358800000,358800000
2,3588,358800000,358800100,43143,71906,358900000,358900000
2,3589,358900000,358900100,43143,71906,359000000,359000000
2,3590,359000000,359000100,43143,71906,359100000,359100000
2,3591,359100000,359100100,43143,71906,359200000,359200000
2,3592,359200000,359200100,43143,71906,359300000,359300000
2,3593,359300000,359300100,43143,71906,359400000,359400000
2,3594,359400000,359400100,43143,71906,359500000,359500000
2,3595,359500000,359500100,43143,71906,359600000,359600000
2,3596,359600000,359600100,43143,71906,359700000,359700000
2,3597,359700000,359700100,43143,71906,359800000,359800000
2,3598,359800000,359800100,43143,71906,359900000,359900000
2,3599,359900000,359900100,43143,71906,360000000,360000000
2,3600,360000000,360000100,43143,71906,360100000,360100000
2,3601,360100000,360100100,43143,71906,360200000,360200000
2,3602,360200000,360200100,43143,71906,360300000,360300000
2,3603,360300000,360300100,43143,71906,360400000,360400000
2,3604,360400000,360400100,43143,71906,360500000,360500000
2,3605,360500000,360500100,43143,71906,360600000,360600000
2,3606,360600000,360600100,43143,71906,360700000,360700000
2,3607,360700000,360700100,43143,71906,360800000,360800000
2,3608,360800000,360800100,43143,71906,360900000,360900000
2,3609,360900000,360900100,43143,71906,361000000,361000000
2,3610,361000000,361000100,43143,71906,361100000,361100000
2,3611,361100000,361100100,43143,71906,361200000,361200000
2,3612,361200000,361200100,43143,71906,361300000,361300000
2,3613,361300000,361300100,43143,71906,361400000,361400000
2,3614,361400000,361400100,43143,71906,361500000,361500000
2,3615,361500000,361500100,43143,71906,361600000,361600000
2,3616,361600000,361600100,43143,71906,361700000,361700000
2,3617,361700000,361700100,43143,71906,361800000,361800000
2,3618,361800000,361800100,43143,71906,361900000,361900000
2,3619,361900000,361900100,43143,71906,362000000,362000000
2,3620,362000000,362000100,43143,71906,362100000,362100000
2,3621,362100000,362100100,43143,71906,362200000,362200000
2,3622,362200000,362200100,43143,71906,362300000,362300000
2,3623,362300000,362300100,43143,71906,362400000,362400000
2,3624,362400000,362400100,43143,71906,362500000,362500000
2,3625,362500000,362500100,43143,71906,362600000,362600000
2,3626,362600000,362600100,43143,71906,362700000,362700000
2,3627,362700000,362700100,43143,71906,362800000,362800000
2,3628,362800000,362800100,43143,71906,362900000,362900000
2,3629,362900000,362900100,43143,71906,363000000,363000000
2,3630,363000000,363000100,43143,71906,363100000,363100000
2,3631,363100000,363100100,43143,71906,363200000,363200000
2,3632,363200000,363200100,43143,71906,363300000,363300000
2,3633,363300000,363300100,43143,71906,363400000,363400000
2,3634,363400000,363400100,43143,71906,363500000,363500000
2,3635,363500000,363500100,43143,71906,363600000,363600000
2,3636,363600000,363600100,43143,71906,363700000,363700000
2,3637,363700000,363700100,43143,71906,363800000,363800000
2,3638,363800000,363800100,43143,71906,363900000,363900000
2,3639,363900000,363900100,43143,71906,364000000,364000000
2,3640,364000000,364000100,43143,71906,364100000,364100000
2,3641,364100000,364100100,43143,71906,364200000,364200000
2,3642,364200000,364200100,43143,71906,364300000,364300000
2,3643,364300000,364300100,43143,71906,364400000,364400000
2,3644,364400000,364400100,43143,71906,364500000,364500000
2,3645,364500000,364500100,43143,71906,364600000,364600000
2,3646,364600000,364600100,43143,71906,364700000,364700000
2,3647,364700000,364700100,43143,71906,364800000,364800000
2,3648,364800000,364800100,43143,71906,364900000,364900000
2,3649,364900000,364900100,43143,71906,365000000,365000000
2,3650,365000000,365000100,43143,71906,365100000,365100000
2,3651,365100000,365100100,43143,71906,365200000,365200000
2,3652,365200000,365200100,43143,71906,365300000,365300000
2,3653,365300000,365300100,43143,71906,365400000,365400000
2,3654,365400000,365400100,43143,71906,365500000,365500000
2,3655,365500000,365500100,43143,71906,365600000,365600000
2,3656,365600000,365600100,43143,71906,365700000,365700000
2,3657,365700000,365700100,43143,71906,365800000,365800000
2,3658,365800000,365800100,43143,71906,365900000,365900000
2,3659,365900000,365900100,43143,71906,366000000,366000000
2,3660,366000000,366000100,43143,71906,366100000,366100000
2,3661,366100000,366100100,43143,71906,366200000,366200000
2,3662,366200000,366200100,43143,71906,366300000,366300000
2,3663,366300000,366300100,43143,71906,366400000,366400000
2,3664,366400000,366400100,43143,71906,366500000,366500000
2,3665,366500000,366500100,43143,71906,366600000,366600000
2,3666,366600000,366600100,43143,71906,366700000,366700000
2,3667,366700000,366700100,43143,71906,366800000,366800000
2,3668,366800000,366800100,43143,71906,366900000,366900000
2,3669,366900000,366900100,43143,71906,367000000,367000000
2,3670,367000000,367000100,43143,71906,367100000,367100000
2,3671,367100000,367100100,43143,71906,367200000,367200000
2,3672,367200000,367200100,43143,71906,367300000,367300000
2,3673,367300000,367300100,43143,71906,367400000,367400000
2,3674,367400000,367400100,43143,71906,367500000,367500000
2,3675,367500000,367500100,43143,71906,367600000,367600000
2,3676,367600000,367600100,43143,71906,367700000,367700000
2,3677,367700000,367700100,43143,71906,367800000,367800000
2,3678,367800000,367800100,43143,71906,367900000,367900000
2,3679,367900000,367900100,43143,71906,368000000,368000000
2,3680,368000000,368000100,43143,71906,368100000,368100000
2,3681,368100000,368100100,43143,71906,368200000,368200000
2,3682,368200000,368200100,43143,71906,368300000,368300000
2,3683,368300000,368300100,43143,71906,368400000,368400000
2,3684,368400000,368400100,43143,71906,368500000,368500000
2,3685,368500000,368500100,43143,71906,368600000,368600000
2,3686,368600000,368600100,43143,71906,368700000,368700000
2,3687,368700000,368700100,43143,71906,368800000,368800000
2,3688,368800000,368800100,43143,71906,368900000,368900000
2,3689,368900000,368900100,43143,71906,369000000,369000000
2,3690,369000000,369000100,43143,71906,369100000,369100000
2,3691,369100000,369100100,43143,71906,369200000,369200000
2,3692,369200000,369200100,43143,71906,369300000,369300000
2,3693,369300000,369300100,43143,71906,369400000,369400000
2,3694,369400000,369400100,43143,71906,369500000,369500000
2,3695,369500000,369500100,43143,71906,369600000,369600000
2,3696,369600000,369600100,43143,71906,369700000,369700000
2,3697,369700000,369700100,43143,71906,369800000,369800000
2,3698,369800000,369800100,43143,71906,369900000,369900000
2,3699,369900000,369900100,43143,71906,370000000,370000000
2,3700,370000000,370000100,43143,71906,370100000,370100000
2,3701,370100000,370100100,43143,71906,370200000,370200000
2,3702,370200000,370200100,43143,71906,370300000,370300000
2,3703,370300000,370300100,43143,71906,370400000,370400000
2,3704,370400000,370400100,43143,71906,370500000,370500000
2,3705,370500000,370500100,43143,71906,370600000,370600000
2,3706,370600000,370600100,43143,71906,370700000,370700000
2,3707,370700000,370700100,43143,71906,370800000,370800000
2,3708,370800000,370800100,43143,71906,370900000,370900000
2,3709,370900000,370900100,43143,71906,371000000,371000000
2,3710,371000000,371000100,43143,71906,371100000,371100000
2,3711,371100000,371100100,43143,71906,371200000,371200000
2,3712,371200000,371200100,43143,71906,371300000,371300000
2,3713,371300000,371300100,43143,71906,371400000,371400000
2,3714,371400000,371400100,43143,71906,371500000,371500000
2,3715,371500000,371500100,43143,71906,371600000,371600000
2,3716,371600000,371600100,43143,71906,371700000,371700000
2,3717,371700000,371700100,43143,71906,371800000,371800000
2,3718,371800000,371800100,43143,71906,371900000,371900000
2,3719,371900000,371900100,43143,71906,372000000,372000000
2,3720,372000000,372000100,43143,71906,372100000,372100000
2,3721,372100000,372100100,43143,71906,372200000,372200000
2,3722,372200000,372200100,43143,71906,372300000,372300000
2,3723,372300000,372300100,43143,71906,372400000,372400000
2,3724,372400000,372400100,43143,71906,372500000,372500000
2,3725,372500000,372500100,43143,71906,372600000,372600000
2,3726,372600000,372600100,43143,71906,372700000,372700000
2,3727,372700000,372700100,43143,71906,372800000,372800000
2,3728,372800000,372800100,43143,71906,372900000,372900000
2,3729,372900000,372900100,43143,71906,373000000,373000000
2,3730,373000000,373000100,43143,71906,373100000,373100000
2,3731,373100000,373100100,43143,71906,373200000,373200000
2,3732,373200000,373200100,43143,71906,373300000,373300000
2,3733,373300000,373300100,43143,71906,373400000,373400000
2,3734,373400000,373400100,43143,71906,373500000,373500000
2,3735,373500000,373500100,43143,71906,373600000,373600000
2,3736,373600000,373600100,43143,71906,373700000,373700000
2,3737,373700000,373700100,43143,71906,373800000,373800000
2,3738,373800000,373800100,43143,71906,373900000,373900000
2,3739,373900000,373900100,43143,71906,374000000,374000000
2,3740,374000000,374000100,43143,71906,374100000,374100000
2,3741,374100000,374100100,43143,71906,374200000,374200000
2,3742,374200000,374200100,43143,71906,374300000,374300000
2,3743,374300000,374300100,43143,71906,374400000,374400000
2,3744,374400000,374400100,43143,71906,374500000,374500000
2,3745,374500000,374500100,43143,71906,374600000,374600000
2,3746,374600000,374600100,43143,71906,374700000,374700000
2,3747,374700000,374700100,43143,71906,374800000,374800000
2,3748,374800000,374800100,43143,71906,374900000,374900000
2,3749,374900000,374900100,43143,71906,375000000,375000000
2,3750,375000000,375000100,43143,71906,375100000,375100000
2,3751,375100000,375100100,43143,71906,375200000,375200000
2,3752,375200000,375200100,43143,71906,375300000,375300000
2,3753,375300000,375300100,43143,71906,375400000,375400000
2,3754,375400000,375400100,43143,71906,375500000,375500000
2,3755,375500000,375500100,43143,71906,375600000,375600000
2,3756,375600000,375600100,43143,71906,375700000,375700000
2,3757,375700000,375700100,43143,71906,375800000,375800000
2,3758,375800000,375800100,43143,71906,375900000,375900000
2,3759,375900000,375900100,43143,71906,376000000,376000000
2,3760,376000000,376000100,43143,71906,376100000,376100000
2,3761,376100000,376100100,43143,71906,376200000,376200000
2,3762,376200000,376200100,43143,71906,376300000,376300000
2,3763,376300000,376300100,43143,71906,376400000,376400000
2,3764,376400000,376400100,43143,71906,376500000,376500000
2,3765,376500000,376500100,43143,71906,376600000,376600000
2,3766,376600000,376600100,43143,71906,376700000,376700000
2,3767,376700000,376700100,43143,71906,376800000,376800000
2,3768,376800000,376800100,43143,71906,376900000,376900000
2,3769,376900000,376900100,43143,71906,377000000,377000000
2,3770,377000000,377000100,43143,71906,377100000,377100000
2,3771,377100000,377100100,43143,71906,377200000,377200000
2,3772,377200000,377200100,43143,71906,377300000,377300000
2,3773,377300000,377300100,43143,71906,377400000,377400000
2,3774,377400000,377400100,43143,71906,377500000,377500000
2,3775,377500000,377500100,43143,71906,377600000,377600000
2,3776,377600000,377600100,43143,71906,377700000,377700000
2,3777,377700000,377700100,43143,71906,377800000,377800000
2,3778,377800000,377800100,43143,71906,377900000,377900000
2,3779,377900000,377900100,43143,71906,378000000,378000000
2,3780,378000000,378000100,43143,71906,378100000,378100000
2,3781,378100000,378100100,43143,71906,378200000,378200000
2,3782,378200000,378200100,43143,71906,378300000,378300000
2,3783,378300000,378300100,43143,71906,378400000,378400000
2,3784,378400000,378400100,43143,71906,378500000,378500000
2,3785,378500000,378500100,43143,71906,378600000,378600000
2,3786,378600000,378600100,43143,71906,378700000,378700000
2,3787,378700000,378700100,43143,71906,378800000,378800000
2,3788,378800000,378800100,43143,71906,378900000,378900000
2,3789,378900000,378900100,43143,71906,379000000,379000000
2,3790,379000000,379000100,43143,71906,379100000,379100000
2,3791,379100000,379100100,43143,71906,379200000,379200000
2,3792,379200000,379200100,43143,71906,379300000,379300000
2,3793,379300000,379300100,43143,71906,379400000,379400000
2,3794,379400000,379400100,43143,71906,379500000,379500000
2,3795,379500000,379500100,43143,71906,379600000,379600000
2,3796,379600000,379600100,43143,71906,379700000,379700000
2,3797,379700000,379700100,43143,71906,379800000,379800000
2,3798,379800000,379800100,43143,71906,379900000,379900000
2,3799,379900000,379900100,43143,71906,380000000,380000000
2,3800,380000000,380000100,43143,71906,380100000,380100000
2,3801,380100000,380100100,43143,71906,380200000,380200000
2,3802,380200000,380200100,43143,71906,380300000,380300000
2,3803,380300000,380300100,43143,71906,380400000,380400000
2,3804,380400000,380400100,43143,71906,380500000,380500000
2,3805,380500000,380500100,43143,71906,380600000,380600000
2,3806,380600000,380600100,43143,71906,380700000,380700000
2,3807,380700000,380700100,43143,71906,380800000,380800000
2,3808,380800000,380800100,43143,71906,380900000,380900000
2,3809,380900000,380900100,43143,71906,381000000,381000000
2,3810,381000000,381000100,43143,71906,381100000,381100000
2,3811,381100000,381100100,43143,71906,381200000,381200000
2,3812,381200000,381200100,43143,71906,381300000,381300000
2,3813,381300000,381300100,43143,71906,381400000,381400000
2,3814,381400000,381400100,43143,71906,381500000,381500000
2,3815,381500000,381500100,43143,71906,381600000,381600000
2,3816,381600000,381600100,43143,71906,381700000,381700000
2,3817,381700000,381700100,43143,71906,381800000,381800000
2,3818,381800000,381800100,43143,71906,381900000,381900000
2,3819,381900000,381900100,43143,71906,382000000,382000000
2,3820,382000000,382000100,43143,71906,382100000,382100000
2,3821,382100000,382100100,43143,71906,382200000,382200000
2,3822,382200000,382200100,43143,71906,382300000,382300000
2,3823,382300000,382300100,43143,71906,382400000,382400000
2,3824,382400000,382400100,43143,71906,382500000,382500000
2,3825,382500000,382500100,43143,71906,382600000,382600000
2,3826,382600000,382600100,43143,71906,382700000,382700000
2,3827,382700000,382700100,43143,71906,382800000,382800000
2,3828,382800000,382800100,43143,71906,382900000,382900000
2,3829,382900000,382900100,43143,71906,383000000,383000000
2,3830,383000000,383000100,43143,71906,383100000,383100000
2,3831,383100000,383100100,43143,71906,383200000,383200000
2,3832,383200000,383200100,43143,71906,383300000,383300000
2,3833,383300000,383300100,43143,71906,383400000,383400000
2,3834,383400000,383400100,43143,71906,383500000,383500000
2,3835,383500000,383500100,43143,71906,383600000,383600000
2,3836,383600000,383600100,43143,71906,383700000,383700000
2,3837,383700000,383700100,43143,71906,383800000,383800000
2,3838,383800000,383800100,43143,71906,383900000,383900000
2,3839,383900000,383900100,43143,71906,384000000,384000000
2,3840,384000000,384000100,43143,71906,384100000,384100000
2,3841,384100000,384100100,43143,71906,384200000,384200000
2,3842,384200000,384200100,43143,71906,384300000,384300000
2,3843,384300000,384300100,43143,71906,384400000,384400000
2,3844,384400000,384400100,43143,71906,384500000,384500000
2,3845,384500000,384500100,43143,71906,384600000,384600000
2,3846,384600000,384600100,43143,71906,384700000,384700000
2,3847,384700000,384700100,43143,71906,384800000,384800000
2,3848,384800000,384800100,43143,71906,384900000,384900000
2,3849,384900000,384900100,43143,71906,385000000,385000000
2,3850,385000000,385000100,43143,71906,385100000,385100000
2,3851,385100000,385100100,43143,71906,385200000,385200000
2,3852,385200000,385200100,43143,71906,385300000,385300000
2,3853,385300000,385300100,43143,71906,385400000,385400000
2,3854,385400000,385400100,43143,71906,385500000,385500000
2,3855,385500000,385500100,43143,71906,385600000,385600000
2,3856,385600000,385600100,43143,71906,385700000,385700000
2,3857,385700000,385700100,43143,71906,385800000,385800000
2,3858,385800000,385800100,43143,71906,385900000,385900000
2,3859,385900000,385900100,43143,71906,386000000,386000000
2,3860,386000000,386000100,43143,71906,386100000,386100000
2,3861,386100000,386100100,43143,71906,386200000,386200000
2,3862,386200000,386200100,43143,71906,386300000,386300000
2,3863,386300000,386300100,43143,71906,386400000,386400000
2,3864,386400000,386400100,43143,71906,386500000,386500000
2,3865,386500000,386500100,43143,71906,386600000,386600000
2,3866,386600000,386600100,43143,71906,386700000,386700000
2,3867,386700000,386700100,43143,71906,386800000,386800000
2,3868,386800000,386800100,43143,71906,386900000,386900000
2,3869,386900000,386900100,43143,71906,387000000,387000000
2,3870,387000000,387000100,43143,71906,387100000,387100000
2,3871,387100000,387100100,43143,71906,387200000,387200000
2,3872,387200000,387200100,43143,71906,387300000,387300000
2,3873,387300000,387300100,43143,71906,387400000,387400000
2,3874,387400000,387400100,43143,71906,387500000,387500000
2,3875,387500000,387500100,43143,71906,387600000,387600000
2,3876,387600000,387600100,43143,71906,387700000,387700000
2,3877,387700000,387700100,43143,71906,387800000,387800000
2,3878,387800000,387800100,43143,71906,387900000,387900000
2,3879,387900000,387900100,43143,71906,388000000,388000000
2,3880,388000000,388000100,43143,71906,388100000,388100000
2,3881,388100000,388100100,43143,71906,388200000,388200000
2,3882,388200000,388200100,43143,71906,388300000,388300000
2,3883,388300000,388300100,43143,71906,388400000,388400000
2,3884,388400000,388400100,43143,71906,388500000,388500000
2,3885,388500000,388500100,43143,71906,388600000,388600000
2,3886,388600000,388600100,43143,71906,388700000,388700000
2,3887,388700000,388700100,43143,71906,388800000,388800000
2,3888,388800000,388800100,43143,71906,388900000,388900000
2,3889,388900000,388900100,43143,71906,389000000,389000000
2,3890,389000000,389000100,43143,71906,389100000,389100000
2,3891,389100000,389100100,43143,71906,389200000,389200000
2,3892,389200000,389200100,43143,71906,389300000,389300000
2,3893,389300000,389300100,43143,71906,389400000,389400000
2,3894,389400000,389400100,43143,71906,389500000,389500000
2,3895,389500000,389500100,43143,71906,389600000,389600000
2,3896,389600000,389600100,43143,71906,389700000,389700000
2,3897,389700000,389700100,43143,71906,389800000,389800000
2,3898,389800000,389800100,43143,71906,389900000,389900000
2,3899,389900000,389900100,43143,71906,390000000,390000000
2,3900,390000000,390000100,43143,71906,390100000,390100000
2,3901,390100000,390100100,43143,71906,390200000,390200000
2,3902,390200000,390200100,43143,71906,390300000,390300000
2,3903,390300000,390300100,43143,71906,390400000,390400000
2,3904,390400000,390400100,43143,71906,390500000,390500000
2,3905,390500000,390500100,43143,71906,390600000,390600000
2,3906,390600000,390600100,43143,71906,390700000,390700000
2,3907,390700000,390700100,43143,71906,390800000,390800000
2,3908,390800000,390800100,43143,71906,390900000,390900000
2,3909,390900000,390900100,43143,71906,391000000,391000000
2,3910,391000000,391000100,43143,71906,391100000,391100000
2,3911,391100000,391100100,43143,71906,391200000,391200000
2,3912,391200000,391200100,43143,71906,391300000,391300000
2,3913,391300000,391300100,43143,71906,391400000,391400000
2,3914,391400000,391400100,43143,71906,391500000,391500000
2,3915,391500000,391500100,43143,71906,391600000,391600000
2,3916,391600000,391600100,43143,71906,391700000,391700000
2,3917,391700000,391700100,43143,71906,391800000,391800000
2,3918,391800000,391800100,43143,71906,391900000,391900000
2,3919,391900000,391900100,43143,71906,392000000,392000000
2,3920,392000000,392000100,43143,71906,392100000,392100000
2,3921,392100000,392100100,43143,71906,392200000,392200000
2,3922,392200000,392200100,43143,71906,392300000,392300000
2,3923,392300000,392300100,43143,71906,392400000,392400000
2,3924,392400000,392400100,43143,71906,392500000,392500000
2,3925,392500000,392500100,43143,71906,392600000,392600000
2,3926,392600000,392600100,43143,71906,392700000,392700000
2,3927,392700000,392700100,43143,71906,392800000,392800000
2,3928,392800000,392800100,43143,71906,392900000,392900000
2,3929,392900000,392900100,43143,71906,393000000,393000000
2,3930,393000000,393000100,43143,71906,393100000,393100000
2,3931,393100000,393100100,43143,71906,393200000,393200000
2,3932,393200000,393200100,43143,71906,393300000,393300000
2,3933,393300000,393300100,43143,71906,393400000,393400000
2,3934,393400000,393400100,43143,71906,393500000,393500000
2,3935,393500000,393500100,43143,71906,393600000,393600000
2,3936,393600000,393600100,43143,71906,393700000,393700000
2,3937,393700000,393700100,43143,71906,393800000,393800000
2,3938,393800000,393800100,43143,71906,393900000,393900000
2,3939,393900000,393900100,43143,71906,394000000,394000000
2,3940,394000000,394000100,43143,71906,394100000,394100000
2,3941,394100000,394100100,43143,71906,394200000,394200000
2,3942,394200000,394200100,43143,71906,394300000,394300000
2,3943,394300000,394300100,43143,71906,394400000,394400000
2,3944,394400000,394400100,43143,71906,394500000,394500000
2,3945,394500000,394500100,43143,71906,394600000,394600000
2,3946,394600000,394600100,43143,71906,394700000,394700000
2,3947,394700000,394700100,43143,71906,394800000,394800000
2,3948,394800000,394800100,43143,71906,394900000,394900000
2,3949,394900000,394900100,43143,71906,395000000,395000000
2,3950,395000000,395000100,43143,71906,395100000,395100000
2,3951,395100000,395100100,43143,71906,395200000,395200000
2,3952,395200000,395200100,43143,71906,395300000,395300000
2,3953,395300000,395300100,43143,71906,395400000,395400000
2,3954,395400000,395400100,43143,71906,395500000,395500000
2,3955,395500000,395500100,43143,71906,395600000,395600000
2,3956,395600000,395600100,43143,71906,395700000,395700000
2,3957,395700000,395700100,43143,71906,395800000,395800000
2,3958,395800000,395800100,43143,71906,395900000,395900000
2,3959,395900000,395900100,43143,71906,396000000,396000000
2,3960,396000000,396000100,43143,71906,396100000,396100000
2,3961,396100000,396100100,43143,71906,396200000,396200000
2,3962,396200000,396200100,43143,71906,396300000,396300000
2,3963,396300000,396300100,43143,71906,396400000,396400000
2,3964,396400000,396400100,43143,71906,396500000,396500000
2,3965,396500000,396500100,43143,71906,396600000,396600000
2,3966,396600000,396600100,43143,71906,396700000,396700000
2,3967,396700000,396700100,43143,71906,396800000,396800000
2,3968,396800000,396800100,43143,71906,396900000,396900000
2,3969,396900000,396900100,43143,71906,397000000,397000000
2,3970,397000000,397000100,43143,71906,397100000,397100000
2,3971,397100000,397100100,43143,71906,397200000,397200000
2,3972,397200000,397200100,43143,71906,397300000,397300000
2,3973,397300000,397300100,43143,71906,397400000,397400000
2,3974,397400000,397400100,43143,71906,397500000,397500000
2,3975,397500000,397500100,43143,71906,397600000,397600000
2,3976,397600000,397600100,43143,71906,397700000,397700000
2,3977,397700000,397700100,43143,71906,397800000,397800000
2,3978,397800000,397800100,43143,71906,397900000,397900000
2,3979,397900000,397900100,43143,71906,398000000,398000000
2,3980,398000000,398000100,43143,71906,398100000,398100000
2,3981,398100000,398100100,43143,71906,398200000,398200000
2,3982,398200000,398200100,43143,71906,398300000,398300000
2,3983,398300000,398300100,43143,71906,398400000,398400000
2,3984,398400000,398400100,43143,71906,398500000,398500000
2,3985,398500000,398500100,43143,71906,398600000,398600000
2,3986,398600000,398600100,43143,71906,398700000,398700000
2,3987,398700000,398700100,43143,71906,398800000,398800000
2,3988,398800000,398800100,43143,71906,398900000,398900000
2,3989,398900000,398900100,43143,71906,399000000,399000000
2,3990,399000000,399000100,43143,71906,399100000,399100000
2,3991,399100000,399100100,43143,71906,399200000,399200000
2,3992,399200000,399200100,43143,71906,399300000,399300000
2,3993,399300000,399300100,43143,71906,399400000,399400000
2,3994,399400000,399400100,43143,71906,399500000,399500000
2,3995,399500000,399500100,43143,71906,399600000,399600000
2,3996,399600000,399600100,43143,71906,399700000,399700000
2,3997,399700000,399700100,43143,71906,399800000,399800000
2,3998,399800000,399800100,43143,71906,399900000,399900000
2,3999,399900000,399900100,43143,71906,400000000,400000000
2,4000,400000000,400000100,43143,71906,400100000,400100000
2,4001,400100000,400100100,43143,71906,400200000,400200000
2,4002,400200000,400200100,43143,71906,400300000,400300000
2,4003,400300000,400300100,43143,71906,400400000,400400000
2,4004,400400000,400400100,43143,71906,400500000,400500000
2,4005,400500000,400500100,43143,71906,400600000,400600000
2,4006,400600000,400600100,43143,71906,400700000,400700000
2,4007,400700000,400700100,43143,71906,400800000,400800000
2,4008,400800000,400800100,43143,71906,400900000,400900000
2,4009,400900000,400900100,43143,71906,401000000,401000000
2,4010,401000000,401000100,43143,71906,401100000,401100000
2,4011,401100000,401100100,43143,71906,401200000,401200000
2,4012,401200000,401200100,43143,71906,401300000,401300000
2,4013,401300000,401300100,43143,71906,401400000,401400000
2,4014,401400000,401400100,43143,71906,401500000,401500000
2,4015,401500000,401500100,43143,71906,401600000,401600000
2,4016,401600000,401600100,43143,71906,401700000,401700000
2,4017,401700000,401700100,43143,71906,401800000,401800000
2,4018,401800000,401800100,43143,71906,401900000,401900000
2,4019,401900000,401900100,43143,71906,402000000,402000000
2,4020,402000000,402000100,43143,71906,402100000,402100000
2,4021,402100000,402100100,43143,71906,402200000,402200000
2,4022,402200000,402200100,43143,71906,402300000,402300000
2,4023,402300000,402300100,43143,71906,402400000,402400000
2,4024,402400000,402400100,43143,71906,402500000,402500000
2,4025,402500000,402500100,43143,71906,402600000,402600000
2,4026,402600000,402600100,43143,71906,402700000,402700000
2,4027,402700000,402700100,43143,71906,402800000,402800000
2,4028,402800000,402800100,43143,71906,402900000,402900000
2,4029,402900000,402900100,43143,71906,403000000,403000000
2,4030,403000000,403000100,43143,71906,403100000,403100000
2,4031,403100000,403100100,43143,71906,403200000,403200000
2,4032,403200000,403200100,43143,71906,403300000,403300000
2,4033,403300000,403300100,43143,71906,403400000,403400000
2,4034,403400000,403400100,43143,71906,403500000,403500000
2,4035,403500000,403500100,43143,71906,403600000,403600000
2,4036,403600000,403600100,43143,71906,403700000,403700000
2,4037,403700000,403700100,43143,71906,403800000,403800000
2,4038,403800000,403800100,43143,71906,403900000,403900000
2,4039,403900000,403900100,43143,71906,404000000,404000000
2,4040,404000000,404000100,43143,71906,404100000,404100000
2,4041,404100000,404100100,43143,71906,404200000,404200000
2,4042,404200000,404200100,43143,71906,404300000,404300000
2,4043,404300000,404300100,43143,71906,404400000,404400000
2,4044,404400000,404400100,43143,71906,404500000,404500000
2,4045,404500000,404500100,43143,71906,404600000,404600000
2,4046,404600000,404600100,43143,71906,404700000,404700000
2,4047,404700000,404700100,43143,71906,404800000,404800000
2,4048,404800000,404800100,43143,71906,404900000,404900000
2,4049,404900000,404900100,43143,71906,405000000,405000000
2,4050,405000000,405000100,43143,71906,405100000,405100000
2,4051,405100000,405100100,43143,71906,405200000,405200000
2,4052,405200000,405200100,43143,71906,405300000,405300000
2,4053,405300000,405300100,43143,71906,405400000,405400000
2,4054,405400000,405400100,43143,71906,405500000,405500000
2,4055,405500000,405500100,43143,71906,405600000,405600000
2,4056,405600000,405600100,43143,71906,405700000,405700000
2,4057,405700000,405700100,43143,71906,405800000,405800000
2,4058,405800000,405800100,43143,71906,405900000,405900000
2,4059,405900000,405900100,43143,71906,406000000,406000000
2,4060,406000000,406000100,43143,71906,406100000,406100000
2,4061,406100000,406100100,43143,71906,406200000,406200000
2,4062,406200000,406200100,43143,71906,406300000,406300000
2,4063,406300000,406300100,43143,71906,406400000,406400000
2,4064,406400000,406400100,43143,71906,406500000,406500000
2,4065,406500000,406500100,43143,71906,406600000,406600000
2,4066,406600000,406600100,43143,71906,406700000,406700000
2,4067,406700000,406700100,43143,71906,406800000,406800000
2,4068,406800000,406800100,43143,71906,406900000,406900000
2,4069,406900000,406900100,43143,71906,407000000,407000000
2,4070,407000000,407000100,43143,71906,407100000,407100000
2,4071,407100000,407100100,43143,71906,407200000,407200000
2,4072,407200000,407200100,43143,71906,407300000,407300000
2,4073,407300000,407300100,43143,71906,407400000,407400000
2,4074,407400000,407400100,43143,71906,407500000,407500000
2,4075,407500000,407500100,43143,71906,407600000,407600000
2,4076,407600000,407600100,43143,71906,407700000,407700000
2,4077,407700000,407700100,43143,71906,407800000,407800000
2,4078,407800000,407800100,43143,71906,407900000,407900000
2,4079,407900000,407900100,43143,71906,408000000,408000000
2,4080,408000000,408000100,43143,71906,408100000,408100000
2,4081,408100000,408100100,43143,71906,408200000,408200000
2,4082,408200000,408200100,43143,71906,408300000,408300000
2,4083,408300000,408300100,43143,71906,408400000,408400000
2,4084,408400000,408400100,43143,71906,408500000,408500000
2,4085,408500000,408500100,43143,71906,408600000,408600000
2,4086,408600000,408600100,43143,71906,408700000,408700000
2,4087,408700000,408700100,43143,71906,408800000,408800000
2,4088,408800000,408800100,43143,71906,408900000,408900000
2,4089,408900000,408900100,43143,71906,409000000,409000000
2,4090,409000000,409000100,43143,71906,409100000,409100000
2,4091,409100000,409100100,43143,71906,409200000,409200000
2,4092,409200000,409200100,43143,71906,409300000,409300000
2,4093,409300000,409300100,43143,71906,409400000,409400000
2,4094,409400000,409400100,43143,71906,409500000,409500000
2,4095,409500000,409500100,43143,71906,409600000,409600000
2,4096,409600000,409600100,43143,71906,409700000,409700000
2,4097,409700000,409700100,43143,71906,409800000,409800000
2,4098,409800000,409800100,43143,71906,409900000,409900000
2,4099,409900000,409900100,43143,71906,410000000,410000000
2,4100,410000000,410000100,43143,71906,410100000,410100000
2,4101,410100000,410100100,43143,71906,410200000,410200000
2,4102,410200000,410200100,43143,71906,410300000,410300000
2,4103,410300000,410300100,43143,71906,410400000,410400000
2,4104,410400000,410400100,43143,71906,410500000,410500000
2,4105,410500000,410500100,43143,71906,410600000,410600000
2,4106,410600000,410600100,43143,71906,410700000,410700000
2,4107,410700000,410700100,43143,71906,410800000,410800000
2,4108,410800000,410800100,43143,71906,410900000,410900000
2,4109,410900000,410900100,43143,71906,411000000,411000000
2,4110,411000000,411000100,43143,71906,411100000,411100000
2,4111,411100000,411100100,43143,71906,411200000,411200000
2,4112,411200000,411200100,43143,71906,411300000,411300000
2,4113,411300000,411300100,43143,71906,411400000,411400000
2,4114,411400000,411400100,43143,71906,411500000,411500000
2,4115,411500000,411500100,43143,71906,411600000,411600000
2,4116,411600000,411600100,43143,71906,411700000,411700000
2,4117,411700000,411700100,43143,71906,411800000,411800000
2,4118,411800000,411800100,43143,71906,411900000,411900000
2,4119,411900000,411900100,43143,71906,412000000,412000000
2,4120,412000000,412000100,43143,71906,412100000,412100000
2,4121,412100000,412100100,43143,71906,412200000,412200000
2,4122,412200000,412200100,43143,71906,412300000,412300000
2,4123,412300000,412300100,43143,71906,412400000,412400000
2,4124,412400000,412400100,43143,71906,412500000,412500000
2,4125,412500000,412500100,43143,71906,412600000,412600000
2,4126,412600000,412600100,43143,71906,412700000,412700000
2,4127,412700000,412700100,43143,71906,412800000,412800000
2,4128,412800000,412800100,43143,71906,412900000,412900000
2,4129,412900000,412900100,43143,71906,413000000,413000000
2,4130,413000000,413000100,43143,71906,413100000,413100000
2,4131,413100000,413100100,43143,71906,413200000,413200000
2,4132,413200000,413200100,43143,71906,413300000,413300000
2,4133,413300000,413300100,43143,71906,413400000,413400000
2,4134,413400000,413400100,43143,71906,413500000,413500000
2,4135,413500000,413500100,43143,71906,413600000,413600000
2,4136,413600000,413600100,43143,71906,413700000,413700000
2,4137,413700000,413700100,43143,71906,413800000,413800000
2,4138,413800000,413800100,43143,71906,413900000,413900000
2,4139,413900000,413900100,43143,71906,414000000,414000000
2,4140,414000000,414000100,43143,71906,414100000,414100000
2,4141,414100000,414100100,43143,71906,414200000,414200000
2,4142,414200000,414200100,43143,71906,414300000,414300000
2,4143,414300000,414300100,43143,71906,414400000,414400000
2,4144,414400000,414400100,43143,71906,414500000,414500000
2,4145,414500000,414500100,43143,71906,414600000,414600000
2,4146,414600000,414600100,43143,71906,414700000,414700000
2,4147,414700000,414700100,43143,71906,414800000,414800000
2,4148,414800000,414800100,43143,71906,414900000,414900000
2,4149,414900000,414900100,43143,71906,415000000,415000000
2,4150,415000000,415000100,43143,71906,415100000,415100000
2,4151,415100000,415100100,43143,71906,415200000,415200000
2,4152,415200000,415200100,43143,71906,415300000,415300000
2,4153,415300000,415300100,43143,71906,415400000,415400000
2,4154,415400000,415400100,43143,71906,415500000,415500000
2,4155,415500000,415500100,43143,71906,415600000,415600000
2,4156,415600000,415600100,43143,71906,415700000,415700000
2,4157,415700000,415700100,43143,71906,415800000,415800000
2,4158,415800000,415800100,43143,71906,415900000,415900000
2,4159,415900000,415900100,43143,71906,416000000,416000000
2,4160,416000000,416000100,43143,71906,416100000,416100000
2,4161,416100000,416100100,43143,71906,416200000,416200000
2,4162,416200000,416200100,43143,71906,416300000,416300000
2,4163,416300000,416300100,43143,71906,416400000,416400000
2,4164,416400000,416400100,43143,71906,416500000,416500000
2,4165,416500000,416500100,43143,71906,416600000,416600000
2,4166,416600000,416600100,43143,71906,416700000,416700000
2,4167,416700000,416700100,43143,71906,416800000,416800000
2,4168,416800000,416800100,43143,71906,416900000,416900000
2,4169,416900000,416900100,43143,71906,417000000,417000000
2,4170,417000000,417000100,43143,71906,417100000,417100000
2,4171,417100000,417100100,43143,71906,417200000,417200000
2,4172,417200000,417200100,43143,71906,417300000,417300000
2,4173,417300000,417300100,43143,71906,417400000,417400000
2,4174,417400000,417400100,43143,71906,417500000,417500000
2,4175,417500000,417500100,43143,71906,417600000,417600000
2,4176,417600000,417600100,43143,71906,417700000,417700000
2,4177,417700000,417700100,43143,71906,417800000,417800000
2,4178,417800000,417800100,43143,71906,417900000,417900000
2,4179,417900000,417900100,43143,71906,418000000,418000000
2,4180,418000000,418000100,43143,71906,418100000,418100000
2,4181,418100000,418100100,43143,71906,418200000,418200000
2,4182,418200000,418200100,43143,71906,418300000,418300000
2,4183,418300000,418300100,43143,71906,418400000,418400000
2,4184,418400000,418400100,43143,71906,418500000,418500000
2,4185,418500000,418500100,43143,71906,418600000,418600000
2,4186,418600000,418600100,43143,71906,418700000,418700000
2,4187,418700000,418700100,43143,71906,418800000,418800000
2,4188,418800000,418800100,43143,71906,418900000,418900000
2,4189,418900000,418900100,43143,71906,419000000,419000000
2,4190,419000000,419000100,43143,71906,419100000,419100000
2,4191,419100000,419100100,43143,71906,419200000,419200000
2,4192,419200000,419200100,43143,71906,419300000,419300000
2,4193,419300000,419300100,43143,71906,419400000,419400000
2,4194,419400000,419400100,43143,71906,419500000,419500000
2,4195,419500000,419500100,43143,71906,419600000,419600000
2,4196,419600000,419600100,43143,71906,419700000,419700000
2,4197,419700000,419700100,43143,71906,419800000,419800000
2,4198,419800000,419800100,43143,71906,419900000,419900000
2,4199,419900000,419900100,43143,71906,420000000,420000000
2,4200,420000000,420000100,43143,71906,420100000,420100000
2,4201,420100000,420100100,43143,71906,420200000,420200000
2,4202,420200000,420200100,43143,71906,420300000,420300000
2,4203,420300000,420300100,43143,71906,420400000,420400000
2,4204,420400000,420400100,43143,71906,420500000,420500000
2,4205,420500000,420500100,43143,71906,420600000,420600000
2,4206,420600000,420600100,43143,71906,420700000,420700000
2,4207,420700000,420700100,43143,71906,420800000,420800000
2,4208,420800000,420800100,43143,71906,420900000,420900000
2,4209,420900000,420900100,43143,71906,421000000,421000000
2,4210,421000000,421000100,43143,71906,421100000,421100000
2,4211,421100000,421100100,43143,71906,421200000,421200000
2,4212,421200000,421200100,43143,71906,421300000,421300000
2,4213,421300000,421300100,43143,71906,421400000,421400000
2,4214,421400000,421400100,43143,71906,421500000,421500000
2,4215,421500000,421500100,43143,71906,421600000,421600000
2,4216,421600000,421600100,43143,71906,421700000,421700000
2,4217,421700000,421700100,43143,71906,421800000,421800000
2,4218,421800000,421800100,43143,71906,421900000,421900000
2,4219,421900000,421900100,43143,71906,422000000,422000000
2,4220,422000000,422000100,43143,71906,422100000,422100000
2,4221,422100000,422100100,43143,71906,422200000,422200000
2,4222,422200000,422200100,43143,71906,422300000,422300000
2,4223,422300000,422300100,43143,71906,422400000,422400000
2,4224,422400000,422400100,43143,71906,422500000,422500000
2,4225,422500000,422500100,43143,71906,422600000,422600000
2,4226,422600000,422600100,43143,71906,422700000,422700000
2,4227,422700000,422700100,43143,71906,422800000,422800000
2,4228,422800000,422800100,43143,71906,422900000,422900000
2,4229,422900000,422900100,43143,71906,423000000,423000000
2,4230,423000000,423000100,43143,71906,423100000,423100000
2,4231,423100000,423100100,43143,71906,423200000,423200000
2,4232,423200000,423200100,43143,71906,423300000,423300000
2,4233,423300000,423300100,43143,71906,423400000,423400000
2,4234,423400000,423400100,43143,71906,423500000,423500000
2,4235,423500000,423500100,43143,71906,423600000,423600000
2,4236,423600000,423600100,43143,71906,423700000,423700000
2,4237,423700000,423700100,43143,71906,423800000,423800000
2,4238,423800000,423800100,43143,71906,423900000,423900000
2,4239,423900000,423900100,43143,71906,424000000,424000000
2,4240,424000000,424000100,43143,71906,424100000,424100000
2,4241,424100000,424100100,43143,71906,424200000,424200000
2,4242,424200000,424200100,43143,71906,424300000,424300000
2,4243,424300000,424300100,43143,71906,424400000,424400000
2,4244,424400000,424400100,43143,71906,424500000,424500000
2,4245,424500000,424500100,43143,71906,424600000,424600000
2,4246,424600000,424600100,43143,71906,424700000,424700000
2,4247,424700000,424700100,43143,71906,424800000,424800000
2,4248,424800000,424800100,43143,71906,424900000,424900000
2,4249,424900000,424900100,43143,71906,425000000,425000000
2,4250,425000000,425000100,43143,71906,425100000,425100000
2,4251,425100000,425100100,43143,71906,425200000,425200000
2,4252,425200000,425200100,43143,71906,425300000,425300000
2,4253,425300000,425300100,43143,71906,425400000,425400000
2,4254,425400000,425400100,43143,71906,425500000,425500000
2,4255,425500000,425500100,43143,71906,425600000,425600000
2,4256,425600000,425600100,43143,71906,425700000,425700000
2,4257,425700000,425700100,43143,71906,425800000,425800000
2,4258,425800000,425800100,43143,71906,425900000,425900000
2,4259,425900000,425900100,43143,71906,426000000,426000000
2,4260,426000000,426000100,43143,71906,426100000,426100000
2,4261,426100000,426100100,43143,71906,426200000,426200000
2,4262,426200000,426200100,43143,71906,426300000,426300000
2,4263,426300000,426300100,43143,71906,426400000,426400000
2,4264,426400000,426400100,43143,71906,426500000,426500000
2,4265,426500000,426500100,43143,71906,426600000,426600000
2,4266,426600000,426600100,43143,71906,426700000,426700000
2,4267,426700000,426700100,43143,71906,426800000,426800000
2,4268,426800000,426800100,43143,71906,426900000,426900000
2,4269,426900000,426900100,43143,71906,427000000,427000000
2,4270,427000000,427000100,43143,71906,427100000,427100000
2,4271,427100000,427100100,43143,71906,427200000,427200000
2,4272,427200000,427200100,43143,71906,427300000,427300000
2,4273,427300000,427300100,43143,71906,427400000,427400000
2,4274,427400000,427400100,43143,71906,427500000,427500000
2,4275,427500000,427500100,43143,71906,427600000,427600000
2,4276,427600000,427600100,43143,71906,427700000,427700000
2,4277,427700000,427700100,43143,71906,427800000,427800000
2,4278,427800000,427800100,43143,71906,427900000,427900000
2,4279,427900000,427900100,43143,71906,428000000,428000000
2,4280,428000000,428000100,43143,71906,428100000,428100000
2,4281,428100000,428100100,43143,71906,428200000,428200000
2,4282,428200000,428200100,43143,71906,428300000,428300000
2,4283,428300000,428300100,43143,71906,428400000,428400000
2,4284,428400000,428400100,43143,71906,428500000,428500000
2,4285,428500000,428500100,43143,71906,428600000,428600000
2,4286,428600000,428600100,43143,71906,428700000,428700000
2,4287,428700000,428700100,43143,71906,428800000,428800000
2,4288,428800000,428800100,43143,71906,428900000,428900000
2,4289,428900000,428900100,43143,71906,429000000,429000000
2,4290,429000000,429000100,43143,71906,429100000,429100000
2,4291,429100000,429100100,43143,71906,429200000,429200000
2,4292,429200000,429200100,43143,71906,429300000,429300000
2,4293,429300000,429300100,43143,71906,429400000,429400000
2,4294,429400000,429400100,43143,71906,429500000,429500000
2,4295,429500000,429500100,43143,71906,429600000,429600000
2,4296,429600000,429600100,43143,71906,429700000,429700000
2,4297,429700000,429700100,43143,71906,429800000,429800000
2,4298,429800000,429800100,43143,71906,429900000,429900000
2,4299,429900000,429900100,43143,71906,430000000,430000000
2,4300,430000000,430000100,43143,71906,430100000,430100000
2,4301,430100000,430100100,43143,71906,430200000,430200000
2,4302,430200000,430200100,43143,71906,430300000,430300000
2,4303,430300000,430300100,43143,71906,430400000,430400000
2,4304,430400000,430400100,43143,71906,430500000,430500000
2,4305,430500000,430500100,43143,71906,430600000,430600000
2,4306,430600000,430600100,43143,71906,430700000,430700000
2,4307,430700000,430700100,43143,71906,430800000,430800000
2,4308,430800000,430800100,43143,71906,430900000,430900000
2,4309,430900000,430900100,43143,71906,431000000,431000000
2,4310,431000000,431000100,43143,71906,431100000,431100000
2,4311,431100000,431100100,43143,71906,431200000,431200000
2,4312,431200000,431200100,43143,71906,431300000,431300000
2,4313,431300000,431300100,43143,71906,431400000,431400000
2,4314,431400000,431400100,43143,71906,431500000,431500000
2,4315,431500000,431500100,43143,71906,431600000,431600000
2,4316,431600000,431600100,43143,71906,431700000,431700000
2,4317,431700000,431700100,43143,71906,431800000,431800000
2,4318,431800000,431800100,43143,71906,431900000,431900000
2,4319,431900000,431900100,43143,71906,432000000,432000000
2,4320,432000000,432000100,43143,71906,432100000,432100000
2,4321,432100000,432100100,43143,71906,432200000,432200000
2,4322,432200000,432200100,43143,71906,432300000,432300000
2,4323,432300000,432300100,43143,71906,432400000,432400000
2,4324,432400000,432400100,43143,71906,432500000,432500000
2,4325,432500000,432500100,43143,71906,432600000,432600000
2,4326,432600000,432600100,43143,71906,432700000,432700000
2,4327,432700000,432700100,43143,71906,432800000,432800000
2,4328,432800000,432800100,43143,71906,432900000,432900000
2,4329,432900000,432900100,43143,71906,433000000,433000000
2,4330,433000000,433000100,43143,71906,433100000,433100000
2,4331,433100000,433100100,43143,71906,433200000,433200000
2,4332,433200000,433200100,43143,71906,433300000,433300000
2,4333,433300000,433300100,43143,71906,433400000,433400000
2,4334,433400000,433400100,43143,71906,433500000,433500000
2,4335,433500000,433500100,43143,71906,433600000,433600000
2,4336,433600000,433600100,43143,71906,433700000,433700000
2,4337,433700000,433700100,43143,71906,433800000,433800000
2,4338,433800000,433800100,43143,71906,433900000,433900000
2,4339,433900000,433900100,43143,71906,434000000,434000000
2,4340,434000000,434000100,43143,71906,434100000,434100000
2,4341,434100000,434100100,43143,71906,434200000,434200000
2,4342,434200000,434200100,43143,71906,434300000,434300000
2,4343,434300000,434300100,43143,71906,434400000,434400000
2,4344,434400000,434400100,43143,71906,434500000,434500000
2,4345,434500000,434500100,43143,71906,434600000,434600000
2,4346,434600000,434600100,43143,71906,434700000,434700000
2,4347,434700000,434700100,43143,71906,434800000,434800000
2,4348,434800000,434800100,43143,71906,434900000,434900000
2,4349,434900000,434900100,43143,71906,435000000,435000000
2,4350,435000000,435000100,43143,71906,435100000,435100000
2,4351,435100000,435100100,43143,71906,435200000,435200000
2,4352,435200000,435200100,43143,71906,435300000,435300000
2,4353,435300000,435300100,43143,71906,435400000,435400000
2,4354,435400000,435400100,43143,71906,435500000,435500000
2,4355,435500000,435500100,43143,71906,435600000,435600000
2,4356,435600000,435600100,43143,71906,435700000,435700000
2,4357,435700000,435700100,43143,71906,435800000,435800000
2,4358,435800000,435800100,43143,71906,435900000,435900000
2,4359,435900000,435900100,43143,71906,436000000,436000000
2,4360,436000000,436000100,43143,71906,436100000,436100000
2,4361,436100000,436100100,43143,71906,436200000,436200000
2,4362,436200000,436200100,43143,71906,436300000,436300000
2,4363,436300000,436300100,43143,71906,436400000,436400000
2,4364,436400000,436400100,43143,71906,436500000,436500000
2,4365,436500000,436500100,43143,71906,436600000,436600000
2,4366,436600000,436600100,43143,71906,436700000,436700000
2,4367,436700000,436700100,43143,71906,436800000,436800000
2,4368,436800000,436800100,43143,71906,436900000,436900000
2,4369,436900000,436900100,43143,71906,437000000,437000000
2,4370,437000000,437000100,43143,71906,437100000,437100000
2,4371,437100000,437100100,43143,71906,437200000,437200000
2,4372,437200000,437200100,43143,71906,437300000,437300000
2,4373,437300000,437300100,43143,71906,437400000,437400000
2,4374,437400000,437400100,43143,71906,437500000,437500000
2,4375,437500000,437500100,43143,71906,437600000,437600000
2,4376,437600000,437600100,43143,71906,437700000,437700000
2,4377,437700000,437700100,43143,71906,437800000,437800000
2,4378,437800000,437800100,43143,71906,437900000,437900000
2,4379,437900000,437900100,43143,71906,438000000,438000000
2,4380,438000000,438000100,43143,71906,438100000,438100000
2,4381,438100000,438100100,43143,71906,438200000,438200000
2,4382,438200000,438200100,43143,71906,438300000,438300000
2,4383,438300000,438300100,43143,71906,438400000,438400000
2,4384,438400000,438400100,43143,71906,438500000,438500000
2,4385,438500000,438500100,43143,71906,438600000,438600000
2,4386,438600000,438600100,43143,71906,438700000,438700000
2,4387,438700000,438700100,43143,71906,438800000,438800000
2,4388,438800000,438800100,43143,71906,438900000,438900000
2,4389,438900000,438900100,43143,71906,439000000,439000000
2,4390,439000000,439000100,43143,71906,439100000,439100000
2,4391,439100000,439100100,43143,71906,439200000,439200000
2,4392,439200000,439200100,43143,71906,439300000,439300000
2,4393,439300000,439300100,43143,71906,439400000,439400000
2,4394,439400000,439400100,43143,71906,439500000,439500000
2,4395,439500000,439500100,43143,71906,439600000,439600000
2,4396,439600000,439600100,43143,71906,439700000,439700000
2,4397,439700000,439700100,43143,71906,439800000,439800000
2,4398,439800000,439800100,43143,71906,439900000,439900000
2,4399,439900000,439900100,43143,71906,440000000,440000000
2,4400,440000000,440000100,43143,71906,440100000,440100000
2,4401,440100000,440100100,43143,71906,440200000,440200000
2,4402,440200000,440200100,43143,71906,440300000,440300000
2,4403,440300000,440300100,43143,71906,440400000,440400000
2,4404,440400000,440400100,43143,71906,440500000,440500000
2,4405,440500000,440500100,43143,71906,440600000,440600000
2,4406,440600000,440600100,43143,71906,440700000,440700000
2,4407,440700000,440700100,43143,71906,440800000,440800000
2,4408,440800000,440800100,43143,71906,440900000,440900000
2,4409,440900000,440900100,43143,71906,441000000,441000000
2,4410,441000000,441000100,43143,71906,441100000,441100000
2,4411,441100000,441100100,43143,71906,441200000,441200000
2,4412,441200000,441200100,43143,71906,441300000,441300000
2,4413,441300000,441300100,43143,71906,441400000,441400000
2,4414,441400000,441400100,43143,71906,441500000,441500000
2,4415,441500000,441500100,43143,71906,441600000,441600000
2,4416,441600000,441600100,43143,71906,441700000,441700000
2,4417,441700000,441700100,43143,71906,441800000,441800000
2,4418,441800000,441800100,43143,71906,441900000,441900000
2,4419,441900000,441900100,43143,71906,442000000,442000000
2,4420,442000000,442000100,43143,71906,442100000,442100000
2,4421,442100000,442100100,43143,71906,442200000,442200000
2,4422,442200000,442200100,43143,71906,442300000,442300000
2,4423,442300000,442300100,43143,71906,442400000,442400000
2,4424,442400000,442400100,43143,71906,442500000,442500000
2,4425,442500000,442500100,43143,71906,442600000,442600000
2,4426,442600000,442600100,43143,71906,442700000,442700000
2,4427,442700000,442700100,43143,71906,442800000,442800000
2,4428,442800000,442800100,43143,71906,442900000,442900000
2,4429,442900000,442900100,43143,71906,443000000,443000000
2,4430,443000000,443000100,43143,71906,443100000,443100000
2,4431,443100000,443100100,43143,71906,443200000,443200000
2,4432,443200000,443200100,43143,71906,443300000,443300000
2,4433,443300000,443300100,43143,71906,443400000,443400000
2,4434,443400000,443400100,43143,71906,443500000,443500000
2,4435,443500000,443500100,43143,71906,443600000,443600000
2,4436,443600000,443600100,43143,71906,443700000,443700000
2,4437,443700000,443700100,43143,71906,443800000,443800000
2,4438,443800000,443800100,43143,71906,443900000,443900000
2,4439,443900000,443900100,43143,71906,444000000,444000000
2,4440,444000000,444000100,43143,71906,444100000,444100000
2,4441,444100000,444100100,43143,71906,444200000,444200000
2,4442,444200000,444200100,43143,71906,444300000,444300000
2,4443,444300000,444300100,43143,71906,444400000,444400000
2,4444,444400000,444400100,43143,71906,444500000,444500000
2,4445,444500000,444500100,43143,71906,444600000,444600000
2,4446,444600000,444600100,43143,71906,444700000,444700000
2,4447,444700000,444700100,43143,71906,444800000,444800000
2,4448,444800000,444800100,43143,71906,444900000,444900000
2,4449,444900000,444900100,43143,71906,445000000,445000000
2,4450,445000000,445000100,43143,71906,445100000,445100000
2,4451,445100000,445100100,43143,71906,445200000,445200000
2,4452,445200000,445200100,43143,71906,445300000,445300000
2,4453,445300000,445300100,43143,71906,445400000,445400000
2,4454,445400000,445400100,43143,71906,445500000,445500000
2,4455,445500000,445500100,43143,71906,445600000,445600000
2,4456,445600000,445600100,43143,71906,445700000,445700000
2,4457,445700000,445700100,43143,71906,445800000,445800000
2,4458,445800000,445800100,43143,71906,445900000,445900000
2,4459,445900000,445900100,43143,71906,446000000,446000000
2,4460,446000000,446000100,43143,71906,446100000,446100000
2,4461,446100000,446100100,43143,71906,446200000,446200000
2,4462,446200000,446200100,43143,71906,446300000,446300000
2,4463,446300000,446300100,43143,71906,446400000,446400000
2,4464,446400000,446400100,43143,71906,446500000,446500000
2,4465,446500000,446500100,43143,71906,446600000,446600000
2,4466,446600000,446600100,43143,71906,446700000,446700000
2,4467,446700000,446700100,43143,71906,446800000,446800000
2,4468,446800000,446800100,43143,71906,446900000,446900000
2,4469,446900000,446900100,43143,71906,447000000,447000000
2,4470,447000000,447000100,43143,71906,447100000,447100000
2,4471,447100000,447100100,43143,71906,447200000,447200000
2,4472,447200000,447200100,43143,71906,447300000,447300000
2,4473,447300000,447300100,43143,71906,447400000,447400000
2,4474,447400000,447400100,43143,71906,447500000,447500000
2,4475,447500000,447500100,43143,71906,447600000,447600000
2,4476,447600000,447600100,43143,71906,447700000,447700000
2,4477,447700000,447700100,43143,71906,447800000,447800000
2,4478,447800000,447800100,43143,71906,447900000,447900000
2,4479,447900000,447900100,43143,71906,448000000,448000000
2,4480,448000000,448000100,43143,71906,448100000,448100000
2,4481,448100000,448100100,43143,71906,448200000,448200000
2,4482,448200000,448200100,43143,71906,448300000,448300000
2,4483,448300000,448300100,43143,71906,448400000,448400000
2,4484,448400000,448400100,43143,71906,448500000,448500000
2,4485,448500000,448500100,43143,71906,448600000,448600000
2,4486,448600000,448600100,43143,71906,448700000,448700000
2,4487,448700000,448700100,43143,71906,448800000,448800000
2,4488,448800000,448800100,43143,71906,448900000,448900000
2,4489,448900000,448900100,43143,71906,449000000,449000000
2,4490,449000000,449000100,43143,71906,449100000,449100000
2,4491,449100000,449100100,43143,71906,449200000,449200000
2,4492,449200000,449200100,43143,71906,449300000,449300000
2,4493,449300000,449300100,43143,71906,449400000,449400000
2,4494,449400000,449400100,43143,71906,449500000,449500000
2,4495,449500000,449500100,43143,71906,449600000,449600000
2,4496,449600000,449600100,43143,71906,449700000,449700000
2,4497,449700000,449700100,43143,71906,449800000,449800000
2,4498,449800000,449800100,43143,71906,449900000,449900000
2,4499,449900000,449900100,43143,71906,450000000,450000000
2,4500,450000000,450000100,43143,71906,450100000,450100000
2,4501,450100000,450100100,43143,71906,450200000,450200000
2,4502,450200000,450200100,43143,71906,450300000,450300000
2,4503,450300000,450300100,43143,71906,450400000,450400000
2,4504,450400000,450400100,43143,71906,450500000,450500000
2,4505,450500000,450500100,43143,71906,450600000,450600000
2,4506,450600000,450600100,43143,71906,450700000,450700000
2,4507,450700000,450700100,43143,71906,450800000,450800000
2,4508,450800000,450800100,43143,71906,450900000,450900000
2,4509,450900000,450900100,43143,71906,451000000,451000000
2,4510,451000000,451000100,43143,71906,451100000,451100000
2,4511,451100000,451100100,43143,71906,451200000,451200000
2,4512,451200000,451200100,43143,71906,451300000,451300000
2,4513,451300000,451300100,43143,71906,451400000,451400000
2,4514,451400000,451400100,43143,71906,451500000,451500000
2,4515,451500000,451500100,43143,71906,451600000,451600000
2,4516,451600000,451600100,43143,71906,451700000,451700000
2,4517,451700000,451700100,43143,71906,451800000,451800000
2,4518,451800000,451800100,43143,71906,451900000,451900000
2,4519,451900000,451900100,43143,71906,452000000,452000000
2,4520,452000000,452000100,43143,71906,452100000,452100000
2,4521,452100000,452100100,43143,71906,452200000,452200000
2,4522,452200000,452200100,43143,71906,452300000,452300000
2,4523,452300000,452300100,43143,71906,452400000,452400000
2,4524,452400000,452400100,43143,71906,452500000,452500000
2,4525,452500000,452500100,43143,71906,452600000,452600000
2,4526,452600000,452600100,43143,71906,452700000,452700000
2,4527,452700000,452700100,43143,71906,452800000,452800000
2,4528,452800000,452800100,43143,71906,452900000,452900000
2,4529,452900000,452900100,43143,71906,453000000,453000000
2,4530,453000000,453000100,43143,71906,453100000,453100000
2,4531,453100000,453100100,43143,71906,453200000,453200000
2,4532,453200000,453200100,43143,71906,453300000,453300000
2,4533,453300000,453300100,43143,71906,453400000,453400000
2,4534,453400000,453400100,43143,71906,453500000,453500000
2,4535,453500000,453500100,43143,71906,453600000,453600000
2,4536,453600000,453600100,43143,71906,453700000,453700000
2,4537,453700000,453700100,43143,71906,453800000,453800000
2,4538,453800000,453800100,43143,71906,453900000,453900000
2,4539,453900000,453900100,43143,71906,454000000,454000000
2,4540,454000000,454000100,43143,71906,454100000,454100000
2,4541,454100000,454100100,43143,71906,454200000,454200000
2,4542,454200000,454200100,43143,71906,454300000,454300000
2,4543,454300000,454300100,43143,71906,454400000,454400000
2,4544,454400000,454400100,43143,71906,454500000,454500000
2,4545,454500000,454500100,43143,71906,454600000,454600000
2,4546,454600000,454600100,43143,71906,454700000,454700000
2,4547,454700000,454700100,43143,71906,454800000,454800000
2,4548,454800000,454800100,43143,71906,454900000,454900000
2,4549,454900000,454900100,43143,71906,455000000,455000000
2,4550,455000000,455000100,43143,71906,455100000,455100000
2,4551,455100000,455100100,43143,71906,455200000,455200000
2,4552,455200000,455200100,43143,71906,455300000,455300000
2,4553,455300000,455300100,43143,71906,455400000,455400000
2,4554,455400000,455400100,43143,71906,455500000,455500000
2,4555,455500000,455500100,43143,71906,455600000,455600000
2,4556,455600000,455600100,43143,71906,455700000,455700000
2,4557,455700000,455700100,43143,71906,455800000,455800000
2,4558,455800000,455800100,43143,71906,455900000,455900000
2,4559,455900000,455900100,43143,71906,456000000,456000000
2,4560,456000000,456000100,43143,71906,456100000,456100000
2,4561,456100000,456100100,43143,71906,456200000,456200000
2,4562,456200000,456200100,43143,71906,456300000,456300000
2,4563,456300000,456300100,43143,71906,456400000,456400000
2,4564,456400000,456400100,43143,71906,456500000,456500000
2,4565,456500000,456500100,43143,71906,456600000,456600000
2,4566,456600000,456600100,43143,71906,456700000,456700000
2,4567,456700000,456700100,43143,71906,456800000,456800000
2,4568,456800000,456800100,43143,71906,456900000,456900000
2,4569,456900000,456900100,43143,71906,457000000,457000000
2,4570,457000000,457000100,43143,71906,457100000,457100000
2,4571,457100000,457100100,43143,71906,457200000,457200000
2,4572,457200000,457200100,43143,71906,457300000,457300000
2,4573,457300000,457300100,43143,71906,457400000,457400000
2,4574,457400000,457400100,43143,71906,457500000,457500000
2,4575,457500000,457500100,43143,71906,457600000,457600000
2,4576,457600000,457600100,43143,71906,457700000,457700000
2,4577,457700000,457700100,43143,71906,457800000,457800000
2,4578,457800000,457800100,43143,71906,457900000,457900000
2,4579,457900000,457900100,43143,71906,458000000,458000000
2,4580,458000000,458000100,43143,71906,458100000,458100000
2,4581,458100000,458100100,43143,71906,458200000,458200000
2,4582,458200000,458200100,43143,71906,458300000,458300000
2,4583,458300000,458300100,43143,71906,458400000,458400000
2,4584,458400000,458400100,43143,71906,458500000,458500000
2,4585,458500000,458500100,43143,71906,458600000,458600000
2,4586,458600000,458600100,43143,71906,458700000,458700000
2,4587,458700000,458700100,43143,71906,458800000,458800000
2,4588,458800000,458800100,43143,71906,458900000,458900000
2,4589,458900000,458900100,43143,71906,459000000,459000000
2,4590,459000000,459000100,43143,71906,459100000,459100000
2,4591,459100000,459100100,43143,71906,459200000,459200000
2,4592,459200000,459200100,43143,71906,459300000,459300000
2,4593,459300000,459300100,43143,71906,459400000,459400000
2,4594,459400000,459400100,43143,71906,459500000,459500000
2,4595,459500000,459500100,43143,71906,459600000,459600000
2,4596,459600000,459600100,43143,71906,459700000,459700000
2,4597,459700000,459700100,43143,71906,459800000,459800000
2,4598,459800000,459800100,43143,71906,459900000,459900000
2,4599,459900000,459900100,43143,71906,460000000,460000000
2,4600,460000000,460000100,43143,71906,460100000,460100000
2,4601,460100000,460100100,43143,71906,460200000,460200000
2,4602,460200000,460200100,43143,71906,460300000,460300000
2,4603,460300000,460300100,43143,71906,460400000,460400000
2,4604,460400000,460400100,43143,71906,460500000,460500000
2,4605,460500000,460500100,43143,71906,460600000,460600000
2,4606,460600000,460600100,43143,71906,460700000,460700000
2,4607,460700000,460700100,43143,71906,460800000,460800000
2,4608,460800000,460800100,43143,71906,460900000,460900000
2,4609,460900000,460900100,43143,71906,461000000,461000000
2,4610,461000000,461000100,43143,71906,461100000,461100000
2,4611,461100000,461100100,43143,71906,461200000,461200000
2,4612,461200000,461200100,43143,71906,461300000,461300000
2,4613,461300000,461300100,43143,71906,461400000,461400000
2,4614,461400000,461400100,43143,71906,461500000,461500000
2,4615,461500000,461500100,43143,71906,461600000,461600000
2,4616,461600000,461600100,43143,71906,461700000,461700000
2,4617,461700000,461700100,43143,71906,461800000,461800000
2,4618,461800000,461800100,43143,71906,461900000,461900000
2,4619,461900000,461900100,43143,71906,462000000,462000000
2,4620,462000000,462000100,43143,71906,462100000,462100000
2,4621,462100000,462100100,43143,71906,462200000,462200000
2,4622,462200000,462200100,43143,71906,462300000,462300000
2,4623,462300000,462300100,43143,71906,462400000,462400000
2,4624,462400000,462400100,43143,71906,462500000,462500000
2,4625,462500000,462500100,43143,71906,462600000,462600000
2,4626,462600000,462600100,43143,71906,462700000,462700000
2,4627,462700000,462700100,43143,71906,462800000,462800000
2,4628,462800000,462800100,43143,71906,462900000,462900000
2,4629,462900000,462900100,43143,71906,463000000,463000000
2,4630,463000000,463000100,43143,71906,463100000,463100000
2,4631,463100000,463100100,43143,71906,463200000,463200000
2,4632,463200000,463200100,43143,71906,463300000,463300000
2,4633,463300000,463300100,43143,71906,463400000,463400000
2,4634,463400000,463400100,43143,71906,463500000,463500000
2,4635,463500000,463500100,43143,71906,463600000,463600000
2,4636,463600000,463600100,43143,71906,463700000,463700000
2,4637,463700000,463700100,43143,71906,463800000,463800000
2,4638,463800000,463800100,43143,71906,463900000,463900000
2,4639,463900000,463900100,43143,71906,464000000,464000000
2,4640,464000000,464000100,43143,71906,464100000,464100000
2,4641,464100000,464100100,43143,71906,464200000,464200000
2,4642,464200000,464200100,43143,71906,464300000,464300000
2,4643,464300000,464300100,43143,71906,464400000,464400000
2,4644,464400000,464400100,43143,71906,464500000,464500000
2,4645,464500000,464500100,43143,71906,464600000,464600000
2,4646,464600000,464600100,43143,71906,464700000,464700000
2,4647,464700000,464700100,43143,71906,464800000,464800000
2,4648,464800000,464800100,43143,71906,464900000,464900000
2,4649,464900000,464900100,43143,71906,465000000,465000000
2,4650,465000000,465000100,43143,71906,465100000,465100000
2,4651,465100000,465100100,43143,71906,465200000,465200000
2,4652,465200000,465200100,43143,71906,465300000,465300000
2,4653,465300000,465300100,43143,71906,465400000,465400000
2,4654,465400000,465400100,43143,71906,465500000,465500000
2,4655,465500000,465500100,43143,71906,465600000,465600000
2,4656,465600000,465600100,43143,71906,465700000,465700000
2,4657,465700000,465700100,43143,71906,465800000,465800000
2,4658,465800000,465800100,43143,71906,465900000,465900000
2,4659,465900000,465900100,43143,71906,466000000,466000000
2,4660,466000000,466000100,43143,71906,466100000,466100000
2,4661,466100000,466100100,43143,71906,466200000,466200000
2,4662,466200000,466200100,43143,71906,466300000,466300000
2,4663,466300000,466300100,43143,71906,466400000,466400000
2,4664,466400000,466400100,43143,71906,466500000,466500000
2,4665,466500000,466500100,43143,71906,466600000,466600000
2,4666,466600000,466600100,43143,71906,466700000,466700000
2,4667,466700000,466700100,43143,71906,466800000,466800000
2,4668,466800000,466800100,43143,71906,466900000,466900000
2,4669,466900000,466900100,43143,71906,467000000,467000000
2,4670,467000000,467000100,43143,71906,467100000,467100000
2,4671,467100000,467100100,43143,71906,467200000,467200000
2,4672,467200000,467200100,43143,71906,467300000,467300000
2,4673,467300000,467300100,43143,71906,467400000,467400000
2,4674,467400000,467400100,43143,71906,467500000,467500000
2,4675,467500000,467500100,43143,71906,467600000,467600000
2,4676,467600000,467600100,43143,71906,467700000,467700000
2,4677,467700000,467700100,43143,71906,467800000,467800000
2,4678,467800000,467800100,43143,71906,467900000,467900000
2,4679,467900000,467900100,43143,71906,468000000,468000000
2,4680,468000000,468000100,43143,71906,468100000,468100000
2,4681,468100000,468100100,43143,71906,468200000,468200000
2,4682,468200000,468200100,43143,71906,468300000,468300000
2,4683,468300000,468300100,43143,71906,468400000,468400000
2,4684,468400000,468400100,43143,71906,468500000,468500000
2,4685,468500000,468500100,43143,71906,468600000,468600000
2,4686,468600000,468600100,43143,71906,468700000,468700000
2,4687,468700000,468700100,43143,71906,468800000,468800000
2,4688,468800000,468800100,43143,71906,468900000,468900000
2,4689,468900000,468900100,43143,71906,469000000,469000000
2,4690,469000000,469000100,43143,71906,469100000,469100000
2,4691,469100000,469100100,43143,71906,469200000,469200000
2,4692,469200000,469200100,43143,71906,469300000,469300000
2,4693,469300000,469300100,43143,71906,469400000,469400000
2,4694,469400000,469400100,43143,71906,469500000,469500000
2,4695,469500000,469500100,43143,71906,469600000,469600000
2,4696,469600000,469600100,43143,71906,469700000,469700000
2,4697,469700000,469700100,43143,71906,469800000,469800000
2,4698,469800000,469800100,43143,71906,469900000,469900000
2,4699,469900000,469900100,43143,71906,470000000,470000000
2,4700,470000000,470000100,43143,71906,470100000,470100000
2,4701,470100000,470100100,43143,71906,470200000,470200000
2,4702,470200000,470200100,43143,71906,470300000,470300000
2,4703,470300000,470300100,43143,71906,470400000,470400000
2,4704,470400000,470400100,43143,71906,470500000,470500000
2,4705,470500000,470500100,43143,71906,470600000,470600000
2,4706,470600000,470600100,43143,71906,470700000,470700000
2,4707,470700000,470700100,43143,71906,470800000,470800000
2,4708,470800000,470800100,43143,71906,470900000,470900000
2,4709,470900000,470900100,43143,71906,471000000,471000000
2,4710,471000000,471000100,43143,71906,471100000,471100000
2,4711,471100000,471100100,43143,71906,471200000,471200000
2,4712,471200000,471200100,43143,71906,471300000,471300000
2,4713,471300000,471300100,43143,71906,471400000,471400000
2,4714,471400000,471400100,43143,71906,471500000,471500000
2,4715,471500000,471500100,43143,71906,471600000,471600000
2,4716,471600000,471600100,43143,71906,471700000,471700000
2,4717,471700000,471700100,43143,71906,471800000,471800000
2,4718,471800000,471800100,43143,71906,471900000,471900000
2,4719,471900000,471900100,43143,71906,472000000,472000000
2,4720,472000000,472000100,43143,71906,472100000,472100000
2,4721,472100000,472100100,43143,71906,472200000,472200000
2,4722,472200000,472200100,43143,71906,472300000,472300000
2,4723,472300000,472300100,43143,71906,472400000,472400000
2,4724,472400000,472400100,43143,71906,472500000,472500000
2,4725,472500000,472500100,43143,71906,472600000,472600000
2,4726,472600000,472600100,43143,71906,472700000,472700000
2,4727,472700000,472700100,43143,71906,472800000,472800000
2,4728,472800000,472800100,43143,71906,472900000,472900000
2,4729,472900000,472900100,43143,71906,473000000,473000000
2,4730,473000000,473000100,43143,71906,473100000,473100000
2,4731,473100000,473100100,43143,71906,473200000,473200000
2,4732,473200000,473200100,43143,71906,473300000,473300000
2,4733,473300000,473300100,43143,71906,473400000,473400000
2,4734,473400000,473400100,43143,71906,473500000,473500000
2,4735,473500000,473500100,43143,71906,473600000,473600000
2,4736,473600000,473600100,43143,71906,473700000,473700000
2,4737,473700000,473700100,43143,71906,473800000,473800000
2,4738,473800000,473800100,43143,71906,473900000,473900000
2,4739,473900000,473900100,43143,71906,474000000,474000000
2,4740,474000000,474000100,43143,71906,474100000,474100000
2,4741,474100000,474100100,43143,71906,474200000,474200000
2,4742,474200000,474200100,43143,71906,474300000,474300000
2,4743,474300000,474300100,43143,71906,474400000,474400000
2,4744,474400000,474400100,43143,71906,474500000,474500000
2,4745,474500000,474500100,43143,71906,474600000,474600000
2,4746,474600000,474600100,43143,71906,474700000,474700000
2,4747,474700000,474700100,43143,71906,474800000,474800000
2,4748,474800000,474800100,43143,71906,474900000,474900000
2,4749,474900000,474900100,43143,71906,475000000,475000000
2,4750,475000000,475000100,43143,71906,475100000,475100000
2,4751,475100000,475100100,43143,71906,475200000,475200000
2,4752,475200000,475200100,43143,71906,475300000,475300000
2,4753,475300000,475300100,43143,71906,475400000,475400000
2,4754,475400000,475400100,43143,71906,475500000,475500000
2,4755,475500000,475500100,43143,71906,475600000,475600000
2,4756,475600000,475600100,43143,71906,475700000,475700000
2,4757,475700000,475700100,43143,71906,475800000,475800000
2,4758,475800000,475800100,43143,71906,475900000,475900000
2,4759,475900000,475900100,43143,71906,476000000,476000000
2,4760,476000000,476000100,43143,71906,476100000,476100000
2,4761,476100000,476100100,43143,71906,476200000,476200000
2,4762,476200000,476200100,43143,71906,476300000,476300000
2,4763,476300000,476300100,43143,71906,476400000,476400000
2,4764,476400000,476400100,43143,71906,476500000,476500000
2,4765,476500000,476500100,43143,71906,476600000,476600000
2,4766,476600000,476600100,43143,71906,476700000,476700000
2,4767,476700000,476700100,43143,71906,476800000,476800000
2,4768,476800000,476800100,43143,71906,476900000,476900000
2,4769,476900000,476900100,43143,71906,477000000,477000000
2,4770,477000000,477000100,43143,71906,477100000,477100000
2,4771,477100000,477100100,43143,71906,477200000,477200000
2,4772,477200000,477200100,43143,71906,477300000,477300000
2,4773,477300000,477300100,43143,71906,477400000,477400000
2,4774,477400000,477400100,43143,71906,477500000,477500000
2,4775,477500000,477500100,43143,71906,477600000,477600000
2,4776,477600000,477600100,43143,71906,477700000,477700000
2,4777,477700000,477700100,43143,71906,477800000,477800000
2,4778,477800000,477800100,43143,71906,477900000,477900000
2,4779,477900000,477900100,43143,71906,478000000,478000000
2,4780,478000000,478000100,43143,71906,478100000,478100000
2,4781,478100000,478100100,43143,71906,478200000,478200000
2,4782,478200000,478200100,43143,71906,478300000,478300000
2,4783,478300000,478300100,43143,71906,478400000,478400000
2,4784,478400000,478400100,43143,71906,478500000,478500000
2,4785,478500000,478500100,43143,71906,478600000,478600000
2,4786,478600000,478600100,43143,71906,478700000,478700000
2,4787,478700000,478700100,43143,71906,478800000,478800000
2,4788,478800000,478800100,43143,71906,478900000,478900000
2,4789,478900000,478900100,43143,71906,479000000,479000000
2,4790,479000000,479000100,43143,71906,479100000,479100000
2,4791,479100000,479100100,43143,71906,479200000,479200000
2,4792,479200000,479200100,43143,71906,479300000,479300000
2,4793,479300000,479300100,43143,71906,479400000,479400000
2,4794,479400000,479400100,43143,71906,479500000,479500000
2,4795,479500000,479500100,43143,71906,479600000,479600000
2,4796,479600000,479600100,43143,71906,479700000,479700000
2,4797,479700000,479700100,43143,71906,479800000,479800000
2,4798,479800000,479800100,43143,71906,479900000,479900000
2,4799,479900000,479900100,43143,71906,480000000,480000000
2,4800,480000000,480000100,43143,71906,480100000,480100000
2,4801,480100000,480100100,43143,71906,480200000,480200000
2,4802,480200000,480200100,43143,71906,480300000,480300000
2,4803,480300000,480300100,43143,71906,480400000,480400000
2,4804,480400000,480400100,43143,71906,480500000,480500000
2,4805,480500000,480500100,43143,71906,480600000,480600000
2,4806,480600000,480600100,43143,71906,480700000,480700000
2,4807,480700000,480700100,43143,71906,480800000,480800000
2,4808,480800000,480800100,43143,71906,480900000,480900000
2,4809,480900000,480900100,43143,71906,481000000,481000000
2,4810,481000000,481000100,43143,71906,481100000,481100000
2,4811,481100000,481100100,43143,71906,481200000,481200000
2,4812,481200000,481200100,43143,71906,481300000,481300000
2,4813,481300000,481300100,43143,71906,481400000,481400000
2,4814,481400000,481400100,43143,71906,481500000,481500000
2,4815,481500000,481500100,43143,71906,481600000,481600000
2,4816,481600000,481600100,43143,71906,481700000,481700000
2,4817,481700000,481700100,43143,71906,481800000,481800000
2,4818,481800000,481800100,43143,71906,481900000,481900000
2,4819,481900000,481900100,43143,71906,482000000,482000000
2,4820,482000000,482000100,43143,71906,482100000,482100000
2,4821,482100000,482100100,43143,71906,482200000,482200000
2,4822,482200000,482200100,43143,71906,482300000,482300000
2,4823,482300000,482300100,43143,71906,482400000,482400000
2,4824,482400000,482400100,43143,71906,482500000,482500000
2,4825,482500000,482500100,43143,71906,482600000,482600000
2,4826,482600000,482600100,43143,71906,482700000,482700000
2,4827,482700000,482700100,43143,71906,482800000,482800000
2,4828,482800000,482800100,43143,71906,482900000,482900000
2,4829,482900000,482900100,43143,71906,483000000,483000000
2,4830,483000000,483000100,43143,71906,483100000,483100000
2,4831,483100000,483100100,43143,71906,483200000,483200000
2,4832,483200000,483200100,43143,71906,483300000,483300000
2,4833,483300000,483300100,43143,71906,483400000,483400000
2,4834,483400000,483400100,43143,71906,483500000,483500000
2,4835,483500000,483500100,43143,71906,483600000,483600000
2,4836,483600000,483600100,43143,71906,483700000,483700000
2,4837,483700000,483700100,43143,71906,483800000,483800000
2,4838,483800000,483800100,43143,71906,483900000,483900000
2,4839,483900000,483900100,43143,71906,484000000,484000000
2,4840,484000000,484000100,43143,71906,484100000,484100000
2,4841,484100000,484100100,43143,71906,484200000,484200000
2,4842,484200000,484200100,43143,71906,484300000,484300000
2,4843,484300000,484300100,43143,71906,484400000,484400000
2,4844,484400000,484400100,43143,71906,484500000,484500000
2,4845,484500000,484500100,43143,71906,484600000,484600000
2,4846,484600000,484600100,43143,71906,484700000,484700000
2,4847,484700000,484700100,43143,71906,484800000,484800000
2,4848,484800000,484800100,43143,71906,484900000,484900000
2,4849,484900000,484900100,43143,71906,485000000,485000000
2,4850,485000000,485000100,43143,71906,485100000,485100000
2,4851,485100000,485100100,43143,71906,485200000,485200000
2,4852,485200000,485200100,43143,71906,485300000,485300000
2,4853,485300000,485300100,43143,71906,485400000,485400000
2,4854,485400000,485400100,43143,71906,485500000,485500000
2,4855,485500000,485500100,43143,71906,485600000,485600000
2,4856,485600000,485600100,43143,71906,485700000,485700000
2,4857,485700000,485700100,43143,71906,485800000,485800000
2,4858,485800000,485800100,43143,71906,485900000,485900000
2,4859,485900000,485900100,43143,71906,486000000,486000000
2,4860,486000000,486000100,43143,71906,486100000,486100000
2,4861,486100000,486100100,43143,71906,486200000,486200000
2,4862,486200000,486200100,43143,71906,486300000,486300000
2,4863,486300000,486300100,43143,71906,486400000,486400000
2,4864,486400000,486400100,43143,71906,486500000,486500000
2,4865,486500000,486500100,43143,71906,486600000,486600000
2,4866,486600000,486600100,43143,71906,486700000,486700000
2,4867,486700000,486700100,43143,71906,486800000,486800000
2,4868,486800000,486800100,43143,71906,486900000,486900000
2,4869,486900000,486900100,43143,71906,487000000,487000000
2,4870,487000000,487000100,43143,71906,487100000,487100000
2,4871,487100000,487100100,43143,71906,487200000,487200000
2,4872,487200000,487200100,43143,71906,487300000,487300000
2,4873,487300000,487300100,43143,71906,487400000,487400000
2,4874,487400000,487400100,43143,71906,487500000,487500000
2,4875,487500000,487500100,43143,71906,487600000,487600000
2,4876,487600000,487600100,43143,71906,487700000,487700000
2,4877,487700000,487700100,43143,71906,487800000,487800000
2,4878,487800000,487800100,43143,71906,487900000,487900000
2,4879,487900000,487900100,43143,71906,488000000,488000000
2,4880,488000000,488000100,43143,71906,488100000,488100000
2,4881,488100000,488100100,43143,71906,488200000,488200000
2,4882,488200000,488200100,43143,71906,488300000,488300000
2,4883,488300000,488300100,43143,71906,488400000,488400000
2,4884,488400000,488400100,43143,71906,488500000,488500000
2,4885,488500000,488500100,43143,71906,488600000,488600000
2,4886,488600000,488600100,43143,71906,488700000,488700000
2,4887,488700000,488700100,43143,71906,488800000,488800000
2,4888,488800000,488800100,43143,71906,488900000,488900000
2,4889,488900000,488900100,43143,71906,489000000,489000000
2,4890,489000000,489000100,43143,71906,489100000,489100000
2,4891,489100000,489100100,43143,71906,489200000,489200000
2,4892,489200000,489200100,43143,71906,489300000,489300000
2,4893,489300000,489300100,43143,71906,489400000,489400000
2,4894,489400000,489400100,43143,71906,489500000,489500000
2,4895,489500000,489500100,43143,71906,489600000,489600000
2,4896,489600000,489600100,43143,71906,489700000,489700000
2,4897,489700000,489700100,43143,71906,489800000,489800000
2,4898,489800000,489800100,43143,71906,489900000,489900000
2,4899,489900000,489900100,43143,71906,490000000,490000000
2,4900,490000000,490000100,43143,71906,490100000,490100000
2,4901,490100000,490100100,43143,71906,490200000,490200000
2,4902,490200000,490200100,43143,71906,490300000,490300000
2,4903,490300000,490300100,43143,71906,490400000,490400000
2,4904,490400000,490400100,43143,71906,490500000,490500000
2,4905,490500000,490500100,43143,71906,490600000,490600000
2,4906,490600000,490600100,43143,71906,490700000,490700000
2,4907,490700000,490700100,43143,71906,490800000,490800000
2,4908,490800000,490800100,43143,71906,490900000,490900000
2,4909,490900000,490900100,43143,71906,491000000,491000000
2,4910,491000000,491000100,43143,71906,491100000,491100000
2,4911,491100000,491100100,43143,71906,491200000,491200000
2,4912,491200000,491200100,43143,71906,491300000,491300000
2,4913,491300000,491300100,43143,71906,491400000,491400000
2,4914,491400000,491400100,43143,71906,491500000,491500000
2,4915,491500000,491500100,43143,71906,491600000,491600000
2,4916,491600000,491600100,43143,71906,491700000,491700000
2,4917,491700000,491700100,43143,71906,491800000,491800000
2,4918,491800000,491800100,43143,71906,491900000,491900000
2,4919,491900000,491900100,43143,71906,492000000,492000000
2,4920,492000000,492000100,43143,71906,492100000,492100000
2,4921,492100000,492100100,43143,71906,492200000,492200000
2,4922,492200000,492200100,43143,71906,492300000,492300000
2,4923,492300000,492300100,43143,71906,492400000,492400000
2,4924,492400000,492400100,43143,71906,492500000,492500000
2,4925,492500000,492500100,43143,71906,492600000,492600000
2,4926,492600000,492600100,43143,71906,492700000,492700000
2,4927,492700000,492700100,43143,71906,492800000,492800000
2,4928,492800000,492800100,43143,71906,492900000,492900000
2,4929,492900000,492900100,43143,71906,493000000,493000000
2,4930,493000000,493000100,43143,71906,493100000,493100000
2,4931,493100000,493100100,43143,71906,493200000,493200000
2,4932,493200000,493200100,43143,71906,493300000,493300000
2,4933,493300000,493300100,43143,71906,493400000,493400000
2,4934,493400000,493400100,43143,71906,493500000,493500000
2,4935,493500000,493500100,43143,71906,493600000,493600000
2,4936,493600000,493600100,43143,71906,493700000,493700000
2,4937,493700000,493700100,43143,71906,493800000,493800000
2,4938,493800000,493800100,43143,71906,493900000,493900000
2,4939,493900000,493900100,43143,71906,494000000,494000000
2,4940,494000000,494000100,43143,71906,494100000,494100000
2,4941,494100000,494100100,43143,71906,494200000,494200000
2,4942,494200000,494200100,43143,71906,494300000,494300000
2,4943,494300000,494300100,43143,71906,494400000,494400000
2,4944,494400000,494400100,43143,71906,494500000,494500000
2,4945,494500000,494500100,43143,71906,494600000,494600000
2,4946,494600000,494600100,43143,71906,494700000,494700000
2,4947,494700000,494700100,43143,71906,494800000,494800000
2,4948,494800000,494800100,43143,71906,494900000,494900000
2,4949,494900000,494900100,43143,71906,495000000,495000000
2,4950,495000000,495000100,43143,71906,495100000,495100000
2,4951,495100000,495100100,43143,71906,495200000,495200000
2,4952,495200000,495200100,43143,71906,495300000,495300000
2,4953,495300000,495300100,43143,71906,495400000,495400000
2,4954,495400000,495400100,43143,71906,495500000,495500000
2,4955,495500000,495500100,43143,71906,495600000,495600000
2,4956,495600000,495600100,43143,71906,495700000,495700000
2,4957,495700000,495700100,43143,71906,495800000,495800000
2,4958,495800000,495800100,43143,71906,495900000,495900000
2,4959,495900000,495900100,43143,71906,496000000,496000000
2,4960,496000000,496000100,43143,71906,496100000,496100000
2,4961,496100000,496100100,43143,71906,496200000,496200000
2,4962,496200000,496200100,43143,71906,496300000,496300000
2,4963,496300000,496300100,43143,71906,496400000,496400000
2,4964,496400000,496400100,43143,71906,496500000,496500000
2,4965,496500000,496500100,43143,71906,496600000,496600000
2,4966,496600000,496600100,43143,71906,496700000,496700000
2,4967,496700000,496700100,43143,71906,496800000,496800000
2,4968,496800000,496800100,43143,71906,496900000,496900000
2,4969,496900000,496900100,43143,71906,497000000,497000000
2,4970,497000000,497000100,43143,71906,497100000,497100000
2,4971,497100000,497100100,43143,71906,497200000,497200000
2,4972,497200000,497200100,43143,71906,497300000,497300000
2,4973,497300000,497300100,43143,71906,497400000,497400000
2,4974,497400000,497400100,43143,71906,497500000,497500000
2,4975,497500000,497500100,43143,71906,497600000,497600000
2,4976,497600000,497600100,43143,71906,497700000,497700000
2,4977,497700000,497700100,43143,71906,497800000,497800000
2,4978,497800000,497800100,43143,71906,497900000,497900000
2,4979,497900000,497900100,43143,71906,498000000,498000000
2,4980,498000000,498000100,43143,71906,498100000,498100000
2,4981,498100000,498100100,43143,71906,498200000,498200000
2,4982,498200000,498200100,43143,71906,498300000,498300000
2,4983,498300000,498300100,43143,71906,498400000,498400000
2,4984,498400000,498400100,43143,71906,498500000,498500000
2,4985,498500000,498500100,43143,71906,498600000,498600000
2,4986,498600000,498600100,43143,71906,498700000,498700000
2,4987,498700000,498700100,43143,71906,498800000,498800000
2,4988,498800000,498800100,43143,71906,498900000,498900000
2,4989,498900000,498900100,43143,71906,499000000,499000000
2,4990,499000000,499000100,43143,71906,499100000,499100000
2,4991,499100000,499100100,43143,71906,499200000,499200000
2,4992,499200000,499200100,43143,71906,499300000,499300000
2,4993,499300000,499300100,43143,71906,499400000,499400000
2,4994,499400000,499400100,43143,71906,499500000,499500000
2,4995,499500000,499500100,43143,71906,499600000,499600000
2,4996,499600000,499600100,43143,71906,499700000,499700000
2,4997,499700000,499700100,43143,71906,499800000,499800000
2,4998,499800000,499800100,43143,71906,499900000,499900000
2,4999,499900000,499900100,43143,71906,500000000,500000000
2,5000,500000000,500000100,43143,71906,500100000,500100000
2,5001,500100000,500100100,43143,71906,500200000,500200000
2,5002,500200000,500200100,43143,71906,500300000,500300000
2,5003,500300000,500300100,43143,71906,500400000,500400000
2,5004,500400000,500400100,43143,71906,500500000,500500000
2,5005,500500000,500500100,43143,71906,500600000,500600000
2,5006,500600000,500600100,43143,71906,500700000,500700000
2,5007,500700000,500700100,43143,71906,500800000,500800000
2,5008,500800000,500800100,43143,71906,500900000,500900000
2,5009,500900000,500900100,43143,71906,501000000,501000000
2,5010,501000000,501000100,43143,71906,501100000,501100000
2,5011,501100000,501100100,43143,71906,501200000,501200000
2,5012,501200000,501200100,43143,71906,501300000,501300000
2,5013,501300000,501300100,43143,71906,501400000,501400000
2,5014,501400000,501400100,43143,71906,501500000,501500000
2,5015,501500000,501500100,43143,71906,501600000,501600000
2,5016,501600000,501600100,43143,71906,501700000,501700000
2,5017,501700000,501700100,43143,71906,501800000,501800000
2,5018,501800000,501800100,43143,71906,501900000,501900000
2,5019,501900000,501900100,43143,71906,502000000,502000000
2,5020,502000000,502000100,43143,71906,502100000,502100000
2,5021,502100000,502100100,43143,71906,502200000,502200000
2,5022,502200000,502200100,43143,71906,502300000,502300000
2,5023,502300000,502300100,43143,71906,502400000,502400000
2,5024,502400000,502400100,43143,71906,502500000,502500000
2,5025,502500000,502500100,43143,71906,502600000,502600000
2,5026,502600000,502600100,43143,71906,502700000,502700000
2,5027,502700000,502700100,43143,71906,502800000,502800000
2,5028,502800000,502800100,43143,71906,502900000,502900000
2,5029,502900000,502900100,43143,71906,503000000,503000000
2,5030,503000000,503000100,43143,71906,503100000,503100000
2,5031,503100000,503100100,43143,71906,503200000,503200000
2,5032,503200000,503200100,43143,71906,503300000,503300000
2,5033,503300000,503300100,43143,71906,503400000,503400000
2,5034,503400000,503400100,43143,71906,503500000,503500000
2,5035,503500000,503500100,43143,71906,503600000,503600000
2,5036,503600000,503600100,43143,71906,503700000,503700000
2,5037,503700000,503700100,43143,71906,503800000,503800000
2,5038,503800000,503800100,43143,71906,503900000,503900000
2,5039,503900000,503900100,43143,71906,504000000,504000000
2,5040,504000000,504000100,43143,71906,504100000,504100000
2,5041,504100000,504100100,43143,71906,504200000,504200000
2,5042,504200000,504200100,43143,71906,504300000,504300000
2,5043,504300000,504300100,43143,71906,504400000,504400000
2,5044,504400000,504400100,43143,71906,504500000,504500000
2,5045,504500000,504500100,43143,71906,504600000,504600000
2,5046,504600000,504600100,43143,71906,504700000,504700000
2,5047,504700000,504700100,43143,71906,504800000,504800000
2,5048,504800000,504800100,43143,71906,504900000,504900000
2,5049,504900000,504900100,43143,71906,505000000,505000000
2,5050,505000000,505000100,43143,71906,505100000,505100000
2,5051,505100000,505100100,43143,71906,505200000,505200000
2,5052,505200000,505200100,43143,71906,505300000,505300000
2,5053,505300000,505300100,43143,71906,505400000,505400000
2,5054,505400000,505400100,43143,71906,505500000,505500000
2,5055,505500000,505500100,43143,71906,505600000,505600000
2,5056,505600000,505600100,43143,71906,505700000,505700000
2,5057,505700000,505700100,43143,71906,505800000,505800000
2,5058,505800000,505800100,43143,71906,505900000,505900000
2,5059,505900000,505900100,43143,71906,506000000,506000000
2,5060,506000000,506000100,43143,71906,506100000,506100000
2,5061,506100000,506100100,43143,71906,506200000,506200000
2,5062,506200000,506200100,43143,71906,506300000,506300000
2,5063,506300000,506300100,43143,71906,506400000,506400000
2,5064,506400000,506400100,43143,71906,506500000,506500000
2,5065,506500000,506500100,43143,71906,506600000,506600000
2,5066,506600000,506600100,43143,71906,506700000,506700000
2,5067,506700000,506700100,43143,71906,506800000,506800000
2,5068,506800000,506800100,43143,71906,506900000,506900000
2,5069,506900000,506900100,43143,71906,507000000,507000000
2,5070,507000000,507000100,43143,71906,507100000,507100000
2,5071,507100000,507100100,43143,71906,507200000,507200000
2,5072,507200000,507200100,43143,71906,507300000,507300000
2,5073,507300000,507300100,43143,71906,507400000,507400000
2,5074,507400000,507400100,43143,71906,507500000,507500000
2,5075,507500000,507500100,43143,71906,507600000,507600000
2,5076,507600000,507600100,43143,71906,507700000,507700000
2,5077,507700000,507700100,43143,71906,507800000,507800000
2,5078,507800000,507800100,43143,71906,507900000,507900000
2,5079,507900000,507900100,43143,71906,508000000,508000000
2,5080,508000000,508000100,43143,71906,508100000,508100000
2,5081,508100000,508100100,43143,71906,508200000,508200000
2,5082,508200000,508200100,43143,71906,508300000,508300000
2,5083,508300000,508300100,43143,71906,508400000,508400000
2,5084,508400000,508400100,43143,71906,508500000,508500000
2,5085,508500000,508500100,43143,71906,508600000,508600000
2,5086,508600000,508600100,43143,71906,508700000,508700000
2,5087,508700000,508700100,43143,71906,508800000,508800000
2,5088,508800000,508800100,43143,71906,508900000,508900000
2,5089,508900000,508900100,43143,71906,509000000,509000000
2,5090,509000000,509000100,43143,71906,509100000,509100000
2,5091,509100000,509100100,43143,71906,509200000,509200000
2,5092,509200000,509200100,43143,71906,509300000,509300000
2,5093,509300000,509300100,43143,71906,509400000,509400000
2,5094,509400000,509400100,43143,71906,509500000,509500000
2,5095,509500000,509500100,43143,71906,509600000,509600000
2,5096,509600000,509600100,43143,71906,509700000,509700000
2,5097,509700000,509700100,43143,71906,509800000,509800000
2,5098,509800000,509800100,43143,71906,509900000,509900000
2,5099,509900000,509900100,43143,71906,510000000,510000000
2,5100,510000000,510000100,43143,71906,510100000,510100000
2,5101,510100000,510100100,43143,71906,510200000,510200000
2,5102,510200000,510200100,43143,71906,510300000,510300000
2,5103,510300000,510300100,43143,71906,510400000,510400000
2,5104,510400000,510400100,43143,71906,510500000,510500000
2,5105,510500000,510500100,43143,71906,510600000,510600000
2,5106,510600000,510600100,43143,71906,510700000,510700000
2,5107,510700000,510700100,43143,71906,510800000,510800000
2,5108,510800000,510800100,43143,71906,510900000,510900000
2,5109,510900000,510900100,43143,71906,511000000,511000000
2,5110,511000000,511000100,43143,71906,511100000,511100000
2,5111,511100000,511100100,43143,71906,511200000,511200000
2,5112,511200000,511200100,43143,71906,511300000,511300000
2,5113,511300000,511300100,43143,71906,511400000,511400000
2,5114,511400000,511400100,43143,71906,511500000,511500000
2,5115,511500000,511500100,43143,71906,511600000,511600000
2,5116,511600000,511600100,43143,71906,511700000,511700000
2,5117,511700000,511700100,43143,71906,511800000,511800000
2,5118,511800000,511800100,43143,71906,511900000,511900000
2,5119,511900000,511900100,43143,71906,512000000,512000000
2,5120,512000000,512000100,43143,71906,512100000,512100000
2,5121,512100000,512100100,43143,71906,512200000,512200000
2,5122,512200000,512200100,43143,71906,512300000,512300000
2,5123,512300000,512300100,43143,71906,512400000,512400000
2,5124,512400000,512400100,43143,71906,512500000,512500000
2,5125,512500000,512500100,43143,71906,512600000,512600000
2,5126,512600000,512600100,43143,71906,512700000,512700000
2,5127,512700000,512700100,43143,71906,512800000,512800000
2,5128,512800000,512800100,43143,71906,512900000,512900000
2,5129,512900000,512900100,43143,71906,513000000,513000000
2,5130,513000000,513000100,43143,71906,513100000,513100000
2,5131,513100000,513100100,43143,71906,513200000,513200000
2,5132,513200000,513200100,43143,71906,513300000,513300000
2,5133,513300000,513300100,43143,71906,513400000,513400000
2,5134,513400000,513400100,43143,71906,513500000,513500000
2,5135,513500000,513500100,43143,71906,513600000,513600000
2,5136,513600000,513600100,43143,71906,513700000,513700000
2,5137,513700000,513700100,43143,71906,513800000,513800000
2,5138,513800000,513800100,43143,71906,513900000,513900000
2,5139,513900000,513900100,43143,71906,514000000,514000000
2,5140,514000000,514000100,43143,71906,514100000,514100000
2,5141,514100000,514100100,43143,71906,514200000,514200000
2,5142,514200000,514200100,43143,71906,514300000,514300000
2,5143,514300000,514300100,43143,71906,514400000,514400000
2,5144,514400000,514400100,43143,71906,514500000,514500000
2,5145,514500000,514500100,43143,71906,514600000,514600000
2,5146,514600000,514600100,43143,71906,514700000,514700000
2,5147,514700000,514700100,43143,71906,514800000,514800000
2,5148,514800000,514800100,43143,71906,514900000,514900000
2,5149,514900000,514900100,43143,71906,515000000,515000000
2,5150,515000000,515000100,43143,71906,515100000,515100000
2,5151,515100000,515100100,43143,71906,515200000,515200000
2,5152,515200000,515200100,43143,71906,515300000,515300000
2,5153,515300000,515300100,43143,71906,515400000,515400000
2,5154,515400000,515400100,43143,71906,515500000,515500000
2,5155,515500000,515500100,43143,71906,515600000,515600000
2,5156,515600000,515600100,43143,71906,515700000,515700000
2,5157,515700000,515700100,43143,71906,515800000,515800000
2,5158,515800000,515800100,43143,71906,515900000,515900000
2,5159,515900000,515900100,43143,71906,516000000,516000000
2,5160,516000000,516000100,43143,71906,516100000,516100000
2,5161,516100000,516100100,43143,71906,516200000,516200000
2,5162,516200000,516200100,43143,71906,516300000,516300000
2,5163,516300000,516300100,43143,71906,516400000,516400000
2,5164,516400000,516400100,43143,71906,516500000,516500000
2,5165,516500000,516500100,43143,71906,516600000,516600000
2,5166,516600000,516600100,43143,71906,516700000,516700000
2,5167,516700000,516700100,43143,71906,516800000,516800000
2,5168,516800000,516800100,43143,71906,516900000,516900000
2,5169,516900000,516900100,43143,71906,517000000,517000000
2,5170,517000000,517000100,43143,71906,517100000,517100000
2,5171,517100000,517100100,43143,71906,517200000,517200000
2,5172,517200000,517200100,43143,71906,517300000,517300000
2,5173,517300000,517300100,43143,71906,517400000,517400000
2,5174,517400000,517400100,43143,71906,517500000,517500000
2,5175,517500000,517500100,43143,71906,517600000,517600000
2,5176,517600000,517600100,43143,71906,517700000,517700000
2,5177,517700000,517700100,43143,71906,517800000,517800000
2,5178,517800000,517800100,43143,71906,517900000,517900000
2,5179,517900000,517900100,43143,71906,518000000,518000000
2,5180,518000000,518000100,43143,71906,518100000,518100000
2,5181,518100000,518100100,43143,71906,518200000,518200000
2,5182,518200000,518200100,43143,71906,518300000,518300000
2,5183,518300000,518300100,43143,71906,518400000,518400000
2,5184,518400000,518400100,43143,71906,518500000,518500000
2,5185,518500000,518500100,43143,71906,518600000,518600000
2,5186,518600000,518600100,43143,71906,518700000,518700000
2,5187,518700000,518700100,43143,71906,518800000,518800000
2,5188,518800000,518800100,43143,71906,518900000,518900000
2,5189,518900000,518900100,43143,71906,519000000,519000000
2,5190,519000000,519000100,43143,71906,519100000,519100000
2,5191,519100000,519100100,43143,71906,519200000,519200000
2,5192,519200000,519200100,43143,71906,519300000,519300000
2,5193,519300000,519300100,43143,71906,519400000,519400000
2,5194,519400000,519400100,43143,71906,519500000,519500000
2,5195,519500000,519500100,43143,71906,519600000,519600000
2,5196,519600000,519600100,43143,71906,519700000,519700000
2,5197,519700000,519700100,43143,71906,519800000,519800000
2,5198,519800000,519800100,43143,71906,519900000,519900000
2,5199,519900000,519900100,43143,71906,520000000,520000000
2,5200,520000000,520000100,43143,71906,520100000,520100000
2,5201,520100000,520100100,43143,71906,520200000,520200000
2,5202,520200000,520200100,43143,71906,520300000,520300000
2,5203,520300000,520300100,43143,71906,520400000,520400000
2,5204,520400000,520400100,43143,71906,520500000,520500000
2,5205,520500000,520500100,43143,71906,520600000,520600000
2,5206,520600000,520600100,43143,71906,520700000,520700000
2,5207,520700000,520700100,43143,71906,520800000,520800000
2,5208,520800000,520800100,43143,71906,520900000,520900000
2,5209,520900000,520900100,43143,71906,521000000,521000000
2,5210,521000000,521000100,43143,71906,521100000,521100000
2,5211,521100000,521100100,43143,71906,521200000,521200000
2,5212,521200000,521200100,43143,71906,521300000,521300000
2,5213,521300000,521300100,43143,71906,521400000,521400000
2,5214,521400000,521400100,43143,71906,521500000,521500000
2,5215,521500000,521500100,43143,71906,521600000,521600000
2,5216,521600000,521600100,43143,71906,521700000,521700000
2,5217,521700000,521700100,43143,71906,521800000,521800000
2,5218,521800000,521800100,43143,71906,521900000,521900000
2,5219,521900000,521900100,43143,71906,522000000,522000000
2,5220,522000000,522000100,43143,71906,522100000,522100000
2,5221,522100000,522100100,43143,71906,522200000,522200000
2,5222,522200000,522200100,43143,71906,522300000,522300000
2,5223,522300000,522300100,43143,71906,522400000,522400000
2,5224,522400000,522400100,43143,71906,522500000,522500000
2,5225,522500000,522500100,43143,71906,522600000,522600000
2,5226,522600000,522600100,43143,71906,522700000,522700000
2,5227,522700000,522700100,43143,71906,522800000,522800000
2,5228,522800000,522800100,43143,71906,522900000,522900000
2,5229,522900000,522900100,43143,71906,523000000,523000000
2,5230,523000000,523000100,43143,71906,523100000,523100000
2,5231,523100000,523100100,43143,71906,523200000,523200000
2,5232,523200000,523200100,43143,71906,523300000,523300000
2,5233,523300000,523300100,43143,71906,523400000,523400000
2,5234,523400000,523400100,43143,71906,523500000,523500000
2,5235,523500000,523500100,43143,71906,523600000,523600000
2,5236,523600000,523600100,43143,71906,523700000,523700000
2,5237,523700000,523700100,43143,71906,523800000,523800000
2,5238,523800000,523800100,43143,71906,523900000,523900000
2,5239,523900000,523900100,43143,71906,524000000,524000000
2,5240,524000000,524000100,43143,71906,524100000,524100000
2,5241,524100000,524100100,43143,71906,524200000,524200000
2,5242,524200000,524200100,43143,71906,524300000,524300000
2,5243,524300000,524300100,43143,71906,524400000,524400000
2,5244,524400000,524400100,43143,71906,524500000,524500000
2,5245,524500000,524500100,43143,71906,524600000,524600000
2,5246,524600000,524600100,43143,71906,524700000,524700000
2,5247,524700000,524700100,43143,71906,524800000,524800000
2,5248,524800000,524800100,43143,71906,524900000,524900000
2,5249,524900000,524900100,43143,71906,525000000,525000000
2,5250,525000000,525000100,43143,71906,525100000,525100000
2,5251,525100000,525100100,43143,71906,525200000,525200000
2,5252,525200000,525200100,43143,71906,525300000,525300000
2,5253,525300000,525300100,43143,71906,525400000,525400000
2,5254,525400000,525400100,43143,71906,525500000,525500000
2,5255,525500000,525500100,43143,71906,525600000,525600000
2,5256,525600000,525600100,43143,71906,525700000,525700000
2,5257,525700000,525700100,43143,71906,525800000,525800000
2,5258,525800000,525800100,43143,71906,525900000,525900000
2,5259,525900000,525900100,43143,71906,526000000,526000000
2,5260,526000000,526000100,43143,71906,526100000,526100000
2,5261,526100000,526100100,43143,71906,526200000,526200000
2,5262,526200000,526200100,43143,71906,526300000,526300000
2,5263,526300000,526300100,43143,71906,526400000,526400000
2,5264,526400000,526400100,43143,71906,526500000,526500000
2,5265,526500000,526500100,43143,71906,526600000,526600000
2,5266,526600000,526600100,43143,71906,526700000,526700000
2,5267,526700000,526700100,43143,71906,526800000,526800000
2,5268,526800000,526800100,43143,71906,526900000,526900000
2,5269,526900000,526900100,43143,71906,527000000,527000000
2,5270,527000000,527000100,43143,71906,527100000,527100000
2,5271,527100000,527100100,43143,71906,527200000,527200000
2,5272,527200000,527200100,43143,71906,527300000,527300000
2,5273,527300000,527300100,43143,71906,527400000,527400000
2,5274,527400000,527400100,43143,71906,527500000,527500000
2,5275,527500000,527500100,43143,71906,527600000,527600000
2,5276,527600000,527600100,43143,71906,527700000,527700000
2,5277,527700000,527700100,43143,71906,527800000,527800000
2,5278,527800000,527800100,43143,71906,527900000,527900000
2,5279,527900000,527900100,43143,71906,528000000,528000000
2,5280,528000000,528000100,43143,71906,528100000,528100000
2,5281,528100000,528100100,43143,71906,528200000,528200000
2,5282,528200000,528200100,43143,71906,528300000,528300000
2,5283,528300000,528300100,43143,71906,528400000,528400000
2,5284,528400000,528400100,43143,71906,528500000,528500000
2,5285,528500000,528500100,43143,71906,528600000,528600000
2,5286,528600000,528600100,43143,71906,528700000,528700000
2,5287,528700000,528700100,43143,71906,528800000,528800000
2,5288,528800000,528800100,43143,71906,528900000,528900000
2,5289,528900000,528900100,43143,71906,529000000,529000000
2,5290,529000000,529000100,43143,71906,529100000,529100000
2,5291,529100000,529100100,43143,71906,529200000,529200000
2,5292,529200000,529200100,43143,71906,529300000,529300000
2,5293,529300000,529300100,43143,71906,529400000,529400000
2,5294,529400000,529400100,43143,71906,529500000,529500000
2,5295,529500000,529500100,43143,71906,529600000,529600000
2,5296,529600000,529600100,43143,71906,529700000,529700000
2,5297,529700000,529700100,43143,71906,529800000,529800000
2,5298,529800000,529800100,43143,71906,529900000,529900000
2,5299,529900000,529900100,43143,71906,530000000,530000000
2,5300,530000000,530000100,43143,71906,530100000,530100000
2,5301,530100000,530100100,43143,71906,530200000,530200000
2,5302,530200000,530200100,43143,71906,530300000,530300000
2,5303,530300000,530300100,43143,71906,530400000,530400000
2,5304,530400000,530400100,43143,71906,530500000,530500000
2,5305,530500000,530500100,43143,71906,530600000,530600000
2,5306,530600000,530600100,43143,71906,530700000,530700000
2,5307,530700000,530700100,43143,71906,530800000,530800000
2,5308,530800000,530800100,43143,71906,530900000,530900000
2,5309,530900000,530900100,43143,71906,531000000,531000000
2,5310,531000000,531000100,43143,71906,531100000,531100000
2,5311,531100000,531100100,43143,71906,531200000,531200000
2,5312,531200000,531200100,43143,71906,531300000,531300000
2,5313,531300000,531300100,43143,71906,531400000,531400000
2,5314,531400000,531400100,43143,71906,531500000,531500000
2,5315,531500000,531500100,43143,71906,531600000,531600000
2,5316,531600000,531600100,43143,71906,531700000,531700000
2,5317,531700000,531700100,43143,71906,531800000,531800000
2,5318,531800000,531800100,43143,71906,531900000,531900000
2,5319,531900000,531900100,43143,71906,532000000,532000000
2,5320,532000000,532000100,43143,71906,532100000,532100000
2,5321,532100000,532100100,43143,71906,532200000,532200000
2,5322,532200000,532200100,43143,71906,532300000,532300000
2,5323,532300000,532300100,43143,71906,532400000,532400000
2,5324,532400000,532400100,43143,71906,532500000,532500000
2,5325,532500000,532500100,43143,71906,532600000,532600000
2,5326,532600000,532600100,43143,71906,532700000,532700000
2,5327,532700000,532700100,43143,71906,532800000,532800000
2,5328,532800000,532800100,43143,71906,532900000,532900000
2,5329,532900000,532900100,43143,71906,533000000,533000000
2,5330,533000000,533000100,43143,71906,533100000,533100000
2,5331,533100000,533100100,43143,71906,533200000,533200000
2,5332,533200000,533200100,43143,71906,533300000,533300000
2,5333,533300000,533300100,43143,71906,533400000,533400000
2,5334,533400000,533400100,43143,71906,533500000,533500000
2,5335,533500000,533500100,43143,71906,533600000,533600000
2,5336,533600000,533600100,43143,71906,533700000,533700000
2,5337,533700000,533700100,43143,71906,533800000,533800000
2,5338,533800000,533800100,43143,71906,533900000,533900000
2,5339,533900000,533900100,43143,71906,534000000,534000000
2,5340,534000000,534000100,43143,71906,534100000,534100000
2,5341,534100000,534100100,43143,71906,534200000,534200000
2,5342,534200000,534200100,43143,71906,534300000,534300000
2,5343,534300000,534300100,43143,71906,534400000,534400000
2,5344,534400000,534400100,43143,71906,534500000,534500000
2,5345,534500000,534500100,43143,71906,534600000,534600000
2,5346,534600000,534600100,43143,71906,534700000,534700000
2,5347,534700000,534700100,43143,71906,534800000,534800000
2,5348,534800000,534800100,43143,71906,534900000,534900000
2,5349,534900000,534900100,43143,71906,535000000,535000000
2,5350,535000000,535000100,43143,71906,535100000,535100000
2,5351,535100000,535100100,43143,71906,535200000,535200000
2,5352,535200000,535200100,43143,71906,535300000,535300000
2,5353,535300000,535300100,43143,71906,535400000,535400000
2,5354,535400000,535400100,43143,71906,535500000,535500000
2,5355,535500000,535500100,43143,71906,535600000,535600000
2,5356,535600000,535600100,43143,71906,535700000,535700000
2,5357,535700000,535700100,43143,71906,535800000,535800000
2,5358,535800000,535800100,43143,71906,535900000,535900000
2,5359,535900000,535900100,43143,71906,536000000,536000000
2,5360,536000000,536000100,43143,71906,536100000,536100000
2,5361,536100000,536100100,43143,71906,536200000,536200000
2,5362,536200000,536200100,43143,71906,536300000,536300000
2,5363,536300000,536300100,43143,71906,536400000,536400000
2,5364,536400000,536400100,43143,71906,536500000,536500000
2,5365,536500000,536500100,43143,71906,536600000,536600000
2,5366,536600000,536600100,43143,71906,536700000,536700000
2,5367,536700000,536700100,43143,71906,536800000,536800000
2,5368,536800000,536800100,43143,71906,536900000,536900000
2,5369,536900000,536900100,43143,71906,537000000,537000000
2,5370,537000000,537000100,43143,71906,537100000,537100000
2,5371,537100000,537100100,43143,71906,537200000,537200000
2,5372,537200000,537200100,43143,71906,537300000,537300000
2,5373,537300000,537300100,43143,71906,537400000,537400000
2,5374,537400000,537400100,43143,71906,537500000,537500000
2,5375,537500000,537500100,43143,71906,537600000,537600000
2,5376,537600000,537600100,43143,71906,537700000,537700000
2,5377,537700000,537700100,43143,71906,537800000,537800000
2,5378,537800000,537800100,43143,71906,537900000,537900000
2,5379,537900000,537900100,43143,71906,538000000,538000000
2,5380,538000000,538000100,43143,71906,538100000,538100000
2,5381,538100000,538100100,43143,71906,538200000,538200000
2,5382,538200000,538200100,43143,71906,538300000,538300000
2,5383,538300000,538300100,43143,71906,538400000,538400000
2,5384,538400000,538400100,43143,71906,538500000,538500000
2,5385,538500000,538500100,43143,71906,538600000,538600000
2,5386,538600000,538600100,43143,71906,538700000,538700000
2,5387,538700000,538700100,43143,71906,538800000,538800000
2,5388,538800000,538800100,43143,71906,538900000,538900000
2,5389,538900000,538900100,43143,71906,539000000,539000000
2,5390,539000000,539000100,43143,71906,539100000,539100000
2,5391,539100000,539100100,43143,71906,539200000,539200000
2,5392,539200000,539200100,43143,71906,539300000,539300000
2,5393,539300000,539300100,43143,71906,539400000,539400000
2,5394,539400000,539400100,43143,71906,539500000,539500000
2,5395,539500000,539500100,43143,71906,539600000,539600000
2,5396,539600000,539600100,43143,71906,539700000,539700000
2,5397,539700000,539700100,43143,71906,539800000,539800000
2,5398,539800000,539800100,43143,71906,539900000,539900000
2,5399,539900000,539900100,43143,71906,540000000,540000000
2,5400,540000000,540000100,43143,71906,540100000,540100000
2,5401,540100000,540100100,43143,71906,540200000,540200000
2,5402,540200000,540200100,43143,71906,540300000,540300000
2,5403,540300000,540300100,43143,71906,540400000,540400000
2,5404,540400000,540400100,43143,71906,540500000,540500000
2,5405,540500000,540500100,43143,71906,540600000,540600000
2,5406,540600000,540600100,43143,71906,540700000,540700000
2,5407,540700000,540700100,43143,71906,540800000,540800000
2,5408,540800000,540800100,43143,71906,540900000,540900000
2,5409,540900000,540900100,43143,71906,541000000,541000000
2,5410,541000000,541000100,43143,71906,541100000,541100000
2,5411,541100000,541100100,43143,71906,541200000,541200000
2,5412,541200000,541200100,43143,71906,541300000,541300000
2,5413,541300000,541300100,43143,71906,541400000,541400000
2,5414,541400000,541400100,43143,71906,541500000,541500000
2,5415,541500000,541500100,43143,71906,541600000,541600000
2,5416,541600000,541600100,43143,71906,541700000,541700000
2,5417,541700000,541700100,43143,71906,541800000,541800000
2,5418,541800000,541800100,43143,71906,541900000,541900000
2,5419,541900000,541900100,43143,71906,542000000,542000000
2,5420,542000000,542000100,43143,71906,542100000,542100000
2,5421,542100000,542100100,43143,71906,542200000,542200000
2,5422,542200000,542200100,43143,71906,542300000,542300000
2,5423,542300000,542300100,43143,71906,542400000,542400000
2,5424,542400000,542400100,43143,71906,542500000,542500000
2,5425,542500000,542500100,43143,71906,542600000,542600000
2,5426,542600000,542600100,43143,71906,542700000,542700000
2,5427,542700000,542700100,43143,71906,542800000,542800000
2,5428,542800000,542800100,43143,71906,542900000,542900000
2,5429,542900000,542900100,43143,71906,543000000,543000000
2,5430,543000000,543000100,43143,71906,543100000,543100000
2,5431,543100000,543100100,43143,71906,543200000,543200000
2,5432,543200000,543200100,43143,71906,543300000,543300000
2,5433,543300000,543300100,43143,71906,543400000,543400000
2,5434,543400000,543400100,43143,71906,543500000,543500000
2,5435,543500000,543500100,43143,71906,543600000,543600000
2,5436,543600000,543600100,43143,71906,543700000,543700000
2,5437,543700000,543700100,43143,71906,543800000,543800000
2,5438,543800000,543800100,43143,71906,543900000,543900000
2,5439,543900000,543900100,43143,71906,544000000,544000000
2,5440,544000000,544000100,43143,71906,544100000,544100000
2,5441,544100000,544100100,43143,71906,544200000,544200000
2,5442,544200000,544200100,43143,71906,544300000,544300000
2,5443,544300000,544300100,43143,71906,544400000,544400000
2,5444,544400000,544400100,43143,71906,544500000,544500000
2,5445,544500000,544500100,43143,71906,544600000,544600000
2,5446,544600000,544600100,43143,71906,544700000,544700000
2,5447,544700000,544700100,43143,71906,544800000,544800000
2,5448,544800000,544800100,43143,71906,544900000,544900000
2,5449,544900000,544900100,43143,71906,545000000,545000000
2,5450,545000000,545000100,43143,71906,545100000,545100000
2,5451,545100000,545100100,43143,71906,545200000,545200000
2,5452,545200000,545200100,43143,71906,545300000,545300000
2,5453,545300000,545300100,43143,71906,545400000,545400000
2,5454,545400000,545400100,43143,71906,545500000,545500000
2,5455,545500000,545500100,43143,71906,545600000,545600000
2,5456,545600000,545600100,43143,71906,545700000,545700000
2,5457,545700000,545700100,43143,71906,545800000,545800000
2,5458,545800000,545800100,43143,71906,545900000,545900000
2,5459,545900000,545900100,43143,71906,546000000,546000000
2,5460,546000000,546000100,43143,71906,546100000,546100000
2,5461,546100000,546100100,43143,71906,546200000,546200000
2,5462,546200000,546200100,43143,71906,546300000,546300000
2,5463,546300000,546300100,43143,71906,546400000,546400000
2,5464,546400000,546400100,43143,71906,546500000,546500000
2,5465,546500000,546500100,43143,71906,546600000,546600000
2,5466,546600000,546600100,43143,71906,546700000,546700000
2,5467,546700000,546700100,43143,71906,546800000,546800000
2,5468,546800000,546800100,43143,71906,546900000,546900000
2,5469,546900000,546900100,43143,71906,547000000,547000000
2,5470,547000000,547000100,43143,71906,547100000,547100000
2,5471,547100000,547100100,43143,71906,547200000,547200000
2,5472,547200000,547200100,43143,71906,547300000,547300000
2,5473,547300000,547300100,43143,71906,547400000,547400000
2,5474,547400000,547400100,43143,71906,547500000,547500000
2,5475,547500000,547500100,43143,71906,547600000,547600000
2,5476,547600000,547600100,43143,71906,547700000,547700000
2,5477,547700000,547700100,43143,71906,547800000,547800000
2,5478,547800000,547800100,43143,71906,547900000,547900000
2,5479,547900000,547900100,43143,71906,548000000,548000000
2,5480,548000000,548000100,43143,71906,548100000,548100000
2,5481,548100000,548100100,43143,71906,548200000,548200000
2,5482,548200000,548200100,43143,71906,548300000,548300000
2,5483,548300000,548300100,43143,71906,548400000,548400000
2,5484,548400000,548400100,43143,71906,548500000,548500000
2,5485,548500000,548500100,43143,71906,548600000,548600000
2,5486,548600000,548600100,43143,71906,548700000,548700000
2,5487,548700000,548700100,43143,71906,548800000,548800000
2,5488,548800000,548800100,43143,71906,548900000,548900000
2,5489,548900000,548900100,43143,71906,549000000,549000000
2,5490,549000000,549000100,43143,71906,549100000,549100000
2,5491,549100000,549100100,43143,71906,549200000,549200000
2,5492,549200000,549200100,43143,71906,549300000,549300000
2,5493,549300000,549300100,43143,71906,549400000,549400000
2,5494,549400000,549400100,43143,71906,549500000,549500000
2,5495,549500000,549500100,43143,71906,549600000,549600000
2,5496,549600000,549600100,43143,71906,549700000,549700000
2,5497,549700000,549700100,43143,71906,549800000,549800000
2,5498,549800000,549800100,43143,71906,549900000,549900000
2,5499,549900000,549900100,43143,71906,550000000,550000000
2,5500,550000000,550000100,43143,71906,550100000,550100000
2,5501,550100000,550100100,43143,71906,550200000,550200000
2,5502,550200000,550200100,43143,71906,550300000,550300000
2,5503,550300000,550300100,43143,71906,550400000,550400000
2,5504,550400000,550400100,43143,71906,550500000,550500000
2,5505,550500000,550500100,43143,71906,550600000,550600000
2,5506,550600000,550600100,43143,71906,550700000,550700000
2,5507,550700000,550700100,43143,71906,550800000,550800000
2,5508,550800000,550800100,43143,71906,550900000,550900000
2,5509,550900000,550900100,43143,71906,551000000,551000000
2,5510,551000000,551000100,43143,71906,551100000,551100000
2,5511,551100000,551100100,43143,71906,551200000,551200000
2,5512,551200000,551200100,43143,71906,551300000,551300000
2,5513,551300000,551300100,43143,71906,551400000,551400000
2,5514,551400000,551400100,43143,71906,551500000,551500000
2,5515,551500000,551500100,43143,71906,551600000,551600000
2,5516,551600000,551600100,43143,71906,551700000,551700000
2,5517,551700000,551700100,43143,71906,551800000,551800000
2,5518,551800000,551800100,43143,71906,551900000,551900000
2,5519,551900000,551900100,43143,71906,552000000,552000000
2,5520,552000000,552000100,43143,71906,552100000,552100000
2,5521,552100000,552100100,43143,71906,552200000,552200000
2,5522,552200000,552200100,43143,71906,552300000,552300000
2,5523,552300000,552300100,43143,71906,552400000,552400000
2,5524,552400000,552400100,43143,71906,552500000,552500000
2,5525,552500000,552500100,43143,71906,552600000,552600000
2,5526,552600000,552600100,43143,71906,552700000,552700000
2,5527,552700000,552700100,43143,71906,552800000,552800000
2,5528,552800000,552800100,43143,71906,552900000,552900000
2,5529,552900000,552900100,43143,71906,553000000,553000000
2,5530,553000000,553000100,43143,71906,553100000,553100000
2,5531,553100000,553100100,43143,71906,553200000,553200000
2,5532,553200000,553200100,43143,71906,553300000,553300000
2,5533,553300000,553300100,43143,71906,553400000,553400000
2,5534,553400000,553400100,43143,71906,553500000,553500000
2,5535,553500000,553500100,43143,71906,553600000,553600000
2,5536,553600000,553600100,43143,71906,553700000,553700000
2,5537,553700000,553700100,43143,71906,553800000,553800000
2,5538,553800000,553800100,43143,71906,553900000,553900000
2,5539,553900000,553900100,43143,71906,554000000,554000000
2,5540,554000000,554000100,43143,71906,554100000,554100000
2,5541,554100000,554100100,43143,71906,554200000,554200000
2,5542,554200000,554200100,43143,71906,554300000,554300000
2,5543,554300000,554300100,43143,71906,554400000,554400000
2,5544,554400000,554400100,43143,71906,554500000,554500000
2,5545,554500000,554500100,43143,71906,554600000,554600000
2,5546,554600000,554600100,43143,71906,554700000,554700000
2,5547,554700000,554700100,43143,71906,554800000,554800000
2,5548,554800000,554800100,43143,71906,554900000,554900000
2,5549,554900000,554900100,43143,71906,555000000,555000000
2,5550,555000000,555000100,43143,71906,555100000,555100000
2,5551,555100000,555100100,43143,71906,555200000,555200000
2,5552,555200000,555200100,43143,71906,555300000,555300000
2,5553,555300000,555300100,43143,71906,555400000,555400000
2,5554,555400000,555400100,43143,71906,555500000,555500000
2,5555,555500000,555500100,43143,71906,555600000,555600000
2,5556,555600000,555600100,43143,71906,555700000,555700000
2,5557,555700000,555700100,43143,71906,555800000,555800000
2,5558,555800000,555800100,43143,71906,555900000,555900000
2,5559,555900000,555900100,43143,71906,556000000,556000000
2,5560,556000000,556000100,43143,71906,556100000,556100000
2,5561,556100000,556100100,43143,71906,556200000,556200000
2,5562,556200000,556200100,43143,71906,556300000,556300000
2,5563,556300000,556300100,43143,71906,556400000,556400000
2,5564,556400000,556400100,43143,71906,556500000,556500000
2,5565,556500000,556500100,43143,71906,556600000,556600000
2,5566,556600000,556600100,43143,71906,556700000,556700000
2,5567,556700000,556700100,43143,71906,556800000,556800000
2,5568,556800000,556800100,43143,71906,556900000,556900000
2,5569,556900000,556900100,43143,71906,557000000,557000000
2,5570,557000000,557000100,43143,71906,557100000,557100000
2,5571,557100000,557100100,43143,71906,557200000,557200000
2,5572,557200000,557200100,43143,71906,557300000,557300000
2,5573,557300000,557300100,43143,71906,557400000,557400000
2,5574,557400000,557400100,43143,71906,557500000,557500000
2,5575,557500000,557500100,43143,71906,557600000,557600000
2,5576,557600000,557600100,43143,71906,557700000,557700000
2,5577,557700000,557700100,43143,71906,557800000,557800000
2,5578,557800000,557800100,43143,71906,557900000,557900000
2,5579,557900000,557900100,43143,71906,558000000,558000000
2,5580,558000000,558000100,43143,71906,558100000,558100000
2,5581,558100000,558100100,43143,71906,558200000,558200000
2,5582,558200000,558200100,43143,71906,558300000,558300000
2,5583,558300000,558300100,43143,71906,558400000,558400000
2,5584,558400000,558400100,43143,71906,558500000,558500000
2,5585,558500000,558500100,43143,71906,558600000,558600000
2,5586,558600000,558600100,43143,71906,558700000,558700000
2,5587,558700000,558700100,43143,71906,558800000,558800000
2,5588,558800000,558800100,43143,71906,558900000,558900000
2,5589,558900000,558900100,43143,71906,559000000,559000000
2,5590,559000000,559000100,43143,71906,559100000,559100000
2,5591,559100000,559100100,43143,71906,559200000,559200000
2,5592,559200000,559200100,43143,71906,559300000,559300000
2,5593,559300000,559300100,43143,71906,559400000,559400000
2,5594,559400000,559400100,43143,71906,559500000,559500000
2,5595,559500000,559500100,43143,71906,559600000,559600000
2,5596,559600000,559600100,43143,71906,559700000,559700000
2,5597,559700000,559700100,43143,71906,559800000,559800000
2,5598,559800000,559800100,43143,71906,559900000,559900000
2,5599,559900000,559900100,43143,71906,560000000,560000000
2,5600,560000000,560000100,43143,71906,560100000,560100000
2,5601,560100000,560100100,43143,71906,560200000,560200000
2,5602,560200000,560200100,43143,71906,560300000,560300000
2,5603,560300000,560300100,43143,71906,560400000,560400000
2,5604,560400000,560400100,43143,71906,560500000,560500000
2,5605,560500000,560500100,43143,71906,560600000,560600000
2,5606,560600000,560600100,43143,71906,560700000,560700000
2,5607,560700000,560700100,43143,71906,560800000,560800000
2,5608,560800000,560800100,43143,71906,560900000,560900000
2,5609,560900000,560900100,43143,71906,561000000,561000000
2,5610,561000000,561000100,43143,71906,561100000,561100000
2,5611,561100000,561100100,43143,71906,561200000,561200000
2,5612,561200000,561200100,43143,71906,561300000,561300000
2,5613,561300000,561300100,43143,71906,561400000,561400000
2,5614,561400000,561400100,43143,71906,561500000,561500000
2,5615,561500000,561500100,43143,71906,561600000,561600000
2,5616,561600000,561600100,43143,71906,561700000,561700000
2,5617,561700000,561700100,43143,71906,561800000,561800000
2,5618,561800000,561800100,43143,71906,561900000,561900000
2,5619,561900000,561900100,43143,71906,562000000,562000000
2,5620,562000000,562000100,43143,71906,562100000,562100000
2,5621,562100000,562100100,43143,71906,562200000,562200000
2,5622,562200000,562200100,43143,71906,562300000,562300000
2,5623,562300000,562300100,43143,71906,562400000,562400000
2,5624,562400000,562400100,43143,71906,562500000,562500000
2,5625,562500000,562500100,43143,71906,562600000,562600000
2,5626,562600000,562600100,43143,71906,562700000,562700000
2,5627,562700000,562700100,43143,71906,562800000,562800000
2,5628,562800000,562800100,43143,71906,562900000,562900000
2,5629,562900000,562900100,43143,71906,563000000,563000000
2,5630,563000000,563000100,43143,71906,563100000,563100000
2,5631,563100000,563100100,43143,71906,563200000,563200000
2,5632,563200000,563200100,43143,71906,563300000,563300000
2,5633,563300000,563300100,43143,71906,563400000,563400000
2,5634,563400000,563400100,43143,71906,563500000,563500000
2,5635,563500000,563500100,43143,71906,563600000,563600000
2,5636,563600000,563600100,43143,71906,563700000,563700000
2,5637,563700000,563700100,43143,71906,563800000,563800000
2,5638,563800000,563800100,43143,71906,563900000,563900000
2,5639,563900000,563900100,43143,71906,564000000,564000000
2,5640,564000000,564000100,43143,71906,564100000,564100000
2,5641,564100000,564100100,43143,71906,564200000,564200000
2,5642,564200000,564200100,43143,71906,564300000,564300000
2,5643,564300000,564300100,43143,71906,564400000,564400000
2,5644,564400000,564400100,43143,71906,564500000,564500000
2,5645,564500000,564500100,43143,71906,564600000,564600000
2,5646,564600000,564600100,43143,71906,564700000,564700000
2,5647,564700000,564700100,43143,71906,564800000,564800000
2,5648,564800000,564800100,43143,71906,564900000,564900000
2,5649,564900000,564900100,43143,71906,565000000,565000000
2,5650,565000000,565000100,43143,71906,565100000,565100000
2,5651,565100000,565100100,43143,71906,565200000,565200000
2,5652,565200000,565200100,43143,71906,565300000,565300000
2,5653,565300000,565300100,43143,71906,565400000,565400000
2,5654,565400000,565400100,43143,71906,565500000,565500000
2,5655,565500000,565500100,43143,71906,565600000,565600000
2,5656,565600000,565600100,43143,71906,565700000,565700000
2,5657,565700000,565700100,43143,71906,565800000,565800000
2,5658,565800000,565800100,43143,71906,565900000,565900000
2,5659,565900000,565900100,43143,71906,566000000,566000000
2,5660,566000000,566000100,43143,71906,566100000,566100000
2,5661,566100000,566100100,43143,71906,566200000,566200000
2,5662,566200000,566200100,43143,71906,566300000,566300000
2,5663,566300000,566300100,43143,71906,566400000,566400000
2,5664,566400000,566400100,43143,71906,566500000,566500000
2,5665,566500000,566500100,43143,71906,566600000,566600000
2,5666,566600000,566600100,43143,71906,566700000,566700000
2,5667,566700000,566700100,43143,71906,566800000,566800000
2,5668,566800000,566800100,43143,71906,566900000,566900000
2,5669,566900000,566900100,43143,71906,567000000,567000000
2,5670,567000000,567000100,43143,71906,567100000,567100000
2,5671,567100000,567100100,43143,71906,567200000,567200000
2,5672,567200000,567200100,43143,71906,567300000,567300000
2,5673,567300000,567300100,43143,71906,567400000,567400000
2,5674,567400000,567400100,43143,71906,567500000,567500000
2,5675,567500000,567500100,43143,71906,567600000,567600000
2,5676,567600000,567600100,43143,71906,567700000,567700000
2,5677,567700000,567700100,43143,71906,567800000,567800000
2,5678,567800000,567800100,43143,71906,567900000,567900000
2,5679,567900000,567900100,43143,71906,568000000,568000000
2,5680,568000000,568000100,43143,71906,568100000,568100000
2,5681,568100000,568100100,43143,71906,568200000,568200000
2,5682,568200000,568200100,43143,71906,568300000,568300000
2,5683,568300000,568300100,43143,71906,568400000,568400000
2,5684,568400000,568400100,43143,71906,568500000,568500000
2,5685,568500000,568500100,43143,71906,568600000,568600000
2,5686,568600000,568600100,43143,71906,568700000,568700000
2,5687,568700000,568700100,43143,71906,568800000,568800000
2,5688,568800000,568800100,43143,71906,568900000,568900000
2,5689,568900000,568900100,43143,71906,569000000,569000000
2,5690,569000000,569000100,43143,71906,569100000,569100000
2,5691,569100000,569100100,43143,71906,569200000,569200000
2,5692,569200000,569200100,43143,71906,569300000,569300000
2,5693,569300000,569300100,43143,71906,569400000,569400000
2,5694,569400000,569400100,43143,71906,569500000,569500000
2,5695,569500000,569500100,43143,71906,569600000,569600000
2,5696,569600000,569600100,43143,71906,569700000,569700000
2,5697,569700000,569700100,43143,71906,569800000,569800000
2,5698,569800000,569800100,43143,71906,569900000,569900000
2,5699,569900000,569900100,43143,71906,570000000,570000000
2,5700,570000000,570000100,43143,71906,570100000,570100000
2,5701,570100000,570100100,43143,71906,570200000,570200000
2,5702,570200000,570200100,43143,71906,570300000,570300000
2,5703,570300000,570300100,43143,71906,570400000,570400000
2,5704,570400000,570400100,43143,71906,570500000,570500000
2,5705,570500000,570500100,43143,71906,570600000,570600000
2,5706,570600000,570600100,43143,71906,570700000,570700000
2,5707,570700000,570700100,43143,71906,570800000,570800000
2,5708,570800000,570800100,43143,71906,570900000,570900000
2,5709,570900000,570900100,43143,71906,571000000,571000000
2,5710,571000000,571000100,43143,71906,571100000,571100000
2,5711,571100000,571100100,43143,71906,571200000,571200000
2,5712,571200000,571200100,43143,71906,571300000,571300000
2,5713,571300000,571300100,43143,71906,571400000,571400000
2,5714,571400000,571400100,43143,71906,571500000,571500000
2,5715,571500000,571500100,43143,71906,571600000,571600000
2,5716,571600000,571600100,43143,71906,571700000,571700000
2,5717,571700000,571700100,43143,71906,571800000,571800000
2,5718,571800000,571800100,43143,71906,571900000,571900000
2,5719,571900000,571900100,43143,71906,572000000,572000000
2,5720,572000000,572000100,43143,71906,572100000,572100000
2,5721,572100000,572100100,43143,71906,572200000,572200000
2,5722,572200000,572200100,43143,71906,572300000,572300000
2,5723,572300000,572300100,43143,71906,572400000,572400000
2,5724,572400000,572400100,43143,71906,572500000,572500000
2,5725,572500000,572500100,43143,71906,572600000,572600000
2,5726,572600000,572600100,43143,71906,572700000,572700000
2,5727,572700000,572700100,43143,71906,572800000,572800000
2,5728,572800000,572800100,43143,71906,572900000,572900000
2,5729,572900000,572900100,43143,71906,573000000,573000000
2,5730,573000000,573000100,43143,71906,573100000,573100000
2,5731,573100000,573100100,43143,71906,573200000,573200000
2,5732,573200000,573200100,43143,71906,573300000,573300000
2,5733,573300000,573300100,43143,71906,573400000,573400000
2,5734,573400000,573400100,43143,71906,573500000,573500000
2,5735,573500000,573500100,43143,71906,573600000,573600000
2,5736,573600000,573600100,43143,71906,573700000,573700000
2,5737,573700000,573700100,43143,71906,573800000,573800000
2,5738,573800000,573800100,43143,71906,573900000,573900000
2,5739,573900000,573900100,43143,71906,574000000,574000000
2,5740,574000000,574000100,43143,71906,574100000,574100000
2,5741,574100000,574100100,43143,71906,574200000,574200000
2,5742,574200000,574200100,43143,71906,574300000,574300000
2,5743,574300000,574300100,43143,71906,574400000,574400000
2,5744,574400000,574400100,43143,71906,574500000,574500000
2,5745,574500000,574500100,43143,71906,574600000,574600000
2,5746,574600000,574600100,43143,71906,574700000,574700000
2,5747,574700000,574700100,43143,71906,574800000,574800000
2,5748,574800000,574800100,43143,71906,574900000,574900000
2,5749,574900000,574900100,43143,71906,575000000,575000000
2,5750,575000000,575000100,43143,71906,575100000,575100000
2,5751,575100000,575100100,43143,71906,575200000,575200000
2,5752,575200000,575200100,43143,71906,575300000,575300000
2,5753,575300000,575300100,43143,71906,575400000,575400000
2,5754,575400000,575400100,43143,71906,575500000,575500000
2,5755,575500000,575500100,43143,71906,575600000,575600000
2,5756,575600000,575600100,43143,71906,575700000,575700000
2,5757,575700000,575700100,43143,71906,575800000,575800000
2,5758,575800000,575800100,43143,71906,575900000,575900000
2,5759,575900000,575900100,43143,71906,576000000,576000000
2,5760,576000000,576000100,43143,71906,576100000,576100000
2,5761,576100000,576100100,43143,71906,576200000,576200000
2,5762,576200000,576200100,43143,71906,576300000,576300000
2,5763,576300000,576300100,43143,71906,576400000,576400000
2,5764,576400000,576400100,43143,71906,576500000,576500000
2,5765,576500000,576500100,43143,71906,576600000,576600000
2,5766,576600000,576600100,43143,71906,576700000,576700000
2,5767,576700000,576700100,43143,71906,576800000,576800000
2,5768,576800000,576800100,43143,71906,576900000,576900000
2,5769,576900000,576900100,43143,71906,577000000,577000000
2,5770,577000000,577000100,43143,71906,577100000,577100000
2,5771,577100000,577100100,43143,71906,577200000,577200000
2,5772,577200000,577200100,43143,71906,577300000,577300000
2,5773,577300000,577300100,43143,71906,577400000,577400000
2,5774,577400000,577400100,43143,71906,577500000,577500000
2,5775,577500000,577500100,43143,71906,577600000,577600000
2,5776,577600000,577600100,43143,71906,577700000,577700000
2,5777,577700000,577700100,43143,71906,577800000,577800000
2,5778,577800000,577800100,43143,71906,577900000,577900000
2,5779,577900000,577900100,43143,71906,578000000,578000000
2,5780,578000000,578000100,43143,71906,578100000,578100000
2,5781,578100000,578100100,43143,71906,578200000,578200000
2,5782,578200000,578200100,43143,71906,578300000,578300000
2,5783,578300000,578300100,43143,71906,578400000,578400000
2,5784,578400000,578400100,43143,71906,578500000,578500000
2,5785,578500000,578500100,43143,71906,578600000,578600000
2,5786,578600000,578600100,43143,71906,578700000,578700000
2,5787,578700000,578700100,43143,71906,578800000,578800000
2,5788,578800000,578800100,43143,71906,578900000,578900000
2,5789,578900000,578900100,43143,71906,579000000,579000000
2,5790,579000000,579000100,43143,71906,579100000,579100000
2,5791,579100000,579100100,43143,71906,579200000,579200000
2,5792,579200000,579200100,43143,71906,579300000,579300000
2,5793,579300000,579300100,43143,71906,579400000,579400000
2,5794,579400000,579400100,43143,71906,579500000,579500000
2,5795,579500000,579500100,43143,71906,579600000,579600000
2,5796,579600000,579600100,43143,71906,579700000,579700000
2,5797,579700000,579700100,43143,71906,579800000,579800000
2,5798,579800000,579800100,43143,71906,579900000,579900000
2,5799,579900000,579900100,43143,71906,580000000,580000000
2,5800,580000000,580000100,43143,71906,580100000,580100000
2,5801,580100000,580100100,43143,71906,580200000,580200000
2,5802,580200000,580200100,43143,71906,580300000,580300000
2,5803,580300000,580300100,43143,71906,580400000,580400000
2,5804,580400000,580400100,43143,71906,580500000,580500000
2,5805,580500000,580500100,43143,71906,580600000,580600000
2,5806,580600000,580600100,43143,71906,580700000,580700000
2,5807,580700000,580700100,43143,71906,580800000,580800000
2,5808,580800000,580800100,43143,71906,580900000,580900000
2,5809,580900000,580900100,43143,71906,581000000,581000000
2,5810,581000000,581000100,43143,71906,581100000,581100000
2,5811,581100000,581100100,43143,71906,581200000,581200000
2,5812,581200000,581200100,43143,71906,581300000,581300000
2,5813,581300000,581300100,43143,71906,581400000,581400000
2,5814,581400000,581400100,43143,71906,581500000,581500000
2,5815,581500000,581500100,43143,71906,581600000,581600000
2,5816,581600000,581600100,43143,71906,581700000,581700000
2,5817,581700000,581700100,43143,71906,581800000,581800000
2,5818,581800000,581800100,43143,71906,581900000,581900000
2,5819,581900000,581900100,43143,71906,582000000,582000000
2,5820,582000000,582000100,43143,71906,582100000,582100000
2,5821,582100000,582100100,43143,71906,582200000,582200000
2,5822,582200000,582200100,43143,71906,582300000,582300000
2,5823,582300000,582300100,43143,71906,582400000,582400000
2,5824,582400000,582400100,43143,71906,582500000,582500000
2,5825,582500000,582500100,43143,71906,582600000,582600000
2,5826,582600000,582600100,43143,71906,582700000,582700000
2,5827,582700000,582700100,43143,71906,582800000,582800000
2,5828,582800000,582800100,43143,71906,582900000,582900000
2,5829,582900000,582900100,43143,71906,583000000,583000000
2,5830,583000000,583000100,43143,71906,583100000,583100000
2,5831,583100000,583100100,43143,71906,583200000,583200000
2,5832,583200000,583200100,43143,71906,583300000,583300000
2,5833,583300000,583300100,43143,71906,583400000,583400000
2,5834,583400000,583400100,43143,71906,583500000,583500000
2,5835,583500000,583500100,43143,71906,583600000,583600000
2,5836,583600000,583600100,43143,71906,583700000,583700000
2,5837,583700000,583700100,43143,71906,583800000,583800000
2,5838,583800000,583800100,43143,71906,583900000,583900000
2,5839,583900000,583900100,43143,71906,584000000,584000000
2,5840,584000000,584000100,43143,71906,584100000,584100000
2,5841,584100000,584100100,43143,71906,584200000,584200000
2,5842,584200000,584200100,43143,71906,584300000,584300000
2,5843,584300000,584300100,43143,71906,584400000,584400000
2,5844,584400000,584400100,43143,71906,584500000,584500000
2,5845,584500000,584500100,43143,71906,584600000,584600000
2,5846,584600000,584600100,43143,71906,584700000,584700000
2,5847,584700000,584700100,43143,71906,584800000,584800000
2,5848,584800000,584800100,43143,71906,584900000,584900000
2,5849,584900000,584900100,43143,71906,585000000,585000000
2,5850,585000000,585000100,43143,71906,585100000,585100000
2,5851,585100000,585100100,43143,71906,585200000,585200000
2,5852,585200000,585200100,43143,71906,585300000,585300000
2,5853,585300000,585300100,43143,71906,585400000,585400000
2,5854,585400000,585400100,43143,71906,585500000,585500000
2,5855,585500000,585500100,43143,71906,585600000,585600000
2,5856,585600000,585600100,43143,71906,585700000,585700000
2,5857,585700000,585700100,43143,71906,585800000,585800000
2,5858,585800000,585800100,43143,71906,585900000,585900000
2,5859,585900000,585900100,43143,71906,586000000,586000000
2,5860,586000000,586000100,43143,71906,586100000,586100000
2,5861,586100000,586100100,43143,71906,586200000,586200000
2,5862,586200000,586200100,43143,71906,586300000,586300000
2,5863,586300000,586300100,43143,71906,586400000,586400000
2,5864,586400000,586400100,43143,71906,586500000,586500000
2,5865,586500000,586500100,43143,71906,586600000,586600000
2,5866,586600000,586600100,43143,71906,586700000,586700000
2,5867,586700000,586700100,43143,71906,586800000,586800000
2,5868,586800000,586800100,43143,71906,586900000,586900000
2,5869,586900000,586900100,43143,71906,587000000,587000000
2,5870,587000000,587000100,43143,71906,587100000,587100000
2,5871,587100000,587100100,43143,71906,587200000,587200000
2,5872,587200000,587200100,43143,71906,587300000,587300000
2,5873,587300000,587300100,43143,71906,587400000,587400000
2,5874,587400000,587400100,43143,71906,587500000,587500000
2,5875,587500000,587500100,43143,71906,587600000,587600000
2,5876,587600000,587600100,43143,71906,587700000,587700000
2,5877,587700000,587700100,43143,71906,587800000,587800000
2,5878,587800000,587800100,43143,71906,587900000,587900000
2,5879,587900000,587900100,43143,71906,588000000,588000000
2,5880,588000000,588000100,43143,71906,588100000,588100000
2,5881,588100000,588100100,43143,71906,588200000,588200000
2,5882,588200000,588200100,43143,71906,588300000,588300000
2,5883,588300000,588300100,43143,71906,588400000,588400000
2,5884,588400000,588400100,43143,71906,588500000,588500000
2,5885,588500000,588500100,43143,71906,588600000,588600000
2,5886,588600000,588600100,43143,71906,588700000,588700000
2,5887,588700000,588700100,43143,71906,588800000,588800000
2,5888,588800000,588800100,43143,71906,588900000,588900000
2,5889,588900000,588900100,43143,71906,589000000,589000000
2,5890,589000000,589000100,43143,71906,589100000,589100000
2,5891,589100000,589100100,43143,71906,589200000,589200000
2,5892,589200000,589200100,43143,71906,589300000,589300000
2,5893,589300000,589300100,43143,71906,589400000,589400000
2,5894,589400000,589400100,43143,71906,589500000,589500000
2,5895,589500000,589500100,43143,71906,589600000,589600000
2,5896,589600000,589600100,43143,71906,589700000,589700000
2,5897,589700000,589700100,43143,71906,589800000,589800000
2,5898,589800000,589800100,43143,71906,589900000,589900000
2,5899,589900000,589900100,43143,71906,590000000,590000000
2,5900,590000000,590000100,43143,71906,590100000,590100000
2,5901,590100000,590100100,43143,71906,590200000,590200000
2,5902,590200000,590200100,43143,71906,590300000,590300000
2,5903,590300000,590300100,43143,71906,590400000,590400000
2,5904,590400000,590400100,43143,71906,590500000,590500000
2,5905,590500000,590500100,43143,71906,590600000,590600000
2,5906,590600000,590600100,43143,71906,590700000,590700000
2,5907,590700000,590700100,43143,71906,590800000,590800000
2,5908,590800000,590800100,43143,71906,590900000,590900000
2,5909,590900000,590900100,43143,71906,591000000,591000000
2,5910,591000000,591000100,43143,71906,591100000,591100000
2,5911,591100000,591100100,43143,71906,591200000,591200000
2,5912,591200000,591200100,43143,71906,591300000,591300000
2,5913,591300000,591300100,43143,71906,591400000,591400000
2,5914,591400000,591400100,43143,71906,591500000,591500000
2,5915,591500000,591500100,43143,71906,591600000,591600000
2,5916,591600000,591600100,43143,71906,591700000,591700000
2,5917,591700000,591700100,43143,71906,591800000,591800000
2,5918,591800000,591800100,43143,71906,591900000,591900000
2,5919,591900000,591900100,43143,71906,592000000,592000000
2,5920,592000000,592000100,43143,71906,592100000,592100000
2,5921,592100000,592100100,43143,71906,592200000,592200000
2,5922,592200000,592200100,43143,71906,592300000,592300000
2,5923,592300000,592300100,43143,71906,592400000,592400000
2,5924,592400000,592400100,43143,71906,592500000,592500000
2,5925,592500000,592500100,43143,71906,592600000,592600000
2,5926,592600000,592600100,43143,71906,592700000,592700000
2,5927,592700000,592700100,43143,71906,592800000,592800000
2,5928,592800000,592800100,43143,71906,592900000,592900000
2,5929,592900000,592900100,43143,71906,593000000,593000000
2,5930,593000000,593000100,43143,71906,593100000,593100000
2,5931,593100000,593100100,43143,71906,593200000,593200000
2,5932,593200000,593200100,43143,71906,593300000,593300000
2,5933,593300000,593300100,43143,71906,593400000,593400000
2,5934,593400000,593400100,43143,71906,593500000,593500000
2,5935,593500000,593500100,43143,71906,593600000,593600000
2,5936,593600000,593600100,43143,71906,593700000,593700000
2,5937,593700000,593700100,43143,71906,593800000,593800000
2,5938,593800000,593800100,43143,71906,593900000,593900000
2,5939,593900000,593900100,43143,71906,594000000,594000000
2,5940,594000000,594000100,43143,71906,594100000,594100000
2,5941,594100000,594100100,43143,71906,594200000,594200000
2,5942,594200000,594200100,43143,71906,594300000,594300000
2,5943,594300000,594300100,43143,71906,594400000,594400000
2,5944,594400000,594400100,43143,71906,594500000,594500000
2,5945,594500000,594500100,43143,71906,594600000,594600000
2,5946,594600000,594600100,43143,71906,594700000,594700000
2,5947,594700000,594700100,43143,71906,594800000,594800000
2,5948,594800000,594800100,43143,71906,594900000,594900000
2,5949,594900000,594900100,43143,71906,595000000,595000000
2,5950,595000000,595000100,43143,71906,595100000,595100000
2,5951,595100000,595100100,43143,71906,595200000,595200000
2,5952,595200000,595200100,43143,71906,595300000,595300000
2,5953,595300000,595300100,43143,71906,595400000,595400000
2,5954,595400000,595400100,43143,71906,595500000,595500000
2,5955,595500000,595500100,43143,71906,595600000,595600000
2,5956,595600000,595600100,43143,71906,595700000,595700000
2,5957,595700000,595700100,43143,71906,595800000,595800000
2,5958,595800000,595800100,43143,71906,595900000,595900000
2,5959,595900000,595900100,43143,71906,596000000,596000000
2,5960,596000000,596000100,43143,71906,596100000,596100000
2,5961,596100000,596100100,43143,71906,596200000,596200000
2,5962,596200000,596200100,43143,71906,596300000,596300000
2,5963,596300000,596300100,43143,71906,596400000,596400000
2,5964,596400000,596400100,43143,71906,596500000,596500000
2,5965,596500000,596500100,43143,71906,596600000,596600000
2,5966,596600000,596600100,43143,71906,596700000,596700000
2,5967,596700000,596700100,43143,71906,596800000,596800000
2,5968,596800000,596800100,43143,71906,596900000,596900000
2,5969,596900000,596900100,43143,71906,597000000,597000000
2,5970,597000000,597000100,43143,71906,597100000,597100000
2,5971,597100000,597100100,43143,71906,597200000,597200000
2,5972,597200000,597200100,43143,71906,597300000,597300000
2,5973,597300000,597300100,43143,71906,597400000,597400000
2,5974,597400000,597400100,43143,71906,597500000,597500000
2,5975,597500000,597500100,43143,71906,597600000,597600000
2,5976,597600000,597600100,43143,71906,597700000,597700000
2,5977,597700000,597700100,43143,71906,597800000,597800000
2,5978,597800000,597800100,43143,71906,597900000,597900000
2,5979,597900000,597900100,43143,71906,598000000,598000000
2,5980,598000000,598000100,43143,71906,598100000,598100000
2,5981,598100000,598100100,43143,71906,598200000,598200000
2,5982,598200000,598200100,43143,71906,598300000,598300000
2,5983,598300000,598300100,43143,71906,598400000,598400000
2,5984,598400000,598400100,43143,71906,598500000,598500000
2,5985,598500000,598500100,43143,71906,598600000,598600000
2,5986,598600000,598600100,43143,71906,598700000,598700000
2,5987,598700000,598700100,43143,71906,598800000,598800000
2,5988,598800000,598800100,43143,71906,598900000,598900000
2,5989,598900000,598900100,43143,71906,599000000,599000000
2,5990,599000000,599000100,43143,71906,599100000,599100000
2,5991,599100000,599100100,43143,71906,599200000,599200000
2,5992,599200000,599200100,43143,71906,599300000,599300000
2,5993,599300000,599300100,43143,71906,599400000,599400000
2,5994,599400000,599400100,43143,71906,599500000,599500000
2,5995,599500000,599500100,43143,71906,599600000,599600000
2,5996,599600000,599600100,43143,71906,599700000,599700000
2,5997,599700000,599700100,43143,71906,599800000,599800000
2,5998,599800000,599800100,43143,71906,599900000,599900000
2,5999,599900000,599900100,43143,71906,600000000,600000000
2,6000,600000000,600000100,43143,71906,600100000,600100000
2,6001,600100000,600100100,43143,71906,600200000,600200000
2,6002,600200000,600200100,43143,71906,600300000,600300000
2,6003,600300000,600300100,43143,71906,600400000,600400000
2,6004,600400000,600400100,43143,71906,600500000,600500000
2,6005,600500000,600500100,43143,71906,600600000,600600000
2,6006,600600000,600600100,43143,71906,600700000,600700000
2,6007,600700000,600700100,43143,71906,600800000,600800000
2,6008,600800000,600800100,43143,71906,600900000,600900000
2,6009,600900000,600900100,43143,71906,601000000,601000000
2,6010,601000000,601000100,43143,71906,601100000,601100000
2,6011,601100000,601100100,43143,71906,601200000,601200000
2,6012,601200000,601200100,43143,71906,601300000,601300000
2,6013,601300000,601300100,43143,71906,601400000,601400000
2,6014,601400000,601400100,43143,71906,601500000,601500000
2,6015,601500000,601500100,43143,71906,601600000,601600000
2,6016,601600000,601600100,43143,71906,601700000,601700000
2,6017,601700000,601700100,43143,71906,601800000,601800000
2,6018,601800000,601800100,43143,71906,601900000,601900000
2,6019,601900000,601900100,43143,71906,602000000,602000000
2,6020,602000000,602000100,43143,71906,602100000,602100000
2,6021,602100000,602100100,43143,71906,602200000,602200000
2,6022,602200000,602200100,43143,71906,602300000,602300000
2,6023,602300000,602300100,43143,71906,602400000,602400000
2,6024,602400000,602400100,43143,71906,602500000,602500000
2,6025,602500000,602500100,43143,71906,602600000,602600000
2,6026,602600000,602600100,43143,71906,602700000,602700000
2,6027,602700000,602700100,43143,71906,602800000,602800000
2,6028,602800000,602800100,43143,71906,602900000,602900000
2,6029,602900000,602900100,43143,71906,603000000,603000000
2,6030,603000000,603000100,43143,71906,603100000,603100000
2,6031,603100000,603100100,43143,71906,603200000,603200000
2,6032,603200000,603200100,43143,71906,603300000,603300000
2,6033,603300000,603300100,43143,71906,603400000,603400000
2,6034,603400000,603400100,43143,71906,603500000,603500000
2,6035,603500000,603500100,43143,71906,603600000,603600000
2,6036,603600000,603600100,43143,71906,603700000,603700000
2,6037,603700000,603700100,43143,71906,603800000,603800000
2,6038,603800000,603800100,43143,71906,603900000,603900000
2,6039,603900000,603900100,43143,71906,604000000,604000000
2,6040,604000000,604000100,43143,71906,604100000,604100000
2,6041,604100000,604100100,43143,71906,604200000,604200000
2,6042,604200000,604200100,43143,71906,604300000,604300000
2,6043,604300000,604300100,43143,71906,604400000,604400000
2,6044,604400000,604400100,43143,71906,604500000,604500000
2,6045,604500000,604500100,43143,71906,604600000,604600000
2,6046,604600000,604600100,43143,71906,604700000,604700000
2,6047,604700000,604700100,43143,71906,604800000,604800000
2,6048,604800000,604800100,43143,71906,604900000,604900000
2,6049,604900000,604900100,43143,71906,605000000,605000000
2,6050,605000000,605000100,43143,71906,605100000,605100000
2,6051,605100000,605100100,43143,71906,605200000,605200000
2,6052,605200000,605200100,43143,71906,605300000,605300000
2,6053,605300000,605300100,43143,71906,605400000,605400000
2,6054,605400000,605400100,43143,71906,605500000,605500000
2,6055,605500000,605500100,43143,71906,605600000,605600000
2,6056,605600000,605600100,43143,71906,605700000,605700000
2,6057,605700000,605700100,43143,71906,605800000,605800000
2,6058,605800000,605800100,43143,71906,605900000,605900000
2,6059,605900000,605900100,43143,71906,606000000,606000000
2,6060,606000000,606000100,43143,71906,606100000,606100000
2,6061,606100000,606100100,43143,71906,606200000,606200000
2,6062,606200000,606200100,43143,71906,606300000,606300000
2,6063,606300000,606300100,43143,71906,606400000,606400000
2,6064,606400000,606400100,43143,71906,606500000,606500000
2,6065,606500000,606500100,43143,71906,606600000,606600000
2,6066,606600000,606600100,43143,71906,606700000,606700000
2,6067,606700000,606700100,43143,71906,606800000,606800000
2,6068,606800000,606800100,43143,71906,606900000,606900000
2,6069,606900000,606900100,43143,71906,607000000,607000000
2,6070,607000000,607000100,43143,71906,607100000,607100000
2,6071,607100000,607100100,43143,71906,607200000,607200000
2,6072,607200000,607200100,43143,71906,607300000,607300000
2,6073,607300000,607300100,43143,71906,607400000,607400000
2,6074,607400000,607400100,43143,71906,607500000,607500000
2,6075,607500000,607500100,43143,71906,607600000,607600000
2,6076,607600000,607600100,43143,71906,607700000,607700000
2,6077,607700000,607700100,43143,71906,607800000,607800000
2,6078,607800000,607800100,43143,71906,607900000,607900000
2,6079,607900000,607900100,43143,71906,608000000,608000000
2,6080,608000000,608000100,43143,71906,608100000,608100000
2,6081,608100000,608100100,43143,71906,608200000,608200000
2,6082,608200000,608200100,43143,71906,608300000,608300000
2,6083,608300000,608300100,43143,71906,608400000,608400000
2,6084,608400000,608400100,43143,71906,608500000,608500000
2,6085,608500000,608500100,43143,71906,608600000,608600000
2,6086,608600000,608600100,43143,71906,608700000,608700000
2,6087,608700000,608700100,43143,71906,608800000,608800000
2,6088,608800000,608800100,43143,71906,608900000,608900000
2,6089,608900000,608900100,43143,71906,609000000,609000000
2,6090,609000000,609000100,43143,71906,609100000,609100000
2,6091,609100000,609100100,43143,71906,609200000,609200000
2,6092,609200000,609200100,43143,71906,609300000,609300000
2,6093,609300000,609300100,43143,71906,609400000,609400000
2,6094,609400000,609400100,43143,71906,609500000,609500000
2,6095,609500000,609500100,43143,71906,609600000,609600000
2,6096,609600000,609600100,43143,71906,609700000,609700000
2,6097,609700000,609700100,43143,71906,609800000,609800000
2,6098,609800000,609800100,43143,71906,609900000,609900000
2,6099,609900000,609900100,43143,71906,610000000,610000000
2,6100,610000000,610000100,43143,71906,610100000,610100000
2,6101,610100000,610100100,43143,71906,610200000,610200000
2,6102,610200000,610200100,43143,71906,610300000,610300000
2,6103,610300000,610300100,43143,71906,610400000,610400000
2,6104,610400000,610400100,43143,71906,610500000,610500000
2,6105,610500000,610500100,43143,71906,610600000,610600000
2,6106,610600000,610600100,43143,71906,610700000,610700000
2,6107,610700000,610700100,43143,71906,610800000,610800000
2,6108,610800000,610800100,43143,71906,610900000,610900000
2,6109,610900000,610900100,43143,71906,611000000,611000000
2,6110,611000000,611000100,43143,71906,611100000,611100000
2,6111,611100000,611100100,43143,71906,611200000,611200000
2,6112,611200000,611200100,43143,71906,611300000,611300000
2,6113,611300000,611300100,43143,71906,611400000,611400000
2,6114,611400000,611400100,43143,71906,611500000,611500000
2,6115,611500000,611500100,43143,71906,611600000,611600000
2,6116,611600000,611600100,43143,71906,611700000,611700000
2,6117,611700000,611700100,43143,71906,611800000,611800000
2,6118,611800000,611800100,43143,71906,611900000,611900000
2,6119,611900000,611900100,43143,71906,612000000,612000000
2,6120,612000000,612000100,43143,71906,612100000,612100000
2,6121,612100000,612100100,43143,71906,612200000,612200000
2,6122,612200000,612200100,43143,71906,612300000,612300000
2,6123,612300000,612300100,43143,71906,612400000,612400000
2,6124,612400000,612400100,43143,71906,612500000,612500000
2,6125,612500000,612500100,43143,71906,612600000,612600000
2,6126,612600000,612600100,43143,71906,612700000,612700000
2,6127,612700000,612700100,43143,71906,612800000,612800000
2,6128,612800000,612800100,43143,71906,612900000,612900000
2,6129,612900000,612900100,43143,71906,613000000,613000000
2,6130,613000000,613000100,43143,71906,613100000,613100000
2,6131,613100000,613100100,43143,71906,613200000,613200000
2,6132,613200000,613200100,43143,71906,613300000,613300000
2,6133,613300000,613300100,43143,71906,613400000,613400000
2,6134,613400000,613400100,43143,71906,613500000,613500000
2,6135,613500000,613500100,43143,71906,613600000,613600000
2,6136,613600000,613600100,43143,71906,613700000,613700000
2,6137,613700000,613700100,43143,71906,613800000,613800000
2,6138,613800000,613800100,43143,71906,613900000,613900000
2,6139,613900000,613900100,43143,71906,614000000,614000000
2,6140,614000000,614000100,43143,71906,614100000,614100000
2,6141,614100000,614100100,43143,71906,614200000,614200000
2,6142,614200000,614200100,43143,71906,614300000,614300000
2,6143,614300000,614300100,43143,71906,614400000,614400000
2,6144,614400000,614400100,43143,71906,614500000,614500000
2,6145,614500000,614500100,43143,71906,614600000,614600000
2,6146,614600000,614600100,43143,71906,614700000,614700000
2,6147,614700000,614700100,43143,71906,614800000,614800000
2,6148,614800000,614800100,43143,71906,614900000,614900000
2,6149,614900000,614900100,43143,71906,615000000,615000000
2,6150,615000000,615000100,43143,71906,615100000,615100000
2,6151,615100000,615100100,43143,71906,615200000,615200000
2,6152,615200000,615200100,43143,71906,615300000,615300000
2,6153,615300000,615300100,43143,71906,615400000,615400000
2,6154,615400000,615400100,43143,71906,615500000,615500000
2,6155,615500000,615500100,43143,71906,615600000,615600000
2,6156,615600000,615600100,43143,71906,615700000,615700000
2,6157,615700000,615700100,43143,71906,615800000,615800000
2,6158,615800000,615800100,43143,71906,615900000,615900000
2,6159,615900000,615900100,43143,71906,616000000,616000000
2,6160,616000000,616000100,43143,71906,616100000,616100000
2,6161,616100000,616100100,43143,71906,616200000,616200000
2,6162,616200000,616200100,43143,71906,616300000,616300000
2,6163,616300000,616300100,43143,71906,616400000,616400000
2,6164,616400000,616400100,43143,71906,616500000,616500000
2,6165,616500000,616500100,43143,71906,616600000,616600000
2,6166,616600000,616600100,43143,71906,616700000,616700000
2,6167,616700000,616700100,43143,71906,616800000,616800000
2,6168,616800000,616800100,43143,71906,616900000,616900000
2,6169,616900000,616900100,43143,71906,617000000,617000000
2,6170,617000000,617000100,43143,71906,617100000,617100000
2,6171,617100000,617100100,43143,71906,617200000,617200000
2,6172,617200000,617200100,43143,71906,617300000,617300000
2,6173,617300000,617300100,43143,71906,617400000,617400000
2,6174,617400000,617400100,43143,71906,617500000,617500000
2,6175,617500000,617500100,43143,71906,617600000,617600000
2,6176,617600000,617600100,43143,71906,617700000,617700000
2,6177,617700000,617700100,43143,71906,617800000,617800000
2,6178,617800000,617800100,43143,71906,617900000,617900000
2,6179,617900000,617900100,43143,71906,618000000,618000000
2,6180,618000000,618000100,43143,71906,618100000,618100000
2,6181,618100000,618100100,43143,71906,618200000,618200000
2,6182,618200000,618200100,43143,71906,618300000,618300000
2,6183,618300000,618300100,43143,71906,618400000,618400000
2,6184,618400000,618400100,43143,71906,618500000,618500000
2,6185,618500000,618500100,43143,71906,618600000,618600000
2,6186,618600000,618600100,43143,71906,618700000,618700000
2,6187,618700000,618700100,43143,71906,618800000,618800000
2,6188,618800000,618800100,43143,71906,618900000,618900000
2,6189,618900000,618900100,43143,71906,619000000,619000000
2,6190,619000000,619000100,43143,71906,619100000,619100000
2,6191,619100000,619100100,43143,71906,619200000,619200000
2,6192,619200000,619200100,43143,71906,619300000,619300000
2,6193,619300000,619300100,43143,71906,619400000,619400000
2,6194,619400000,619400100,43143,71906,619500000,619500000
2,6195,619500000,619500100,43143,71906,619600000,619600000
2,6196,619600000,619600100,43143,71906,619700000,619700000
2,6197,619700000,619700100,43143,71906,619800000,619800000
2,6198,619800000,619800100,43143,71906,619900000,619900000
2,6199,619900000,619900100,43143,71906,620000000,620000000
2,6200,620000000,620000100,43143,71906,620100000,620100000
2,6201,620100000,620100100,43143,71906,620200000,620200000
2,6202,620200000,620200100,43143,71906,620300000,620300000
2,6203,620300000,620300100,43143,71906,620400000,620400000
2,6204,620400000,620400100,43143,71906,620500000,620500000
2,6205,620500000,620500100,43143,71906,620600000,620600000
2,6206,620600000,620600100,43143,71906,620700000,620700000
2,6207,620700000,620700100,43143,71906,620800000,620800000
2,6208,620800000,620800100,43143,71906,620900000,620900000
2,6209,620900000,620900100,43143,71906,621000000,621000000
2,6210,621000000,621000100,43143,71906,621100000,621100000
2,6211,621100000,621100100,43143,71906,621200000,621200000
2,6212,621200000,621200100,43143,71906,621300000,621300000
2,6213,621300000,621300100,43143,71906,621400000,621400000
2,6214,621400000,621400100,43143,71906,621500000,621500000
2,6215,621500000,621500100,43143,71906,621600000,621600000
2,6216,621600000,621600100,43143,71906,621700000,621700000
2,6217,621700000,621700100,43143,71906,621800000,621800000
2,6218,621800000,621800100,43143,71906,621900000,621900000
2,6219,621900000,621900100,43143,71906,622000000,622000000
2,6220,622000000,622000100,43143,71906,622100000,622100000
2,6221,622100000,622100100,43143,71906,622200000,622200000
2,6222,622200000,622200100,43143,71906,622300000,622300000
2,6223,622300000,622300100,43143,71906,622400000,622400000
2,6224,622400000,622400100,43143,71906,622500000,622500000
2,6225,622500000,622500100,43143,71906,622600000,622600000
2,6226,622600000,622600100,43143,71906,622700000,622700000
2,6227,622700000,622700100,43143,71906,622800000,622800000
2,6228,622800000,622800100,43143,71906,622900000,622900000
2,6229,622900000,622900100,43143,71906,623000000,623000000
2,6230,623000000,623000100,43143,71906,623100000,623100000
2,6231,623100000,623100100,43143,71906,623200000,623200000
2,6232,623200000,623200100,43143,71906,623300000,623300000
2,6233,623300000,623300100,43143,71906,623400000,623400000
2,6234,623400000,623400100,43143,71906,623500000,623500000
2,6235,623500000,623500100,43143,71906,623600000,623600000
2,6236,623600000,623600100,43143,71906,623700000,623700000
2,6237,623700000,623700100,43143,71906,623800000,623800000
2,6238,623800000,623800100,43143,71906,623900000,623900000
2,6239,623900000,623900100,43143,71906,624000000,624000000
2,6240,624000000,624000100,43143,71906,624100000,624100000
2,6241,624100000,624100100,43143,71906,624200000,624200000
2,6242,624200000,624200100,43143,71906,624300000,624300000
2,6243,624300000,624300100,43143,71906,624400000,624400000
2,6244,624400000,624400100,43143,71906,624500000,624500000
2,6245,624500000,624500100,43143,71906,624600000,624600000
2,6246,624600000,624600100,43143,71906,624700000,624700000
2,6247,624700000,624700100,43143,71906,624800000,624800000
2,6248,624800000,624800100,43143,71906,624900000,624900000
2,6249,624900000,624900100,43143,71906,625000000,625000000
2,6250,625000000,625000100,43143,71906,625100000,625100000
2,6251,625100000,625100100,43143,71906,625200000,625200000
2,6252,625200000,625200100,43143,71906,625300000,625300000
2,6253,625300000,625300100,43143,71906,625400000,625400000
2,6254,625400000,625400100,43143,71906,625500000,625500000
2,6255,625500000,625500100,43143,71906,625600000,625600000
2,6256,625600000,625600100,43143,71906,625700000,625700000
2,6257,625700000,625700100,43143,71906,625800000,625800000
2,6258,625800000,625800100,43143,71906,625900000,625900000
2,6259,625900000,625900100,43143,71906,626000000,626000000
2,6260,626000000,626000100,43143,71906,626100000,626100000
2,6261,626100000,626100100,43143,71906,626200000,626200000
2,6262,626200000,626200100,43143,71906,626300000,626300000
2,6263,626300000,626300100,43143,71906,626400000,626400000
2,6264,626400000,626400100,43143,71906,626500000,626500000
2,6265,626500000,626500100,43143,71906,626600000,626600000
2,6266,626600000,626600100,43143,71906,626700000,626700000
2,6267,626700000,626700100,43143,71906,626800000,626800000
2,6268,626800000,626800100,43143,71906,626900000,626900000
2,6269,626900000,626900100,43143,71906,627000000,627000000
2,6270,627000000,627000100,43143,71906,627100000,627100000
2,6271,627100000,627100100,43143,71906,627200000,627200000
2,6272,627200000,627200100,43143,71906,627300000,627300000
2,6273,627300000,627300100,43143,71906,627400000,627400000
2,6274,627400000,627400100,43143,71906,627500000,627500000
2,6275,627500000,627500100,43143,71906,627600000,627600000
2,6276,627600000,627600100,43143,71906,627700000,627700000
2,6277,627700000,627700100,43143,71906,627800000,627800000
2,6278,627800000,627800100,43143,71906,627900000,627900000
2,6279,627900000,627900100,43143,71906,628000000,628000000
2,6280,628000000,628000100,43143,71906,628100000,628100000
2,6281,628100000,628100100,43143,71906,628200000,628200000
2,6282,628200000,628200100,43143,71906,628300000,628300000
2,6283,628300000,628300100,43143,71906,628400000,628400000
2,6284,628400000,628400100,43143,71906,628500000,628500000
2,6285,628500000,628500100,43143,71906,628600000,628600000
2,6286,628600000,628600100,43143,71906,628700000,628700000
2,6287,628700000,628700100,43143,71906,628800000,628800000
2,6288,628800000,628800100,43143,71906,628900000,628900000
2,6289,628900000,628900100,43143,71906,629000000,629000000
2,6290,629000000,629000100,43143,71906,629100000,629100000
2,6291,629100000,629100100,43143,71906,629200000,629200000
2,6292,629200000,629200100,43143,71906,629300000,629300000
2,6293,629300000,629300100,43143,71906,629400000,629400000
2,6294,629400000,629400100,43143,71906,629500000,629500000
2,6295,629500000,629500100,43143,71906,629600000,629600000
2,6296,629600000,629600100,43143,71906,629700000,629700000
2,6297,629700000,629700100,43143,71906,629800000,629800000
2,6298,629800000,629800100,43143,71906,629900000,629900000
2,6299,629900000,629900100,43143,71906,630000000,630000000
2,6300,630000000,630000100,43143,71906,630100000,630100000
2,6301,630100000,630100100,43143,71906,630200000,630200000
2,6302,630200000,630200100,43143,71906,630300000,630300000
2,6303,630300000,630300100,43143,71906,630400000,630400000
2,6304,630400000,630400100,43143,71906,630500000,630500000
2,6305,630500000,630500100,43143,71906,630600000,630600000
2,6306,630600000,630600100,43143,71906,630700000,630700000
2,6307,630700000,630700100,43143,71906,630800000,630800000
2,6308,630800000,630800100,43143,71906,630900000,630900000
2,6309,630900000,630900100,43143,71906,631000000,631000000
2,6310,631000000,631000100,43143,71906,631100000,631100000
2,6311,631100000,631100100,43143,71906,631200000,631200000
2,6312,631200000,631200100,43143,71906,631300000,631300000
2,6313,631300000,631300100,43143,71906,631400000,631400000
2,6314,631400000,631400100,43143,71906,631500000,631500000
2,6315,631500000,631500100,43143,71906,631600000,631600000
2,6316,631600000,631600100,43143,71906,631700000,631700000
2,6317,631700000,631700100,43143,71906,631800000,631800000
2,6318,631800000,631800100,43143,71906,631900000,631900000
2,6319,631900000,631900100,43143,71906,632000000,632000000
2,6320,632000000,632000100,43143,71906,632100000,632100000
2,6321,632100000,632100100,43143,71906,632200000,632200000
2,6322,632200000,632200100,43143,71906,632300000,632300000
2,6323,632300000,632300100,43143,71906,632400000,632400000
2,6324,632400000,632400100,43143,71906,632500000,632500000
2,6325,632500000,632500100,43143,71906,632600000,632600000
2,6326,632600000,632600100,43143,71906,632700000,632700000
2,6327,632700000,632700100,43143,71906,632800000,632800000
2,6328,632800000,632800100,43143,71906,632900000,632900000
2,6329,632900000,632900100,43143,71906,633000000,633000000
2,6330,633000000,633000100,43143,71906,633100000,633100000
2,6331,633100000,633100100,43143,71906,633200000,633200000
2,6332,633200000,633200100,43143,71906,633300000,633300000
2,6333,633300000,633300100,43143,71906,633400000,633400000
2,6334,633400000,633400100,43143,71906,633500000,633500000
2,6335,633500000,633500100,43143,71906,633600000,633600000
2,6336,633600000,633600100,43143,71906,633700000,633700000
2,6337,633700000,633700100,43143,71906,633800000,633800000
2,6338,633800000,633800100,43143,71906,633900000,633900000
2,6339,633900000,633900100,43143,71906,634000000,634000000
2,6340,634000000,634000100,43143,71906,634100000,634100000
2,6341,634100000,634100100,43143,71906,634200000,634200000
2,6342,634200000,634200100,43143,71906,634300000,634300000
2,6343,634300000,634300100,43143,71906,634400000,634400000
2,6344,634400000,634400100,43143,71906,634500000,634500000
2,6345,634500000,634500100,43143,71906,634600000,634600000
2,6346,634600000,634600100,43143,71906,634700000,634700000
2,6347,634700000,634700100,43143,71906,634800000,634800000
2,6348,634800000,634800100,43143,71906,634900000,634900000
2,6349,634900000,634900100,43143,71906,635000000,635000000
2,6350,635000000,635000100,43143,71906,635100000,635100000
2,6351,635100000,635100100,43143,71906,635200000,635200000
2,6352,635200000,635200100,43143,71906,635300000,635300000
2,6353,635300000,635300100,43143,71906,635400000,635400000
2,6354,635400000,635400100,43143,71906,635500000,635500000
2,6355,635500000,635500100,43143,71906,635600000,635600000
2,6356,635600000,635600100,43143,71906,635700000,635700000
2,6357,635700000,635700100,43143,71906,635800000,635800000
2,6358,635800000,635800100,43143,71906,635900000,635900000
2,6359,635900000,635900100,43143,71906,636000000,636000000
2,6360,636000000,636000100,43143,71906,636100000,636100000
2,6361,636100000,636100100,43143,71906,636200000,636200000
2,6362,636200000,636200100,43143,71906,636300000,636300000
2,6363,636300000,636300100,43143,71906,636400000,636400000
2,6364,636400000,636400100,43143,71906,636500000,636500000
2,6365,636500000,636500100,43143,71906,636600000,636600000
2,6366,636600000,636600100,43143,71906,636700000,636700000
2,6367,636700000,636700100,43143,71906,636800000,636800000
2,6368,636800000,636800100,43143,71906,636900000,636900000
2,6369,636900000,636900100,43143,71906,637000000,637000000
2,6370,637000000,637000100,43143,71906,637100000,637100000
2,6371,637100000,637100100,43143,71906,637200000,637200000
2,6372,637200000,637200100,43143,71906,637300000,637300000
2,6373,637300000,637300100,43143,71906,637400000,637400000
2,6374,637400000,637400100,43143,71906,637500000,637500000
2,6375,637500000,637500100,43143,71906,637600000,637600000
2,6376,637600000,637600100,43143,71906,637700000,637700000
2,6377,637700000,637700100,43143,71906,637800000,637800000
2,6378,637800000,637800100,43143,71906,637900000,637900000
2,6379,637900000,637900100,43143,71906,638000000,638000000
2,6380,638000000,638000100,43143,71906,638100000,638100000
2,6381,638100000,638100100,43143,71906,638200000,638200000
2,6382,638200000,638200100,43143,71906,638300000,638300000
2,6383,638300000,638300100,43143,71906,638400000,638400000
2,6384,638400000,638400100,43143,71906,638500000,638500000
2,6385,638500000,638500100,43143,71906,638600000,638600000
2,6386,638600000,638600100,43143,71906,638700000,638700000
2,6387,638700000,638700100,43143,71906,638800000,638800000
2,6388,638800000,638800100,43143,71906,638900000,638900000
2,6389,638900000,638900100,43143,71906,639000000,639000000
2,6390,639000000,639000100,43143,71906,639100000,639100000
2,6391,639100000,639100100,43143,71906,639200000,639200000
2,6392,639200000,639200100,43143,71906,639300000,639300000
2,6393,639300000,639300100,43143,71906,639400000,639400000
2,6394,639400000,639400100,43143,71906,639500000,639500000
2,6395,639500000,639500100,43143,71906,639600000,639600000
2,6396,639600000,639600100,43143,71906,639700000,639700000
2,6397,639700000,639700100,43143,71906,639800000,639800000
2,6398,639800000,639800100,43143,71906,639900000,639900000
2,6399,639900000,639900100,43143,71906,640000000,640000000
2,6400,640000000,640000100,43143,71906,640100000,640100000
2,6401,640100000,640100100,43143,71906,640200000,640200000
2,6402,640200000,640200100,43143,71906,640300000,640300000
2,6403,640300000,640300100,43143,71906,640400000,640400000
2,6404,640400000,640400100,43143,71906,640500000,640500000
2,6405,640500000,640500100,43143,71906,640600000,640600000
2,6406,640600000,640600100,43143,71906,640700000,640700000
2,6407,640700000,640700100,43143,71906,640800000,640800000
2,6408,640800000,640800100,43143,71906,640900000,640900000
2,6409,640900000,640900100,43143,71906,641000000,641000000
2,6410,641000000,641000100,43143,71906,641100000,641100000
2,6411,641100000,641100100,43143,71906,641200000,641200000
2,6412,641200000,641200100,43143,71906,641300000,641300000
2,6413,641300000,641300100,43143,71906,641400000,641400000
2,6414,641400000,641400100,43143,71906,641500000,641500000
2,6415,641500000,641500100,43143,71906,641600000,641600000
2,6416,641600000,641600100,43143,71906,641700000,641700000
2,6417,641700000,641700100,43143,71906,641800000,641800000
2,6418,641800000,641800100,43143,71906,641900000,641900000
2,6419,641900000,641900100,43143,71906,642000000,642000000
2,6420,642000000,642000100,43143,71906,642100000,642100000
2,6421,642100000,642100100,43143,71906,642200000,642200000
2,6422,642200000,642200100,43143,71906,642300000,642300000
2,6423,642300000,642300100,43143,71906,642400000,642400000
2,6424,642400000,642400100,43143,71906,642500000,642500000
2,6425,642500000,642500100,43143,71906,642600000,642600000
2,6426,642600000,642600100,43143,71906,642700000,642700000
2,6427,642700000,642700100,43143,71906,642800000,642800000
2,6428,642800000,642800100,43143,71906,642900000,642900000
2,6429,642900000,642900100,43143,71906,643000000,643000000
2,6430,643000000,643000100,43143,71906,643100000,643100000
2,6431,643100000,643100100,43143,71906,643200000,643200000
2,6432,643200000,643200100,43143,71906,643300000,643300000
2,6433,643300000,643300100,43143,71906,643400000,643400000
2,6434,643400000,643400100,43143,71906,643500000,643500000
2,6435,643500000,643500100,43143,71906,643600000,643600000
2,6436,643600000,643600100,43143,71906,643700000,643700000
2,6437,643700000,643700100,43143,71906,643800000,643800000
2,6438,643800000,643800100,43143,71906,643900000,643900000
2,6439,643900000,643900100,43143,71906,644000000,644000000
2,6440,644000000,644000100,43143,71906,644100000,644100000
2,6441,644100000,644100100,43143,71906,644200000,644200000
2,6442,644200000,644200100,43143,71906,644300000,644300000
2,6443,644300000,644300100,43143,71906,644400000,644400000
2,6444,644400000,644400100,43143,71906,644500000,644500000
2,6445,644500000,644500100,43143,71906,644600000,644600000
2,6446,644600000,644600100,43143,71906,644700000,644700000
2,6447,644700000,644700100,43143,71906,644800000,644800000
2,6448,644800000,644800100,43143,71906,644900000,644900000
2,6449,644900000,644900100,43143,71906,645000000,645000000
2,6450,645000000,645000100,43143,71906,645100000,645100000
2,6451,645100000,645100100,43143,71906,645200000,645200000
2,6452,645200000,645200100,43143,71906,645300000,645300000
2,6453,645300000,645300100,43143,71906,645400000,645400000
2,6454,645400000,645400100,43143,71906,645500000,645500000
2,6455,645500000,645500100,43143,71906,645600000,645600000
2,6456,645600000,645600100,43143,71906,645700000,645700000
2,6457,645700000,645700100,43143,71906,645800000,645800000
2,6458,645800000,645800100,43143,71906,645900000,645900000
2,6459,645900000,645900100,43143,71906,646000000,646000000
2,6460,646000000,646000100,43143,71906,646100000,646100000
2,6461,646100000,646100100,43143,71906,646200000,646200000
2,6462,646200000,646200100,43143,71906,646300000,646300000
2,6463,646300000,646300100,43143,71906,646400000,646400000
2,6464,646400000,646400100,43143,71906,646500000,646500000
2,6465,646500000,646500100,43143,71906,646600000,646600000
2,6466,646600000,646600100,43143,71906,646700000,646700000
2,6467,646700000,646700100,43143,71906,646800000,646800000
2,6468,646800000,646800100,43143,71906,646900000,646900000
2,6469,646900000,646900100,43143,71906,647000000,647000000
2,6470,647000000,647000100,43143,71906,647100000,647100000
2,6471,647100000,647100100,43143,71906,647200000,647200000
2,6472,647200000,647200100,43143,71906,647300000,647300000
2,6473,647300000,647300100,43143,71906,647400000,647400000
2,6474,647400000,647400100,43143,71906,647500000,647500000
2,6475,647500000,647500100,43143,71906,647600000,647600000
2,6476,647600000,647600100,43143,71906,647700000,647700000
2,6477,647700000,647700100,43143,71906,647800000,647800000
2,6478,647800000,647800100,43143,71906,647900000,647900000
2,6479,647900000,647900100,43143,71906,648000000,648000000
2,6480,648000000,648000100,43143,71906,648100000,648100000
2,6481,648100000,648100100,43143,71906,648200000,648200000
2,6482,648200000,648200100,43143,71906,648300000,648300000
2,6483,648300000,648300100,43143,71906,648400000,648400000
2,6484,648400000,648400100,43143,71906,648500000,648500000
2,6485,648500000,648500100,43143,71906,648600000,648600000
2,6486,648600000,648600100,43143,71906,648700000,648700000
2,6487,648700000,648700100,43143,71906,648800000,648800000
2,6488,648800000,648800100,43143,71906,648900000,648900000
2,6489,648900000,648900100,43143,71906,649000000,649000000
2,6490,649000000,649000100,43143,71906,649100000,649100000
2,6491,649100000,649100100,43143,71906,649200000,649200000
2,6492,649200000,649200100,43143,71906,649300000,649300000
2,6493,649300000,649300100,43143,71906,649400000,649400000
2,6494,649400000,649400100,43143,71906,649500000,649500000
2,6495,649500000,649500100,43143,71906,649600000,649600000
2,6496,649600000,649600100,43143,71906,649700000,649700000
2,6497,649700000,649700100,43143,71906,649800000,649800000
2,6498,649800000,649800100,43143,71906,649900000,649900000
2,6499,649900000,649900100,43143,71906,650000000,650000000
2,6500,650000000,650000100,43143,71906,650100000,650100000
2,6501,650100000,650100100,43143,71906,650200000,650200000
2,6502,650200000,650200100,43143,71906,650300000,650300000
2,6503,650300000,650300100,43143,71906,650400000,650400000
2,6504,650400000,650400100,43143,71906,650500000,650500000
2,6505,650500000,650500100,43143,71906,650600000,650600000
2,6506,650600000,650600100,43143,71906,650700000,650700000
2,6507,650700000,650700100,43143,71906,650800000,650800000
2,6508,650800000,650800100,43143,71906,650900000,650900000
2,6509,650900000,650900100,43143,71906,651000000,651000000
2,6510,651000000,651000100,43143,71906,651100000,651100000
2,6511,651100000,651100100,43143,71906,651200000,651200000
2,6512,651200000,651200100,43143,71906,651300000,651300000
2,6513,651300000,651300100,43143,71906,651400000,651400000
2,6514,651400000,651400100,43143,71906,651500000,651500000
2,6515,651500000,651500100,43143,71906,651600000,651600000
2,6516,651600000,651600100,43143,71906,651700000,651700000
2,6517,651700000,651700100,43143,71906,651800000,651800000
2,6518,651800000,651800100,43143,71906,651900000,651900000
2,6519,651900000,651900100,43143,71906,652000000,652000000
2,6520,652000000,652000100,43143,71906,652100000,652100000
2,6521,652100000,652100100,43143,71906,652200000,652200000
2,6522,652200000,652200100,43143,71906,652300000,652300000
2,6523,652300000,652300100,43143,71906,652400000,652400000
2,6524,652400000,652400100,43143,71906,652500000,652500000
2,6525,652500000,652500100,43143,71906,652600000,652600000
2,6526,652600000,652600100,43143,71906,652700000,652700000
2,6527,652700000,652700100,43143,71906,652800000,652800000
2,6528,652800000,652800100,43143,71906,652900000,652900000
2,6529,652900000,652900100,43143,71906,653000000,653000000
2,6530,653000000,653000100,43143,71906,653100000,653100000
2,6531,653100000,653100100,43143,71906,653200000,653200000
2,6532,653200000,653200100,43143,71906,653300000,653300000
2,6533,653300000,653300100,43143,71906,653400000,653400000
2,6534,653400000,653400100,43143,71906,653500000,653500000
2,6535,653500000,653500100,43143,71906,653600000,653600000
2,6536,653600000,653600100,43143,71906,653700000,653700000
2,6537,653700000,653700100,43143,71906,653800000,653800000
2,6538,653800000,653800100,43143,71906,653900000,653900000
2,6539,653900000,653900100,43143,71906,654000000,654000000
2,6540,654000000,654000100,43143,71906,654100000,654100000
2,6541,654100000,654100100,43143,71906,654200000,654200000
2,6542,654200000,654200100,43143,71906,654300000,654300000
2,6543,654300000,654300100,43143,71906,654400000,654400000
2,6544,654400000,654400100,43143,71906,654500000,654500000
2,6545,654500000,654500100,43143,71906,654600000,654600000
2,6546,654600000,654600100,43143,71906,654700000,654700000
2,6547,654700000,654700100,43143,71906,654800000,654800000
2,6548,654800000,654800100,43143,71906,654900000,654900000
2,6549,654900000,654900100,43143,71906,655000000,655000000
2,6550,655000000,655000100,43143,71906,655100000,655100000
2,6551,655100000,655100100,43143,71906,655200000,655200000
2,6552,655200000,655200100,43143,71906,655300000,655300000
2,6553,655300000,655300100,43143,71906,655400000,655400000
2,6554,655400000,655400100,43143,71906,655500000,655500000
2,6555,655500000,655500100,43143,71906,655600000,655600000
2,6556,655600000,655600100,43143,71906,655700000,655700000
2,6557,655700000,655700100,43143,71906,655800000,655800000
2,6558,655800000,655800100,43143,71906,655900000,655900000
2,6559,655900000,655900100,43143,71906,656000000,656000000
2,6560,656000000,656000100,43143,71906,656100000,656100000
2,6561,656100000,656100100,43143,71906,656200000,656200000
2,6562,656200000,656200100,43143,71906,656300000,656300000
2,6563,656300000,656300100,43143,71906,656400000,656400000
2,6564,656400000,656400100,43143,71906,656500000,656500000
2,6565,656500000,656500100,43143,71906,656600000,656600000
2,6566,656600000,656600100,43143,71906,656700000,656700000
2,6567,656700000,656700100,43143,71906,656800000,656800000
2,6568,656800000,656800100,43143,71906,656900000,656900000
2,6569,656900000,656900100,43143,71906,657000000,657000000
2,6570,657000000,657000100,43143,71906,657100000,657100000
2,6571,657100000,657100100,43143,71906,657200000,657200000
2,6572,657200000,657200100,43143,71906,657300000,657300000
2,6573,657300000,657300100,43143,71906,657400000,657400000
2,6574,657400000,657400100,43143,71906,657500000,657500000
2,6575,657500000,657500100,43143,71906,657600000,657600000
2,6576,657600000,657600100,43143,71906,657700000,657700000
2,6577,657700000,657700100,43143,71906,657800000,657800000
2,6578,657800000,657800100,43143,71906,657900000,657900000
2,6579,657900000,657900100,43143,71906,658000000,658000000
2,6580,658000000,658000100,43143,71906,658100000,658100000
2,6581,658100000,658100100,43143,71906,658200000,658200000
2,6582,658200000,658200100,43143,71906,658300000,658300000
2,6583,658300000,658300100,43143,71906,658400000,658400000
2,6584,658400000,658400100,43143,71906,658500000,658500000
2,6585,658500000,658500100,43143,71906,658600000,658600000
2,6586,658600000,658600100,43143,71906,658700000,658700000
2,6587,658700000,658700100,43143,71906,658800000,658800000
2,6588,658800000,658800100,43143,71906,658900000,658900000
2,6589,658900000,658900100,43143,71906,659000000,659000000
2,6590,659000000,659000100,43143,71906,659100000,659100000
2,6591,659100000,659100100,43143,71906,659200000,659200000
2,6592,659200000,659200100,43143,71906,659300000,659300000
2,6593,659300000,659300100,43143,71906,659400000,659400000
2,6594,659400000,659400100,43143,71906,659500000,659500000
2,6595,659500000,659500100,43143,71906,659600000,659600000
2,6596,659600000,659600100,43143,71906,659700000,659700000
2,6597,659700000,659700100,43143,71906,659800000,659800000
2,6598,659800000,659800100,43143,71906,659900000,659900000
2,6599,659900000,659900100,43143,71906,660000000,660000000
2,6600,660000000,660000100,43143,71906,660100000,660100000
2,6601,660100000,660100100,43143,71906,660200000,660200000
2,6602,660200000,660200100,43143,71906,660300000,660300000
2,6603,660300000,660300100,43143,71906,660400000,660400000
2,6604,660400000,660400100,43143,71906,660500000,660500000
2,6605,660500000,660500100,43143,71906,660600000,660600000
2,6606,660600000,660600100,43143,71906,660700000,660700000
2,6607,660700000,660700100,43143,71906,660800000,660800000
2,6608,660800000,660800100,43143,71906,660900000,660900000
2,6609,660900000,660900100,43143,71906,661000000,661000000
2,6610,661000000,661000100,43143,71906,661100000,661100000
2,6611,661100000,661100100,43143,71906,661200000,661200000
2,6612,661200000,661200100,43143,71906,661300000,661300000
2,6613,661300000,661300100,43143,71906,661400000,661400000
2,6614,661400000,661400100,43143,71906,661500000,661500000
2,6615,661500000,661500100,43143,71906,661600000,661600000
2,6616,661600000,661600100,43143,71906,661700000,661700000
2,6617,661700000,661700100,43143,71906,661800000,661800000
2,6618,661800000,661800100,43143,71906,661900000,661900000
2,6619,661900000,661900100,43143,71906,662000000,662000000
2,6620,662000000,662000100,43143,71906,662100000,662100000
2,6621,662100000,662100100,43143,71906,662200000,662200000
2,6622,662200000,662200100,43143,71906,662300000,662300000
2,6623,662300000,662300100,43143,71906,662400000,662400000
2,6624,662400000,662400100,43143,71906,662500000,662500000
2,6625,662500000,662500100,43143,71906,662600000,662600000
2,6626,662600000,662600100,43143,71906,662700000,662700000
2,6627,662700000,662700100,43143,71906,662800000,662800000
2,6628,662800000,662800100,43143,71906,662900000,662900000
2,6629,662900000,662900100,43143,71906,663000000,663000000
2,6630,663000000,663000100,43143,71906,663100000,663100000
2,6631,663100000,663100100,43143,71906,663200000,663200000
2,6632,663200000,663200100,43143,71906,663300000,663300000
2,6633,663300000,663300100,43143,71906,663400000,663400000
2,6634,663400000,663400100,43143,71906,663500000,663500000
2,6635,663500000,663500100,43143,71906,663600000,663600000
2,6636,663600000,663600100,43143,71906,663700000,663700000
2,6637,663700000,663700100,43143,71906,663800000,663800000
2,6638,663800000,663800100,43143,71906,663900000,663900000
2,6639,663900000,663900100,43143,71906,664000000,664000000
2,6640,664000000,664000100,43143,71906,664100000,664100000
2,6641,664100000,664100100,43143,71906,664200000,664200000
2,6642,664200000,664200100,43143,71906,664300000,664300000
2,6643,664300000,664300100,43143,71906,664400000,664400000
2,6644,664400000,664400100,43143,71906,664500000,664500000
2,6645,664500000,664500100,43143,71906,664600000,664600000
2,6646,664600000,664600100,43143,71906,664700000,664700000
2,6647,664700000,664700100,43143,71906,664800000,664800000
2,6648,664800000,664800100,43143,71906,664900000,664900000
2,6649,664900000,664900100,43143,71906,665000000,665000000
2,6650,665000000,665000100,43143,71906,665100000,665100000
2,6651,665100000,665100100,43143,71906,665200000,665200000
2,6652,665200000,665200100,43143,71906,665300000,665300000
2,6653,665300000,665300100,43143,71906,665400000,665400000
2,6654,665400000,665400100,43143,71906,665500000,665500000
2,6655,665500000,665500100,43143,71906,665600000,665600000
2,6656,665600000,665600100,43143,71906,665700000,665700000
2,6657,665700000,665700100,43143,71906,665800000,665800000
2,6658,665800000,665800100,43143,71906,665900000,665900000
2,6659,665900000,665900100,43143,71906,666000000,666000000
2,6660,666000000,666000100,43143,71906,666100000,666100000
2,6661,666100000,666100100,43143,71906,666200000,666200000
2,6662,666200000,666200100,43143,71906,666300000,666300000
2,6663,666300000,666300100,43143,71906,666400000,666400000
2,6664,666400000,666400100,43143,71906,666500000,666500000
2,6665,666500000,666500100,43143,71906,666600000,666600000
2,6666,666600000,666600100,43143,71906,666700000,666700000
2,6667,666700000,666700100,43143,71906,666800000,666800000
2,6668,666800000,666800100,43143,71906,666900000,666900000
2,6669,666900000,666900100,43143,71906,667000000,667000000
2,6670,667000000,667000100,43143,71906,667100000,667100000
2,6671,667100000,667100100,43143,71906,667200000,667200000
2,6672,667200000,667200100,43143,71906,667300000,667300000
2,6673,667300000,667300100,43143,71906,667400000,667400000
2,6674,667400000,667400100,43143,71906,667500000,667500000
2,6675,667500000,667500100,43143,71906,667600000,667600000
2,6676,667600000,667600100,43143,71906,667700000,667700000
2,6677,667700000,667700100,43143,71906,667800000,667800000
2,6678,667800000,667800100,43143,71906,667900000,667900000
2,6679,667900000,667900100,43143,71906,668000000,668000000
2,6680,668000000,668000100,43143,71906,668100000,668100000
2,6681,668100000,668100100,43143,71906,668200000,668200000
2,6682,668200000,668200100,43143,71906,668300000,668300000
2,6683,668300000,668300100,43143,71906,668400000,668400000
2,6684,668400000,668400100,43143,71906,668500000,668500000
2,6685,668500000,668500100,43143,71906,668600000,668600000
2,6686,668600000,668600100,43143,71906,668700000,668700000
2,6687,668700000,668700100,43143,71906,668800000,668800000
2,6688,668800000,668800100,43143,71906,668900000,668900000
2,6689,668900000,668900100,43143,71906,669000000,669000000
2,6690,669000000,669000100,43143,71906,669100000,669100000
2,6691,669100000,669100100,43143,71906,669200000,669200000
2,6692,669200000,669200100,43143,71906,669300000,669300000
2,6693,669300000,669300100,43143,71906,669400000,669400000
2,6694,669400000,669400100,43143,71906,669500000,669500000
2,6695,669500000,669500100,43143,71906,669600000,669600000
2,6696,669600000,669600100,43143,71906,669700000,669700000
2,6697,669700000,669700100,43143,71906,669800000,669800000
2,6698,669800000,669800100,43143,71906,669900000,669900000
2,6699,669900000,669900100,43143,71906,670000000,670000000
2,6700,670000000,670000100,43143,71906,670100000,670100000
2,6701,670100000,670100100,43143,71906,670200000,670200000
2,6702,670200000,670200100,43143,71906,670300000,670300000
2,6703,670300000,670300100,43143,71906,670400000,670400000
2,6704,670400000,670400100,43143,71906,670500000,670500000
2,6705,670500000,670500100,43143,71906,670600000,670600000
2,6706,670600000,670600100,43143,71906,670700000,670700000
2,6707,670700000,670700100,43143,71906,670800000,670800000
2,6708,670800000,670800100,43143,71906,670900000,670900000
2,6709,670900000,670900100,43143,71906,671000000,671000000
2,6710,671000000,671000100,43143,71906,671100000,671100000
2,6711,671100000,671100100,43143,71906,671200000,671200000
2,6712,671200000,671200100,43143,71906,671300000,671300000
2,6713,671300000,671300100,43143,71906,671400000,671400000
2,6714,671400000,671400100,43143,71906,671500000,671500000
2,6715,671500000,671500100,43143,71906,671600000,671600000
2,6716,671600000,671600100,43143,71906,671700000,671700000
2,6717,671700000,671700100,43143,71906,671800000,671800000
2,6718,671800000,671800100,43143,71906,671900000,671900000
2,6719,671900000,671900100,43143,71906,672000000,672000000
2,6720,672000000,672000100,43143,71906,672100000,672100000
2,6721,672100000,672100100,43143,71906,672200000,672200000
2,6722,672200000,672200100,43143,71906,672300000,672300000
2,6723,672300000,672300100,43143,71906,672400000,672400000
2,6724,672400000,672400100,43143,71906,672500000,672500000
2,6725,672500000,672500100,43143,71906,672600000,672600000
2,6726,672600000,672600100,43143,71906,672700000,672700000
2,6727,672700000,672700100,43143,71906,672800000,672800000
2,6728,672800000,672800100,43143,71906,672900000,672900000
2,6729,672900000,672900100,43143,71906,673000000,673000000
2,6730,673000000,673000100,43143,71906,673100000,673100000
2,6731,673100000,673100100,43143,71906,673200000,673200000
2,6732,673200000,673200100,43143,71906,673300000,673300000
2,6733,673300000,673300100,43143,71906,673400000,673400000
2,6734,673400000,673400100,43143,71906,673500000,673500000
2,6735,673500000,673500100,43143,71906,673600000,673600000
2,6736,673600000,673600100,43143,71906,673700000,673700000
2,6737,673700000,673700100,43143,71906,673800000,673800000
2,6738,673800000,673800100,43143,71906,673900000,673900000
2,6739,673900000,673900100,43143,71906,674000000,674000000
2,6740,674000000,674000100,43143,71906,674100000,674100000
2,6741,674100000,674100100,43143,71906,674200000,674200000
2,6742,674200000,674200100,43143,71906,674300000,674300000
2,6743,674300000,674300100,43143,71906,674400000,674400000
2,6744,674400000,674400100,43143,71906,674500000,674500000
2,6745,674500000,674500100,43143,71906,674600000,674600000
2,6746,674600000,674600100,43143,71906,674700000,674700000
2,6747,674700000,674700100,43143,71906,674800000,674800000
2,6748,674800000,674800100,43143,71906,674900000,674900000
2,6749,674900000,674900100,43143,71906,675000000,675000000
2,6750,675000000,675000100,43143,71906,675100000,675100000
2,6751,675100000,675100100,43143,71906,675200000,675200000
2,6752,675200000,675200100,43143,71906,675300000,675300000
2,6753,675300000,675300100,43143,71906,675400000,675400000
2,6754,675400000,675400100,43143,71906,675500000,675500000
2,6755,675500000,675500100,43143,71906,675600000,675600000
2,6756,675600000,675600100,43143,71906,675700000,675700000
2,6757,675700000,675700100,43143,71906,675800000,675800000
2,6758,675800000,675800100,43143,71906,675900000,675900000
2,6759,675900000,675900100,43143,71906,676000000,676000000
2,6760,676000000,676000100,43143,71906,676100000,676100000
2,6761,676100000,676100100,43143,71906,676200000,676200000
2,6762,676200000,676200100,43143,71906,676300000,676300000
2,6763,676300000,676300100,43143,71906,676400000,676400000
2,6764,676400000,676400100,43143,71906,676500000,676500000
2,6765,676500000,676500100,43143,71906,676600000,676600000
2,6766,676600000,676600100,43143,71906,676700000,676700000
2,6767,676700000,676700100,43143,71906,676800000,676800000
2,6768,676800000,676800100,43143,71906,676900000,676900000
2,6769,676900000,676900100,43143,71906,677000000,677000000
2,6770,677000000,677000100,43143,71906,677100000,677100000
2,6771,677100000,677100100,43143,71906,677200000,677200000
2,6772,677200000,677200100,43143,71906,677300000,677300000
2,6773,677300000,677300100,43143,71906,677400000,677400000
2,6774,677400000,677400100,43143,71906,677500000,677500000
2,6775,677500000,677500100,43143,71906,677600000,677600000
2,6776,677600000,677600100,43143,71906,677700000,677700000
2,6777,677700000,677700100,43143,71906,677800000,677800000
2,6778,677800000,677800100,43143,71906,677900000,677900000
2,6779,677900000,677900100,43143,71906,678000000,678000000
2,6780,678000000,678000100,43143,71906,678100000,678100000
2,6781,678100000,678100100,43143,71906,678200000,678200000
2,6782,678200000,678200100,43143,71906,678300000,678300000
2,6783,678300000,678300100,43143,71906,678400000,678400000
2,6784,678400000,678400100,43143,71906,678500000,678500000
2,6785,678500000,678500100,43143,71906,678600000,678600000
2,6786,678600000,678600100,43143,71906,678700000,678700000
2,6787,678700000,678700100,43143,71906,678800000,678800000
2,6788,678800000,678800100,43143,71906,678900000,678900000
2,6789,678900000,678900100,43143,71906,679000000,679000000
2,6790,679000000,679000100,43143,71906,679100000,679100000
2,6791,679100000,679100100,43143,71906,679200000,679200000
2,6792,679200000,679200100,43143,71906,679300000,679300000
2,6793,679300000,679300100,43143,71906,679400000,679400000
2,6794,679400000,679400100,43143,71906,679500000,679500000
2,6795,679500000,679500100,43143,71906,679600000,679600000
2,6796,679600000,679600100,43143,71906,679700000,679700000
2,6797,679700000,679700100,43143,71906,679800000,679800000
2,6798,679800000,679800100,43143,71906,679900000,679900000
2,6799,679900000,679900100,43143,71906,680000000,680000000
2,6800,680000000,680000100,43143,71906,680100000,680100000
2,6801,680100000,680100100,43143,71906,680200000,680200000
2,6802,680200000,680200100,43143,71906,680300000,680300000
2,6803,680300000,680300100,43143,71906,680400000,680400000
2,6804,680400000,680400100,43143,71906,680500000,680500000
2,6805,680500000,680500100,43143,71906,680600000,680600000
2,6806,680600000,680600100,43143,71906,680700000,680700000
2,6807,680700000,680700100,43143,71906,680800000,680800000
2,6808,680800000,680800100,43143,71906,680900000,680900000
2,6809,680900000,680900100,43143,71906,681000000,681000000
2,6810,681000000,681000100,43143,71906,681100000,681100000
2,6811,681100000,681100100,43143,71906,681200000,681200000
2,6812,681200000,681200100,43143,71906,681300000,681300000
2,6813,681300000,681300100,43143,71906,681400000,681400000
2,6814,681400000,681400100,43143,71906,681500000,681500000
2,6815,681500000,681500100,43143,71906,681600000,681600000
2,6816,681600000,681600100,43143,71906,681700000,681700000
2,6817,681700000,681700100,43143,71906,681800000,681800000
2,6818,681800000,681800100,43143,71906,681900000,681900000
2,6819,681900000,681900100,43143,71906,682000000,682000000
2,6820,682000000,682000100,43143,71906,682100000,682100000
2,6821,682100000,682100100,43143,71906,682200000,682200000
2,6822,682200000,682200100,43143,71906,682300000,682300000
2,6823,682300000,682300100,43143,71906,682400000,682400000
2,6824,682400000,682400100,43143,71906,682500000,682500000
2,6825,682500000,682500100,43143,71906,682600000,682600000
2,6826,682600000,682600100,43143,71906,682700000,682700000
2,6827,682700000,682700100,43143,71906,682800000,682800000
2,6828,682800000,682800100,43143,71906,682900000,682900000
2,6829,682900000,682900100,43143,71906,683000000,683000000
2,6830,683000000,683000100,43143,71906,683100000,683100000
2,6831,683100000,683100100,43143,71906,683200000,683200000
2,6832,683200000,683200100,43143,71906,683300000,683300000
2,6833,683300000,683300100,43143,71906,683400000,683400000
2,6834,683400000,683400100,43143,71906,683500000,683500000
2,6835,683500000,683500100,43143,71906,683600000,683600000
2,6836,683600000,683600100,43143,71906,683700000,683700000
2,6837,683700000,683700100,43143,71906,683800000,683800000
2,6838,683800000,683800100,43143,71906,683900000,683900000
2,6839,683900000,683900100,43143,71906,684000000,684000000
2,6840,684000000,684000100,43143,71906,684100000,684100000
2,6841,684100000,684100100,43143,71906,684200000,684200000
2,6842,684200000,684200100,43143,71906,684300000,684300000
2,6843,684300000,684300100,43143,71906,684400000,684400000
2,6844,684400000,684400100,43143,71906,684500000,684500000
2,6845,684500000,684500100,43143,71906,684600000,684600000
2,6846,684600000,684600100,43143,71906,684700000,684700000
2,6847,684700000,684700100,43143,71906,684800000,684800000
2,6848,684800000,684800100,43143,71906,684900000,684900000
2,6849,684900000,684900100,43143,71906,685000000,685000000
2,6850,685000000,685000100,43143,71906,685100000,685100000
2,6851,685100000,685100100,43143,71906,685200000,685200000
2,6852,685200000,685200100,43143,71906,685300000,685300000
2,6853,685300000,685300100,43143,71906,685400000,685400000
2,6854,685400000,685400100,43143,71906,685500000,685500000
2,6855,685500000,685500100,43143,71906,685600000,685600000
2,6856,685600000,685600100,43143,71906,685700000,685700000
2,6857,685700000,685700100,43143,71906,685800000,685800000
2,6858,685800000,685800100,43143,71906,685900000,685900000
2,6859,685900000,685900100,43143,71906,686000000,686000000
2,6860,686000000,686000100,43143,71906,686100000,686100000
2,6861,686100000,686100100,43143,71906,686200000,686200000
2,6862,686200000,686200100,43143,71906,686300000,686300000
2,6863,686300000,686300100,43143,71906,686400000,686400000
2,6864,686400000,686400100,43143,71906,686500000,686500000
2,6865,686500000,686500100,43143,71906,686600000,686600000
2,6866,686600000,686600100,43143,71906,686700000,686700000
2,6867,686700000,686700100,43143,71906,686800000,686800000
2,6868,686800000,686800100,43143,71906,686900000,686900000
2,6869,686900000,686900100,43143,71906,687000000,687000000
2,6870,687000000,687000100,43143,71906,687100000,687100000
2,6871,687100000,687100100,43143,71906,687200000,687200000
2,6872,687200000,687200100,43143,71906,687300000,687300000
2,6873,687300000,687300100,43143,71906,687400000,687400000
2,6874,687400000,687400100,43143,71906,687500000,687500000
2,6875,687500000,687500100,43143,71906,687600000,687600000
2,6876,687600000,687600100,43143,71906,687700000,687700000
2,6877,687700000,687700100,43143,71906,687800000,687800000
2,6878,687800000,687800100,43143,71906,687900000,687900000
2,6879,687900000,687900100,43143,71906,688000000,688000000
2,6880,688000000,688000100,43143,71906,688100000,688100000
2,6881,688100000,688100100,43143,71906,688200000,688200000
2,6882,688200000,688200100,43143,71906,688300000,688300000
2,6883,688300000,688300100,43143,71906,688400000,688400000
2,6884,688400000,688400100,43143,71906,688500000,688500000
2,6885,688500000,688500100,43143,71906,688600000,688600000
2,6886,688600000,688600100,43143,71906,688700000,688700000
2,6887,688700000,688700100,43143,71906,688800000,688800000
2,6888,688800000,688800100,43143,71906,688900000,688900000
2,6889,688900000,688900100,43143,71906,689000000,689000000
2,6890,689000000,689000100,43143,71906,689100000,689100000
2,6891,689100000,689100100,43143,71906,689200000,689200000
2,6892,689200000,689200100,43143,71906,689300000,689300000
2,6893,689300000,689300100,43143,71906,689400000,689400000
2,6894,689400000,689400100,43143,71906,689500000,689500000
2,6895,689500000,689500100,43143,71906,689600000,689600000
2,6896,689600000,689600100,43143,71906,689700000,689700000
2,6897,689700000,689700100,43143,71906,689800000,689800000
2,6898,689800000,689800100,43143,71906,689900000,689900000
2,6899,689900000,689900100,43143,71906,690000000,690000000
2,6900,690000000,690000100,43143,71906,690100000,690100000
2,6901,690100000,690100100,43143,71906,690200000,690200000
2,6902,690200000,690200100,43143,71906,690300000,690300000
2,6903,690300000,690300100,43143,71906,690400000,690400000
2,6904,690400000,690400100,43143,71906,690500000,690500000
2,6905,690500000,690500100,43143,71906,690600000,690600000
2,6906,690600000,690600100,43143,71906,690700000,690700000
2,6907,690700000,690700100,43143,71906,690800000,690800000
2,6908,690800000,690800100,43143,71906,690900000,690900000
2,6909,690900000,690900100,43143,71906,691000000,691000000
2,6910,691000000,691000100,43143,71906,691100000,691100000
2,6911,691100000,691100100,43143,71906,691200000,691200000
2,6912,691200000,691200100,43143,71906,691300000,691300000
2,6913,691300000,691300100,43143,71906,691400000,691400000
2,6914,691400000,691400100,43143,71906,691500000,691500000
2,6915,691500000,691500100,43143,71906,691600000,691600000
2,6916,691600000,691600100,43143,71906,691700000,691700000
2,6917,691700000,691700100,43143,71906,691800000,691800000
2,6918,691800000,691800100,43143,71906,691900000,691900000
2,6919,691900000,691900100,43143,71906,692000000,692000000
2,6920,692000000,692000100,43143,71906,692100000,692100000
2,6921,692100000,692100100,43143,71906,692200000,692200000
2,6922,692200000,692200100,43143,71906,692300000,692300000
2,6923,692300000,692300100,43143,71906,692400000,692400000
2,6924,692400000,692400100,43143,71906,692500000,692500000
2,6925,692500000,692500100,43143,71906,692600000,692600000
2,6926,692600000,692600100,43143,71906,692700000,692700000
2,6927,692700000,692700100,43143,71906,692800000,692800000
2,6928,692800000,692800100,43143,71906,692900000,692900000
2,6929,692900000,692900100,43143,71906,693000000,693000000
2,6930,693000000,693000100,43143,71906,693100000,693100000
2,6931,693100000,693100100,43143,71906,693200000,693200000
2,6932,693200000,693200100,43143,71906,693300000,693300000
2,6933,693300000,693300100,43143,71906,693400000,693400000
2,6934,693400000,693400100,43143,71906,693500000,693500000
2,6935,693500000,693500100,43143,71906,693600000,693600000
2,6936,693600000,693600100,43143,71906,693700000,693700000
2,6937,693700000,693700100,43143,71906,693800000,693800000
2,6938,693800000,693800100,43143,71906,693900000,693900000
2,6939,693900000,693900100,43143,71906,694000000,694000000
2,6940,694000000,694000100,43143,71906,694100000,694100000
2,6941,694100000,694100100,43143,71906,694200000,694200000
2,6942,694200000,694200100,43143,71906,694300000,694300000
2,6943,694300000,694300100,43143,71906,694400000,694400000
2,6944,694400000,694400100,43143,71906,694500000,694500000
2,6945,694500000,694500100,43143,71906,694600000,694600000
2,6946,694600000,694600100,43143,71906,694700000,694700000
2,6947,694700000,694700100,43143,71906,694800000,694800000
2,6948,694800000,694800100,43143,71906,694900000,694900000
2,6949,694900000,694900100,43143,71906,695000000,695000000
2,6950,695000000,695000100,43143,71906,695100000,695100000
2,6951,695100000,695100100,43143,71906,695200000,695200000
2,6952,695200000,695200100,43143,71906,695300000,695300000
2,6953,695300000,695300100,43143,71906,695400000,695400000
2,6954,695400000,695400100,43143,71906,695500000,695500000
2,6955,695500000,695500100,43143,71906,695600000,695600000
2,6956,695600000,695600100,43143,71906,695700000,695700000
2,6957,695700000,695700100,43143,71906,695800000,695800000
2,6958,695800000,695800100,43143,71906,695900000,695900000
2,6959,695900000,695900100,43143,71906,696000000,696000000
2,6960,696000000,696000100,43143,71906,696100000,696100000
2,6961,696100000,696100100,43143,71906,696200000,696200000
2,6962,696200000,696200100,43143,71906,696300000,696300000
2,6963,696300000,696300100,43143,71906,696400000,696400000
2,6964,696400000,696400100,43143,71906,696500000,696500000
2,6965,696500000,696500100,43143,71906,696600000,696600000
2,6966,696600000,696600100,43143,71906,696700000,696700000
2,6967,696700000,696700100,43143,71906,696800000,696800000
2,6968,696800000,696800100,43143,71906,696900000,696900000
2,6969,696900000,696900100,43143,71906,697000000,697000000
2,6970,697000000,697000100,43143,71906,697100000,697100000
2,6971,697100000,697100100,43143,71906,697200000,697200000
2,6972,697200000,697200100,43143,71906,697300000,697300000
2,6973,697300000,697300100,43143,71906,697400000,697400000
2,6974,697400000,697400100,43143,71906,697500000,697500000
2,6975,697500000,697500100,43143,71906,697600000,697600000
2,6976,697600000,697600100,43143,71906,697700000,697700000
2,6977,697700000,697700100,43143,71906,697800000,697800000
2,6978,697800000,697800100,43143,71906,697900000,697900000
2,6979,697900000,697900100,43143,71906,698000000,698000000
2,6980,698000000,698000100,43143,71906,698100000,698100000
2,6981,698100000,698100100,43143,71906,698200000,698200000
2,6982,698200000,698200100,43143,71906,698300000,698300000
2,6983,698300000,698300100,43143,71906,698400000,698400000
2,6984,698400000,698400100,43143,71906,698500000,698500000
2,6985,698500000,698500100,43143,71906,698600000,698600000
2,6986,698600000,698600100,43143,71906,698700000,698700000
2,6987,698700000,698700100,43143,71906,698800000,698800000
2,6988,698800000,698800100,43143,71906,698900000,698900000
2,6989,698900000,698900100,43143,71906,699000000,699000000
2,6990,699000000,699000100,43143,71906,699100000,699100000
2,6991,699100000,699100100,43143,71906,699200000,699200000
2,6992,699200000,699200100,43143,71906,699300000,699300000
2,6993,699300000,699300100,43143,71906,699400000,699400000
2,6994,699400000,699400100,43143,71906,699500000,699500000
2,6995,699500000,699500100,43143,71906,699600000,699600000
2,6996,699600000,699600100,43143,71906,699700000,699700000
2,6997,699700000,699700100,43143,71906,699800000,699800000
2,6998,699800000,699800100,43143,71906,699900000,699900000
2,6999,699900000,699900100,43143,71906,700000000,700000000
2,7000,700000000,700000100,43143,71906,700100000,700100000
2,7001,700100000,700100100,43143,71906,700200000,700200000
2,7002,700200000,700200100,43143,71906,700300000,700300000
2,7003,700300000,700300100,43143,71906,700400000,700400000
2,7004,700400000,700400100,43143,71906,700500000,700500000
2,7005,700500000,700500100,43143,71906,700600000,700600000
2,7006,700600000,700600100,43143,71906,700700000,700700000
2,7007,700700000,700700100,43143,71906,700800000,700800000
2,7008,700800000,700800100,43143,71906,700900000,700900000
2,7009,700900000,700900100,43143,71906,701000000,701000000
2,7010,701000000,701000100,43143,71906,701100000,701100000
2,7011,701100000,701100100,43143,71906,701200000,701200000
2,7012,701200000,701200100,43143,71906,701300000,701300000
2,7013,701300000,701300100,43143,71906,701400000,701400000
2,7014,701400000,701400100,43143,71906,701500000,701500000
2,7015,701500000,701500100,43143,71906,701600000,701600000
2,7016,701600000,701600100,43143,71906,701700000,701700000
2,7017,701700000,701700100,43143,71906,701800000,701800000
2,7018,701800000,701800100,43143,71906,701900000,701900000
2,7019,701900000,701900100,43143,71906,702000000,702000000
2,7020,702000000,702000100,43143,71906,702100000,702100000
2,7021,702100000,702100100,43143,71906,702200000,702200000
2,7022,702200000,702200100,43143,71906,702300000,702300000
2,7023,702300000,702300100,43143,71906,702400000,702400000
2,7024,702400000,702400100,43143,71906,702500000,702500000
2,7025,702500000,702500100,43143,71906,702600000,702600000
2,7026,702600000,702600100,43143,71906,702700000,702700000
2,7027,702700000,702700100,43143,71906,702800000,702800000
2,7028,702800000,702800100,43143,71906,702900000,702900000
2,7029,702900000,702900100,43143,71906,703000000,703000000
2,7030,703000000,703000100,43143,71906,703100000,703100000
2,7031,703100000,703100100,43143,71906,703200000,703200000
2,7032,703200000,703200100,43143,71906,703300000,703300000
2,7033,703300000,703300100,43143,71906,703400000,703400000
2,7034,703400000,703400100,43143,71906,703500000,703500000
2,7035,703500000,703500100,43143,71906,703600000,703600000
2,7036,703600000,703600100,43143,71906,703700000,703700000
2,7037,703700000,703700100,43143,71906,703800000,703800000
2,7038,703800000,703800100,43143,71906,703900000,703900000
2,7039,703900000,703900100,43143,71906,704000000,704000000
2,7040,704000000,704000100,43143,71906,704100000,704100000
2,7041,704100000,704100100,43143,71906,704200000,704200000
2,7042,704200000,704200100,43143,71906,704300000,704300000
2,7043,704300000,704300100,43143,71906,704400000,704400000
2,7044,704400000,704400100,43143,71906,704500000,704500000
2,7045,704500000,704500100,43143,71906,704600000,704600000
2,7046,704600000,704600100,43143,71906,704700000,704700000
2,7047,704700000,704700100,43143,71906,704800000,704800000
2,7048,704800000,704800100,43143,71906,704900000,704900000
2,7049,704900000,704900100,43143,71906,705000000,705000000
2,7050,705000000,705000100,43143,71906,705100000,705100000
2,7051,705100000,705100100,43143,71906,705200000,705200000
2,7052,705200000,705200100,43143,71906,705300000,705300000
2,7053,705300000,705300100,43143,71906,705400000,705400000
2,7054,705400000,705400100,43143,71906,705500000,705500000
2,7055,705500000,705500100,43143,71906,705600000,705600000
2,7056,705600000,705600100,43143,71906,705700000,705700000
2,7057,705700000,705700100,43143,71906,705800000,705800000
2,7058,705800000,705800100,43143,71906,705900000,705900000
2,7059,705900000,705900100,43143,71906,706000000,706000000
2,7060,706000000,706000100,43143,71906,706100000,706100000
2,7061,706100000,706100100,43143,71906,706200000,706200000
2,7062,706200000,706200100,43143,71906,706300000,706300000
2,7063,706300000,706300100,43143,71906,706400000,706400000
2,7064,706400000,706400100,43143,71906,706500000,706500000
2,7065,706500000,706500100,43143,71906,706600000,706600000
2,7066,706600000,706600100,43143,71906,706700000,706700000
2,7067,706700000,706700100,43143,71906,706800000,706800000
2,7068,706800000,706800100,43143,71906,706900000,706900000
2,7069,706900000,706900100,43143,71906,707000000,707000000
2,7070,707000000,707000100,43143,71906,707100000,707100000
2,7071,707100000,707100100,43143,71906,707200000,707200000
2,7072,707200000,707200100,43143,71906,707300000,707300000
2,7073,707300000,707300100,43143,71906,707400000,707400000
2,7074,707400000,707400100,43143,71906,707500000,707500000
2,7075,707500000,707500100,43143,71906,707600000,707600000
2,7076,707600000,707600100,43143,71906,707700000,707700000
2,7077,707700000,707700100,43143,71906,707800000,707800000
2,7078,707800000,707800100,43143,71906,707900000,707900000
2,7079,707900000,707900100,43143,71906,708000000,708000000
2,7080,708000000,708000100,43143,71906,708100000,708100000
2,7081,708100000,708100100,43143,71906,708200000,708200000
2,7082,708200000,708200100,43143,71906,708300000,708300000
2,7083,708300000,708300100,43143,71906,708400000,708400000
2,7084,708400000,708400100,43143,71906,708500000,708500000
2,7085,708500000,708500100,43143,71906,708600000,708600000
2,7086,708600000,708600100,43143,71906,708700000,708700000
2,7087,708700000,708700100,43143,71906,708800000,708800000
2,7088,708800000,708800100,43143,71906,708900000,708900000
2,7089,708900000,708900100,43143,71906,709000000,709000000
2,7090,709000000,709000100,43143,71906,709100000,709100000
2,7091,709100000,709100100,43143,71906,709200000,709200000
2,7092,709200000,709200100,43143,71906,709300000,709300000
2,7093,709300000,709300100,43143,71906,709400000,709400000
2,7094,709400000,709400100,43143,71906,709500000,709500000
2,7095,709500000,709500100,43143,71906,709600000,709600000
2,7096,709600000,709600100,43143,71906,709700000,709700000
2,7097,709700000,709700100,43143,71906,709800000,709800000
2,7098,709800000,709800100,43143,71906,709900000,709900000
2,7099,709900000,709900100,43143,71906,710000000,710000000
2,7100,710000000,710000100,43143,71906,710100000,710100000
2,7101,710100000,710100100,43143,71906,710200000,710200000
2,7102,710200000,710200100,43143,71906,710300000,710300000
2,7103,710300000,710300100,43143,71906,710400000,710400000
2,7104,710400000,710400100,43143,71906,710500000,710500000
2,7105,710500000,710500100,43143,71906,710600000,710600000
2,7106,710600000,710600100,43143,71906,710700000,710700000
2,7107,710700000,710700100,43143,71906,710800000,710800000
2,7108,710800000,710800100,43143,71906,710900000,710900000
2,7109,710900000,710900100,43143,71906,711000000,711000000
2,7110,711000000,711000100,43143,71906,711100000,711100000
2,7111,711100000,711100100,43143,71906,711200000,711200000
2,7112,711200000,711200100,43143,71906,711300000,711300000
2,7113,711300000,711300100,43143,71906,711400000,711400000
2,7114,711400000,711400100,43143,71906,711500000,711500000
2,7115,711500000,711500100,43143,71906,711600000,711600000
2,7116,711600000,711600100,43143,71906,711700000,711700000
2,7117,711700000,711700100,43143,71906,711800000,711800000
2,7118,711800000,711800100,43143,71906,711900000,711900000
2,7119,711900000,711900100,43143,71906,712000000,712000000
2,7120,712000000,712000100,43143,71906,712100000,712100000
2,7121,712100000,712100100,43143,71906,712200000,712200000
2,7122,712200000,712200100,43143,71906,712300000,712300000
2,7123,712300000,712300100,43143,71906,712400000,712400000
2,7124,712400000,712400100,43143,71906,712500000,712500000
2,7125,712500000,712500100,43143,71906,712600000,712600000
2,7126,712600000,712600100,43143,71906,712700000,712700000
2,7127,712700000,712700100,43143,71906,712800000,712800000
2,7128,712800000,712800100,43143,71906,712900000,712900000
2,7129,712900000,712900100,43143,71906,713000000,713000000
2,7130,713000000,713000100,43143,71906,713100000,713100000
2,7131,713100000,713100100,43143,71906,713200000,713200000
2,7132,713200000,713200100,43143,71906,713300000,713300000
2,7133,713300000,713300100,43143,71906,713400000,713400000
2,7134,713400000,713400100,43143,71906,713500000,713500000
2,7135,713500000,713500100,43143,71906,713600000,713600000
2,7136,713600000,713600100,43143,71906,713700000,713700000
2,7137,713700000,713700100,43143,71906,713800000,713800000
2,7138,713800000,713800100,43143,71906,713900000,713900000
2,7139,713900000,713900100,43143,71906,714000000,714000000
2,7140,714000000,714000100,43143,71906,714100000,714100000
2,7141,714100000,714100100,43143,71906,714200000,714200000
2,7142,714200000,714200100,43143,71906,714300000,714300000
2,7143,714300000,714300100,43143,71906,714400000,714400000
2,7144,714400000,714400100,43143,71906,714500000,714500000
2,7145,714500000,714500100,43143,71906,714600000,714600000
2,7146,714600000,714600100,43143,71906,714700000,714700000
2,7147,714700000,714700100,43143,71906,714800000,714800000
2,7148,714800000,714800100,43143,71906,714900000,714900000
2,7149,714900000,714900100,43143,71906,715000000,715000000
2,7150,715000000,715000100,43143,71906,715100000,715100000
2,7151,715100000,715100100,43143,71906,715200000,715200000
2,7152,715200000,715200100,43143,71906,715300000,715300000
2,7153,715300000,715300100,43143,71906,715400000,715400000
2,7154,715400000,715400100,43143,71906,715500000,715500000
2,7155,715500000,715500100,43143,71906,715600000,715600000
2,7156,715600000,715600100,43143,71906,715700000,715700000
2,7157,715700000,715700100,43143,71906,715800000,715800000
2,7158,715800000,715800100,43143,71906,715900000,715900000
2,7159,715900000,715900100,43143,71906,716000000,716000000
2,7160,716000000,716000100,43143,71906,716100000,716100000
2,7161,716100000,716100100,43143,71906,716200000,716200000
2,7162,716200000,716200100,43143,71906,716300000,716300000
2,7163,716300000,716300100,43143,71906,716400000,716400000
2,7164,716400000,716400100,43143,71906,716500000,716500000
2,7165,716500000,716500100,43143,71906,716600000,716600000
2,7166,716600000,716600100,43143,71906,716700000,716700000
2,7167,716700000,716700100,43143,71906,716800000,716800000
2,7168,716800000,716800100,43143,71906,716900000,716900000
2,7169,716900000,716900100,43143,71906,717000000,717000000
2,7170,717000000,717000100,43143,71906,717100000,717100000
2,7171,717100000,717100100,43143,71906,717200000,717200000
2,7172,717200000,717200100,43143,71906,717300000,717300000
2,7173,717300000,717300100,43143,71906,717400000,717400000
2,7174,717400000,717400100,43143,71906,717500000,717500000
2,7175,717500000,717500100,43143,71906,717600000,717600000
2,7176,717600000,717600100,43143,71906,717700000,717700000
2,7177,717700000,717700100,43143,71906,717800000,717800000
2,7178,717800000,717800100,43143,71906,717900000,717900000
2,7179,717900000,717900100,43143,71906,718000000,718000000
2,7180,718000000,718000100,43143,71906,718100000,718100000
2,7181,718100000,718100100,43143,71906,718200000,718200000
2,7182,718200000,718200100,43143,71906,718300000,718300000
2,7183,718300000,718300100,43143,71906,718400000,718400000
2,7184,718400000,718400100,43143,71906,718500000,718500000
2,7185,718500000,718500100,43143,71906,718600000,718600000
2,7186,718600000,718600100,43143,71906,718700000,718700000
2,7187,718700000,718700100,43143,71906,718800000,718800000
2,7188,718800000,718800100,43143,71906,718900000,718900000
2,7189,718900000,718900100,43143,71906,719000000,719000000
2,7190,719000000,719000100,43143,71906,719100000,719100000
2,7191,719100000,719100100,43143,71906,719200000,719200000
2,7192,719200000,719200100,43143,71906,719300000,719300000
2,7193,719300000,719300100,43143,71906,719400000,719400000
2,7194,719400000,719400100,43143,71906,719500000,719500000
2,7195,719500000,719500100,43143,71906,719600000,719600000
2,7196,719600000,719600100,43143,71906,719700000,719700000
2,7197,719700000,719700100,43143,71906,719800000,719800000
2,7198,719800000,719800100,43143,71906,719900000,719900000
2,7199,719900000,719900100,43143,71906,720000000,720000000
2,7200,720000000,720000100,43143,71906,720100000,720100000
2,7201,720100000,720100100,43143,71906,720200000,720200000
2,7202,720200000,720200100,43143,71906,720300000,720300000
2,7203,720300000,720300100,43143,71906,720400000,720400000
2,7204,720400000,720400100,43143,71906,720500000,720500000
2,7205,720500000,720500100,43143,71906,720600000,720600000
2,7206,720600000,720600100,43143,71906,720700000,720700000
2,7207,720700000,720700100,43143,71906,720800000,720800000
2,7208,720800000,720800100,43143,71906,720900000,720900000
2,7209,720900000,720900100,43143,71906,721000000,721000000
2,7210,721000000,721000100,43143,71906,721100000,721100000
2,7211,721100000,721100100,43143,71906,721200000,721200000
2,7212,721200000,721200100,43143,71906,721300000,721300000
2,7213,721300000,721300100,43143,71906,721400000,721400000
2,7214,721400000,721400100,43143,71906,721500000,721500000
2,7215,721500000,721500100,43143,71906,721600000,721600000
2,7216,721600000,721600100,43143,71906,721700000,721700000
2,7217,721700000,721700100,43143,71906,721800000,721800000
2,7218,721800000,721800100,43143,71906,721900000,721900000
2,7219,721900000,721900100,43143,71906,722000000,722000000
2,7220,722000000,722000100,43143,71906,722100000,722100000
2,7221,722100000,722100100,43143,71906,722200000,722200000
2,7222,722200000,722200100,43143,71906,722300000,722300000
2,7223,722300000,722300100,43143,71906,722400000,722400000
2,7224,722400000,722400100,43143,71906,722500000,722500000
2,7225,722500000,722500100,43143,71906,722600000,722600000
2,7226,722600000,722600100,43143,71906,722700000,722700000
2,7227,722700000,722700100,43143,71906,722800000,722800000
2,7228,722800000,722800100,43143,71906,722900000,722900000
2,7229,722900000,722900100,43143,71906,723000000,723000000
2,7230,723000000,723000100,43143,71906,723100000,723100000
2,7231,723100000,723100100,43143,71906,723200000,723200000
2,7232,723200000,723200100,43143,71906,723300000,723300000
2,7233,723300000,723300100,43143,71906,723400000,723400000
2,7234,723400000,723400100,43143,71906,723500000,723500000
2,7235,723500000,723500100,43143,71906,723600000,723600000
2,7236,723600000,723600100,43143,71906,723700000,723700000
2,7237,723700000,723700100,43143,71906,723800000,723800000
2,7238,723800000,723800100,43143,71906,723900000,723900000
2,7239,723900000,723900100,43143,71906,724000000,724000000
2,7240,724000000,724000100,43143,71906,724100000,724100000
2,7241,724100000,724100100,43143,71906,724200000,724200000
2,7242,724200000,724200100,43143,71906,724300000,724300000
2,7243,724300000,724300100,43143,71906,724400000,724400000
2,7244,724400000,724400100,43143,71906,724500000,724500000
2,7245,724500000,724500100,43143,71906,724600000,724600000
2,7246,724600000,724600100,43143,71906,724700000,724700000
2,7247,724700000,724700100,43143,71906,724800000,724800000
2,7248,724800000,724800100,43143,71906,724900000,724900000
2,7249,724900000,724900100,43143,71906,725000000,725000000
2,7250,725000000,725000100,43143,71906,725100000,725100000
2,7251,725100000,725100100,43143,71906,725200000,725200000
2,7252,725200000,725200100,43143,71906,725300000,725300000
2,7253,725300000,725300100,43143,71906,725400000,725400000
2,7254,725400000,725400100,43143,71906,725500000,725500000
2,7255,725500000,725500100,43143,71906,725600000,725600000
2,7256,725600000,725600100,43143,71906,725700000,725700000
2,7257,725700000,725700100,43143,71906,725800000,725800000
2,7258,725800000,725800100,43143,71906,725900000,725900000
2,7259,725900000,725900100,43143,71906,726000000,726000000
2,7260,726000000,726000100,43143,71906,726100000,726100000
2,7261,726100000,726100100,43143,71906,726200000,726200000
2,7262,726200000,726200100,43143,71906,726300000,726300000
2,7263,726300000,726300100,43143,71906,726400000,726400000
2,7264,726400000,726400100,43143,71906,726500000,726500000
2,7265,726500000,726500100,43143,71906,726600000,726600000
2,7266,726600000,726600100,43143,71906,726700000,726700000
2,7267,726700000,726700100,43143,71906,726800000,726800000
2,7268,726800000,726800100,43143,71906,726900000,726900000
2,7269,726900000,726900100,43143,71906,727000000,727000000
2,7270,727000000,727000100,43143,71906,727100000,727100000
2,7271,727100000,727100100,43143,71906,727200000,727200000
2,7272,727200000,727200100,43143,71906,727300000,727300000
2,7273,727300000,727300100,43143,71906,727400000,727400000
2,7274,727400000,727400100,43143,71906,727500000,727500000
2,7275,727500000,727500100,43143,71906,727600000,727600000
2,7276,727600000,727600100,43143,71906,727700000,727700000
2,7277,727700000,727700100,43143,71906,727800000,727800000
2,7278,727800000,727800100,43143,71906,727900000,727900000
2,7279,727900000,727900100,43143,71906,728000000,728000000
2,7280,728000000,728000100,43143,71906,728100000,728100000
2,7281,728100000,728100100,43143,71906,728200000,728200000
2,7282,728200000,728200100,43143,71906,728300000,728300000
2,7283,728300000,728300100,43143,71906,728400000,728400000
2,7284,728400000,728400100,43143,71906,728500000,728500000
2,7285,728500000,728500100,43143,71906,728600000,728600000
2,7286,728600000,728600100,43143,71906,728700000,728700000
2,7287,728700000,728700100,43143,71906,728800000,728800000
2,7288,728800000,728800100,43143,71906,728900000,728900000
2,7289,728900000,728900100,43143,71906,729000000,729000000
2,7290,729000000,729000100,43143,71906,729100000,729100000
2,7291,729100000,729100100,43143,71906,729200000,729200000
2,7292,729200000,729200100,43143,71906,729300000,729300000
2,7293,729300000,729300100,43143,71906,729400000,729400000
2,7294,729400000,729400100,43143,71906,729500000,729500000
2,7295,729500000,729500100,43143,71906,729600000,729600000
2,7296,729600000,729600100,43143,71906,729700000,729700000
2,7297,729700000,729700100,43143,71906,729800000,729800000
2,7298,729800000,729800100,43143,71906,729900000,729900000
2,7299,729900000,729900100,43143,71906,730000000,730000000
2,7300,730000000,730000100,43143,71906,730100000,730100000
2,7301,730100000,730100100,43143,71906,730200000,730200000
2,7302,730200000,730200100,43143,71906,730300000,730300000
2,7303,730300000,730300100,43143,71906,730400000,730400000
2,7304,730400000,730400100,43143,71906,730500000,730500000
2,7305,730500000,730500100,43143,71906,730600000,730600000
2,7306,730600000,730600100,43143,71906,730700000,730700000
2,7307,730700000,730700100,43143,71906,730800000,730800000
2,7308,730800000,730800100,43143,71906,730900000,730900000
2,7309,730900000,730900100,43143,71906,731000000,731000000
2,7310,731000000,731000100,43143,71906,731100000,731100000
2,7311,731100000,731100100,43143,71906,731200000,731200000
2,7312,731200000,731200100,43143,71906,731300000,731300000
2,7313,731300000,731300100,43143,71906,731400000,731400000
2,7314,731400000,731400100,43143,71906,731500000,731500000
2,7315,731500000,731500100,43143,71906,731600000,731600000
2,7316,731600000,731600100,43143,71906,731700000,731700000
2,7317,731700000,731700100,43143,71906,731800000,731800000
2,7318,731800000,731800100,43143,71906,731900000,731900000
2,7319,731900000,731900100,43143,71906,732000000,732000000
2,7320,732000000,732000100,43143,71906,732100000,732100000
2,7321,732100000,732100100,43143,71906,732200000,732200000
2,7322,732200000,732200100,43143,71906,732300000,732300000
2,7323,732300000,732300100,43143,71906,732400000,732400000
2,7324,732400000,732400100,43143,71906,732500000,732500000
2,7325,732500000,732500100,43143,71906,732600000,732600000
2,7326,732600000,732600100,43143,71906,732700000,732700000
2,7327,732700000,732700100,43143,71906,732800000,732800000
2,7328,732800000,732800100,43143,71906,732900000,732900000
2,7329,732900000,732900100,43143,71906,733000000,733000000
2,7330,733000000,733000100,43143,71906,733100000,733100000
2,7331,733100000,733100100,43143,71906,733200000,733200000
2,7332,733200000,733200100,43143,71906,733300000,733300000
2,7333,733300000,733300100,43143,71906,733400000,733400000
2,7334,733400000,733400100,43143,71906,733500000,733500000
2,7335,733500000,733500100,43143,71906,733600000,733600000
2,7336,733600000,733600100,43143,71906,733700000,733700000
2,7337,733700000,733700100,43143,71906,733800000,733800000
2,7338,733800000,733800100,43143,71906,733900000,733900000
2,7339,733900000,733900100,43143,71906,734000000,734000000
2,7340,734000000,734000100,43143,71906,734100000,734100000
2,7341,734100000,734100100,43143,71906,734200000,734200000
2,7342,734200000,734200100,43143,71906,734300000,734300000
2,7343,734300000,734300100,43143,71906,734400000,734400000
2,7344,734400000,734400100,43143,71906,734500000,734500000
2,7345,734500000,734500100,43143,71906,734600000,734600000
2,7346,734600000,734600100,43143,71906,734700000,734700000
2,7347,734700000,734700100,43143,71906,734800000,734800000
2,7348,734800000,734800100,43143,71906,734900000,734900000
2,7349,734900000,734900100,43143,71906,735000000,735000000
2,7350,735000000,735000100,43143,71906,735100000,735100000
2,7351,735100000,735100100,43143,71906,735200000,735200000
2,7352,735200000,735200100,43143,71906,735300000,735300000
2,7353,735300000,735300100,43143,71906,735400000,735400000
2,7354,735400000,735400100,43143,71906,735500000,735500000
2,7355,735500000,735500100,43143,71906,735600000,735600000
2,7356,735600000,735600100,43143,71906,735700000,735700000
2,7357,735700000,735700100,43143,71906,735800000,735800000
2,7358,735800000,735800100,43143,71906,735900000,735900000
2,7359,735900000,735900100,43143,71906,736000000,736000000
2,7360,736000000,736000100,43143,71906,736100000,736100000
2,7361,736100000,736100100,43143,71906,736200000,736200000
2,7362,736200000,736200100,43143,71906,736300000,736300000
2,7363,736300000,736300100,43143,71906,736400000,736400000
2,7364,736400000,736400100,43143,71906,736500000,736500000
2,7365,736500000,736500100,43143,71906,736600000,736600000
2,7366,736600000,736600100,43143,71906,736700000,736700000
2,7367,736700000,736700100,43143,71906,736800000,736800000
2,7368,736800000,736800100,43143,71906,736900000,736900000
2,7369,736900000,736900100,43143,71906,737000000,737000000
2,7370,737000000,737000100,43143,71906,737100000,737100000
2,7371,737100000,737100100,43143,71906,737200000,737200000
2,7372,737200000,737200100,43143,71906,737300000,737300000
2,7373,737300000,737300100,43143,71906,737400000,737400000
2,7374,737400000,737400100,43143,71906,737500000,737500000
2,7375,737500000,737500100,43143,71906,737600000,737600000
2,7376,737600000,737600100,43143,71906,737700000,737700000
2,7377,737700000,737700100,43143,71906,737800000,737800000
2,7378,737800000,737800100,43143,71906,737900000,737900000
2,7379,737900000,737900100,43143,71906,738000000,738000000
2,7380,738000000,738000100,43143,71906,738100000,738100000
2,7381,738100000,738100100,43143,71906,738200000,738200000
2,7382,738200000,738200100,43143,71906,738300000,738300000
2,7383,738300000,738300100,43143,71906,738400000,738400000
2,7384,738400000,738400100,43143,71906,738500000,738500000
2,7385,738500000,738500100,43143,71906,738600000,738600000
2,7386,738600000,738600100,43143,71906,738700000,738700000
2,7387,738700000,738700100,43143,71906,738800000,738800000
2,7388,738800000,738800100,43143,71906,738900000,738900000
2,7389,738900000,738900100,43143,71906,739000000,739000000
2,7390,739000000,739000100,43143,71906,739100000,739100000
2,7391,739100000,739100100,43143,71906,739200000,739200000
2,7392,739200000,739200100,43143,71906,739300000,739300000
2,7393,739300000,739300100,43143,71906,739400000,739400000
2,7394,739400000,739400100,43143,71906,739500000,739500000
2,7395,739500000,739500100,43143,71906,739600000,739600000
2,7396,739600000,739600100,43143,71906,739700000,739700000
2,7397,739700000,739700100,43143,71906,739800000,739800000
2,7398,739800000,739800100,43143,71906,739900000,739900000
2,7399,739900000,739900100,43143,71906,740000000,740000000
2,7400,740000000,740000100,43143,71906,740100000,740100000
2,7401,740100000,740100100,43143,71906,740200000,740200000
2,7402,740200000,740200100,43143,71906,740300000,740300000
2,7403,740300000,740300100,43143,71906,740400000,740400000
2,7404,740400000,740400100,43143,71906,740500000,740500000
2,7405,740500000,740500100,43143,71906,740600000,740600000
2,7406,740600000,740600100,43143,71906,740700000,740700000
2,7407,740700000,740700100,43143,71906,740800000,740800000
2,7408,740800000,740800100,43143,71906,740900000,740900000
2,7409,740900000,740900100,43143,71906,741000000,741000000
2,7410,741000000,741000100,43143,71906,741100000,741100000
2,7411,741100000,741100100,43143,71906,741200000,741200000
2,7412,741200000,741200100,43143,71906,741300000,741300000
2,7413,741300000,741300100,43143,71906,741400000,741400000
2,7414,741400000,741400100,43143,71906,741500000,741500000
2,7415,741500000,741500100,43143,71906,741600000,741600000
2,7416,741600000,741600100,43143,71906,741700000,741700000
2,7417,741700000,741700100,43143,71906,741800000,741800000
2,7418,741800000,741800100,43143,71906,741900000,741900000
2,7419,741900000,741900100,43143,71906,742000000,742000000
2,7420,742000000,742000100,43143,71906,742100000,742100000
2,7421,742100000,742100100,43143,71906,742200000,742200000
2,7422,742200000,742200100,43143,71906,742300000,742300000
2,7423,742300000,742300100,43143,71906,742400000,742400000
2,7424,742400000,742400100,43143,71906,742500000,742500000
2,7425,742500000,742500100,43143,71906,742600000,742600000
2,7426,742600000,742600100,43143,71906,742700000,742700000
2,7427,742700000,742700100,43143,71906,742800000,742800000
2,7428,742800000,742800100,43143,71906,742900000,742900000
2,7429,742900000,742900100,43143,71906,743000000,743000000
2,7430,743000000,743000100,43143,71906,743100000,743100000
2,7431,743100000,743100100,43143,71906,743200000,743200000
2,7432,743200000,743200100,43143,71906,743300000,743300000
2,7433,743300000,743300100,43143,71906,743400000,743400000
2,7434,743400000,743400100,43143,71906,743500000,743500000
2,7435,743500000,743500100,43143,71906,743600000,743600000
2,7436,743600000,743600100,43143,71906,743700000,743700000
2,7437,743700000,743700100,43143,71906,743800000,743800000
2,7438,743800000,743800100,43143,71906,743900000,743900000
2,7439,743900000,743900100,43143,71906,744000000,744000000
2,7440,744000000,744000100,43143,71906,744100000,744100000
2,7441,744100000,744100100,43143,71906,744200000,744200000
2,7442,744200000,744200100,43143,71906,744300000,744300000
2,7443,744300000,744300100,43143,71906,744400000,744400000
2,7444,744400000,744400100,43143,71906,744500000,744500000
2,7445,744500000,744500100,43143,71906,744600000,744600000
2,7446,744600000,744600100,43143,71906,744700000,744700000
2,7447,744700000,744700100,43143,71906,744800000,744800000
2,7448,744800000,744800100,43143,71906,744900000,744900000
2,7449,744900000,744900100,43143,71906,745000000,745000000
2,7450,745000000,745000100,43143,71906,745100000,745100000
2,7451,745100000,745100100,43143,71906,745200000,745200000
2,7452,745200000,745200100,43143,71906,745300000,745300000
2,7453,745300000,745300100,43143,71906,745400000,745400000
2,7454,745400000,745400100,43143,71906,745500000,745500000
2,7455,745500000,745500100,43143,71906,745600000,745600000
2,7456,745600000,745600100,43143,71906,745700000,745700000
2,7457,745700000,745700100,43143,71906,745800000,745800000
2,7458,745800000,745800100,43143,71906,745900000,745900000
2,7459,745900000,745900100,43143,71906,746000000,746000000
2,7460,746000000,746000100,43143,71906,746100000,746100000
2,7461,746100000,746100100,43143,71906,746200000,746200000
2,7462,746200000,746200100,43143,71906,746300000,746300000
2,7463,746300000,746300100,43143,71906,746400000,746400000
2,7464,746400000,746400100,43143,71906,746500000,746500000
2,7465,746500000,746500100,43143,71906,746600000,746600000
2,7466,746600000,746600100,43143,71906,746700000,746700000
2,7467,746700000,746700100,43143,71906,746800000,746800000
2,7468,746800000,746800100,43143,71906,746900000,746900000
2,7469,746900000,746900100,43143,71906,747000000,747000000
2,7470,747000000,747000100,43143,71906,747100000,747100000
2,7471,747100000,747100100,43143,71906,747200000,747200000
2,7472,747200000,747200100,43143,71906,747300000,747300000
2,7473,747300000,747300100,43143,71906,747400000,747400000
2,7474,747400000,747400100,43143,71906,747500000,747500000
2,7475,747500000,747500100,43143,71906,747600000,747600000
2,7476,747600000,747600100,43143,71906,747700000,747700000
2,7477,747700000,747700100,43143,71906,747800000,747800000
2,7478,747800000,747800100,43143,71906,747900000,747900000
2,7479,747900000,747900100,43143,71906,748000000,748000000
2,7480,748000000,748000100,43143,71906,748100000,748100000
2,7481,748100000,748100100,43143,71906,748200000,748200000
2,7482,748200000,748200100,43143,71906,748300000,748300000
2,7483,748300000,748300100,43143,71906,748400000,748400000
2,7484,748400000,748400100,43143,71906,748500000,748500000
2,7485,748500000,748500100,43143,71906,748600000,748600000
2,7486,748600000,748600100,43143,71906,748700000,748700000
2,7487,748700000,748700100,43143,71906,748800000,748800000
2,7488,748800000,748800100,43143,71906,748900000,748900000
2,7489,748900000,748900100,43143,71906,749000000,749000000
2,7490,749000000,749000100,43143,71906,749100000,749100000
2,7491,749100000,749100100,43143,71906,749200000,749200000
2,7492,749200000,749200100,43143,71906,749300000,749300000
2,7493,749300000,749300100,43143,71906,749400000,749400000
2,7494,749400000,749400100,43143,71906,749500000,749500000
2,7495,749500000,749500100,43143,71906,749600000,749600000
2,7496,749600000,749600100,43143,71906,749700000,749700000
2,7497,749700000,749700100,43143,71906,749800000,749800000
2,7498,749800000,749800100,43143,71906,749900000,749900000
2,7499,749900000,749900100,43143,71906,750000000,750000000
2,7500,750000000,750000100,43143,71906,750100000,750100000
2,7501,750100000,750100100,43143,71906,750200000,750200000
2,7502,750200000,750200100,43143,71906,750300000,750300000
2,7503,750300000,750300100,43143,71906,750400000,750400000
2,7504,750400000,750400100,43143,71906,750500000,750500000
2,7505,750500000,750500100,43143,71906,750600000,750600000
2,7506,750600000,750600100,43143,71906,750700000,750700000
2,7507,750700000,750700100,43143,71906,750800000,750800000
2,7508,750800000,750800100,43143,71906,750900000,750900000
2,7509,750900000,750900100,43143,71906,751000000,751000000
2,7510,751000000,751000100,43143,71906,751100000,751100000
2,7511,751100000,751100100,43143,71906,751200000,751200000
2,7512,751200000,751200100,43143,71906,751300000,751300000
2,7513,751300000,751300100,43143,71906,751400000,751400000
2,7514,751400000,751400100,43143,71906,751500000,751500000
2,7515,751500000,751500100,43143,71906,751600000,751600000
2,7516,751600000,751600100,43143,71906,751700000,751700000
2,7517,751700000,751700100,43143,71906,751800000,751800000
2,7518,751800000,751800100,43143,71906,751900000,751900000
2,7519,751900000,751900100,43143,71906,752000000,752000000
2,7520,752000000,752000100,43143,71906,752100000,752100000
2,7521,752100000,752100100,43143,71906,752200000,752200000
2,7522,752200000,752200100,43143,71906,752300000,752300000
2,7523,752300000,752300100,43143,71906,752400000,752400000
2,7524,752400000,752400100,43143,71906,752500000,752500000
2,7525,752500000,752500100,43143,71906,752600000,752600000
2,7526,752600000,752600100,43143,71906,752700000,752700000
2,7527,752700000,752700100,43143,71906,752800000,752800000
2,7528,752800000,752800100,43143,71906,752900000,752900000
2,7529,752900000,752900100,43143,71906,753000000,753000000
2,7530,753000000,753000100,43143,71906,753100000,753100000
2,7531,753100000,753100100,43143,71906,753200000,753200000
2,7532,753200000,753200100,43143,71906,753300000,753300000
2,7533,753300000,753300100,43143,71906,753400000,753400000
2,7534,753400000,753400100,43143,71906,753500000,753500000
2,7535,753500000,753500100,43143,71906,753600000,753600000
2,7536,753600000,753600100,43143,71906,753700000,753700000
2,7537,753700000,753700100,43143,71906,753800000,753800000
2,7538,753800000,753800100,43143,71906,753900000,753900000
2,7539,753900000,753900100,43143,71906,754000000,754000000
2,7540,754000000,754000100,43143,71906,754100000,754100000
2,7541,754100000,754100100,43143,71906,754200000,754200000
2,7542,754200000,754200100,43143,71906,754300000,754300000
2,7543,754300000,754300100,43143,71906,754400000,754400000
2,7544,754400000,754400100,43143,71906,754500000,754500000
2,7545,754500000,754500100,43143,71906,754600000,754600000
2,7546,754600000,754600100,43143,71906,754700000,754700000
2,7547,754700000,754700100,43143,71906,754800000,754800000
2,7548,754800000,754800100,43143,71906,754900000,754900000
2,7549,754900000,754900100,43143,71906,755000000,755000000
2,7550,755000000,755000100,43143,71906,755100000,755100000
2,7551,755100000,755100100,43143,71906,755200000,755200000
2,7552,755200000,755200100,43143,71906,755300000,755300000
2,7553,755300000,755300100,43143,71906,755400000,755400000
2,7554,755400000,755400100,43143,71906,755500000,755500000
2,7555,755500000,755500100,43143,71906,755600000,755600000
2,7556,755600000,755600100,43143,71906,755700000,755700000
2,7557,755700000,755700100,43143,71906,755800000,755800000
2,7558,755800000,755800100,43143,71906,755900000,755900000
2,7559,755900000,755900100,43143,71906,756000000,756000000
2,7560,756000000,756000100,43143,71906,756100000,756100000
2,7561,756100000,756100100,43143,71906,756200000,756200000
2,7562,756200000,756200100,43143,71906,756300000,756300000
2,7563,756300000,756300100,43143,71906,756400000,756400000
2,7564,756400000,756400100,43143,71906,756500000,756500000
2,7565,756500000,756500100,43143,71906,756600000,756600000
2,7566,756600000,756600100,43143,71906,756700000,756700000
2,7567,756700000,756700100,43143,71906,756800000,756800000
2,7568,756800000,756800100,43143,71906,756900000,756900000
2,7569,756900000,756900100,43143,71906,757000000,757000000
2,7570,757000000,757000100,43143,71906,757100000,757100000
2,7571,757100000,757100100,43143,71906,757200000,757200000
2,7572,757200000,757200100,43143,71906,757300000,757300000
2,7573,757300000,757300100,43143,71906,757400000,757400000
2,7574,757400000,757400100,43143,71906,757500000,757500000
2,7575,757500000,757500100,43143,71906,757600000,757600000
2,7576,757600000,757600100,43143,71906,757700000,757700000
2,7577,757700000,757700100,43143,71906,757800000,757800000
2,7578,757800000,757800100,43143,71906,757900000,757900000
2,7579,757900000,757900100,43143,71906,758000000,758000000
2,7580,758000000,758000100,43143,71906,758100000,758100000
2,7581,758100000,758100100,43143,71906,758200000,758200000
2,7582,758200000,758200100,43143,71906,758300000,758300000
2,7583,758300000,758300100,43143,71906,758400000,758400000
2,7584,758400000,758400100,43143,71906,758500000,758500000
2,7585,758500000,758500100,43143,71906,758600000,758600000
2,7586,758600000,758600100,43143,71906,758700000,758700000
2,7587,758700000,758700100,43143,71906,758800000,758800000
2,7588,758800000,758800100,43143,71906,758900000,758900000
2,7589,758900000,758900100,43143,71906,759000000,759000000
2,7590,759000000,759000100,43143,71906,759100000,759100000
2,7591,759100000,759100100,43143,71906,759200000,759200000
2,7592,759200000,759200100,43143,71906,759300000,759300000
2,7593,759300000,759300100,43143,71906,759400000,759400000
2,7594,759400000,759400100,43143,71906,759500000,759500000
2,7595,759500000,759500100,43143,71906,759600000,759600000
2,7596,759600000,759600100,43143,71906,759700000,759700000
2,7597,759700000,759700100,43143,71906,759800000,759800000
2,7598,759800000,759800100,43143,71906,759900000,759900000
2,7599,759900000,759900100,43143,71906,760000000,760000000
2,7600,760000000,760000100,43143,71906,760100000,760100000
2,7601,760100000,760100100,43143,71906,760200000,760200000
2,7602,760200000,760200100,43143,71906,760300000,760300000
2,7603,760300000,760300100,43143,71906,760400000,760400000
2,7604,760400000,760400100,43143,71906,760500000,760500000
2,7605,760500000,760500100,43143,71906,760600000,760600000
2,7606,760600000,760600100,43143,71906,760700000,760700000
2,7607,760700000,760700100,43143,71906,760800000,760800000
2,7608,760800000,760800100,43143,71906,760900000,760900000
2,7609,760900000,760900100,43143,71906,761000000,761000000
2,7610,761000000,761000100,43143,71906,761100000,761100000
2,7611,761100000,761100100,43143,71906,761200000,761200000
2,7612,761200000,761200100,43143,71906,761300000,761300000
2,7613,761300000,761300100,43143,71906,761400000,761400000
2,7614,761400000,761400100,43143,71906,761500000,761500000
2,7615,761500000,761500100,43143,71906,761600000,761600000
2,7616,761600000,761600100,43143,71906,761700000,761700000
2,7617,761700000,761700100,43143,71906,761800000,761800000
2,7618,761800000,761800100,43143,71906,761900000,761900000
2,7619,761900000,761900100,43143,71906,762000000,762000000
2,7620,762000000,762000100,43143,71906,762100000,762100000
2,7621,762100000,762100100,43143,71906,762200000,762200000
2,7622,762200000,762200100,43143,71906,762300000,762300000
2,7623,762300000,762300100,43143,71906,762400000,762400000
2,7624,762400000,762400100,43143,71906,762500000,762500000
2,7625,762500000,762500100,43143,71906,762600000,762600000
2,7626,762600000,762600100,43143,71906,762700000,762700000
2,7627,762700000,762700100,43143,71906,762800000,762800000
2,7628,762800000,762800100,43143,71906,762900000,762900000
2,7629,762900000,762900100,43143,71906,763000000,763000000
2,7630,763000000,763000100,43143,71906,763100000,763100000
2,7631,763100000,763100100,43143,71906,763200000,763200000
2,7632,763200000,763200100,43143,71906,763300000,763300000
2,7633,763300000,763300100,43143,71906,763400000,763400000
2,7634,763400000,763400100,43143,71906,763500000,763500000
2,7635,763500000,763500100,43143,71906,763600000,763600000
2,7636,763600000,763600100,43143,71906,763700000,763700000
2,7637,763700000,763700100,43143,71906,763800000,763800000
2,7638,763800000,763800100,43143,71906,763900000,763900000
2,7639,763900000,763900100,43143,71906,764000000,764000000
2,7640,764000000,764000100,43143,71906,764100000,764100000
2,7641,764100000,764100100,43143,71906,764200000,764200000
2,7642,764200000,764200100,43143,71906,764300000,764300000
2,7643,764300000,764300100,43143,71906,764400000,764400000
2,7644,764400000,764400100,43143,71906,764500000,764500000
2,7645,764500000,764500100,43143,71906,764600000,764600000
2,7646,764600000,764600100,43143,71906,764700000,764700000
2,7647,764700000,764700100,43143,71906,764800000,764800000
2,7648,764800000,764800100,43143,71906,764900000,764900000
2,7649,764900000,764900100,43143,71906,765000000,765000000
2,7650,765000000,765000100,43143,71906,765100000,765100000
2,7651,765100000,765100100,43143,71906,765200000,765200000
2,7652,765200000,765200100,43143,71906,765300000,765300000
2,7653,765300000,765300100,43143,71906,765400000,765400000
2,7654,765400000,765400100,43143,71906,765500000,765500000
2,7655,765500000,765500100,43143,71906,765600000,765600000
2,7656,765600000,765600100,43143,71906,765700000,765700000
2,7657,765700000,765700100,43143,71906,765800000,765800000
2,7658,765800000,765800100,43143,71906,765900000,765900000
2,7659,765900000,765900100,43143,71906,766000000,766000000
2,7660,766000000,766000100,43143,71906,766100000,766100000
2,7661,766100000,766100100,43143,71906,766200000,766200000
2,7662,766200000,766200100,43143,71906,766300000,766300000
2,7663,766300000,766300100,43143,71906,766400000,766400000
2,7664,766400000,766400100,43143,71906,766500000,766500000
2,7665,766500000,766500100,43143,71906,766600000,766600000
2,7666,766600000,766600100,43143,71906,766700000,766700000
2,7667,766700000,766700100,43143,71906,766800000,766800000
2,7668,766800000,766800100,43143,71906,766900000,766900000
2,7669,766900000,766900100,43143,71906,767000000,767000000
2,7670,767000000,767000100,43143,71906,767100000,767100000
2,7671,767100000,767100100,43143,71906,767200000,767200000
2,7672,767200000,767200100,43143,71906,767300000,767300000
2,7673,767300000,767300100,43143,71906,767400000,767400000
2,7674,767400000,767400100,43143,71906,767500000,767500000
2,7675,767500000,767500100,43143,71906,767600000,767600000
2,7676,767600000,767600100,43143,71906,767700000,767700000
2,7677,767700000,767700100,43143,71906,767800000,767800000
2,7678,767800000,767800100,43143,71906,767900000,767900000
2,7679,767900000,767900100,43143,71906,768000000,768000000
2,7680,768000000,768000100,43143,71906,768100000,768100000
2,7681,768100000,768100100,43143,71906,768200000,768200000
2,7682,768200000,768200100,43143,71906,768300000,768300000
2,7683,768300000,768300100,43143,71906,768400000,768400000
2,7684,768400000,768400100,43143,71906,768500000,768500000
2,7685,768500000,768500100,43143,71906,768600000,768600000
2,7686,768600000,768600100,43143,71906,768700000,768700000
2,7687,768700000,768700100,43143,71906,768800000,768800000
2,7688,768800000,768800100,43143,71906,768900000,768900000
2,7689,768900000,768900100,43143,71906,769000000,769000000
2,7690,769000000,769000100,43143,71906,769100000,769100000
2,7691,769100000,769100100,43143,71906,769200000,769200000
2,7692,769200000,769200100,43143,71906,769300000,769300000
2,7693,769300000,769300100,43143,71906,769400000,769400000
2,7694,769400000,769400100,43143,71906,769500000,769500000
2,7695,769500000,769500100,43143,71906,769600000,769600000
2,7696,769600000,769600100,43143,71906,769700000,769700000
2,7697,769700000,769700100,43143,71906,769800000,769800000
2,7698,769800000,769800100,43143,71906,769900000,769900000
2,7699,769900000,769900100,43143,71906,770000000,770000000
2,7700,770000000,770000100,43143,71906,770100000,770100000
2,7701,770100000,770100100,43143,71906,770200000,770200000
2,7702,770200000,770200100,43143,71906,770300000,770300000
2,7703,770300000,770300100,43143,71906,770400000,770400000
2,7704,770400000,770400100,43143,71906,770500000,770500000
2,7705,770500000,770500100,43143,71906,770600000,770600000
2,7706,770600000,770600100,43143,71906,770700000,770700000
2,7707,770700000,770700100,43143,71906,770800000,770800000
2,7708,770800000,770800100,43143,71906,770900000,770900000
2,7709,770900000,770900100,43143,71906,771000000,771000000
2,7710,771000000,771000100,43143,71906,771100000,771100000
2,7711,771100000,771100100,43143,71906,771200000,771200000
2,7712,771200000,771200100,43143,71906,771300000,771300000
2,7713,771300000,771300100,43143,71906,771400000,771400000
2,7714,771400000,771400100,43143,71906,771500000,771500000
2,7715,771500000,771500100,43143,71906,771600000,771600000
2,7716,771600000,771600100,43143,71906,771700000,771700000
2,7717,771700000,771700100,43143,71906,771800000,771800000
2,7718,771800000,771800100,43143,71906,771900000,771900000
2,7719,771900000,771900100,43143,71906,772000000,772000000
2,7720,772000000,772000100,43143,71906,772100000,772100000
2,7721,772100000,772100100,43143,71906,772200000,772200000
2,7722,772200000,772200100,43143,71906,772300000,772300000
2,7723,772300000,772300100,43143,71906,772400000,772400000
2,7724,772400000,772400100,43143,71906,772500000,772500000
2,7725,772500000,772500100,43143,71906,772600000,772600000
2,7726,772600000,772600100,43143,71906,772700000,772700000
2,7727,772700000,772700100,43143,71906,772800000,772800000
2,7728,772800000,772800100,43143,71906,772900000,772900000
2,7729,772900000,772900100,43143,71906,773000000,773000000
2,7730,773000000,773000100,43143,71906,773100000,773100000
2,7731,773100000,773100100,43143,71906,773200000,773200000
2,7732,773200000,773200100,43143,71906,773300000,773300000
2,7733,773300000,773300100,43143,71906,773400000,773400000
2,7734,773400000,773400100,43143,71906,773500000,773500000
2,7735,773500000,773500100,43143,71906,773600000,773600000
2,7736,773600000,773600100,43143,71906,773700000,773700000
2,7737,773700000,773700100,43143,71906,773800000,773800000
2,7738,773800000,773800100,43143,71906,773900000,773900000
2,7739,773900000,773900100,43143,71906,774000000,774000000
2,7740,774000000,774000100,43143,71906,774100000,774100000
2,7741,774100000,774100100,43143,71906,774200000,774200000
2,7742,774200000,774200100,43143,71906,774300000,774300000
2,7743,774300000,774300100,43143,71906,774400000,774400000
2,7744,774400000,774400100,43143,71906,774500000,774500000
2,7745,774500000,774500100,43143,71906,774600000,774600000
2,7746,774600000,774600100,43143,71906,774700000,774700000
2,7747,774700000,774700100,43143,71906,774800000,774800000
2,7748,774800000,774800100,43143,71906,774900000,774900000
2,7749,774900000,774900100,43143,71906,775000000,775000000
2,7750,775000000,775000100,43143,71906,775100000,775100000
2,7751,775100000,775100100,43143,71906,775200000,775200000
2,7752,775200000,775200100,43143,71906,775300000,775300000
2,7753,775300000,775300100,43143,71906,775400000,775400000
2,7754,775400000,775400100,43143,71906,775500000,775500000
2,7755,775500000,775500100,43143,71906,775600000,775600000
2,7756,775600000,775600100,43143,71906,775700000,775700000
2,7757,775700000,775700100,43143,71906,775800000,775800000
2,7758,775800000,775800100,43143,71906,775900000,775900000
2,7759,775900000,775900100,43143,71906,776000000,776000000
2,7760,776000000,776000100,43143,71906,776100000,776100000
2,7761,776100000,776100100,43143,71906,776200000,776200000
2,7762,776200000,776200100,43143,71906,776300000,776300000
2,7763,776300000,776300100,43143,71906,776400000,776400000
2,7764,776400000,776400100,43143,71906,776500000,776500000
2,7765,776500000,776500100,43143,71906,776600000,776600000
2,7766,776600000,776600100,43143,71906,776700000,776700000
2,7767,776700000,776700100,43143,71906,776800000,776800000
2,7768,776800000,776800100,43143,71906,776900000,776900000
2,7769,776900000,776900100,43143,71906,777000000,777000000
2,7770,777000000,777000100,43143,71906,777100000,777100000
2,7771,777100000,777100100,43143,71906,777200000,777200000
2,7772,777200000,777200100,43143,71906,777300000,777300000
2,7773,777300000,777300100,43143,71906,777400000,777400000
2,7774,777400000,777400100,43143,71906,777500000,777500000
2,7775,777500000,777500100,43143,71906,777600000,777600000
2,7776,777600000,777600100,43143,71906,777700000,777700000
2,7777,777700000,777700100,43143,71906,777800000,777800000
2,7778,777800000,777800100,43143,71906,777900000,777900000
2,7779,777900000,777900100,43143,71906,778000000,778000000
2,7780,778000000,778000100,43143,71906,778100000,778100000
2,7781,778100000,778100100,43143,71906,778200000,778200000
2,7782,778200000,778200100,43143,71906,778300000,778300000
2,7783,778300000,778300100,43143,71906,778400000,778400000
2,7784,778400000,778400100,43143,71906,778500000,778500000
2,7785,778500000,778500100,43143,71906,778600000,778600000
2,7786,778600000,778600100,43143,71906,778700000,778700000
2,7787,778700000,778700100,43143,71906,778800000,778800000
2,7788,778800000,778800100,43143,71906,778900000,778900000
2,7789,778900000,778900100,43143,71906,779000000,779000000
2,7790,779000000,779000100,43143,71906,779100000,779100000
2,7791,779100000,779100100,43143,71906,779200000,779200000
2,7792,779200000,779200100,43143,71906,779300000,779300000
2,7793,779300000,779300100,43143,71906,779400000,779400000
2,7794,779400000,779400100,43143,71906,779500000,779500000
2,7795,779500000,779500100,43143,71906,779600000,779600000
2,7796,779600000,779600100,43143,71906,779700000,779700000
2,7797,779700000,779700100,43143,71906,779800000,779800000
2,7798,779800000,779800100,43143,71906,779900000,779900000
2,7799,779900000,779900100,43143,71906,780000000,780000000
2,7800,780000000,780000100,43143,71906,780100000,780100000
2,7801,780100000,780100100,43143,71906,780200000,780200000
2,7802,780200000,780200100,43143,71906,780300000,780300000
2,7803,780300000,780300100,43143,71906,780400000,780400000
2,7804,780400000,780400100,43143,71906,780500000,780500000
2,7805,780500000,780500100,43143,71906,780600000,780600000
2,7806,780600000,780600100,43143,71906,780700000,780700000
2,7807,780700000,780700100,43143,71906,780800000,780800000
2,7808,780800000,780800100,43143,71906,780900000,780900000
2,7809,780900000,780900100,43143,71906,781000000,781000000
2,7810,781000000,781000100,43143,71906,781100000,781100000
2,7811,781100000,781100100,43143,71906,781200000,781200000
2,7812,781200000,781200100,43143,71906,781300000,781300000
2,7813,781300000,781300100,43143,71906,781400000,781400000
2,7814,781400000,781400100,43143,71906,781500000,781500000
2,7815,781500000,781500100,43143,71906,781600000,781600000
2,7816,781600000,781600100,43143,71906,781700000,781700000
2,7817,781700000,781700100,43143,71906,781800000,781800000
2,7818,781800000,781800100,43143,71906,781900000,781900000
2,7819,781900000,781900100,43143,71906,782000000,782000000
2,7820,782000000,782000100,43143,71906,782100000,782100000
2,7821,782100000,782100100,43143,71906,782200000,782200000
2,7822,782200000,782200100,43143,71906,782300000,782300000
2,7823,782300000,782300100,43143,71906,782400000,782400000
2,7824,782400000,782400100,43143,71906,782500000,782500000
2,7825,782500000,782500100,43143,71906,782600000,782600000
2,7826,782600000,782600100,43143,71906,782700000,782700000
2,7827,782700000,782700100,43143,71906,782800000,782800000
2,7828,782800000,782800100,43143,71906,782900000,782900000
2,7829,782900000,782900100,43143,71906,783000000,783000000
2,7830,783000000,783000100,43143,71906,783100000,783100000
2,7831,783100000,783100100,43143,71906,783200000,783200000
2,7832,783200000,783200100,43143,71906,783300000,783300000
2,7833,783300000,783300100,43143,71906,783400000,783400000
2,7834,783400000,783400100,43143,71906,783500000,783500000
2,7835,783500000,783500100,43143,71906,783600000,783600000
2,7836,783600000,783600100,43143,71906,783700000,783700000
2,7837,783700000,783700100,43143,71906,783800000,783800000
2,7838,783800000,783800100,43143,71906,783900000,783900000
2,7839,783900000,783900100,43143,71906,784000000,784000000
2,7840,784000000,784000100,43143,71906,784100000,784100000
2,7841,784100000,784100100,43143,71906,784200000,784200000
2,7842,784200000,784200100,43143,71906,784300000,784300000
2,7843,784300000,784300100,43143,71906,784400000,784400000
2,7844,784400000,784400100,43143,71906,784500000,784500000
2,7845,784500000,784500100,43143,71906,784600000,784600000
2,7846,784600000,784600100,43143,71906,784700000,784700000
2,7847,784700000,784700100,43143,71906,784800000,784800000
2,7848,784800000,784800100,43143,71906,784900000,784900000
2,7849,784900000,784900100,43143,71906,785000000,785000000
2,7850,785000000,785000100,43143,71906,785100000,785100000
2,7851,785100000,785100100,43143,71906,785200000,785200000
2,7852,785200000,785200100,43143,71906,785300000,785300000
2,7853,785300000,785300100,43143,71906,785400000,785400000
2,7854,785400000,785400100,43143,71906,785500000,785500000
2,7855,785500000,785500100,43143,71906,785600000,785600000
2,7856,785600000,785600100,43143,71906,785700000,785700000
2,7857,785700000,785700100,43143,71906,785800000,785800000
2,7858,785800000,785800100,43143,71906,785900000,785900000
2,7859,785900000,785900100,43143,71906,786000000,786000000
2,7860,786000000,786000100,43143,71906,786100000,786100000
2,7861,786100000,786100100,43143,71906,786200000,786200000
2,7862,786200000,786200100,43143,71906,786300000,786300000
2,7863,786300000,786300100,43143,71906,786400000,786400000
2,7864,786400000,786400100,43143,71906,786500000,786500000
2,7865,786500000,786500100,43143,71906,786600000,786600000
2,7866,786600000,786600100,43143,71906,786700000,786700000
2,7867,786700000,786700100,43143,71906,786800000,786800000
2,7868,786800000,786800100,43143,71906,786900000,786900000
2,7869,786900000,786900100,43143,71906,787000000,787000000
2,7870,787000000,787000100,43143,71906,787100000,787100000
2,7871,787100000,787100100,43143,71906,787200000,787200000
2,7872,787200000,787200100,43143,71906,787300000,787300000
2,7873,787300000,787300100,43143,71906,787400000,787400000
2,7874,787400000,787400100,43143,71906,787500000,787500000
2,7875,787500000,787500100,43143,71906,787600000,787600000
2,7876,787600000,787600100,43143,71906,787700000,787700000
2,7877,787700000,787700100,43143,71906,787800000,787800000
2,7878,787800000,787800100,43143,71906,787900000,787900000
2,7879,787900000,787900100,43143,71906,788000000,788000000
2,7880,788000000,788000100,43143,71906,788100000,788100000
2,7881,788100000,788100100,43143,71906,788200000,788200000
2,7882,788200000,788200100,43143,71906,788300000,788300000
2,7883,788300000,788300100,43143,71906,788400000,788400000
2,7884,788400000,788400100,43143,71906,788500000,788500000
2,7885,788500000,788500100,43143,71906,788600000,788600000
2,7886,788600000,788600100,43143,71906,788700000,788700000
2,7887,788700000,788700100,43143,71906,788800000,788800000
2,7888,788800000,788800100,43143,71906,788900000,788900000
2,7889,788900000,788900100,43143,71906,789000000,789000000
2,7890,789000000,789000100,43143,71906,789100000,789100000
2,7891,789100000,789100100,43143,71906,789200000,789200000
2,7892,789200000,789200100,43143,71906,789300000,789300000
2,7893,789300000,789300100,43143,71906,789400000,789400000
2,7894,789400000,789400100,43143,71906,789500000,789500000
2,7895,789500000,789500100,43143,71906,789600000,789600000
2,7896,789600000,789600100,43143,71906,789700000,789700000
2,7897,789700000,789700100,43143,71906,789800000,789800000
2,7898,789800000,789800100,43143,71906,789900000,789900000
2,7899,789900000,789900100,43143,71906,790000000,790000000
2,7900,790000000,790000100,43143,71906,790100000,790100000
2,7901,790100000,790100100,43143,71906,790200000,790200000
2,7902,790200000,790200100,43143,71906,790300000,790300000
2,7903,790300000,790300100,43143,71906,790400000,790400000
2,7904,790400000,790400100,43143,71906,790500000,790500000
2,7905,790500000,790500100,43143,71906,790600000,790600000
2,7906,790600000,790600100,43143,71906,790700000,790700000
2,7907,790700000,790700100,43143,71906,790800000,790800000
2,7908,790800000,790800100,43143,71906,790900000,790900000
2,7909,790900000,790900100,43143,71906,791000000,791000000
2,7910,791000000,791000100,43143,71906,791100000,791100000
2,7911,791100000,791100100,43143,71906,791200000,791200000
2,7912,791200000,791200100,43143,71906,791300000,791300000
2,7913,791300000,791300100,43143,71906,791400000,791400000
2,7914,791400000,791400100,43143,71906,791500000,791500000
2,7915,791500000,791500100,43143,71906,791600000,791600000
2,7916,791600000,791600100,43143,71906,791700000,791700000
2,7917,791700000,791700100,43143,71906,791800000,791800000
2,7918,791800000,791800100,43143,71906,791900000,791900000
2,7919,791900000,791900100,43143,71906,792000000,792000000
2,7920,792000000,792000100,43143,71906,792100000,792100000
2,7921,792100000,792100100,43143,71906,792200000,792200000
2,7922,792200000,792200100,43143,71906,792300000,792300000
2,7923,792300000,792300100,43143,71906,792400000,792400000
2,7924,792400000,792400100,43143,71906,792500000,792500000
2,7925,792500000,792500100,43143,71906,792600000,792600000
2,7926,792600000,792600100,43143,71906,792700000,792700000
2,7927,792700000,792700100,43143,71906,792800000,792800000
2,7928,792800000,792800100,43143,71906,792900000,792900000
2,7929,792900000,792900100,43143,71906,793000000,793000000
2,7930,793000000,793000100,43143,71906,793100000,793100000
2,7931,793100000,793100100,43143,71906,793200000,793200000
2,7932,793200000,793200100,43143,71906,793300000,793300000
2,7933,793300000,793300100,43143,71906,793400000,793400000
2,7934,793400000,793400100,43143,71906,793500000,793500000
2,7935,793500000,793500100,43143,71906,793600000,793600000
2,7936,793600000,793600100,43143,71906,793700000,793700000
2,7937,793700000,793700100,43143,71906,793800000,793800000
2,7938,793800000,793800100,43143,71906,793900000,793900000
2,7939,793900000,793900100,43143,71906,794000000,794000000
2,7940,794000000,794000100,43143,71906,794100000,794100000
2,7941,794100000,794100100,43143,71906,794200000,794200000
2,7942,794200000,794200100,43143,71906,794300000,794300000
2,7943,794300000,794300100,43143,71906,794400000,794400000
2,7944,794400000,794400100,43143,71906,794500000,794500000
2,7945,794500000,794500100,43143,71906,794600000,794600000
2,7946,794600000,794600100,43143,71906,794700000,794700000
2,7947,794700000,794700100,43143,71906,794800000,794800000
2,7948,794800000,794800100,43143,71906,794900000,794900000
2,7949,794900000,794900100,43143,71906,795000000,795000000
2,7950,795000000,795000100,43143,71906,795100000,795100000
2,7951,795100000,795100100,43143,71906,795200000,795200000
2,7952,795200000,795200100,43143,71906,795300000,795300000
2,7953,795300000,795300100,43143,71906,795400000,795400000
2,7954,795400000,795400100,43143,71906,795500000,795500000
2,7955,795500000,795500100,43143,71906,795600000,795600000
2,7956,795600000,795600100,43143,71906,795700000,795700000
2,7957,795700000,795700100,43143,71906,795800000,795800000
2,7958,795800000,795800100,43143,71906,795900000,795900000
2,7959,795900000,795900100,43143,71906,796000000,796000000
2,7960,796000000,796000100,43143,71906,796100000,796100000
2,7961,796100000,796100100,43143,71906,796200000,796200000
2,7962,796200000,796200100,43143,71906,796300000,796300000
2,7963,796300000,796300100,43143,71906,796400000,796400000
2,7964,796400000,796400100,43143,71906,796500000,796500000
2,7965,796500000,796500100,43143,71906,796600000,796600000
2,7966,796600000,796600100,43143,71906,796700000,796700000
2,7967,796700000,796700100,43143,71906,796800000,796800000
2,7968,796800000,796800100,43143,71906,796900000,796900000
2,7969,796900000,796900100,43143,71906,797000000,797000000
2,7970,797000000,797000100,43143,71906,797100000,797100000
2,7971,797100000,797100100,43143,71906,797200000,797200000
2,7972,797200000,797200100,43143,71906,797300000,797300000
2,7973,797300000,797300100,43143,71906,797400000,797400000
2,7974,797400000,797400100,43143,71906,797500000,797500000
2,7975,797500000,797500100,43143,71906,797600000,797600000
2,7976,797600000,797600100,43143,71906,797700000,797700000
2,7977,797700000,797700100,43143,71906,797800000,797800000
2,7978,797800000,797800100,43143,71906,797900000,797900000
2,7979,797900000,797900100,43143,71906,798000000,798000000
2,7980,798000000,798000100,43143,71906,798100000,798100000
2,7981,798100000,798100100,43143,71906,798200000,798200000
2,7982,798200000,798200100,43143,71906,798300000,798300000
2,7983,798300000,798300100,43143,71906,798400000,798400000
2,7984,798400000,798400100,43143,71906,798500000,798500000
2,7985,798500000,798500100,43143,71906,798600000,798600000
2,7986,798600000,798600100,43143,71906,798700000,798700000
2,7987,798700000,798700100,43143,71906,798800000,798800000
2,7988,798800000,798800100,43143,71906,798900000,798900000
2,7989,798900000,798900100,43143,71906,799000000,799000000
2,7990,799000000,799000100,43143,71906,799100000,799100000
2,7991,799100000,799100100,43143,71906,799200000,799200000
2,7992,799200000,799200100,43143,71906,799300000,799300000
2,7993,799300000,799300100,43143,71906,799400000,799400000
2,7994,799400000,799400100,43143,71906,799500000,799500000
2,7995,799500000,799500100,43143,71906,799600000,799600000
2,7996,799600000,799600100,43143,71906,799700000,799700000
2,7997,799700000,799700100,43143,71906,799800000,799800000
2,7998,799800000,799800100,43143,71906,799900000,799900000
2,7999,799900000,799900100,43143,71906,800000000,800000000
2,8000,800000000,800000100,43143,71906,800100000,800100000
2,8001,800100000,800100100,43143,71906,800200000,800200000
2,8002,800200000,800200100,43143,71906,800300000,800300000
2,8003,800300000,800300100,43143,71906,800400000,800400000
2,8004,800400000,800400100,43143,71906,800500000,800500000
2,8005,800500000,800500100,43143,71906,800600000,800600000
2,8006,800600000,800600100,43143,71906,800700000,800700000
2,8007,800700000,800700100,43143,71906,800800000,800800000
2,8008,800800000,800800100,43143,71906,800900000,800900000
2,8009,800900000,800900100,43143,71906,801000000,801000000
2,8010,801000000,801000100,43143,71906,801100000,801100000
2,8011,801100000,801100100,43143,71906,801200000,801200000
2,8012,801200000,801200100,43143,71906,801300000,801300000
2,8013,801300000,801300100,43143,71906,801400000,801400000
2,8014,801400000,801400100,43143,71906,801500000,801500000
2,8015,801500000,801500100,43143,71906,801600000,801600000
2,8016,801600000,801600100,43143,71906,801700000,801700000
2,8017,801700000,801700100,43143,71906,801800000,801800000
2,8018,801800000,801800100,43143,71906,801900000,801900000
2,8019,801900000,801900100,43143,71906,802000000,802000000
2,8020,802000000,802000100,43143,71906,802100000,802100000
2,8021,802100000,802100100,43143,71906,802200000,802200000
2,8022,802200000,802200100,43143,71906,802300000,802300000
2,8023,802300000,802300100,43143,71906,802400000,802400000
2,8024,802400000,802400100,43143,71906,802500000,802500000
2,8025,802500000,802500100,43143,71906,802600000,802600000
2,8026,802600000,802600100,43143,71906,802700000,802700000
2,8027,802700000,802700100,43143,71906,802800000,802800000
2,8028,802800000,802800100,43143,71906,802900000,802900000
2,8029,802900000,802900100,43143,71906,803000000,803000000
2,8030,803000000,803000100,43143,71906,803100000,803100000
2,8031,803100000,803100100,43143,71906,803200000,803200000
2,8032,803200000,803200100,43143,71906,803300000,803300000
2,8033,803300000,803300100,43143,71906,803400000,803400000
2,8034,803400000,803400100,43143,71906,803500000,803500000
2,8035,803500000,803500100,43143,71906,803600000,803600000
2,8036,803600000,803600100,43143,71906,803700000,803700000
2,8037,803700000,803700100,43143,71906,803800000,803800000
2,8038,803800000,803800100,43143,71906,803900000,803900000
2,8039,803900000,803900100,43143,71906,804000000,804000000
2,8040,804000000,804000100,43143,71906,804100000,804100000
2,8041,804100000,804100100,43143,71906,804200000,804200000
2,8042,804200000,804200100,43143,71906,804300000,804300000
2,8043,804300000,804300100,43143,71906,804400000,804400000
2,8044,804400000,804400100,43143,71906,804500000,804500000
2,8045,804500000,804500100,43143,71906,804600000,804600000
2,8046,804600000,804600100,43143,71906,804700000,804700000
2,8047,804700000,804700100,43143,71906,804800000,804800000
2,8048,804800000,804800100,43143,71906,804900000,804900000
2,8049,804900000,804900100,43143,71906,805000000,805000000
2,8050,805000000,805000100,43143,71906,805100000,805100000
2,8051,805100000,805100100,43143,71906,805200000,805200000
2,8052,805200000,805200100,43143,71906,805300000,805300000
2,8053,805300000,805300100,43143,71906,805400000,805400000
2,8054,805400000,805400100,43143,71906,805500000,805500000
2,8055,805500000,805500100,43143,71906,805600000,805600000
2,8056,805600000,805600100,43143,71906,805700000,805700000
2,8057,805700000,805700100,43143,71906,805800000,805800000
2,8058,805800000,805800100,43143,71906,805900000,805900000
2,8059,805900000,805900100,43143,71906,806000000,806000000
2,8060,806000000,806000100,43143,71906,806100000,806100000
2,8061,806100000,806100100,43143,71906,806200000,806200000
2,8062,806200000,806200100,43143,71906,806300000,806300000
2,8063,806300000,806300100,43143,71906,806400000,806400000
2,8064,806400000,806400100,43143,71906,806500000,806500000
2,8065,806500000,806500100,43143,71906,806600000,806600000
2,8066,806600000,806600100,43143,71906,806700000,806700000
2,8067,806700000,806700100,43143,71906,806800000,806800000
2,8068,806800000,806800100,43143,71906,806900000,806900000
2,8069,806900000,806900100,43143,71906,807000000,807000000
2,8070,807000000,807000100,43143,71906,807100000,807100000
2,8071,807100000,807100100,43143,71906,807200000,807200000
2,8072,807200000,807200100,43143,71906,807300000,807300000
2,8073,807300000,807300100,43143,71906,807400000,807400000
2,8074,807400000,807400100,43143,71906,807500000,807500000
2,8075,807500000,807500100,43143,71906,807600000,807600000
2,8076,807600000,807600100,43143,71906,807700000,807700000
2,8077,807700000,807700100,43143,71906,807800000,807800000
2,8078,807800000,807800100,43143,71906,807900000,807900000
2,8079,807900000,807900100,43143,71906,808000000,808000000
2,8080,808000000,808000100,43143,71906,808100000,808100000
2,8081,808100000,808100100,43143,71906,808200000,808200000
2,8082,808200000,808200100,43143,71906,808300000,808300000
2,8083,808300000,808300100,43143,71906,808400000,808400000
2,8084,808400000,808400100,43143,71906,808500000,808500000
2,8085,808500000,808500100,43143,71906,808600000,808600000
2,8086,808600000,808600100,43143,71906,808700000,808700000
2,8087,808700000,808700100,43143,71906,808800000,808800000
2,8088,808800000,808800100,43143,71906,808900000,808900000
2,8089,808900000,808900100,43143,71906,809000000,809000000
2,8090,809000000,809000100,43143,71906,809100000,809100000
2,8091,809100000,809100100,43143,71906,809200000,809200000
2,8092,809200000,809200100,43143,71906,809300000,809300000
2,8093,809300000,809300100,43143,71906,809400000,809400000
2,8094,809400000,809400100,43143,71906,809500000,809500000
2,8095,809500000,809500100,43143,71906,809600000,809600000
2,8096,809600000,809600100,43143,71906,809700000,809700000
2,8097,809700000,809700100,43143,71906,809800000,809800000
2,8098,809800000,809800100,43143,71906,809900000,809900000
2,8099,809900000,809900100,43143,71906,810000000,810000000
2,8100,810000000,810000100,43143,71906,810100000,810100000
2,8101,810100000,810100100,43143,71906,810200000,810200000
2,8102,810200000,810200100,43143,71906,810300000,810300000
2,8103,810300000,810300100,43143,71906,810400000,810400000
2,8104,810400000,810400100,43143,71906,810500000,810500000
2,8105,810500000,810500100,43143,71906,810600000,810600000
2,8106,810600000,810600100,43143,71906,810700000,810700000
2,8107,810700000,810700100,43143,71906,810800000,810800000
2,8108,810800000,810800100,43143,71906,810900000,810900000
2,8109,810900000,810900100,43143,71906,811000000,811000000
2,8110,811000000,811000100,43143,71906,811100000,811100000
2,8111,811100000,811100100,43143,71906,811200000,811200000
2,8112,811200000,811200100,43143,71906,811300000,811300000
2,8113,811300000,811300100,43143,71906,811400000,811400000
2,8114,811400000,811400100,43143,71906,811500000,811500000
2,8115,811500000,811500100,43143,71906,811600000,811600000
2,8116,811600000,811600100,43143,71906,811700000,811700000
2,8117,811700000,811700100,43143,71906,811800000,811800000
2,8118,811800000,811800100,43143,71906,811900000,811900000
2,8119,811900000,811900100,43143,71906,812000000,812000000
2,8120,812000000,812000100,43143,71906,812100000,812100000
2,8121,812100000,812100100,43143,71906,812200000,812200000
2,8122,812200000,812200100,43143,71906,812300000,812300000
2,8123,812300000,812300100,43143,71906,812400000,812400000
2,8124,812400000,812400100,43143,71906,812500000,812500000
2,8125,812500000,812500100,43143,71906,812600000,812600000
2,8126,812600000,812600100,43143,71906,812700000,812700000
2,8127,812700000,812700100,43143,71906,812800000,812800000
2,8128,812800000,812800100,43143,71906,812900000,812900000
2,8129,812900000,812900100,43143,71906,813000000,813000000
2,8130,813000000,813000100,43143,71906,813100000,813100000
2,8131,813100000,813100100,43143,71906,813200000,813200000
2,8132,813200000,813200100,43143,71906,813300000,813300000
2,8133,813300000,813300100,43143,71906,813400000,813400000
2,8134,813400000,813400100,43143,71906,813500000,813500000
2,8135,813500000,813500100,43143,71906,813600000,813600000
2,8136,813600000,813600100,43143,71906,813700000,813700000
2,8137,813700000,813700100,43143,71906,813800000,813800000
2,8138,813800000,813800100,43143,71906,813900000,813900000
2,8139,813900000,813900100,43143,71906,814000000,814000000
2,8140,814000000,814000100,43143,71906,814100000,814100000
2,8141,814100000,814100100,43143,71906,814200000,814200000
2,8142,814200000,814200100,43143,71906,814300000,814300000
2,8143,814300000,814300100,43143,71906,814400000,814400000
2,8144,814400000,814400100,43143,71906,814500000,814500000
2,8145,814500000,814500100,43143,71906,814600000,814600000
2,8146,814600000,814600100,43143,71906,814700000,814700000
2,8147,814700000,814700100,43143,71906,814800000,814800000
2,8148,814800000,814800100,43143,71906,814900000,814900000
2,8149,814900000,814900100,43143,71906,815000000,815000000
2,8150,815000000,815000100,43143,71906,815100000,815100000
2,8151,815100000,815100100,43143,71906,815200000,815200000
2,8152,815200000,815200100,43143,71906,815300000,815300000
2,8153,815300000,815300100,43143,71906,815400000,815400000
2,8154,815400000,815400100,43143,71906,815500000,815500000
2,8155,815500000,815500100,43143,71906,815600000,815600000
2,8156,815600000,815600100,43143,71906,815700000,815700000
2,8157,815700000,815700100,43143,71906,815800000,815800000
2,8158,815800000,815800100,43143,71906,815900000,815900000
2,8159,815900000,815900100,43143,71906,816000000,816000000
2,8160,816000000,816000100,43143,71906,816100000,816100000
2,8161,816100000,816100100,43143,71906,816200000,816200000
2,8162,816200000,816200100,43143,71906,816300000,816300000
2,8163,816300000,816300100,43143,71906,816400000,816400000
2,8164,816400000,816400100,43143,71906,816500000,816500000
2,8165,816500000,816500100,43143,71906,816600000,816600000
2,8166,816600000,816600100,43143,71906,816700000,816700000
2,8167,816700000,816700100,43143,71906,816800000,816800000
2,8168,816800000,816800100,43143,71906,816900000,816900000
2,8169,816900000,816900100,43143,71906,817000000,817000000
2,8170,817000000,817000100,43143,71906,817100000,817100000
2,8171,817100000,817100100,43143,71906,817200000,817200000
2,8172,817200000,817200100,43143,71906,817300000,817300000
2,8173,817300000,817300100,43143,71906,817400000,817400000
2,8174,817400000,817400100,43143,71906,817500000,817500000
2,8175,817500000,817500100,43143,71906,817600000,817600000
2,8176,817600000,817600100,43143,71906,817700000,817700000
2,8177,817700000,817700100,43143,71906,817800000,817800000
2,8178,817800000,817800100,43143,71906,817900000,817900000
2,8179,817900000,817900100,43143,71906,818000000,818000000
2,8180,818000000,818000100,43143,71906,818100000,818100000
2,8181,818100000,818100100,43143,71906,818200000,818200000
2,8182,818200000,818200100,43143,71906,818300000,818300000
2,8183,818300000,818300100,43143,71906,818400000,818400000
2,8184,818400000,818400100,43143,71906,818500000,818500000
2,8185,818500000,818500100,43143,71906,818600000,818600000
2,8186,818600000,818600100,43143,71906,818700000,818700000
2,8187,818700000,818700100,43143,71906,818800000,818800000
2,8188,818800000,818800100,43143,71906,818900000,818900000
2,8189,818900000,818900100,43143,71906,819000000,819000000
2,8190,819000000,819000100,43143,71906,819100000,819100000
2,8191,819100000,819100100,43143,71906,819200000,819200000
2,8192,819200000,819200100,43143,71906,819300000,819300000
2,8193,819300000,819300100,43143,71906,819400000,819400000
2,8194,819400000,819400100,43143,71906,819500000,819500000
2,8195,819500000,819500100,43143,71906,819600000,819600000
2,8196,819600000,819600100,43143,71906,819700000,819700000
2,8197,819700000,819700100,43143,71906,819800000,819800000
2,8198,819800000,819800100,43143,71906,819900000,819900000
2,8199,819900000,819900100,43143,71906,820000000,820000000
2,8200,820000000,820000100,43143,71906,820100000,820100000
2,8201,820100000,820100100,43143,71906,820200000,820200000
2,8202,820200000,820200100,43143,71906,820300000,820300000
2,8203,820300000,820300100,43143,71906,820400000,820400000
2,8204,820400000,820400100,43143,71906,820500000,820500000
2,8205,820500000,820500100,43143,71906,820600000,820600000
2,8206,820600000,820600100,43143,71906,820700000,820700000
2,8207,820700000,820700100,43143,71906,820800000,820800000
2,8208,820800000,820800100,43143,71906,820900000,820900000
2,8209,820900000,820900100,43143,71906,821000000,821000000
2,8210,821000000,821000100,43143,71906,821100000,821100000
2,8211,821100000,821100100,43143,71906,821200000,821200000
2,8212,821200000,821200100,43143,71906,821300000,821300000
2,8213,821300000,821300100,43143,71906,821400000,821400000
2,8214,821400000,821400100,43143,71906,821500000,821500000
2,8215,821500000,821500100,43143,71906,821600000,821600000
2,8216,821600000,821600100,43143,71906,821700000,821700000
2,8217,821700000,821700100,43143,71906,821800000,821800000
2,8218,821800000,821800100,43143,71906,821900000,821900000
2,8219,821900000,821900100,43143,71906,822000000,822000000
2,8220,822000000,822000100,43143,71906,822100000,822100000
2,8221,822100000,822100100,43143,71906,822200000,822200000
2,8222,822200000,822200100,43143,71906,822300000,822300000
2,8223,822300000,822300100,43143,71906,822400000,822400000
2,8224,822400000,822400100,43143,71906,822500000,822500000
2,8225,822500000,822500100,43143,71906,822600000,822600000
2,8226,822600000,822600100,43143,71906,822700000,822700000
2,8227,822700000,822700100,43143,71906,822800000,822800000
2,8228,822800000,822800100,43143,71906,822900000,822900000
2,8229,822900000,822900100,43143,71906,823000000,823000000
2,8230,823000000,823000100,43143,71906,823100000,823100000
2,8231,823100000,823100100,43143,71906,823200000,823200000
2,8232,823200000,823200100,43143,71906,823300000,823300000
2,8233,823300000,823300100,43143,71906,823400000,823400000
2,8234,823400000,823400100,43143,71906,823500000,823500000
2,8235,823500000,823500100,43143,71906,823600000,823600000
2,8236,823600000,823600100,43143,71906,823700000,823700000
2,8237,823700000,823700100,43143,71906,823800000,823800000
2,8238,823800000,823800100,43143,71906,823900000,823900000
2,8239,823900000,823900100,43143,71906,824000000,824000000
2,8240,824000000,824000100,43143,71906,824100000,824100000
2,8241,824100000,824100100,43143,71906,824200000,824200000
2,8242,824200000,824200100,43143,71906,824300000,824300000
2,8243,824300000,824300100,43143,71906,824400000,824400000
2,8244,824400000,824400100,43143,71906,824500000,824500000
2,8245,824500000,824500100,43143,71906,824600000,824600000
2,8246,824600000,824600100,43143,71906,824700000,824700000
2,8247,824700000,824700100,43143,71906,824800000,824800000
2,8248,824800000,824800100,43143,71906,824900000,824900000
2,8249,824900000,824900100,43143,71906,825000000,825000000
2,8250,825000000,825000100,43143,71906,825100000,825100000
2,8251,825100000,825100100,43143,71906,825200000,825200000
2,8252,825200000,825200100,43143,71906,825300000,825300000
2,8253,825300000,825300100,43143,71906,825400000,825400000
2,8254,825400000,825400100,43143,71906,825500000,825500000
2,8255,825500000,825500100,43143,71906,825600000,825600000
2,8256,825600000,825600100,43143,71906,825700000,825700000
2,8257,825700000,825700100,43143,71906,825800000,825800000
2,8258,825800000,825800100,43143,71906,825900000,825900000
2,8259,825900000,825900100,43143,71906,826000000,826000000
2,8260,826000000,826000100,43143,71906,826100000,826100000
2,8261,826100000,826100100,43143,71906,826200000,826200000
2,8262,826200000,826200100,43143,71906,826300000,826300000
2,8263,826300000,826300100,43143,71906,826400000,826400000
2,8264,826400000,826400100,43143,71906,826500000,826500000
2,8265,826500000,826500100,43143,71906,826600000,826600000
2,8266,826600000,826600100,43143,71906,826700000,826700000
2,8267,826700000,826700100,43143,71906,826800000,826800000
2,8268,826800000,826800100,43143,71906,826900000,826900000
2,8269,826900000,826900100,43143,71906,827000000,827000000
2,8270,827000000,827000100,43143,71906,827100000,827100000
2,8271,827100000,827100100,43143,71906,827200000,827200000
2,8272,827200000,827200100,43143,71906,827300000,827300000
2,8273,827300000,827300100,43143,71906,827400000,827400000
2,8274,827400000,827400100,43143,71906,827500000,827500000
2,8275,827500000,827500100,43143,71906,827600000,827600000
2,8276,827600000,827600100,43143,71906,827700000,827700000
2,8277,827700000,827700100,43143,71906,827800000,827800000
2,8278,827800000,827800100,43143,71906,827900000,827900000
2,8279,827900000,827900100,43143,71906,828000000,828000000
2,8280,828000000,828000100,43143,71906,828100000,828100000
2,8281,828100000,828100100,43143,71906,828200000,828200000
2,8282,828200000,828200100,43143,71906,828300000,828300000
2,8283,828300000,828300100,43143,71906,828400000,828400000
2,8284,828400000,828400100,43143,71906,828500000,828500000
2,8285,828500000,828500100,43143,71906,828600000,828600000
2,8286,828600000,828600100,43143,71906,828700000,828700000
2,8287,828700000,828700100,43143,71906,828800000,828800000
2,8288,828800000,828800100,43143,71906,828900000,828900000
2,8289,828900000,828900100,43143,71906,829000000,829000000
2,8290,829000000,829000100,43143,71906,829100000,829100000
2,8291,829100000,829100100,43143,71906,829200000,829200000
2,8292,829200000,829200100,43143,71906,829300000,829300000
2,8293,829300000,829300100,43143,71906,829400000,829400000
2,8294,829400000,829400100,43143,71906,829500000,829500000
2,8295,829500000,829500100,43143,71906,829600000,829600000
2,8296,829600000,829600100,43143,71906,829700000,829700000
2,8297,829700000,829700100,43143,71906,829800000,829800000
2,8298,829800000,829800100,43143,71906,829900000,829900000
2,8299,829900000,829900100,43143,71906,830000000,830000000
2,8300,830000000,830000100,43143,71906,830100000,830100000
2,8301,830100000,830100100,43143,71906,830200000,830200000
2,8302,830200000,830200100,43143,71906,830300000,830300000
2,8303,830300000,830300100,43143,71906,830400000,830400000
2,8304,830400000,830400100,43143,71906,830500000,830500000
2,8305,830500000,830500100,43143,71906,830600000,830600000
2,8306,830600000,830600100,43143,71906,830700000,830700000
2,8307,830700000,830700100,43143,71906,830800000,830800000
2,8308,830800000,830800100,43143,71906,830900000,830900000
2,8309,830900000,830900100,43143,71906,831000000,831000000
2,8310,831000000,831000100,43143,71906,831100000,831100000
2,8311,831100000,831100100,43143,71906,831200000,831200000
2,8312,831200000,831200100,43143,71906,831300000,831300000
2,8313,831300000,831300100,43143,71906,831400000,831400000
2,8314,831400000,831400100,43143,71906,831500000,831500000
2,8315,831500000,831500100,43143,71906,831600000,831600000
2,8316,831600000,831600100,43143,71906,831700000,831700000
2,8317,831700000,831700100,43143,71906,831800000,831800000
2,8318,831800000,831800100,43143,71906,831900000,831900000
2,8319,831900000,831900100,43143,71906,832000000,832000000
2,8320,832000000,832000100,43143,71906,832100000,832100000
2,8321,832100000,832100100,43143,71906,832200000,832200000
2,8322,832200000,832200100,43143,71906,832300000,832300000
2,8323,832300000,832300100,43143,71906,832400000,832400000
2,8324,832400000,832400100,43143,71906,832500000,832500000
2,8325,832500000,832500100,43143,71906,832600000,832600000
2,8326,832600000,832600100,43143,71906,832700000,832700000
2,8327,832700000,832700100,43143,71906,832800000,832800000
2,8328,832800000,832800100,43143,71906,832900000,832900000
2,8329,832900000,832900100,43143,71906,833000000,833000000
2,8330,833000000,833000100,43143,71906,833100000,833100000
2,8331,833100000,833100100,43143,71906,833200000,833200000
2,8332,833200000,833200100,43143,71906,833300000,833300000
2,8333,833300000,833300100,43143,71906,833400000,833400000
2,8334,833400000,833400100,43143,71906,833500000,833500000
2,8335,833500000,833500100,43143,71906,833600000,833600000
2,8336,833600000,833600100,43143,71906,833700000,833700000
2,8337,833700000,833700100,43143,71906,833800000,833800000
2,8338,833800000,833800100,43143,71906,833900000,833900000
2,8339,833900000,833900100,43143,71906,834000000,834000000
2,8340,834000000,834000100,43143,71906,834100000,834100000
2,8341,834100000,834100100,43143,71906,834200000,834200000
2,8342,834200000,834200100,43143,71906,834300000,834300000
2,8343,834300000,834300100,43143,71906,834400000,834400000
2,8344,834400000,834400100,43143,71906,834500000,834500000
2,8345,834500000,834500100,43143,71906,834600000,834600000
2,8346,834600000,834600100,43143,71906,834700000,834700000
2,8347,834700000,834700100,43143,71906,834800000,834800000
2,8348,834800000,834800100,43143,71906,834900000,834900000
2,8349,834900000,834900100,43143,71906,835000000,835000000
2,8350,835000000,835000100,43143,71906,835100000,835100000
2,8351,835100000,835100100,43143,71906,835200000,835200000
2,8352,835200000,835200100,43143,71906,835300000,835300000
2,8353,835300000,835300100,43143,71906,835400000,835400000
2,8354,835400000,835400100,43143,71906,835500000,835500000
2,8355,835500000,835500100,43143,71906,835600000,835600000
2,8356,835600000,835600100,43143,71906,835700000,835700000
2,8357,835700000,835700100,43143,71906,835800000,835800000
2,8358,835800000,835800100,43143,71906,835900000,835900000
2,8359,835900000,835900100,43143,71906,836000000,836000000
2,8360,836000000,836000100,43143,71906,836100000,836100000
2,8361,836100000,836100100,43143,71906,836200000,836200000
2,8362,836200000,836200100,43143,71906,836300000,836300000
2,8363,836300000,836300100,43143,71906,836400000,836400000
2,8364,836400000,836400100,43143,71906,836500000,836500000
2,8365,836500000,836500100,43143,71906,836600000,836600000
2,8366,836600000,836600100,43143,71906,836700000,836700000
2,8367,836700000,836700100,43143,71906,836800000,836800000
2,8368,836800000,836800100,43143,71906,836900000,836900000
2,8369,836900000,836900100,43143,71906,837000000,837000000
2,8370,837000000,837000100,43143,71906,837100000,837100000
2,8371,837100000,837100100,43143,71906,837200000,837200000
2,8372,837200000,837200100,43143,71906,837300000,837300000
2,8373,837300000,837300100,43143,71906,837400000,837400000
2,8374,837400000,837400100,43143,71906,837500000,837500000
2,8375,837500000,837500100,43143,71906,837600000,837600000
2,8376,837600000,837600100,43143,71906,837700000,837700000
2,8377,837700000,837700100,43143,71906,837800000,837800000
2,8378,837800000,837800100,43143,71906,837900000,837900000
2,8379,837900000,837900100,43143,71906,838000000,838000000
2,8380,838000000,838000100,43143,71906,838100000,838100000
2,8381,838100000,838100100,43143,71906,838200000,838200000
2,8382,838200000,838200100,43143,71906,838300000,838300000
2,8383,838300000,838300100,43143,71906,838400000,838400000
2,8384,838400000,838400100,43143,71906,838500000,838500000
2,8385,838500000,838500100,43143,71906,838600000,838600000
2,8386,838600000,838600100,43143,71906,838700000,838700000
2,8387,838700000,838700100,43143,71906,838800000,838800000
2,8388,838800000,838800100,43143,71906,838900000,838900000
2,8389,838900000,838900100,43143,71906,839000000,839000000
2,8390,839000000,839000100,43143,71906,839100000,839100000
2,8391,839100000,839100100,43143,71906,839200000,839200000
2,8392,839200000,839200100,43143,71906,839300000,839300000
2,8393,839300000,839300100,43143,71906,839400000,839400000
2,8394,839400000,839400100,43143,71906,839500000,839500000
2,8395,839500000,839500100,43143,71906,839600000,839600000
2,8396,839600000,839600100,43143,71906,839700000,839700000
2,8397,839700000,839700100,43143,71906,839800000,839800000
2,8398,839800000,839800100,43143,71906,839900000,839900000
2,8399,839900000,839900100,43143,71906,840000000,840000000
2,8400,840000000,840000100,43143,71906,840100000,840100000
2,8401,840100000,840100100,43143,71906,840200000,840200000
2,8402,840200000,840200100,43143,71906,840300000,840300000
2,8403,840300000,840300100,43143,71906,840400000,840400000
2,8404,840400000,840400100,43143,71906,840500000,840500000
2,8405,840500000,840500100,43143,71906,840600000,840600000
2,8406,840600000,840600100,43143,71906,840700000,840700000
2,8407,840700000,840700100,43143,71906,840800000,840800000
2,8408,840800000,840800100,43143,71906,840900000,840900000
2,8409,840900000,840900100,43143,71906,841000000,841000000
2,8410,841000000,841000100,43143,71906,841100000,841100000
2,8411,841100000,841100100,43143,71906,841200000,841200000
2,8412,841200000,841200100,43143,71906,841300000,841300000
2,8413,841300000,841300100,43143,71906,841400000,841400000
2,8414,841400000,841400100,43143,71906,841500000,841500000
2,8415,841500000,841500100,43143,71906,841600000,841600000
2,8416,841600000,841600100,43143,71906,841700000,841700000
2,8417,841700000,841700100,43143,71906,841800000,841800000
2,8418,841800000,841800100,43143,71906,841900000,841900000
2,8419,841900000,841900100,43143,71906,842000000,842000000
2,8420,842000000,842000100,43143,71906,842100000,842100000
2,8421,842100000,842100100,43143,71906,842200000,842200000
2,8422,842200000,842200100,43143,71906,842300000,842300000
2,8423,842300000,842300100,43143,71906,842400000,842400000
2,8424,842400000,842400100,43143,71906,842500000,842500000
2,8425,842500000,842500100,43143,71906,842600000,842600000
2,8426,842600000,842600100,43143,71906,842700000,842700000
2,8427,842700000,842700100,43143,71906,842800000,842800000
2,8428,842800000,842800100,43143,71906,842900000,842900000
2,8429,842900000,842900100,43143,71906,843000000,843000000
2,8430,843000000,843000100,43143,71906,843100000,843100000
2,8431,843100000,843100100,43143,71906,843200000,843200000
2,8432,843200000,843200100,43143,71906,843300000,843300000
2,8433,843300000,843300100,43143,71906,843400000,843400000
2,8434,843400000,843400100,43143,71906,843500000,843500000
2,8435,843500000,843500100,43143,71906,843600000,843600000
2,8436,843600000,843600100,43143,71906,843700000,843700000
2,8437,843700000,843700100,43143,71906,843800000,843800000
2,8438,843800000,843800100,43143,71906,843900000,843900000
2,8439,843900000,843900100,43143,71906,844000000,844000000
2,8440,844000000,844000100,43143,71906,844100000,844100000
2,8441,844100000,844100100,43143,71906,844200000,844200000
2,8442,844200000,844200100,43143,71906,844300000,844300000
2,8443,844300000,844300100,43143,71906,844400000,844400000
2,8444,844400000,844400100,43143,71906,844500000,844500000
2,8445,844500000,844500100,43143,71906,844600000,844600000
2,8446,844600000,844600100,43143,71906,844700000,844700000
2,8447,844700000,844700100,43143,71906,844800000,844800000
2,8448,844800000,844800100,43143,71906,844900000,844900000
2,8449,844900000,844900100,43143,71906,845000000,845000000
2,8450,845000000,845000100,43143,71906,845100000,845100000
2,8451,845100000,845100100,43143,71906,845200000,845200000
2,8452,845200000,845200100,43143,71906,845300000,845300000
2,8453,845300000,845300100,43143,71906,845400000,845400000
2,8454,845400000,845400100,43143,71906,845500000,845500000
2,8455,845500000,845500100,43143,71906,845600000,845600000
2,8456,845600000,845600100,43143,71906,845700000,845700000
2,8457,845700000,845700100,43143,71906,845800000,845800000
2,8458,845800000,845800100,43143,71906,845900000,845900000
2,8459,845900000,845900100,43143,71906,846000000,846000000
2,8460,846000000,846000100,43143,71906,846100000,846100000
2,8461,846100000,846100100,43143,71906,846200000,846200000
2,8462,846200000,846200100,43143,71906,846300000,846300000
2,8463,846300000,846300100,43143,71906,846400000,846400000
2,8464,846400000,846400100,43143,71906,846500000,846500000
2,8465,846500000,846500100,43143,71906,846600000,846600000
2,8466,846600000,846600100,43143,71906,846700000,846700000
2,8467,846700000,846700100,43143,71906,846800000,846800000
2,8468,846800000,846800100,43143,71906,846900000,846900000
2,8469,846900000,846900100,43143,71906,847000000,847000000
2,8470,847000000,847000100,43143,71906,847100000,847100000
2,8471,847100000,847100100,43143,71906,847200000,847200000
2,8472,847200000,847200100,43143,71906,847300000,847300000
2,8473,847300000,847300100,43143,71906,847400000,847400000
2,8474,847400000,847400100,43143,71906,847500000,847500000
2,8475,847500000,847500100,43143,71906,847600000,847600000
2,8476,847600000,847600100,43143,71906,847700000,847700000
2,8477,847700000,847700100,43143,71906,847800000,847800000
2,8478,847800000,847800100,43143,71906,847900000,847900000
2,8479,847900000,847900100,43143,71906,848000000,848000000
2,8480,848000000,848000100,43143,71906,848100000,848100000
2,8481,848100000,848100100,43143,71906,848200000,848200000
2,8482,848200000,848200100,43143,71906,848300000,848300000
2,8483,848300000,848300100,43143,71906,848400000,848400000
2,8484,848400000,848400100,43143,71906,848500000,848500000
2,8485,848500000,848500100,43143,71906,848600000,848600000
2,8486,848600000,848600100,43143,71906,848700000,848700000
2,8487,848700000,848700100,43143,71906,848800000,848800000
2,8488,848800000,848800100,43143,71906,848900000,848900000
2,8489,848900000,848900100,43143,71906,849000000,849000000
2,8490,849000000,849000100,43143,71906,849100000,849100000
2,8491,849100000,849100100,43143,71906,849200000,849200000
2,8492,849200000,849200100,43143,71906,849300000,849300000
2,8493,849300000,849300100,43143,71906,849400000,849400000
2,8494,849400000,849400100,43143,71906,849500000,849500000
2,8495,849500000,849500100,43143,71906,849600000,849600000
2,8496,849600000,849600100,43143,71906,849700000,849700000
2,8497,849700000,849700100,43143,71906,849800000,849800000
2,8498,849800000,849800100,43143,71906,849900000,849900000
2,8499,849900000,849900100,43143,71906,850000000,850000000
2,8500,850000000,850000100,43143,71906,850100000,850100000
2,8501,850100000,850100100,43143,71906,850200000,850200000
2,8502,850200000,850200100,43143,71906,850300000,850300000
2,8503,850300000,850300100,43143,71906,850400000,850400000
2,8504,850400000,850400100,43143,71906,850500000,850500000
2,8505,850500000,850500100,43143,71906,850600000,850600000
2,8506,850600000,850600100,43143,71906,850700000,850700000
2,8507,850700000,850700100,43143,71906,850800000,850800000
2,8508,850800000,850800100,43143,71906,850900000,850900000
2,8509,850900000,850900100,43143,71906,851000000,851000000
2,8510,851000000,851000100,43143,71906,851100000,851100000
2,8511,851100000,851100100,43143,71906,851200000,851200000
2,8512,851200000,851200100,43143,71906,851300000,851300000
2,8513,851300000,851300100,43143,71906,851400000,851400000
2,8514,851400000,851400100,43143,71906,851500000,851500000
2,8515,851500000,851500100,43143,71906,851600000,851600000
2,8516,851600000,851600100,43143,71906,851700000,851700000
2,8517,851700000,851700100,43143,71906,851800000,851800000
2,8518,851800000,851800100,43143,71906,851900000,851900000
2,8519,851900000,851900100,43143,71906,852000000,852000000
2,8520,852000000,852000100,43143,71906,852100000,852100000
2,8521,852100000,852100100,43143,71906,852200000,852200000
2,8522,852200000,852200100,43143,71906,852300000,852300000
2,8523,852300000,852300100,43143,71906,852400000,852400000
2,8524,852400000,852400100,43143,71906,852500000,852500000
2,8525,852500000,852500100,43143,71906,852600000,852600000
2,8526,852600000,852600100,43143,71906,852700000,852700000
2,8527,852700000,852700100,43143,71906,852800000,852800000
2,8528,852800000,852800100,43143,71906,852900000,852900000
2,8529,852900000,852900100,43143,71906,853000000,853000000
2,8530,853000000,853000100,43143,71906,853100000,853100000
2,8531,853100000,853100100,43143,71906,853200000,853200000
2,8532,853200000,853200100,43143,71906,853300000,853300000
2,8533,853300000,853300100,43143,71906,853400000,853400000
2,8534,853400000,853400100,43143,71906,853500000,853500000
2,8535,853500000,853500100,43143,71906,853600000,853600000
2,8536,853600000,853600100,43143,71906,853700000,853700000
2,8537,853700000,853700100,43143,71906,853800000,853800000
2,8538,853800000,853800100,43143,71906,853900000,853900000
2,8539,853900000,853900100,43143,71906,854000000,854000000
2,8540,854000000,854000100,43143,71906,854100000,854100000
2,8541,854100000,854100100,43143,71906,854200000,854200000
2,8542,854200000,854200100,43143,71906,854300000,854300000
2,8543,854300000,854300100,43143,71906,854400000,854400000
2,8544,854400000,854400100,43143,71906,854500000,854500000
2,8545,854500000,854500100,43143,71906,854600000,854600000
2,8546,854600000,854600100,43143,71906,854700000,854700000
2,8547,854700000,854700100,43143,71906,854800000,854800000
2,8548,854800000,854800100,43143,71906,854900000,854900000
2,8549,854900000,854900100,43143,71906,855000000,855000000
2,8550,855000000,855000100,43143,71906,855100000,855100000
2,8551,855100000,855100100,43143,71906,855200000,855200000
2,8552,855200000,855200100,43143,71906,855300000,855300000
2,8553,855300000,855300100,43143,71906,855400000,855400000
2,8554,855400000,855400100,43143,71906,855500000,855500000
2,8555,855500000,855500100,43143,71906,855600000,855600000
2,8556,855600000,855600100,43143,71906,855700000,855700000
2,8557,855700000,855700100,43143,71906,855800000,855800000
2,8558,855800000,855800100,43143,71906,855900000,855900000
2,8559,855900000,855900100,43143,71906,856000000,856000000
2,8560,856000000,856000100,43143,71906,856100000,856100000
2,8561,856100000,856100100,43143,71906,856200000,856200000
2,8562,856200000,856200100,43143,71906,856300000,856300000
2,8563,856300000,856300100,43143,71906,856400000,856400000
2,8564,856400000,856400100,43143,71906,856500000,856500000
2,8565,856500000,856500100,43143,71906,856600000,856600000
2,8566,856600000,856600100,43143,71906,856700000,856700000
2,8567,856700000,856700100,43143,71906,856800000,856800000
2,8568,856800000,856800100,43143,71906,856900000,856900000
2,8569,856900000,856900100,43143,71906,857000000,857000000
2,8570,857000000,857000100,43143,71906,857100000,857100000
2,8571,857100000,857100100,43143,71906,857200000,857200000
2,8572,857200000,857200100,43143,71906,857300000,857300000
2,8573,857300000,857300100,43143,71906,857400000,857400000
2,8574,857400000,857400100,43143,71906,857500000,857500000
2,8575,857500000,857500100,43143,71906,857600000,857600000
2,8576,857600000,857600100,43143,71906,857700000,857700000
2,8577,857700000,857700100,43143,71906,857800000,857800000
2,8578,857800000,857800100,43143,71906,857900000,857900000
2,8579,857900000,857900100,43143,71906,858000000,858000000
2,8580,858000000,858000100,43143,71906,858100000,858100000
2,8581,858100000,858100100,43143,71906,858200000,858200000
2,8582,858200000,858200100,43143,71906,858300000,858300000
2,8583,858300000,858300100,43143,71906,858400000,858400000
2,8584,858400000,858400100,43143,71906,858500000,858500000
2,8585,858500000,858500100,43143,71906,858600000,858600000
2,8586,858600000,858600100,43143,71906,858700000,858700000
2,8587,858700000,858700100,43143,71906,858800000,858800000
2,8588,858800000,858800100,43143,71906,858900000,858900000
2,8589,858900000,858900100,43143,71906,859000000,859000000
2,8590,859000000,859000100,43143,71906,859100000,859100000
2,8591,859100000,859100100,43143,71906,859200000,859200000
2,8592,859200000,859200100,43143,71906,859300000,859300000
2,8593,859300000,859300100,43143,71906,859400000,859400000
2,8594,859400000,859400100,43143,71906,859500000,859500000
2,8595,859500000,859500100,43143,71906,859600000,859600000
2,8596,859600000,859600100,43143,71906,859700000,859700000
2,8597,859700000,859700100,43143,71906,859800000,859800000
2,8598,859800000,859800100,43143,71906,859900000,859900000
2,8599,859900000,859900100,43143,71906,860000000,860000000
2,8600,860000000,860000100,43143,71906,860100000,860100000
2,8601,860100000,860100100,43143,71906,860200000,860200000
2,8602,860200000,860200100,43143,71906,860300000,860300000
2,8603,860300000,860300100,43143,71906,860400000,860400000
2,8604,860400000,860400100,43143,71906,860500000,860500000
2,8605,860500000,860500100,43143,71906,860600000,860600000
2,8606,860600000,860600100,43143,71906,860700000,860700000
2,8607,860700000,860700100,43143,71906,860800000,860800000
2,8608,860800000,860800100,43143,71906,860900000,860900000
2,8609,860900000,860900100,43143,71906,861000000,861000000
2,8610,861000000,861000100,43143,71906,861100000,861100000
2,8611,861100000,861100100,43143,71906,861200000,861200000
2,8612,861200000,861200100,43143,71906,861300000,861300000
2,8613,861300000,861300100,43143,71906,861400000,861400000
2,8614,861400000,861400100,43143,71906,861500000,861500000
2,8615,861500000,861500100,43143,71906,861600000,861600000
2,8616,861600000,861600100,43143,71906,861700000,861700000
2,8617,861700000,861700100,43143,71906,861800000,861800000
2,8618,861800000,861800100,43143,71906,861900000,861900000
2,8619,861900000,861900100,43143,71906,862000000,862000000
2,8620,862000000,862000100,43143,71906,862100000,862100000
2,8621,862100000,862100100,43143,71906,862200000,862200000
2,8622,862200000,862200100,43143,71906,862300000,862300000
2,8623,862300000,862300100,43143,71906,862400000,862400000
2,8624,862400000,862400100,43143,71906,862500000,862500000
2,8625,862500000,862500100,43143,71906,862600000,862600000
2,8626,862600000,862600100,43143,71906,862700000,862700000
2,8627,862700000,862700100,43143,71906,862800000,862800000
2,8628,862800000,862800100,43143,71906,862900000,862900000
2,8629,862900000,862900100,43143,71906,863000000,863000000
2,8630,863000000,863000100,43143,71906,863100000,863100000
2,8631,863100000,863100100,43143,71906,863200000,863200000
2,8632,863200000,863200100,43143,71906,863300000,863300000
2,8633,863300000,863300100,43143,71906,863400000,863400000
2,8634,863400000,863400100,43143,71906,863500000,863500000
2,8635,863500000,863500100,43143,71906,863600000,863600000
2,8636,863600000,863600100,43143,71906,863700000,863700000
2,8637,863700000,863700100,43143,71906,863800000,863800000
2,8638,863800000,863800100,43143,71906,863900000,863900000
2,8639,863900000,863900100,43143,71906,864000000,864000000
2,8640,864000000,864000100,43143,71906,864100000,864100000
2,8641,864100000,864100100,43143,71906,864200000,864200000
2,8642,864200000,864200100,43143,71906,864300000,864300000
2,8643,864300000,864300100,43143,71906,864400000,864400000
2,8644,864400000,864400100,43143,71906,864500000,864500000
2,8645,864500000,864500100,43143,71906,864600000,864600000
2,8646,864600000,864600100,43143,71906,864700000,864700000
2,8647,864700000,864700100,43143,71906,864800000,864800000
2,8648,864800000,864800100,43143,71906,864900000,864900000
2,8649,864900000,864900100,43143,71906,865000000,865000000
2,8650,865000000,865000100,43143,71906,865100000,865100000
2,8651,865100000,865100100,43143,71906,865200000,865200000
2,8652,865200000,865200100,43143,71906,865300000,865300000
2,8653,865300000,865300100,43143,71906,865400000,865400000
2,8654,865400000,865400100,43143,71906,865500000,865500000
2,8655,865500000,865500100,43143,71906,865600000,865600000
2,8656,865600000,865600100,43143,71906,865700000,865700000
2,8657,865700000,865700100,43143,71906,865800000,865800000
2,8658,865800000,865800100,43143,71906,865900000,865900000
2,8659,865900000,865900100,43143,71906,866000000,866000000
2,8660,866000000,866000100,43143,71906,866100000,866100000
2,8661,866100000,866100100,43143,71906,866200000,866200000
2,8662,866200000,866200100,43143,71906,866300000,866300000
2,8663,866300000,866300100,43143,71906,866400000,866400000
2,8664,866400000,866400100,43143,71906,866500000,866500000
2,8665,866500000,866500100,43143,71906,866600000,866600000
2,8666,866600000,866600100,43143,71906,866700000,866700000
2,8667,866700000,866700100,43143,71906,866800000,866800000
2,8668,866800000,866800100,43143,71906,866900000,866900000
2,8669,866900000,866900100,43143,71906,867000000,867000000
2,8670,867000000,867000100,43143,71906,867100000,867100000
2,8671,867100000,867100100,43143,71906,867200000,867200000
2,8672,867200000,867200100,43143,71906,867300000,867300000
2,8673,867300000,867300100,43143,71906,867400000,867400000
2,8674,867400000,867400100,43143,71906,867500000,867500000
2,8675,867500000,867500100,43143,71906,867600000,867600000
2,8676,867600000,867600100,43143,71906,867700000,867700000
2,8677,867700000,867700100,43143,71906,867800000,867800000
2,8678,867800000,867800100,43143,71906,867900000,867900000
2,8679,867900000,867900100,43143,71906,868000000,868000000
2,8680,868000000,868000100,43143,71906,868100000,868100000
2,8681,868100000,868100100,43143,71906,868200000,868200000
2,8682,868200000,868200100,43143,71906,868300000,868300000
2,8683,868300000,868300100,43143,71906,868400000,868400000
2,8684,868400000,868400100,43143,71906,868500000,868500000
2,8685,868500000,868500100,43143,71906,868600000,868600000
2,8686,868600000,868600100,43143,71906,868700000,868700000
2,8687,868700000,868700100,43143,71906,868800000,868800000
2,8688,868800000,868800100,43143,71906,868900000,868900000
2,8689,868900000,868900100,43143,71906,869000000,869000000
2,8690,869000000,869000100,43143,71906,869100000,869100000
2,8691,869100000,869100100,43143,71906,869200000,869200000
2,8692,869200000,869200100,43143,71906,869300000,869300000
2,8693,869300000,869300100,43143,71906,869400000,869400000
2,8694,869400000,869400100,43143,71906,869500000,869500000
2,8695,869500000,869500100,43143,71906,869600000,869600000
2,8696,869600000,869600100,43143,71906,869700000,869700000
2,8697,869700000,869700100,43143,71906,869800000,869800000
2,8698,869800000,869800100,43143,71906,869900000,869900000
2,8699,869900000,869900100,43143,71906,870000000,870000000
2,8700,870000000,870000100,43143,71906,870100000,870100000
2,8701,870100000,870100100,43143,71906,870200000,870200000
2,8702,870200000,870200100,43143,71906,870300000,870300000
2,8703,870300000,870300100,43143,71906,870400000,870400000
2,8704,870400000,870400100,43143,71906,870500000,870500000
2,8705,870500000,870500100,43143,71906,870600000,870600000
2,8706,870600000,870600100,43143,71906,870700000,870700000
2,8707,870700000,870700100,43143,71906,870800000,870800000
2,8708,870800000,870800100,43143,71906,870900000,870900000
2,8709,870900000,870900100,43143,71906,871000000,871000000
2,8710,871000000,871000100,43143,71906,871100000,871100000
2,8711,871100000,871100100,43143,71906,871200000,871200000
2,8712,871200000,871200100,43143,71906,871300000,871300000
2,8713,871300000,871300100,43143,71906,871400000,871400000
2,8714,871400000,871400100,43143,71906,871500000,871500000
2,8715,871500000,871500100,43143,71906,871600000,871600000
2,8716,871600000,871600100,43143,71906,871700000,871700000
2,8717,871700000,871700100,43143,71906,871800000,871800000
2,8718,871800000,871800100,43143,71906,871900000,871900000
2,8719,871900000,871900100,43143,71906,872000000,872000000
2,8720,872000000,872000100,43143,71906,872100000,872100000
2,8721,872100000,872100100,43143,71906,872200000,872200000
2,8722,872200000,872200100,43143,71906,872300000,872300000
2,8723,872300000,872300100,43143,71906,872400000,872400000
2,8724,872400000,872400100,43143,71906,872500000,872500000
2,8725,872500000,872500100,43143,71906,872600000,872600000
2,8726,872600000,872600100,43143,71906,872700000,872700000
2,8727,872700000,872700100,43143,71906,872800000,872800000
2,8728,872800000,872800100,43143,71906,872900000,872900000
2,8729,872900000,872900100,43143,71906,873000000,873000000
2,8730,873000000,873000100,43143,71906,873100000,873100000
2,8731,873100000,873100100,43143,71906,873200000,873200000
2,8732,873200000,873200100,43143,71906,873300000,873300000
2,8733,873300000,873300100,43143,71906,873400000,873400000
2,8734,873400000,873400100,43143,71906,873500000,873500000
2,8735,873500000,873500100,43143,71906,873600000,873600000
2,8736,873600000,873600100,43143,71906,873700000,873700000
2,8737,873700000,873700100,43143,71906,873800000,873800000
2,8738,873800000,873800100,43143,71906,873900000,873900000
2,8739,873900000,873900100,43143,71906,874000000,874000000
2,8740,874000000,874000100,43143,71906,874100000,874100000
2,8741,874100000,874100100,43143,71906,874200000,874200000
2,8742,874200000,874200100,43143,71906,874300000,874300000
2,8743,874300000,874300100,43143,71906,874400000,874400000
2,8744,874400000,874400100,43143,71906,874500000,874500000
2,8745,874500000,874500100,43143,71906,874600000,874600000
2,8746,874600000,874600100,43143,71906,874700000,874700000
2,8747,874700000,874700100,43143,71906,874800000,874800000
2,8748,874800000,874800100,43143,71906,874900000,874900000
2,8749,874900000,874900100,43143,71906,875000000,875000000
2,8750,875000000,875000100,43143,71906,875100000,875100000
2,8751,875100000,875100100,43143,71906,875200000,875200000
2,8752,875200000,875200100,43143,71906,875300000,875300000
2,8753,875300000,875300100,43143,71906,875400000,875400000
2,8754,875400000,875400100,43143,71906,875500000,875500000
2,8755,875500000,875500100,43143,71906,875600000,875600000
2,8756,875600000,875600100,43143,71906,875700000,875700000
2,8757,875700000,875700100,43143,71906,875800000,875800000
2,8758,875800000,875800100,43143,71906,875900000,875900000
2,8759,875900000,875900100,43143,71906,876000000,876000000
2,8760,876000000,876000100,43143,71906,876100000,876100000
2,8761,876100000,876100100,43143,71906,876200000,876200000
2,8762,876200000,876200100,43143,71906,876300000,876300000
2,8763,876300000,876300100,43143,71906,876400000,876400000
2,8764,876400000,876400100,43143,71906,876500000,876500000
2,8765,876500000,876500100,43143,71906,876600000,876600000
2,8766,876600000,876600100,43143,71906,876700000,876700000
2,8767,876700000,876700100,43143,71906,876800000,876800000
2,8768,876800000,876800100,43143,71906,876900000,876900000
2,8769,876900000,876900100,43143,71906,877000000,877000000
2,8770,877000000,877000100,43143,71906,877100000,877100000
2,8771,877100000,877100100,43143,71906,877200000,877200000
2,8772,877200000,877200100,43143,71906,877300000,877300000
2,8773,877300000,877300100,43143,71906,877400000,877400000
2,8774,877400000,877400100,43143,71906,877500000,877500000
2,8775,877500000,877500100,43143,71906,877600000,877600000
2,8776,877600000,877600100,43143,71906,877700000,877700000
2,8777,877700000,877700100,43143,71906,877800000,877800000
2,8778,877800000,877800100,43143,71906,877900000,877900000
2,8779,877900000,877900100,43143,71906,878000000,878000000
2,8780,878000000,878000100,43143,71906,878100000,878100000
2,8781,878100000,878100100,43143,71906,878200000,878200000
2,8782,878200000,878200100,43143,71906,878300000,878300000
2,8783,878300000,878300100,43143,71906,878400000,878400000
2,8784,878400000,878400100,43143,71906,878500000,878500000
2,8785,878500000,878500100,43143,71906,878600000,878600000
2,8786,878600000,878600100,43143,71906,878700000,878700000
2,8787,878700000,878700100,43143,71906,878800000,878800000
2,8788,878800000,878800100,43143,71906,878900000,878900000
2,8789,878900000,878900100,43143,71906,879000000,879000000
2,8790,879000000,879000100,43143,71906,879100000,879100000
2,8791,879100000,879100100,43143,71906,879200000,879200000
2,8792,879200000,879200100,43143,71906,879300000,879300000
2,8793,879300000,879300100,43143,71906,879400000,879400000
2,8794,879400000,879400100,43143,71906,879500000,879500000
2,8795,879500000,879500100,43143,71906,879600000,879600000
2,8796,879600000,879600100,43143,71906,879700000,879700000
2,8797,879700000,879700100,43143,71906,879800000,879800000
2,8798,879800000,879800100,43143,71906,879900000,879900000
2,8799,879900000,879900100,43143,71906,880000000,880000000
2,8800,880000000,880000100,43143,71906,880100000,880100000
2,8801,880100000,880100100,43143,71906,880200000,880200000
2,8802,880200000,880200100,43143,71906,880300000,880300000
2,8803,880300000,880300100,43143,71906,880400000,880400000
2,8804,880400000,880400100,43143,71906,880500000,880500000
2,8805,880500000,880500100,43143,71906,880600000,880600000
2,8806,880600000,880600100,43143,71906,880700000,880700000
2,8807,880700000,880700100,43143,71906,880800000,880800000
2,8808,880800000,880800100,43143,71906,880900000,880900000
2,8809,880900000,880900100,43143,71906,881000000,881000000
2,8810,881000000,881000100,43143,71906,881100000,881100000
2,8811,881100000,881100100,43143,71906,881200000,881200000
2,8812,881200000,881200100,43143,71906,881300000,881300000
2,8813,881300000,881300100,43143,71906,881400000,881400000
2,8814,881400000,881400100,43143,71906,881500000,881500000
2,8815,881500000,881500100,43143,71906,881600000,881600000
2,8816,881600000,881600100,43143,71906,881700000,881700000
2,8817,881700000,881700100,43143,71906,881800000,881800000
2,8818,881800000,881800100,43143,71906,881900000,881900000
2,8819,881900000,881900100,43143,71906,882000000,882000000
2,8820,882000000,882000100,43143,71906,882100000,882100000
2,8821,882100000,882100100,43143,71906,882200000,882200000
2,8822,882200000,882200100,43143,71906,882300000,882300000
2,8823,882300000,882300100,43143,71906,882400000,882400000
2,8824,882400000,882400100,43143,71906,882500000,882500000
2,8825,882500000,882500100,43143,71906,882600000,882600000
2,8826,882600000,882600100,43143,71906,882700000,882700000
2,8827,882700000,882700100,43143,71906,882800000,882800000
2,8828,882800000,882800100,43143,71906,882900000,882900000
2,8829,882900000,882900100,43143,71906,883000000,883000000
2,8830,883000000,883000100,43143,71906,883100000,883100000
2,8831,883100000,883100100,43143,71906,883200000,883200000
2,8832,883200000,883200100,43143,71906,883300000,883300000
2,8833,883300000,883300100,43143,71906,883400000,883400000
2,8834,883400000,883400100,43143,71906,883500000,883500000
2,8835,883500000,883500100,43143,71906,883600000,883600000
2,8836,883600000,883600100,43143,71906,883700000,883700000
2,8837,883700000,883700100,43143,71906,883800000,883800000
2,8838,883800000,883800100,43143,71906,883900000,883900000
2,8839,883900000,883900100,43143,71906,884000000,884000000
2,8840,884000000,884000100,43143,71906,884100000,884100000
2,8841,884100000,884100100,43143,71906,884200000,884200000
2,8842,884200000,884200100,43143,71906,884300000,884300000
2,8843,884300000,884300100,43143,71906,884400000,884400000
2,8844,884400000,884400100,43143,71906,884500000,884500000
2,8845,884500000,884500100,43143,71906,884600000,884600000
2,8846,884600000,884600100,43143,71906,884700000,884700000
2,8847,884700000,884700100,43143,71906,884800000,884800000
2,8848,884800000,884800100,43143,71906,884900000,884900000
2,8849,884900000,884900100,43143,71906,885000000,885000000
2,8850,885000000,885000100,43143,71906,885100000,885100000
2,8851,885100000,885100100,43143,71906,885200000,885200000
2,8852,885200000,885200100,43143,71906,885300000,885300000
2,8853,885300000,885300100,43143,71906,885400000,885400000
2,8854,885400000,885400100,43143,71906,885500000,885500000
2,8855,885500000,885500100,43143,71906,885600000,885600000
2,8856,885600000,885600100,43143,71906,885700000,885700000
2,8857,885700000,885700100,43143,71906,885800000,885800000
2,8858,885800000,885800100,43143,71906,885900000,885900000
2,8859,885900000,885900100,43143,71906,886000000,886000000
2,8860,886000000,886000100,43143,71906,886100000,886100000
2,8861,886100000,886100100,43143,71906,886200000,886200000
2,8862,886200000,886200100,43143,71906,886300000,886300000
2,8863,886300000,886300100,43143,71906,886400000,886400000
2,8864,886400000,886400100,43143,71906,886500000,886500000
2,8865,886500000,886500100,43143,71906,886600000,886600000
2,8866,886600000,886600100,43143,71906,886700000,886700000
2,8867,886700000,886700100,43143,71906,886800000,886800000
2,8868,886800000,886800100,43143,71906,886900000,886900000
2,8869,886900000,886900100,43143,71906,887000000,887000000
2,8870,887000000,887000100,43143,71906,887100000,887100000
2,8871,887100000,887100100,43143,71906,887200000,887200000
2,8872,887200000,887200100,43143,71906,887300000,887300000
2,8873,887300000,887300100,43143,71906,887400000,887400000
2,8874,887400000,887400100,43143,71906,887500000,887500000
2,8875,887500000,887500100,43143,71906,887600000,887600000
2,8876,887600000,887600100,43143,71906,887700000,887700000
2,8877,887700000,887700100,43143,71906,887800000,887800000
2,8878,887800000,887800100,43143,71906,887900000,887900000
2,8879,887900000,887900100,43143,71906,888000000,888000000
2,8880,888000000,888000100,43143,71906,888100000,888100000
2,8881,888100000,888100100,43143,71906,888200000,888200000
2,8882,888200000,888200100,43143,71906,888300000,888300000
2,8883,888300000,888300100,43143,71906,888400000,888400000
2,8884,888400000,888400100,43143,71906,888500000,888500000
2,8885,888500000,888500100,43143,71906,888600000,888600000
2,8886,888600000,888600100,43143,71906,888700000,888700000
2,8887,888700000,888700100,43143,71906,888800000,888800000
2,8888,888800000,888800100,43143,71906,888900000,888900000
2,8889,888900000,888900100,43143,71906,889000000,889000000
2,8890,889000000,889000100,43143,71906,889100000,889100000
2,8891,889100000,889100100,43143,71906,889200000,889200000
2,8892,889200000,889200100,43143,71906,889300000,889300000
2,8893,889300000,889300100,43143,71906,889400000,889400000
2,8894,889400000,889400100,43143,71906,889500000,889500000
2,8895,889500000,889500100,43143,71906,889600000,889600000
2,8896,889600000,889600100,43143,71906,889700000,889700000
2,8897,889700000,889700100,43143,71906,889800000,889800000
2,8898,889800000,889800100,43143,71906,889900000,889900000
2,8899,889900000,889900100,43143,71906,890000000,890000000
2,8900,890000000,890000100,43143,71906,890100000,890100000
2,8901,890100000,890100100,43143,71906,890200000,890200000
2,8902,890200000,890200100,43143,71906,890300000,890300000
2,8903,890300000,890300100,43143,71906,890400000,890400000
2,8904,890400000,890400100,43143,71906,890500000,890500000
2,8905,890500000,890500100,43143,71906,890600000,890600000
2,8906,890600000,890600100,43143,71906,890700000,890700000
2,8907,890700000,890700100,43143,71906,890800000,890800000
2,8908,890800000,890800100,43143,71906,890900000,890900000
2,8909,890900000,890900100,43143,71906,891000000,891000000
2,8910,891000000,891000100,43143,71906,891100000,891100000
2,8911,891100000,891100100,43143,71906,891200000,891200000
2,8912,891200000,891200100,43143,71906,891300000,891300000
2,8913,891300000,891300100,43143,71906,891400000,891400000
2,8914,891400000,891400100,43143,71906,891500000,891500000
2,8915,891500000,891500100,43143,71906,891600000,891600000
2,8916,891600000,891600100,43143,71906,891700000,891700000
2,8917,891700000,891700100,43143,71906,891800000,891800000
2,8918,891800000,891800100,43143,71906,891900000,891900000
2,8919,891900000,891900100,43143,71906,892000000,892000000
2,8920,892000000,892000100,43143,71906,892100000,892100000
2,8921,892100000,892100100,43143,71906,892200000,892200000
2,8922,892200000,892200100,43143,71906,892300000,892300000
2,8923,892300000,892300100,43143,71906,892400000,892400000
2,8924,892400000,892400100,43143,71906,892500000,892500000
2,8925,892500000,892500100,43143,71906,892600000,892600000
2,8926,892600000,892600100,43143,71906,892700000,892700000
2,8927,892700000,892700100,43143,71906,892800000,892800000
2,8928,892800000,892800100,43143,71906,892900000,892900000
2,8929,892900000,892900100,43143,71906,893000000,893000000
2,8930,893000000,893000100,43143,71906,893100000,893100000
2,8931,893100000,893100100,43143,71906,893200000,893200000
2,8932,893200000,893200100,43143,71906,893300000,893300000
2,8933,893300000,893300100,43143,71906,893400000,893400000
2,8934,893400000,893400100,43143,71906,893500000,893500000
2,8935,893500000,893500100,43143,71906,893600000,893600000
2,8936,893600000,893600100,43143,71906,893700000,893700000
2,8937,893700000,893700100,43143,71906,893800000,893800000
2,8938,893800000,893800100,43143,71906,893900000,893900000
2,8939,893900000,893900100,43143,71906,894000000,894000000
2,8940,894000000,894000100,43143,71906,894100000,894100000
2,8941,894100000,894100100,43143,71906,894200000,894200000
2,8942,894200000,894200100,43143,71906,894300000,894300000
2,8943,894300000,894300100,43143,71906,894400000,894400000
2,8944,894400000,894400100,43143,71906,894500000,894500000
2,8945,894500000,894500100,43143,71906,894600000,894600000
2,8946,894600000,894600100,43143,71906,894700000,894700000
2,8947,894700000,894700100,43143,71906,894800000,894800000
2,8948,894800000,894800100,43143,71906,894900000,894900000
2,8949,894900000,894900100,43143,71906,895000000,895000000
2,8950,895000000,895000100,43143,71906,895100000,895100000
2,8951,895100000,895100100,43143,71906,895200000,895200000
2,8952,895200000,895200100,43143,71906,895300000,895300000
2,8953,895300000,895300100,43143,71906,895400000,895400000
2,8954,895400000,895400100,43143,71906,895500000,895500000
2,8955,895500000,895500100,43143,71906,895600000,895600000
2,8956,895600000,895600100,43143,71906,895700000,895700000
2,8957,895700000,895700100,43143,71906,895800000,895800000
2,8958,895800000,895800100,43143,71906,895900000,895900000
2,8959,895900000,895900100,43143,71906,896000000,896000000
2,8960,896000000,896000100,43143,71906,896100000,896100000
2,8961,896100000,896100100,43143,71906,896200000,896200000
2,8962,896200000,896200100,43143,71906,896300000,896300000
2,8963,896300000,896300100,43143,71906,896400000,896400000
2,8964,896400000,896400100,43143,71906,896500000,896500000
2,8965,896500000,896500100,43143,71906,896600000,896600000
2,8966,896600000,896600100,43143,71906,896700000,896700000
2,8967,896700000,896700100,43143,71906,896800000,896800000
2,8968,896800000,896800100,43143,71906,896900000,896900000
2,8969,896900000,896900100,43143,71906,897000000,897000000
2,8970,897000000,897000100,43143,71906,897100000,897100000
2,8971,897100000,897100100,43143,71906,897200000,897200000
2,8972,897200000,897200100,43143,71906,897300000,897300000
2,8973,897300000,897300100,43143,71906,897400000,897400000
2,8974,897400000,897400100,43143,71906,897500000,897500000
2,8975,897500000,897500100,43143,71906,897600000,897600000
2,8976,897600000,897600100,43143,71906,897700000,897700000
2,8977,897700000,897700100,43143,71906,897800000,897800000
2,8978,897800000,897800100,43143,71906,897900000,897900000
2,8979,897900000,897900100,43143,71906,898000000,898000000
2,8980,898000000,898000100,43143,71906,898100000,898100000
2,8981,898100000,898100100,43143,71906,898200000,898200000
2,8982,898200000,898200100,43143,71906,898300000,898300000
2,8983,898300000,898300100,43143,71906,898400000,898400000
2,8984,898400000,898400100,43143,71906,898500000,898500000
2,8985,898500000,898500100,43143,71906,898600000,898600000
2,8986,898600000,898600100,43143,71906,898700000,898700000
2,8987,898700000,898700100,43143,71906,898800000,898800000
2,8988,898800000,898800100,43143,71906,898900000,898900000
2,8989,898900000,898900100,43143,71906,899000000,899000000
2,8990,899000000,899000100,43143,71906,899100000,899100000
2,8991,899100000,899100100,43143,71906,899200000,899200000
2,8992,899200000,899200100,43143,71906,899300000,899300000
2,8993,899300000,899300100,43143,71906,899400000,899400000
2,8994,899400000,899400100,43143,71906,899500000,899500000
2,8995,899500000,899500100,43143,71906,899600000,899600000
2,8996,899600000,899600100,43143,71906,899700000,899700000
2,8997,899700000,899700100,43143,71906,899800000,899800000
2,8998,899800000,899800100,43143,71906,899900000,899900000
2,8999,899900000,899900100,43143,71906,900000000,900000000
2,9000,900000000,900000100,43143,71906,900100000,900100000
2,9001,900100000,900100100,43143,71906,900200000,900200000
2,9002,900200000,900200100,43143,71906,900300000,900300000
2,9003,900300000,900300100,43143,71906,900400000,900400000
2,9004,900400000,900400100,43143,71906,900500000,900500000
2,9005,900500000,900500100,43143,71906,900600000,900600000
2,9006,900600000,900600100,43143,71906,900700000,900700000
2,9007,900700000,900700100,43143,71906,900800000,900800000
2,9008,900800000,900800100,43143,71906,900900000,900900000
2,9009,900900000,900900100,43143,71906,901000000,901000000
2,9010,901000000,901000100,43143,71906,901100000,901100000
2,9011,901100000,901100100,43143,71906,901200000,901200000
2,9012,901200000,901200100,43143,71906,901300000,901300000
2,9013,901300000,901300100,43143,71906,901400000,901400000
2,9014,901400000,901400100,43143,71906,901500000,901500000
2,9015,901500000,901500100,43143,71906,901600000,901600000
2,9016,901600000,901600100,43143,71906,901700000,901700000
2,9017,901700000,901700100,43143,71906,901800000,901800000
2,9018,901800000,901800100,43143,71906,901900000,901900000
2,9019,901900000,901900100,43143,71906,902000000,902000000
2,9020,902000000,902000100,43143,71906,902100000,902100000
2,9021,902100000,902100100,43143,71906,902200000,902200000
2,9022,902200000,902200100,43143,71906,902300000,902300000
2,9023,902300000,902300100,43143,71906,902400000,902400000
2,9024,902400000,902400100,43143,71906,902500000,902500000
2,9025,902500000,902500100,43143,71906,902600000,902600000
2,9026,902600000,902600100,43143,71906,902700000,902700000
2,9027,902700000,902700100,43143,71906,902800000,902800000
2,9028,902800000,902800100,43143,71906,902900000,902900000
2,9029,902900000,902900100,43143,71906,903000000,903000000
2,9030,903000000,903000100,43143,71906,903100000,903100000
2,9031,903100000,903100100,43143,71906,903200000,903200000
2,9032,903200000,903200100,43143,71906,903300000,903300000
2,9033,903300000,903300100,43143,71906,903400000,903400000
2,9034,903400000,903400100,43143,71906,903500000,903500000
2,9035,903500000,903500100,43143,71906,903600000,903600000
2,9036,903600000,903600100,43143,71906,903700000,903700000
2,9037,903700000,903700100,43143,71906,903800000,903800000
2,9038,903800000,903800100,43143,71906,903900000,903900000
2,9039,903900000,903900100,43143,71906,904000000,904000000
2,9040,904000000,904000100,43143,71906,904100000,904100000
2,9041,904100000,904100100,43143,71906,904200000,904200000
2,9042,904200000,904200100,43143,71906,904300000,904300000
2,9043,904300000,904300100,43143,71906,904400000,904400000
2,9044,904400000,904400100,43143,71906,904500000,904500000
2,9045,904500000,904500100,43143,71906,904600000,904600000
2,9046,904600000,904600100,43143,71906,904700000,904700000
2,9047,904700000,904700100,43143,71906,904800000,904800000
2,9048,904800000,904800100,43143,71906,904900000,904900000
2,9049,904900000,904900100,43143,71906,905000000,905000000
2,9050,905000000,905000100,43143,71906,905100000,905100000
2,9051,905100000,905100100,43143,71906,905200000,905200000
2,9052,905200000,905200100,43143,71906,905300000,905300000
2,9053,905300000,905300100,43143,71906,905400000,905400000
2,9054,905400000,905400100,43143,71906,905500000,905500000
2,9055,905500000,905500100,43143,71906,905600000,905600000
2,9056,905600000,905600100,43143,71906,905700000,905700000
2,9057,905700000,905700100,43143,71906,905800000,905800000
2,9058,905800000,905800100,43143,71906,905900000,905900000
2,9059,905900000,905900100,43143,71906,906000000,906000000
2,9060,906000000,906000100,43143,71906,906100000,906100000
2,9061,906100000,906100100,43143,71906,906200000,906200000
2,9062,906200000,906200100,43143,71906,906300000,906300000
2,9063,906300000,906300100,43143,71906,906400000,906400000
2,9064,906400000,906400100,43143,71906,906500000,906500000
2,9065,906500000,906500100,43143,71906,906600000,906600000
2,9066,906600000,906600100,43143,71906,906700000,906700000
2,9067,906700000,906700100,43143,71906,906800000,906800000
2,9068,906800000,906800100,43143,71906,906900000,906900000
2,9069,906900000,906900100,43143,71906,907000000,907000000
2,9070,907000000,907000100,43143,71906,907100000,907100000
2,9071,907100000,907100100,43143,71906,907200000,907200000
2,9072,907200000,907200100,43143,71906,907300000,907300000
2,9073,907300000,907300100,43143,71906,907400000,907400000
2,9074,907400000,907400100,43143,71906,907500000,907500000
2,9075,907500000,907500100,43143,71906,907600000,907600000
2,9076,907600000,907600100,43143,71906,907700000,907700000
2,9077,907700000,907700100,43143,71906,907800000,907800000
2,9078,907800000,907800100,43143,71906,907900000,907900000
2,9079,907900000,907900100,43143,71906,908000000,908000000
2,9080,908000000,908000100,43143,71906,908100000,908100000
2,9081,908100000,908100100,43143,71906,908200000,908200000
2,9082,908200000,908200100,43143,71906,908300000,908300000
2,9083,908300000,908300100,43143,71906,908400000,908400000
2,9084,908400000,908400100,43143,71906,908500000,908500000
2,9085,908500000,908500100,43143,71906,908600000,908600000
2,9086,908600000,908600100,43143,71906,908700000,908700000
2,9087,908700000,908700100,43143,71906,908800000,908800000
2,9088,908800000,908800100,43143,71906,908900000,908900000
2,9089,908900000,908900100,43143,71906,909000000,909000000
2,9090,909000000,909000100,43143,71906,909100000,909100000
2,9091,909100000,909100100,43143,71906,909200000,909200000
2,9092,909200000,909200100,43143,71906,909300000,909300000
2,9093,909300000,909300100,43143,71906,909400000,909400000
2,9094,909400000,909400100,43143,71906,909500000,909500000
2,9095,909500000,909500100,43143,71906,909600000,909600000
2,9096,909600000,909600100,43143,71906,909700000,909700000
2,9097,909700000,909700100,43143,71906,909800000,909800000
2,9098,909800000,909800100,43143,71906,909900000,909900000
2,9099,909900000,909900100,43143,71906,910000000,910000000
2,9100,910000000,910000100,43143,71906,910100000,910100000
2,9101,910100000,910100100,43143,71906,910200000,910200000
2,9102,910200000,910200100,43143,71906,910300000,910300000
2,9103,910300000,910300100,43143,71906,910400000,910400000
2,9104,910400000,910400100,43143,71906,910500000,910500000
2,9105,910500000,910500100,43143,71906,910600000,910600000
2,9106,910600000,910600100,43143,71906,910700000,910700000
2,9107,910700000,910700100,43143,71906,910800000,910800000
2,9108,910800000,910800100,43143,71906,910900000,910900000
2,9109,910900000,910900100,43143,71906,911000000,911000000
2,9110,911000000,911000100,43143,71906,911100000,911100000
2,9111,911100000,911100100,43143,71906,911200000,911200000
2,9112,911200000,911200100,43143,71906,911300000,911300000
2,9113,911300000,911300100,43143,71906,911400000,911400000
2,9114,911400000,911400100,43143,71906,911500000,911500000
2,9115,911500000,911500100,43143,71906,911600000,911600000
2,9116,911600000,911600100,43143,71906,911700000,911700000
2,9117,911700000,911700100,43143,71906,911800000,911800000
2,9118,911800000,911800100,43143,71906,911900000,911900000
2,9119,911900000,911900100,43143,71906,912000000,912000000
2,9120,912000000,912000100,43143,71906,912100000,912100000
2,9121,912100000,912100100,43143,71906,912200000,912200000
2,9122,912200000,912200100,43143,71906,912300000,912300000
2,9123,912300000,912300100,43143,71906,912400000,912400000
2,9124,912400000,912400100,43143,71906,912500000,912500000
2,9125,912500000,912500100,43143,71906,912600000,912600000
2,9126,912600000,912600100,43143,71906,912700000,912700000
2,9127,912700000,912700100,43143,71906,912800000,912800000
2,9128,912800000,912800100,43143,71906,912900000,912900000
2,9129,912900000,912900100,43143,71906,913000000,913000000
2,9130,913000000,913000100,43143,71906,913100000,913100000
2,9131,913100000,913100100,43143,71906,913200000,913200000
2,9132,913200000,913200100,43143,71906,913300000,913300000
2,9133,913300000,913300100,43143,71906,913400000,913400000
2,9134,913400000,913400100,43143,71906,913500000,913500000
2,9135,913500000,913500100,43143,71906,913600000,913600000
2,9136,913600000,913600100,43143,71906,913700000,913700000
2,9137,913700000,913700100,43143,71906,913800000,913800000
2,9138,913800000,913800100,43143,71906,913900000,913900000
2,9139,913900000,913900100,43143,71906,914000000,914000000
2,9140,914000000,914000100,43143,71906,914100000,914100000
2,9141,914100000,914100100,43143,71906,914200000,914200000
2,9142,914200000,914200100,43143,71906,914300000,914300000
2,9143,914300000,914300100,43143,71906,914400000,914400000
2,9144,914400000,914400100,43143,71906,914500000,914500000
2,9145,914500000,914500100,43143,71906,914600000,914600000
2,9146,914600000,914600100,43143,71906,914700000,914700000
2,9147,914700000,914700100,43143,71906,914800000,914800000
2,9148,914800000,914800100,43143,71906,914900000,914900000
2,9149,914900000,914900100,43143,71906,915000000,915000000
2,9150,915000000,915000100,43143,71906,915100000,915100000
2,9151,915100000,915100100,43143,71906,915200000,915200000
2,9152,915200000,915200100,43143,71906,915300000,915300000
2,9153,915300000,915300100,43143,71906,915400000,915400000
2,9154,915400000,915400100,43143,71906,915500000,915500000
2,9155,915500000,915500100,43143,71906,915600000,915600000
2,9156,915600000,915600100,43143,71906,915700000,915700000
2,9157,915700000,915700100,43143,71906,915800000,915800000
2,9158,915800000,915800100,43143,71906,915900000,915900000
2,9159,915900000,915900100,43143,71906,916000000,916000000
2,9160,916000000,916000100,43143,71906,916100000,916100000
2,9161,916100000,916100100,43143,71906,916200000,916200000
2,9162,916200000,916200100,43143,71906,916300000,916300000
2,9163,916300000,916300100,43143,71906,916400000,916400000
2,9164,916400000,916400100,43143,71906,916500000,916500000
2,9165,916500000,916500100,43143,71906,916600000,916600000
2,9166,916600000,916600100,43143,71906,916700000,916700000
2,9167,916700000,916700100,43143,71906,916800000,916800000
2,9168,916800000,916800100,43143,71906,916900000,916900000
2,9169,916900000,916900100,43143,71906,917000000,917000000
2,9170,917000000,917000100,43143,71906,917100000,917100000
2,9171,917100000,917100100,43143,71906,917200000,917200000
2,9172,917200000,917200100,43143,71906,917300000,917300000
2,9173,917300000,917300100,43143,71906,917400000,917400000
2,9174,917400000,917400100,43143,71906,917500000,917500000
2,9175,917500000,917500100,43143,71906,917600000,917600000
2,9176,917600000,917600100,43143,71906,917700000,917700000
2,9177,917700000,917700100,43143,71906,917800000,917800000
2,9178,917800000,917800100,43143,71906,917900000,917900000
2,9179,917900000,917900100,43143,71906,918000000,918000000
2,9180,918000000,918000100,43143,71906,918100000,918100000
2,9181,918100000,918100100,43143,71906,918200000,918200000
2,9182,918200000,918200100,43143,71906,918300000,918300000
2,9183,918300000,918300100,43143,71906,918400000,918400000
2,9184,918400000,918400100,43143,71906,918500000,918500000
2,9185,918500000,918500100,43143,71906,918600000,918600000
2,9186,918600000,918600100,43143,71906,918700000,918700000
2,9187,918700000,918700100,43143,71906,918800000,918800000
2,9188,918800000,918800100,43143,71906,918900000,918900000
2,9189,918900000,918900100,43143,71906,919000000,919000000
2,9190,919000000,919000100,43143,71906,919100000,919100000
2,9191,919100000,919100100,43143,71906,919200000,919200000
2,9192,919200000,919200100,43143,71906,919300000,919300000
2,9193,919300000,919300100,43143,71906,919400000,919400000
2,9194,919400000,919400100,43143,71906,919500000,919500000
2,9195,919500000,919500100,43143,71906,919600000,919600000
2,9196,919600000,919600100,43143,71906,919700000,919700000
2,9197,919700000,919700100,43143,71906,919800000,919800000
2,9198,919800000,919800100,43143,71906,919900000,919900000
2,9199,919900000,919900100,43143,71906,920000000,920000000
2,9200,920000000,920000100,43143,71906,920100000,920100000
2,9201,920100000,920100100,43143,71906,920200000,920200000
2,9202,920200000,920200100,43143,71906,920300000,920300000
2,9203,920300000,920300100,43143,71906,920400000,920400000
2,9204,920400000,920400100,43143,71906,920500000,920500000
2,9205,920500000,920500100,43143,71906,920600000,920600000
2,9206,920600000,920600100,43143,71906,920700000,920700000
2,9207,920700000,920700100,43143,71906,920800000,920800000
2,9208,920800000,920800100,43143,71906,920900000,920900000
2,9209,920900000,920900100,43143,71906,921000000,921000000
2,9210,921000000,921000100,43143,71906,921100000,921100000
2,9211,921100000,921100100,43143,71906,921200000,921200000
2,9212,921200000,921200100,43143,71906,921300000,921300000
2,9213,921300000,921300100,43143,71906,921400000,921400000
2,9214,921400000,921400100,43143,71906,921500000,921500000
2,9215,921500000,921500100,43143,71906,921600000,921600000
2,9216,921600000,921600100,43143,71906,921700000,921700000
2,9217,921700000,921700100,43143,71906,921800000,921800000
2,9218,921800000,921800100,43143,71906,921900000,921900000
2,9219,921900000,921900100,43143,71906,922000000,922000000
2,9220,922000000,922000100,43143,71906,922100000,922100000
2,9221,922100000,922100100,43143,71906,922200000,922200000
2,9222,922200000,922200100,43143,71906,922300000,922300000
2,9223,922300000,922300100,43143,71906,922400000,922400000
2,9224,922400000,922400100,43143,71906,922500000,922500000
2,9225,922500000,922500100,43143,71906,922600000,922600000
2,9226,922600000,922600100,43143,71906,922700000,922700000
2,9227,922700000,922700100,43143,71906,922800000,922800000
2,9228,922800000,922800100,43143,71906,922900000,922900000
2,9229,922900000,922900100,43143,71906,923000000,923000000
2,9230,923000000,923000100,43143,71906,923100000,923100000
2,9231,923100000,923100100,43143,71906,923200000,923200000
2,9232,923200000,923200100,43143,71906,923300000,923300000
2,9233,923300000,923300100,43143,71906,923400000,923400000
2,9234,923400000,923400100,43143,71906,923500000,923500000
2,9235,923500000,923500100,43143,71906,923600000,923600000
2,9236,923600000,923600100,43143,71906,923700000,923700000
2,9237,923700000,923700100,43143,71906,923800000,923800000
2,9238,923800000,923800100,43143,71906,923900000,923900000
2,9239,923900000,923900100,43143,71906,924000000,924000000
2,9240,924000000,924000100,43143,71906,924100000,924100000
2,9241,924100000,924100100,43143,71906,924200000,924200000
2,9242,924200000,924200100,43143,71906,924300000,924300000
2,9243,924300000,924300100,43143,71906,924400000,924400000
2,9244,924400000,924400100,43143,71906,924500000,924500000
2,9245,924500000,924500100,43143,71906,924600000,924600000
2,9246,924600000,924600100,43143,71906,924700000,924700000
2,9247,924700000,924700100,43143,71906,924800000,924800000
2,9248,924800000,924800100,43143,71906,924900000,924900000
2,9249,924900000,924900100,43143,71906,925000000,925000000
2,9250,925000000,925000100,43143,71906,925100000,925100000
2,9251,925100000,925100100,43143,71906,925200000,925200000
2,9252,925200000,925200100,43143,71906,925300000,925300000
2,9253,925300000,925300100,43143,71906,925400000,925400000
2,9254,925400000,925400100,43143,71906,925500000,925500000
2,9255,925500000,925500100,43143,71906,925600000,925600000
2,9256,925600000,925600100,43143,71906,925700000,925700000
2,9257,925700000,925700100,43143,71906,925800000,925800000
2,9258,925800000,925800100,43143,71906,925900000,925900000
2,9259,925900000,925900100,43143,71906,926000000,926000000
2,9260,926000000,926000100,43143,71906,926100000,926100000
2,9261,926100000,926100100,43143,71906,926200000,926200000
2,9262,926200000,926200100,43143,71906,926300000,926300000
2,9263,926300000,926300100,43143,71906,926400000,926400000
2,9264,926400000,926400100,43143,71906,926500000,926500000
2,9265,926500000,926500100,43143,71906,926600000,926600000
2,9266,926600000,926600100,43143,71906,926700000,926700000
2,9267,926700000,926700100,43143,71906,926800000,926800000
2,9268,926800000,926800100,43143,71906,926900000,926900000
2,9269,926900000,926900100,43143,71906,927000000,927000000
2,9270,927000000,927000100,43143,71906,927100000,927100000
2,9271,927100000,927100100,43143,71906,927200000,927200000
2,9272,927200000,927200100,43143,71906,927300000,927300000
2,9273,927300000,927300100,43143,71906,927400000,927400000
2,9274,927400000,927400100,43143,71906,927500000,927500000
2,9275,927500000,927500100,43143,71906,927600000,927600000
2,9276,927600000,927600100,43143,71906,927700000,927700000
2,9277,927700000,927700100,43143,71906,927800000,927800000
2,9278,927800000,927800100,43143,71906,927900000,927900000
2,9279,927900000,927900100,43143,71906,928000000,928000000
2,9280,928000000,928000100,43143,71906,928100000,928100000
2,9281,928100000,928100100,43143,71906,928200000,928200000
2,9282,928200000,928200100,43143,71906,928300000,928300000
2,9283,928300000,928300100,43143,71906,928400000,928400000
2,9284,928400000,928400100,43143,71906,928500000,928500000
2,9285,928500000,928500100,43143,71906,928600000,928600000
2,9286,928600000,928600100,43143,71906,928700000,928700000
2,9287,928700000,928700100,43143,71906,928800000,928800000
2,9288,928800000,928800100,43143,71906,928900000,928900000
2,9289,928900000,928900100,43143,71906,929000000,929000000
2,9290,929000000,929000100,43143,71906,929100000,929100000
2,9291,929100000,929100100,43143,71906,929200000,929200000
2,9292,929200000,929200100,43143,71906,929300000,929300000
2,9293,929300000,929300100,43143,71906,929400000,929400000
2,9294,929400000,929400100,43143,71906,929500000,929500000
2,9295,929500000,929500100,43143,71906,929600000,929600000
2,9296,929600000,929600100,43143,71906,929700000,929700000
2,9297,929700000,929700100,43143,71906,929800000,929800000
2,9298,929800000,929800100,43143,71906,929900000,929900000
2,9299,929900000,929900100,43143,71906,930000000,930000000
2,9300,930000000,930000100,43143,71906,930100000,930100000
2,9301,930100000,930100100,43143,71906,930200000,930200000
2,9302,930200000,930200100,43143,71906,930300000,930300000
2,9303,930300000,930300100,43143,71906,930400000,930400000
2,9304,930400000,930400100,43143,71906,930500000,930500000
2,9305,930500000,930500100,43143,71906,930600000,930600000
2,9306,930600000,930600100,43143,71906,930700000,930700000
2,9307,930700000,930700100,43143,71906,930800000,930800000
2,9308,930800000,930800100,43143,71906,930900000,930900000
2,9309,930900000,930900100,43143,71906,931000000,931000000
2,9310,931000000,931000100,43143,71906,931100000,931100000
2,9311,931100000,931100100,43143,71906,931200000,931200000
2,9312,931200000,931200100,43143,71906,931300000,931300000
2,9313,931300000,931300100,43143,71906,931400000,931400000
2,9314,931400000,931400100,43143,71906,931500000,931500000
2,9315,931500000,931500100,43143,71906,931600000,931600000
2,9316,931600000,931600100,43143,71906,931700000,931700000
2,9317,931700000,931700100,43143,71906,931800000,931800000
2,9318,931800000,931800100,43143,71906,931900000,931900000
2,9319,931900000,931900100,43143,71906,932000000,932000000
2,9320,932000000,932000100,43143,71906,932100000,932100000
2,9321,932100000,932100100,43143,71906,932200000,932200000
2,9322,932200000,932200100,43143,71906,932300000,932300000
2,9323,932300000,932300100,43143,71906,932400000,932400000
2,9324,932400000,932400100,43143,71906,932500000,932500000
2,9325,932500000,932500100,43143,71906,932600000,932600000
2,9326,932600000,932600100,43143,71906,932700000,932700000
2,9327,932700000,932700100,43143,71906,932800000,932800000
2,9328,932800000,932800100,43143,71906,932900000,932900000
2,9329,932900000,932900100,43143,71906,933000000,933000000
2,9330,933000000,933000100,43143,71906,933100000,933100000
2,9331,933100000,933100100,43143,71906,933200000,933200000
2,9332,933200000,933200100,43143,71906,933300000,933300000
2,9333,933300000,933300100,43143,71906,933400000,933400000
2,9334,933400000,933400100,43143,71906,933500000,933500000
2,9335,933500000,933500100,43143,71906,933600000,933600000
2,9336,933600000,933600100,43143,71906,933700000,933700000
2,9337,933700000,933700100,43143,71906,933800000,933800000
2,9338,933800000,933800100,43143,71906,933900000,933900000
2,9339,933900000,933900100,43143,71906,934000000,934000000
2,9340,934000000,934000100,43143,71906,934100000,934100000
2,9341,934100000,934100100,43143,71906,934200000,934200000
2,9342,934200000,934200100,43143,71906,934300000,934300000
2,9343,934300000,934300100,43143,71906,934400000,934400000
2,9344,934400000,934400100,43143,71906,934500000,934500000
2,9345,934500000,934500100,43143,71906,934600000,934600000
2,9346,934600000,934600100,43143,71906,934700000,934700000
2,9347,934700000,934700100,43143,71906,934800000,934800000
2,9348,934800000,934800100,43143,71906,934900000,934900000
2,9349,934900000,934900100,43143,71906,935000000,935000000
2,9350,935000000,935000100,43143,71906,935100000,935100000
2,9351,935100000,935100100,43143,71906,935200000,935200000
2,9352,935200000,935200100,43143,71906,935300000,935300000
2,9353,935300000,935300100,43143,71906,935400000,935400000
2,9354,935400000,935400100,43143,71906,935500000,935500000
2,9355,935500000,935500100,43143,71906,935600000,935600000
2,9356,935600000,935600100,43143,71906,935700000,935700000
2,9357,935700000,935700100,43143,71906,935800000,935800000
2,9358,935800000,935800100,43143,71906,935900000,935900000
2,9359,935900000,935900100,43143,71906,936000000,936000000
2,9360,936000000,936000100,43143,71906,936100000,936100000
2,9361,936100000,936100100,43143,71906,936200000,936200000
2,9362,936200000,936200100,43143,71906,936300000,936300000
2,9363,936300000,936300100,43143,71906,936400000,936400000
2,9364,936400000,936400100,43143,71906,936500000,936500000
2,9365,936500000,936500100,43143,71906,936600000,936600000
2,9366,936600000,936600100,43143,71906,936700000,936700000
2,9367,936700000,936700100,43143,71906,936800000,936800000
2,9368,936800000,936800100,43143,71906,936900000,936900000
2,9369,936900000,936900100,43143,71906,937000000,937000000
2,9370,937000000,937000100,43143,71906,937100000,937100000
2,9371,937100000,937100100,43143,71906,937200000,937200000
2,9372,937200000,937200100,43143,71906,937300000,937300000
2,9373,937300000,937300100,43143,71906,937400000,937400000
2,9374,937400000,937400100,43143,71906,937500000,937500000
2,9375,937500000,937500100,43143,71906,937600000,937600000
2,9376,937600000,937600100,43143,71906,937700000,937700000
2,9377,937700000,937700100,43143,71906,937800000,937800000
2,9378,937800000,937800100,43143,71906,937900000,937900000
2,9379,937900000,937900100,43143,71906,938000000,938000000
2,9380,938000000,938000100,43143,71906,938100000,938100000
2,9381,938100000,938100100,43143,71906,938200000,938200000
2,9382,938200000,938200100,43143,71906,938300000,938300000
2,9383,938300000,938300100,43143,71906,938400000,938400000
2,9384,938400000,938400100,43143,71906,938500000,938500000
2,9385,938500000,938500100,43143,71906,938600000,938600000
2,9386,938600000,938600100,43143,71906,938700000,938700000
2,9387,938700000,938700100,43143,71906,938800000,938800000
2,9388,938800000,938800100,43143,71906,938900000,938900000
2,9389,938900000,938900100,43143,71906,939000000,939000000
2,9390,939000000,939000100,43143,71906,939100000,939100000
2,9391,939100000,939100100,43143,71906,939200000,939200000
2,9392,939200000,939200100,43143,71906,939300000,939300000
2,9393,939300000,939300100,43143,71906,939400000,939400000
2,9394,939400000,939400100,43143,71906,939500000,939500000
2,9395,939500000,939500100,43143,71906,939600000,939600000
2,9396,939600000,939600100,43143,71906,939700000,939700000
2,9397,939700000,939700100,43143,71906,939800000,939800000
2,9398,939800000,939800100,43143,71906,939900000,939900000
2,9399,939900000,939900100,43143,71906,940000000,940000000
2,9400,940000000,940000100,43143,71906,940100000,940100000
2,9401,940100000,940100100,43143,71906,940200000,940200000
2,9402,940200000,940200100,43143,71906,940300000,940300000
2,9403,940300000,940300100,43143,71906,940400000,940400000
2,9404,940400000,940400100,43143,71906,940500000,940500000
2,9405,940500000,940500100,43143,71906,940600000,940600000
2,9406,940600000,940600100,43143,71906,940700000,940700000
2,9407,940700000,940700100,43143,71906,940800000,940800000
2,9408,940800000,940800100,43143,71906,940900000,940900000
2,9409,940900000,940900100,43143,71906,941000000,941000000
2,9410,941000000,941000100,43143,71906,941100000,941100000
2,9411,941100000,941100100,43143,71906,941200000,941200000
2,9412,941200000,941200100,43143,71906,941300000,941300000
2,9413,941300000,941300100,43143,71906,941400000,941400000
2,9414,941400000,941400100,43143,71906,941500000,941500000
2,9415,941500000,941500100,43143,71906,941600000,941600000
2,9416,941600000,941600100,43143,71906,941700000,941700000
2,9417,941700000,941700100,43143,71906,941800000,941800000
2,9418,941800000,941800100,43143,71906,941900000,941900000
2,9419,941900000,941900100,43143,71906,942000000,942000000
2,9420,942000000,942000100,43143,71906,942100000,942100000
2,9421,942100000,942100100,43143,71906,942200000,942200000
2,9422,942200000,942200100,43143,71906,942300000,942300000
2,9423,942300000,942300100,43143,71906,942400000,942400000
2,9424,942400000,942400100,43143,71906,942500000,942500000
2,9425,942500000,942500100,43143,71906,942600000,942600000
2,9426,942600000,942600100,43143,71906,942700000,942700000
2,9427,942700000,942700100,43143,71906,942800000,942800000
2,9428,942800000,942800100,43143,71906,942900000,942900000
2,9429,942900000,942900100,43143,71906,943000000,943000000
2,9430,943000000,943000100,43143,71906,943100000,943100000
2,9431,943100000,943100100,43143,71906,943200000,943200000
2,9432,943200000,943200100,43143,71906,943300000,943300000
2,9433,943300000,943300100,43143,71906,943400000,943400000
2,9434,943400000,943400100,43143,71906,943500000,943500000
2,9435,943500000,943500100,43143,71906,943600000,943600000
2,9436,943600000,943600100,43143,71906,943700000,943700000
2,9437,943700000,943700100,43143,71906,943800000,943800000
2,9438,943800000,943800100,43143,71906,943900000,943900000
2,9439,943900000,943900100,43143,71906,944000000,944000000
2,9440,944000000,944000100,43143,71906,944100000,944100000
2,9441,944100000,944100100,43143,71906,944200000,944200000
2,9442,944200000,944200100,43143,71906,944300000,944300000
2,9443,944300000,944300100,43143,71906,944400000,944400000
2,9444,944400000,944400100,43143,71906,944500000,944500000
2,9445,944500000,944500100,43143,71906,944600000,944600000
2,9446,944600000,944600100,43143,71906,944700000,944700000
2,9447,944700000,944700100,43143,71906,944800000,944800000
2,9448,944800000,944800100,43143,71906,944900000,944900000
2,9449,944900000,944900100,43143,71906,945000000,945000000
2,9450,945000000,945000100,43143,71906,945100000,945100000
2,9451,945100000,945100100,43143,71906,945200000,945200000
2,9452,945200000,945200100,43143,71906,945300000,945300000
2,9453,945300000,945300100,43143,71906,945400000,945400000
2,9454,945400000,945400100,43143,71906,945500000,945500000
2,9455,945500000,945500100,43143,71906,945600000,945600000
2,9456,945600000,945600100,43143,71906,945700000,945700000
2,9457,945700000,945700100,43143,71906,945800000,945800000
2,9458,945800000,945800100,43143,71906,945900000,945900000
2,9459,945900000,945900100,43143,71906,946000000,946000000
2,9460,946000000,946000100,43143,71906,946100000,946100000
2,9461,946100000,946100100,43143,71906,946200000,946200000
2,9462,946200000,946200100,43143,71906,946300000,946300000
2,9463,946300000,946300100,43143,71906,946400000,946400000
2,9464,946400000,946400100,43143,71906,946500000,946500000
2,9465,946500000,946500100,43143,71906,946600000,946600000
2,9466,946600000,946600100,43143,71906,946700000,946700000
2,9467,946700000,946700100,43143,71906,946800000,946800000
2,9468,946800000,946800100,43143,71906,946900000,946900000
2,9469,946900000,946900100,43143,71906,947000000,947000000
2,9470,947000000,947000100,43143,71906,947100000,947100000
2,9471,947100000,947100100,43143,71906,947200000,947200000
2,9472,947200000,947200100,43143,71906,947300000,947300000
2,9473,947300000,947300100,43143,71906,947400000,947400000
2,9474,947400000,947400100,43143,71906,947500000,947500000
2,9475,947500000,947500100,43143,71906,947600000,947600000
2,9476,947600000,947600100,43143,71906,947700000,947700000
2,9477,947700000,947700100,43143,71906,947800000,947800000
2,9478,947800000,947800100,43143,71906,947900000,947900000
2,9479,947900000,947900100,43143,71906,948000000,948000000
2,9480,948000000,948000100,43143,71906,948100000,948100000
2,9481,948100000,948100100,43143,71906,948200000,948200000
2,9482,948200000,948200100,43143,71906,948300000,948300000
2,9483,948300000,948300100,43143,71906,948400000,948400000
2,9484,948400000,948400100,43143,71906,948500000,948500000
2,9485,948500000,948500100,43143,71906,948600000,948600000
2,9486,948600000,948600100,43143,71906,948700000,948700000
2,9487,948700000,948700100,43143,71906,948800000,948800000
2,9488,948800000,948800100,43143,71906,948900000,948900000
2,9489,948900000,948900100,43143,71906,949000000,949000000
2,9490,949000000,949000100,43143,71906,949100000,949100000
2,9491,949100000,949100100,43143,71906,949200000,949200000
2,9492,949200000,949200100,43143,71906,949300000,949300000
2,9493,949300000,949300100,43143,71906,949400000,949400000
2,9494,949400000,949400100,43143,71906,949500000,949500000
2,9495,949500000,949500100,43143,71906,949600000,949600000
2,9496,949600000,949600100,43143,71906,949700000,949700000
2,9497,949700000,949700100,43143,71906,949800000,949800000
2,9498,949800000,949800100,43143,71906,949900000,949900000
2,9499,949900000,949900100,43143,71906,950000000,950000000
2,9500,950000000,950000100,43143,71906,950100000,950100000
2,9501,950100000,950100100,43143,71906,950200000,950200000
2,9502,950200000,950200100,43143,71906,950300000,950300000
2,9503,950300000,950300100,43143,71906,950400000,950400000
2,9504,950400000,950400100,43143,71906,950500000,950500000
2,9505,950500000,950500100,43143,71906,950600000,950600000
2,9506,950600000,950600100,43143,71906,950700000,950700000
2,9507,950700000,950700100,43143,71906,950800000,950800000
2,9508,950800000,950800100,43143,71906,950900000,950900000
2,9509,950900000,950900100,43143,71906,951000000,951000000
2,9510,951000000,951000100,43143,71906,951100000,951100000
2,9511,951100000,951100100,43143,71906,951200000,951200000
2,9512,951200000,951200100,43143,71906,951300000,951300000
2,9513,951300000,951300100,43143,71906,951400000,951400000
2,9514,951400000,951400100,43143,71906,951500000,951500000
2,9515,951500000,951500100,43143,71906,951600000,951600000
2,9516,951600000,951600100,43143,71906,951700000,951700000
2,9517,951700000,951700100,43143,71906,951800000,951800000
2,9518,951800000,951800100,43143,71906,951900000,951900000
2,9519,951900000,951900100,43143,71906,952000000,952000000
2,9520,952000000,952000100,43143,71906,952100000,952100000
2,9521,952100000,952100100,43143,71906,952200000,952200000
2,9522,952200000,952200100,43143,71906,952300000,952300000
2,9523,952300000,952300100,43143,71906,952400000,952400000
2,9524,952400000,952400100,43143,71906,952500000,952500000
2,9525,952500000,952500100,43143,71906,952600000,952600000
2,9526,952600000,952600100,43143,71906,952700000,952700000
2,9527,952700000,952700100,43143,71906,952800000,952800000
2,9528,952800000,952800100,43143,71906,952900000,952900000
2,9529,952900000,952900100,43143,71906,953000000,953000000
2,9530,953000000,953000100,43143,71906,953100000,953100000
2,9531,953100000,953100100,43143,71906,953200000,953200000
2,9532,953200000,953200100,43143,71906,953300000,953300000
2,9533,953300000,953300100,43143,71906,953400000,953400000
2,9534,953400000,953400100,43143,71906,953500000,953500000
2,9535,953500000,953500100,43143,71906,953600000,953600000
2,9536,953600000,953600100,43143,71906,953700000,953700000
2,9537,953700000,953700100,43143,71906,953800000,953800000
2,9538,953800000,953800100,43143,71906,953900000,953900000
2,9539,953900000,953900100,43143,71906,954000000,954000000
2,9540,954000000,954000100,43143,71906,954100000,954100000
2,9541,954100000,954100100,43143,71906,954200000,954200000
2,9542,954200000,954200100,43143,71906,954300000,954300000
2,9543,954300000,954300100,43143,71906,954400000,954400000
2,9544,954400000,954400100,43143,71906,954500000,954500000
2,9545,954500000,954500100,43143,71906,954600000,954600000
2,9546,954600000,954600100,43143,71906,954700000,954700000
2,9547,954700000,954700100,43143,71906,954800000,954800000
2,9548,954800000,954800100,43143,71906,954900000,954900000
2,9549,954900000,954900100,43143,71906,955000000,955000000
2,9550,955000000,955000100,43143,71906,955100000,955100000
2,9551,955100000,955100100,43143,71906,955200000,955200000
2,9552,955200000,955200100,43143,71906,955300000,955300000
2,9553,955300000,955300100,43143,71906,955400000,955400000
2,9554,955400000,955400100,43143,71906,955500000,955500000
2,9555,955500000,955500100,43143,71906,955600000,955600000
2,9556,955600000,955600100,43143,71906,955700000,955700000
2,9557,955700000,955700100,43143,71906,955800000,955800000
2,9558,955800000,955800100,43143,71906,955900000,955900000
2,9559,955900000,955900100,43143,71906,956000000,956000000
2,9560,956000000,956000100,43143,71906,956100000,956100000
2,9561,956100000,956100100,43143,71906,956200000,956200000
2,9562,956200000,956200100,43143,71906,956300000,956300000
2,9563,956300000,956300100,43143,71906,956400000,956400000
2,9564,956400000,956400100,43143,71906,956500000,956500000
2,9565,956500000,956500100,43143,71906,956600000,956600000
2,9566,956600000,956600100,43143,71906,956700000,956700000
2,9567,956700000,956700100,43143,71906,956800000,956800000
2,9568,956800000,956800100,43143,71906,956900000,956900000
2,9569,956900000,956900100,43143,71906,957000000,957000000
2,9570,957000000,957000100,43143,71906,957100000,957100000
2,9571,957100000,957100100,43143,71906,957200000,957200000
2,9572,957200000,957200100,43143,71906,957300000,957300000
2,9573,957300000,957300100,43143,71906,957400000,957400000
2,9574,957400000,957400100,43143,71906,957500000,957500000
2,9575,957500000,957500100,43143,71906,957600000,957600000
2,9576,957600000,957600100,43143,71906,957700000,957700000
2,9577,957700000,957700100,43143,71906,957800000,957800000
2,9578,957800000,957800100,43143,71906,957900000,957900000
2,9579,957900000,957900100,43143,71906,958000000,958000000
2,9580,958000000,958000100,43143,71906,958100000,958100000
2,9581,958100000,958100100,43143,71906,958200000,958200000
2,9582,958200000,958200100,43143,71906,958300000,958300000
2,9583,958300000,958300100,43143,71906,958400000,958400000
2,9584,958400000,958400100,43143,71906,958500000,958500000
2,9585,958500000,958500100,43143,71906,958600000,958600000
2,9586,958600000,958600100,43143,71906,958700000,958700000
2,9587,958700000,958700100,43143,71906,958800000,958800000
2,9588,958800000,958800100,43143,71906,958900000,958900000
2,9589,958900000,958900100,43143,71906,959000000,959000000
2,9590,959000000,959000100,43143,71906,959100000,959100000
2,9591,959100000,959100100,43143,71906,959200000,959200000
2,9592,959200000,959200100,43143,71906,959300000,959300000
2,9593,959300000,959300100,43143,71906,959400000,959400000
2,9594,959400000,959400100,43143,71906,959500000,959500000
2,9595,959500000,959500100,43143,71906,959600000,959600000
2,9596,959600000,959600100,43143,71906,959700000,959700000
2,9597,959700000,959700100,43143,71906,959800000,959800000
2,9598,959800000,959800100,43143,71906,959900000,959900000
2,9599,959900000,959900100,43143,71906,960000000,960000000
2,9600,960000000,960000100,43143,71906,960100000,960100000
2,9601,960100000,960100100,43143,71906,960200000,960200000
2,9602,960200000,960200100,43143,71906,960300000,960300000
2,9603,960300000,960300100,43143,71906,960400000,960400000
2,9604,960400000,960400100,43143,71906,960500000,960500000
2,9605,960500000,960500100,43143,71906,960600000,960600000
2,9606,960600000,960600100,43143,71906,960700000,960700000
2,9607,960700000,960700100,43143,71906,960800000,960800000
2,9608,960800000,960800100,43143,71906,960900000,960900000
2,9609,960900000,960900100,43143,71906,961000000,961000000
2,9610,961000000,961000100,43143,71906,961100000,961100000
2,9611,961100000,961100100,43143,71906,961200000,961200000
2,9612,961200000,961200100,43143,71906,961300000,961300000
2,9613,961300000,961300100,43143,71906,961400000,961400000
2,9614,961400000,961400100,43143,71906,961500000,961500000
2,9615,961500000,961500100,43143,71906,961600000,961600000
2,9616,961600000,961600100,43143,71906,961700000,961700000
2,9617,961700000,961700100,43143,71906,961800000,961800000
2,9618,961800000,961800100,43143,71906,961900000,961900000
2,9619,961900000,961900100,43143,71906,962000000,962000000
2,9620,962000000,962000100,43143,71906,962100000,962100000
2,9621,962100000,962100100,43143,71906,962200000,962200000
2,9622,962200000,962200100,43143,71906,962300000,962300000
2,9623,962300000,962300100,43143,71906,962400000,962400000
2,9624,962400000,962400100,43143,71906,962500000,962500000
2,9625,962500000,962500100,43143,71906,962600000,962600000
2,9626,962600000,962600100,43143,71906,962700000,962700000
2,9627,962700000,962700100,43143,71906,962800000,962800000
2,9628,962800000,962800100,43143,71906,962900000,962900000
2,9629,962900000,962900100,43143,71906,963000000,963000000
2,9630,963000000,963000100,43143,71906,963100000,963100000
2,9631,963100000,963100100,43143,71906,963200000,963200000
2,9632,963200000,963200100,43143,71906,963300000,963300000
2,9633,963300000,963300100,43143,71906,963400000,963400000
2,9634,963400000,963400100,43143,71906,963500000,963500000
2,9635,963500000,963500100,43143,71906,963600000,963600000
2,9636,963600000,963600100,43143,71906,963700000,963700000
2,9637,963700000,963700100,43143,71906,963800000,963800000
2,9638,963800000,963800100,43143,71906,963900000,963900000
2,9639,963900000,963900100,43143,71906,964000000,964000000
2,9640,964000000,964000100,43143,71906,964100000,964100000
2,9641,964100000,964100100,43143,71906,964200000,964200000
2,9642,964200000,964200100,43143,71906,964300000,964300000
2,9643,964300000,964300100,43143,71906,964400000,964400000
2,9644,964400000,964400100,43143,71906,964500000,964500000
2,9645,964500000,964500100,43143,71906,964600000,964600000
2,9646,964600000,964600100,43143,71906,964700000,964700000
2,9647,964700000,964700100,43143,71906,964800000,964800000
2,9648,964800000,964800100,43143,71906,964900000,964900000
2,9649,964900000,964900100,43143,71906,965000000,965000000
2,9650,965000000,965000100,43143,71906,965100000,965100000
2,9651,965100000,965100100,43143,71906,965200000,965200000
2,9652,965200000,965200100,43143,71906,965300000,965300000
2,9653,965300000,965300100,43143,71906,965400000,965400000
2,9654,965400000,965400100,43143,71906,965500000,965500000
2,9655,965500000,965500100,43143,71906,965600000,965600000
2,9656,965600000,965600100,43143,71906,965700000,965700000
2,9657,965700000,965700100,43143,71906,965800000,965800000
2,9658,965800000,965800100,43143,71906,965900000,965900000
2,9659,965900000,965900100,43143,71906,966000000,966000000
2,9660,966000000,966000100,43143,71906,966100000,966100000
2,9661,966100000,966100100,43143,71906,966200000,966200000
2,9662,966200000,966200100,43143,71906,966300000,966300000
2,9663,966300000,966300100,43143,71906,966400000,966400000
2,9664,966400000,966400100,43143,71906,966500000,966500000
2,9665,966500000,966500100,43143,71906,966600000,966600000
2,9666,966600000,966600100,43143,71906,966700000,966700000
2,9667,966700000,966700100,43143,71906,966800000,966800000
2,9668,966800000,966800100,43143,71906,966900000,966900000
2,9669,966900000,966900100,43143,71906,967000000,967000000
2,9670,967000000,967000100,43143,71906,967100000,967100000
2,9671,967100000,967100100,43143,71906,967200000,967200000
2,9672,967200000,967200100,43143,71906,967300000,967300000
2,9673,967300000,967300100,43143,71906,967400000,967400000
2,9674,967400000,967400100,43143,71906,967500000,967500000
2,9675,967500000,967500100,43143,71906,967600000,967600000
2,9676,967600000,967600100,43143,71906,967700000,967700000
2,9677,967700000,967700100,43143,71906,967800000,967800000
2,9678,967800000,967800100,43143,71906,967900000,967900000
2,9679,967900000,967900100,43143,71906,968000000,968000000
2,9680,968000000,968000100,43143,71906,968100000,968100000
2,9681,968100000,968100100,43143,71906,968200000,968200000
2,9682,968200000,968200100,43143,71906,968300000,968300000
2,9683,968300000,968300100,43143,71906,968400000,968400000
2,9684,968400000,968400100,43143,71906,968500000,968500000
2,9685,968500000,968500100,43143,71906,968600000,968600000
2,9686,968600000,968600100,43143,71906,968700000,968700000
2,9687,968700000,968700100,43143,71906,968800000,968800000
2,9688,968800000,968800100,43143,71906,968900000,968900000
2,9689,968900000,968900100,43143,71906,969000000,969000000
2,9690,969000000,969000100,43143,71906,969100000,969100000
2,9691,969100000,969100100,43143,71906,969200000,969200000
2,9692,969200000,969200100,43143,71906,969300000,969300000
2,9693,969300000,969300100,43143,71906,969400000,969400000
2,9694,969400000,969400100,43143,71906,969500000,969500000
2,9695,969500000,969500100,43143,71906,969600000,969600000
2,9696,969600000,969600100,43143,71906,969700000,969700000
2,9697,969700000,969700100,43143,71906,969800000,969800000
2,9698,969800000,969800100,43143,71906,969900000,969900000
2,9699,969900000,969900100,43143,71906,970000000,970000000
2,9700,970000000,970000100,43143,71906,970100000,970100000
2,9701,970100000,970100100,43143,71906,970200000,970200000
2,9702,970200000,970200100,43143,71906,970300000,970300000
2,9703,970300000,970300100,43143,71906,970400000,970400000
2,9704,970400000,970400100,43143,71906,970500000,970500000
2,9705,970500000,970500100,43143,71906,970600000,970600000
2,9706,970600000,970600100,43143,71906,970700000,970700000
2,9707,970700000,970700100,43143,71906,970800000,970800000
2,9708,970800000,970800100,43143,71906,970900000,970900000
2,9709,970900000,970900100,43143,71906,971000000,971000000
2,9710,971000000,971000100,43143,71906,971100000,971100000
2,9711,971100000,971100100,43143,71906,971200000,971200000
2,9712,971200000,971200100,43143,71906,971300000,971300000
2,9713,971300000,971300100,43143,71906,971400000,971400000
2,9714,971400000,971400100,43143,71906,971500000,971500000
2,9715,971500000,971500100,43143,71906,971600000,971600000
2,9716,971600000,971600100,43143,71906,971700000,971700000
2,9717,971700000,971700100,43143,71906,971800000,971800000
2,9718,971800000,971800100,43143,71906,971900000,971900000
2,9719,971900000,971900100,43143,71906,972000000,972000000
2,9720,972000000,972000100,43143,71906,972100000,972100000
2,9721,972100000,972100100,43143,71906,972200000,972200000
2,9722,972200000,972200100,43143,71906,972300000,972300000
2,9723,972300000,972300100,43143,71906,972400000,972400000
2,9724,972400000,972400100,43143,71906,972500000,972500000
2,9725,972500000,972500100,43143,71906,972600000,972600000
2,9726,972600000,972600100,43143,71906,972700000,972700000
2,9727,972700000,972700100,43143,71906,972800000,972800000
2,9728,972800000,972800100,43143,71906,972900000,972900000
2,9729,972900000,972900100,43143,71906,973000000,973000000
2,9730,973000000,973000100,43143,71906,973100000,973100000
2,9731,973100000,973100100,43143,71906,973200000,973200000
2,9732,973200000,973200100,43143,71906,973300000,973300000
2,9733,973300000,973300100,43143,71906,973400000,973400000
2,9734,973400000,973400100,43143,71906,973500000,973500000
2,9735,973500000,973500100,43143,71906,973600000,973600000
2,9736,973600000,973600100,43143,71906,973700000,973700000
2,9737,973700000,973700100,43143,71906,973800000,973800000
2,9738,973800000,973800100,43143,71906,973900000,973900000
2,9739,973900000,973900100,43143,71906,974000000,974000000
2,9740,974000000,974000100,43143,71906,974100000,974100000
2,9741,974100000,974100100,43143,71906,974200000,974200000
2,9742,974200000,974200100,43143,71906,974300000,974300000
2,9743,974300000,974300100,43143,71906,974400000,974400000
2,9744,974400000,974400100,43143,71906,974500000,974500000
2,9745,974500000,974500100,43143,71906,974600000,974600000
2,9746,974600000,974600100,43143,71906,974700000,974700000
2,9747,974700000,974700100,43143,71906,974800000,974800000
2,9748,974800000,974800100,43143,71906,974900000,974900000
2,9749,974900000,974900100,43143,71906,975000000,975000000
2,9750,975000000,975000100,43143,71906,975100000,975100000
2,9751,975100000,975100100,43143,71906,975200000,975200000
2,9752,975200000,975200100,43143,71906,975300000,975300000
2,9753,975300000,975300100,43143,71906,975400000,975400000
2,9754,975400000,975400100,43143,71906,975500000,975500000
2,9755,975500000,975500100,43143,71906,975600000,975600000
2,9756,975600000,975600100,43143,71906,975700000,975700000
2,9757,975700000,975700100,43143,71906,975800000,975800000
2,9758,975800000,975800100,43143,71906,975900000,975900000
2,9759,975900000,975900100,43143,71906,976000000,976000000
2,9760,976000000,976000100,43143,71906,976100000,976100000
2,9761,976100000,976100100,43143,71906,976200000,976200000
2,9762,976200000,976200100,43143,71906,976300000,976300000
2,9763,976300000,976300100,43143,71906,976400000,976400000
2,9764,976400000,976400100,43143,71906,976500000,976500000
2,9765,976500000,976500100,43143,71906,976600000,976600000
2,9766,976600000,976600100,43143,71906,976700000,976700000
2,9767,976700000,976700100,43143,71906,976800000,976800000
2,9768,976800000,976800100,43143,71906,976900000,976900000
2,9769,976900000,976900100,43143,71906,977000000,977000000
2,9770,977000000,977000100,43143,71906,977100000,977100000
2,9771,977100000,977100100,43143,71906,977200000,977200000
2,9772,977200000,977200100,43143,71906,977300000,977300000
2,9773,977300000,977300100,43143,71906,977400000,977400000
2,9774,977400000,977400100,43143,71906,977500000,977500000
2,9775,977500000,977500100,43143,71906,977600000,977600000
2,9776,977600000,977600100,43143,71906,977700000,977700000
2,9777,977700000,977700100,43143,71906,977800000,977800000
2,9778,977800000,977800100,43143,71906,977900000,977900000
2,9779,977900000,977900100,43143,71906,978000000,978000000
2,9780,978000000,978000100,43143,71906,978100000,978100000
2,9781,978100000,978100100,43143,71906,978200000,978200000
2,9782,978200000,978200100,43143,71906,978300000,978300000
2,9783,978300000,978300100,43143,71906,978400000,978400000
2,9784,978400000,978400100,43143,71906,978500000,978500000
2,9785,978500000,978500100,43143,71906,978600000,978600000
2,9786,978600000,978600100,43143,71906,978700000,978700000
2,9787,978700000,978700100,43143,71906,978800000,978800000
2,9788,978800000,978800100,43143,71906,978900000,978900000
2,9789,978900000,978900100,43143,71906,979000000,979000000
2,9790,979000000,979000100,43143,71906,979100000,979100000
2,9791,979100000,979100100,43143,71906,979200000,979200000
2,9792,979200000,979200100,43143,71906,979300000,979300000
2,9793,979300000,979300100,43143,71906,979400000,979400000
2,9794,979400000,979400100,43143,71906,979500000,979500000
2,9795,979500000,979500100,43143,71906,979600000,979600000
2,9796,979600000,979600100,43143,71906,979700000,979700000
2,9797,979700000,979700100,43143,71906,979800000,979800000
2,9798,979800000,979800100,43143,71906,979900000,979900000
2,9799,979900000,979900100,43143,71906,980000000,980000000
2,9800,980000000,980000100,43143,71906,980100000,980100000
2,9801,980100000,980100100,43143,71906,980200000,980200000
2,9802,980200000,980200100,43143,71906,980300000,980300000
2,9803,980300000,980300100,43143,71906,980400000,980400000
2,9804,980400000,980400100,43143,71906,980500000,980500000
2,9805,980500000,980500100,43143,71906,980600000,980600000
2,9806,980600000,980600100,43143,71906,980700000,980700000
2,9807,980700000,980700100,43143,71906,980800000,980800000
2,9808,980800000,980800100,43143,71906,980900000,980900000
2,9809,980900000,980900100,43143,71906,981000000,981000000
2,9810,981000000,981000100,43143,71906,981100000,981100000
2,9811,981100000,981100100,43143,71906,981200000,981200000
2,9812,981200000,981200100,43143,71906,981300000,981300000
2,9813,981300000,981300100,43143,71906,981400000,981400000
2,9814,981400000,981400100,43143,71906,981500000,981500000
2,9815,981500000,981500100,43143,71906,981600000,981600000
2,9816,981600000,981600100,43143,71906,981700000,981700000
2,9817,981700000,981700100,43143,71906,981800000,981800000
2,9818,981800000,981800100,43143,71906,981900000,981900000
2,9819,981900000,981900100,43143,71906,982000000,982000000
2,9820,982000000,982000100,43143,71906,982100000,982100000
2,9821,982100000,982100100,43143,71906,982200000,982200000
2,9822,982200000,982200100,43143,71906,982300000,982300000
2,9823,982300000,982300100,43143,71906,982400000,982400000
2,9824,982400000,982400100,43143,71906,982500000,982500000
2,9825,982500000,982500100,43143,71906,982600000,982600000
2,9826,982600000,982600100,43143,71906,982700000,982700000
2,9827,982700000,982700100,43143,71906,982800000,982800000
2,9828,982800000,982800100,43143,71906,982900000,982900000
2,9829,982900000,982900100,43143,71906,983000000,983000000
2,9830,983000000,983000100,43143,71906,983100000,983100000
2,9831,983100000,983100100,43143,71906,983200000,983200000
2,9832,983200000,983200100,43143,71906,983300000,983300000
2,9833,983300000,983300100,43143,71906,983400000,983400000
2,9834,983400000,983400100,43143,71906,983500000,983500000
2,9835,983500000,983500100,43143,71906,983600000,983600000
2,9836,983600000,983600100,43143,71906,983700000,983700000
2,9837,983700000,983700100,43143,71906,983800000,983800000
2,9838,983800000,983800100,43143,71906,983900000,983900000
2,9839,983900000,983900100,43143,71906,984000000,984000000
2,9840,984000000,984000100,43143,71906,984100000,984100000
2,9841,984100000,984100100,43143,71906,984200000,984200000
2,9842,984200000,984200100,43143,71906,984300000,984300000
2,9843,984300000,984300100,43143,71906,984400000,984400000
2,9844,984400000,984400100,43143,71906,984500000,984500000
2,9845,984500000,984500100,43143,71906,984600000,984600000
2,9846,984600000,984600100,43143,71906,984700000,984700000
2,9847,984700000,984700100,43143,71906,984800000,984800000
2,9848,984800000,984800100,43143,71906,984900000,984900000
2,9849,984900000,984900100,43143,71906,985000000,985000000
2,9850,985000000,985000100,43143,71906,985100000,985100000
2,9851,985100000,985100100,43143,71906,985200000,985200000
2,9852,985200000,985200100,43143,71906,985300000,985300000
2,9853,985300000,985300100,43143,71906,985400000,985400000
2,9854,985400000,985400100,43143,71906,985500000,985500000
2,9855,985500000,985500100,43143,71906,985600000,985600000
2,9856,985600000,985600100,43143,71906,985700000,985700000
2,9857,985700000,985700100,43143,71906,985800000,985800000
2,9858,985800000,985800100,43143,71906,985900000,985900000
2,9859,985900000,985900100,43143,71906,986000000,986000000
2,9860,986000000,986000100,43143,71906,986100000,986100000
2,9861,986100000,986100100,43143,71906,986200000,986200000
2,9862,986200000,986200100,43143,71906,986300000,986300000
2,9863,986300000,986300100,43143,71906,986400000,986400000
2,9864,986400000,986400100,43143,71906,986500000,986500000
2,9865,986500000,986500100,43143,71906,986600000,986600000
2,9866,986600000,986600100,43143,71906,986700000,986700000
2,9867,986700000,986700100,43143,71906,986800000,986800000
2,9868,986800000,986800100,43143,71906,986900000,986900000
2,9869,986900000,986900100,43143,71906,987000000,987000000
2,9870,987000000,987000100,43143,71906,987100000,987100000
2,9871,987100000,987100100,43143,71906,987200000,987200000
2,9872,987200000,987200100,43143,71906,987300000,987300000
2,9873,987300000,987300100,43143,71906,987400000,987400000
2,9874,987400000,987400100,43143,71906,987500000,987500000
2,9875,987500000,987500100,43143,71906,987600000,987600000
2,9876,987600000,987600100,43143,71906,987700000,987700000
2,9877,987700000,987700100,43143,71906,987800000,987800000
2,9878,987800000,987800100,43143,71906,987900000,987900000
2,9879,987900000,987900100,43143,71906,988000000,988000000
2,9880,988000000,988000100,43143,71906,988100000,988100000
2,9881,988100000,988100100,43143,71906,988200000,988200000
2,9882,988200000,988200100,43143,71906,988300000,988300000
2,9883,988300000,988300100,43143,71906,988400000,988400000
2,9884,988400000,988400100,43143,71906,988500000,988500000
2,9885,988500000,988500100,43143,71906,988600000,988600000
2,9886,988600000,988600100,43143,71906,988700000,988700000
2,9887,988700000,988700100,43143,71906,988800000,988800000
2,9888,988800000,988800100,43143,71906,988900000,988900000
2,9889,988900000,988900100,43143,71906,989000000,989000000
2,9890,989000000,989000100,43143,71906,989100000,989100000
2,9891,989100000,989100100,43143,71906,989200000,989200000
2,9892,989200000,989200100,43143,71906,989300000,989300000
2,9893,989300000,989300100,43143,71906,989400000,989400000
2,9894,989400000,989400100,43143,71906,989500000,989500000
2,9895,989500000,989500100,43143,71906,989600000,989600000
2,9896,989600000,989600100,43143,71906,989700000,989700000
2,9897,989700000,989700100,43143,71906,989800000,989800000
2,9898,989800000,989800100,43143,71906,989900000,989900000
2,9899,989900000,989900100,43143,71906,990000000,990000000
2,9900,990000000,990000100,43143,71906,990100000,990100000
2,9901,990100000,990100100,43143,71906,990200000,990200000
2,9902,990200000,990200100,43143,71906,990300000,990300000
2,9903,990300000,990300100,43143,71906,990400000,990400000
2,9904,990400000,990400100,43143,71906,990500000,990500000
2,9905,990500000,990500100,43143,71906,990600000,990600000
2,9906,990600000,990600100,43143,71906,990700000,990700000
2,9907,990700000,990700100,43143,71906,990800000,990800000
2,9908,990800000,990800100,43143,71906,990900000,990900000
2,9909,990900000,990900100,43143,71906,991000000,991000000
2,9910,991000000,991000100,43143,71906,991100000,991100000
2,9911,991100000,991100100,43143,71906,991200000,991200000
2,9912,991200000,991200100,43143,71906,991300000,991300000
2,9913,991300000,991300100,43143,71906,991400000,991400000
2,9914,991400000,991400100,43143,71906,991500000,991500000
2,9915,991500000,991500100,43143,71906,991600000,991600000
2,9916,991600000,991600100,43143,71906,991700000,991700000
2,9917,991700000,991700100,43143,71906,991800000,991800000
2,9918,991800000,991800100,43143,71906,991900000,991900000
2,9919,991900000,991900100,43143,71906,992000000,992000000
2,9920,992000000,992000100,43143,71906,992100000,992100000
2,9921,992100000,992100100,43143,71906,992200000,992200000
2,9922,992200000,992200100,43143,71906,992300000,992300000
2,9923,992300000,992300100,43143,71906,992400000,992400000
2,9924,992400000,992400100,43143,71906,992500000,992500000
2,9925,992500000,992500100,43143,71906,992600000,992600000
2,9926,992600000,992600100,43143,71906,992700000,992700000
2,9927,992700000,992700100,43143,71906,992800000,992800000
2,9928,992800000,992800100,43143,71906,992900000,992900000
2,9929,992900000,992900100,43143,71906,993000000,993000000
2,9930,993000000,993000100,43143,71906,993100000,993100000
2,9931,993100000,993100100,43143,71906,993200000,993200000
2,9932,993200000,993200100,43143,71906,993300000,993300000
2,9933,993300000,993300100,43143,71906,993400000,993400000
2,9934,993400000,993400100,43143,71906,993500000,993500000
2,9935,993500000,993500100,43143,71906,993600000,993600000
2,9936,993600000,993600100,43143,71906,993700000,993700000
2,9937,993700000,993700100,43143,71906,993800000,993800000
2,9938,993800000,993800100,43143,71906,993900000,993900000
2,9939,993900000,993900100,43143,71906,994000000,994000000
2,9940,994000000,994000100,43143,71906,994100000,994100000
2,9941,994100000,994100100,43143,71906,994200000,994200000
2,9942,994200000,994200100,43143,71906,994300000,994300000
2,9943,994300000,994300100,43143,71906,994400000,994400000
2,9944,994400000,994400100,43143,71906,994500000,994500000
2,9945,994500000,994500100,43143,71906,994600000,994600000
2,9946,994600000,994600100,43143,71906,994700000,994700000
2,9947,994700000,994700100,43143,71906,994800000,994800000
2,9948,994800000,994800100,43143,71906,994900000,994900000
2,9949,994900000,994900100,43143,71906,995000000,995000000
2,9950,995000000,995000100,43143,71906,995100000,995100000
2,9951,995100000,995100100,43143,71906,995200000,995200000
2,9952,995200000,995200100,43143,71906,995300000,995300000
2,9953,995300000,995300100,43143,71906,995400000,995400000
2,9954,995400000,995400100,43143,71906,995500000,995500000
2,9955,995500000,995500100,43143,71906,995600000,995600000
2,9956,995600000,995600100,43143,71906,995700000,995700000
2,9957,995700000,995700100,43143,71906,995800000,995800000
2,9958,995800000,995800100,43143,71906,995900000,995900000
2,9959,995900000,995900100,43143,71906,996000000,996000000
2,9960,996000000,996000100,43143,71906,996100000,996100000
2,9961,996100000,996100100,43143,71906,996200000,996200000
2,9962,996200000,996200100,43143,71906,996300000,996300000
2,9963,996300000,996300100,43143,71906,996400000,996400000
2,9964,996400000,996400100,43143,71906,996500000,996500000
2,9965,996500000,996500100,43143,71906,996600000,996600000
2,9966,996600000,996600100,43143,71906,996700000,996700000
2,9967,996700000,996700100,43143,71906,996800000,996800000
2,9968,996800000,996800100,43143,71906,996900000,996900000
2,9969,996900000,996900100,43143,71906,997000000,997000000
2,9970,997000000,997000100,43143,71906,997100000,997100000
2,9971,997100000,997100100,43143,71906,997200000,997200000
2,9972,997200000,997200100,43143,71906,997300000,997300000
2,9973,997300000,997300100,43143,71906,997400000,997400000
2,9974,997400000,997400100,43143,71906,997500000,997500000
2,9975,997500000,997500100,43143,71906,997600000,997600000
2,9976,997600000,997600100,43143,71906,997700000,997700000
2,9977,997700000,997700100,43143,71906,997800000,997800000
2,9978,997800000,997800100,43143,71906,997900000,997900000
2,9979,997900000,997900100,43143,71906,998000000,998000000
2,9980,998000000,998000100,43143,71906,998100000,998100000
2,9981,998100000,998100100,43143,71906,998200000,998200000
2,9982,998200000,998200100,43143,71906,998300000,998300000
2,9983,998300000,998300100,43143,71906,998400000,998400000
2,9984,998400000,998400100,43143,71906,998500000,998500000
2,9985,998500000,998500100,43143,71906,998600000,998600000
2,9986,998600000,998600100,43143,71906,998700000,998700000
2,9987,998700000,998700100,43143,71906,998800000,998800000
2,9988,998800000,998800100,43143,71906,998900000,998900000
2,9989,998900000,998900100,43143,71906,999000000,999000000
2,9990,999000000,999000100,43143,71906,999100000,999100000
2,9991,999100000,999100100,43143,71906,999200000,999200000
2,9992,999200000,999200100,43143,71906,999300000,999300000
2,9993,999300000,999300100,43143,71906,999400000,999400000
2,9994,999400000,999400100,43143,71906,999500000,999500000
2,9995,999500000,999500100,43143,71906,999600000,999600000
2,9996,999600000,999600100,43143,71906,999700000,999700000
2,9997,999700000,999700100,43143,71906,999800000,999800000
2,9998,999800000,999800100,43143,71906,999900000,999900000
2,9999,999900000,999900100,43143,71906,1000000000,1000000000
2,10000,1000000000,1000000100,43143,71906,1000100000,1000100000
2,10001,1000100000,1000100100,43143,71906,1000200000,1000200000
2,10002,1000200000,1000200100,43143,71906,1000300000,1000300000
2,10003,1000300000,1000300100,43143,71906,1000400000,1000400000
2,10004,1000400000,1000400100,43143,71906,1000500000,1000500000
2,10005,1000500000,1000500100,43143,71906,1000600000,1000600000
2,10006,1000600000,1000600100,43143,71906,1000700000,1000700000
2,10007,1000700000,1000700100,43143,71906,1000800000,1000800000
2,10008,1000800000,1000800100,43143,71906,1000900000,1000900000
2,10009,1000900000,1000900100,43143,71906,1001000000,1001000000
2,10010,1001000000,1001000100,43143,71906,1001100000,1001100000
2,10011,1001100000,1001100100,43143,71906,1001200000,1001200000
2,10012,1001200000,1001200100,43143,71906,1001300000,1001300000
2,10013,1001300000,1001300100,43143,71906,1001400000,1001400000
2,10014,1001400000,1001400100,43143,71906,1001500000,1001500000
2,10015,1001500000,1001500100,43143,71906,1001600000,1001600000
2,10016,1001600000,1001600100,43143,71906,1001700000,1001700000
2,10017,1001700000,1001700100,43143,71906,1001800000,1001800000
2,10018,1001800000,1001800100,43143,71906,1001900000,1001900000
2,10019,1001900000,1001900100,43143,71906,1002000000,1002000000
2,10020,1002000000,1002000100,43143,71906,1002100000,1002100000
2,10021,1002100000,1002100100,43143,71906,1002200000,1002200000
2,10022,1002200000,1002200100,43143,71906,1002300000,1002300000
2,10023,1002300000,1002300100,43143,71906,1002400000,1002400000
2,10024,1002400000,1002400100,43143,71906,1002500000,1002500000
2,10025,1002500000,1002500100,43143,71906,1002600000,1002600000
2,10026,1002600000,1002600100,43143,71906,1002700000,1002700000
2,10027,1002700000,1002700100,43143,71906,1002800000,1002800000
2,10028,1002800000,1002800100,43143,71906,1002900000,1002900000
2,10029,1002900000,1002900100,43143,71906,1003000000,1003000000
2,10030,1003000000,1003000100,43143,71906,1003100000,1003100000
2,10031,1003100000,1003100100,43143,71906,1003200000,1003200000
2,10032,1003200000,1003200100,43143,71906,1003300000,1003300000
2,10033,1003300000,1003300100,43143,71906,1003400000,1003400000
2,10034,1003400000,1003400100,43143,71906,1003500000,1003500000
2,10035,1003500000,1003500100,43143,71906,1003600000,1003600000
2,10036,1003600000,1003600100,43143,71906,1003700000,1003700000
2,10037,1003700000,1003700100,43143,71906,1003800000,1003800000
2,10038,1003800000,1003800100,43143,71906,1003900000,1003900000
2,10039,1003900000,1003900100,43143,71906,1004000000,1004000000
2,10040,1004000000,1004000100,43143,71906,1004100000,1004100000
2,10041,1004100000,1004100100,43143,71906,1004200000,1004200000
2,10042,1004200000,1004200100,43143,71906,1004300000,1004300000
2,10043,1004300000,1004300100,43143,71906,1004400000,1004400000
2,10044,1004400000,1004400100,43143,71906,1004500000,1004500000
2,10045,1004500000,1004500100,43143,71906,1004600000,1004600000
2,10046,1004600000,1004600100,43143,71906,1004700000,1004700000
2,10047,1004700000,1004700100,43143,71906,1004800000,1004800000
2,10048,1004800000,1004800100,43143,71906,1004900000,1004900000
2,10049,1004900000,1004900100,43143,71906,1005000000,1005000000
2,10050,1005000000,1005000100,43143,71906,1005100000,1005100000
2,10051,1005100000,1005100100,43143,71906,1005200000,1005200000
2,10052,1005200000,1005200100,43143,71906,1005300000,1005300000
2,10053,1005300000,1005300100,43143,71906,1005400000,1005400000
2,10054,1005400000,1005400100,43143,71906,1005500000,1005500000
2,10055,1005500000,1005500100,43143,71906,1005600000,1005600000
2,10056,1005600000,1005600100,43143,71906,1005700000,1005700000
2,10057,1005700000,1005700100,43143,71906,1005800000,1005800000
2,10058,1005800000,1005800100,43143,71906,1005900000,1005900000
2,10059,1005900000,1005900100,43143,71906,1006000000,1006000000
2,10060,1006000000,1006000100,43143,71906,1006100000,1006100000
2,10061,1006100000,1006100100,43143,71906,1006200000,1006200000
2,10062,1006200000,1006200100,43143,71906,1006300000,1006300000
2,10063,1006300000,1006300100,43143,71906,1006400000,1006400000
2,10064,1006400000,1006400100,43143,71906,1006500000,1006500000
2,10065,1006500000,1006500100,43143,71906,1006600000,1006600000
2,10066,1006600000,1006600100,43143,71906,1006700000,1006700000
2,10067,1006700000,1006700100,43143,71906,1006800000,1006800000
2,10068,1006800000,1006800100,43143,71906,1006900000,1006900000
2,10069,1006900000,1006900100,43143,71906,1007000000,1007000000
2,10070,1007000000,1007000100,43143,71906,1007100000,1007100000
2,10071,1007100000,1007100100,43143,71906,1007200000,1007200000
2,10072,1007200000,1007200100,43143,71906,1007300000,1007300000
2,10073,1007300000,1007300100,43143,71906,1007400000,1007400000
2,10074,1007400000,1007400100,43143,71906,1007500000,1007500000
2,10075,1007500000,1007500100,43143,71906,1007600000,1007600000
2,10076,1007600000,1007600100,43143,71906,1007700000,1007700000
2,10077,1007700000,1007700100,43143,71906,1007800000,1007800000
2,10078,1007800000,1007800100,43143,71906,1007900000,1007900000
2,10079,1007900000,1007900100,43143,71906,1008000000,1008000000
2,10080,1008000000,1008000100,43143,71906,1008100000,1008100000
2,10081,1008100000,1008100100,43143,71906,1008200000,1008200000
2,10082,1008200000,1008200100,43143,71906,1008300000,1008300000
2,10083,1008300000,1008300100,43143,71906,1008400000,1008400000
2,10084,1008400000,1008400100,43143,71906,1008500000,1008500000
2,10085,1008500000,1008500100,43143,71906,1008600000,1008600000
2,10086,1008600000,1008600100,43143,71906,1008700000,1008700000
2,10087,1008700000,1008700100,43143,71906,1008800000,1008800000
2,10088,1008800000,1008800100,43143,71906,1008900000,1008900000
2,10089,1008900000,1008900100,43143,71906,1009000000,1009000000
2,10090,1009000000,1009000100,43143,71906,1009100000,1009100000
2,10091,1009100000,1009100100,43143,71906,1009200000,1009200000
2,10092,1009200000,1009200100,43143,71906,1009300000,1009300000
2,10093,1009300000,1009300100,43143,71906,1009400000,1009400000
2,10094,1009400000,1009400100,43143,71906,1009500000,1009500000
2,10095,1009500000,1009500100,43143,71906,1009600000,1009600000
2,10096,1009600000,1009600100,43143,71906,1009700000,1009700000
2,10097,1009700000,1009700100,43143,71906,1009800000,1009800000
2,10098,1009800000,1009800100,43143,71906,1009900000,1009900000
2,10099,1009900000,1009900100,43143,71906,1010000000,1010000000
2,10100,1010000000,1010000100,43143,71906,1010100000,1010100000
2,10101,1010100000,1010100100,43143,71906,1010200000,1010200000
2,10102,1010200000,1010200100,43143,71906,1010300000,1010300000
2,10103,1010300000,1010300100,43143,71906,1010400000,1010400000
2,10104,1010400000,1010400100,43143,71906,1010500000,1010500000
2,10105,1010500000,1010500100,43143,71906,1010600000,1010600000
2,10106,1010600000,1010600100,43143,71906,1010700000,1010700000
2,10107,1010700000,1010700100,43143,71906,1010800000,1010800000
2,10108,1010800000,1010800100,43143,71906,1010900000,1010900000
2,10109,1010900000,1010900100,43143,71906,1011000000,1011000000
2,10110,1011000000,1011000100,43143,71906,1011100000,1011100000
2,10111,1011100000,1011100100,43143,71906,1011200000,1011200000
2,10112,1011200000,1011200100,43143,71906,1011300000,1011300000
2,10113,1011300000,1011300100,43143,71906,1011400000,1011400000
2,10114,1011400000,1011400100,43143,71906,1011500000,1011500000
2,10115,1011500000,1011500100,43143,71906,1011600000,1011600000
2,10116,1011600000,1011600100,43143,71906,1011700000,1011700000
2,10117,1011700000,1011700100,43143,71906,1011800000,1011800000
2,10118,1011800000,1011800100,43143,71906,1011900000,1011900000
2,10119,1011900000,1011900100,43143,71906,1012000000,1012000000
2,10120,1012000000,1012000100,43143,71906,1012100000,1012100000
2,10121,1012100000,1012100100,43143,71906,1012200000,1012200000
2,10122,1012200000,1012200100,43143,71906,1012300000,1012300000
2,10123,1012300000,1012300100,43143,71906,1012400000,1012400000
2,10124,1012400000,1012400100,43143,71906,1012500000,1012500000
2,10125,1012500000,1012500100,43143,71906,1012600000,1012600000
2,10126,1012600000,1012600100,43143,71906,1012700000,1012700000
2,10127,1012700000,1012700100,43143,71906,1012800000,1012800000
2,10128,1012800000,1012800100,43143,71906,1012900000,1012900000
2,10129,1012900000,1012900100,43143,71906,1013000000,1013000000
2,10130,1013000000,1013000100,43143,71906,1013100000,1013100000
2,10131,1013100000,1013100100,43143,71906,1013200000,1013200000
2,10132,1013200000,1013200100,43143,71906,1013300000,1013300000
2,10133,1013300000,1013300100,43143,71906,1013400000,1013400000
2,10134,1013400000,1013400100,43143,71906,1013500000,1013500000
2,10135,1013500000,1013500100,43143,71906,1013600000,1013600000
2,10136,1013600000,1013600100,43143,71906,1013700000,1013700000
2,10137,1013700000,1013700100,43143,71906,1013800000,1013800000
2,10138,1013800000,1013800100,43143,71906,1013900000,1013900000
2,10139,1013900000,1013900100,43143,71906,1014000000,1014000000
2,10140,1014000000,1014000100,43143,71906,1014100000,1014100000
2,10141,1014100000,1014100100,43143,71906,1014200000,1014200000
2,10142,1014200000,1014200100,43143,71906,1014300000,1014300000
2,10143,1014300000,1014300100,43143,71906,1014400000,1014400000
2,10144,1014400000,1014400100,43143,71906,1014500000,1014500000
2,10145,1014500000,1014500100,43143,71906,1014600000,1014600000
2,10146,1014600000,1014600100,43143,71906,1014700000,1014700000
2,10147,1014700000,1014700100,43143,71906,1014800000,1014800000
2,10148,1014800000,1014800100,43143,71906,1014900000,1014900000
2,10149,1014900000,1014900100,43143,71906,1015000000,1015000000
2,10150,1015000000,1015000100,43143,71906,1015100000,1015100000
2,10151,1015100000,1015100100,43143,71906,1015200000,1015200000
2,10152,1015200000,1015200100,43143,71906,1015300000,1015300000
2,10153,1015300000,1015300100,43143,71906,1015400000,1015400000
2,10154,1015400000,1015400100,43143,71906,1015500000,1015500000
2,10155,1015500000,1015500100,43143,71906,1015600000,1015600000
2,10156,1015600000,1015600100,43143,71906,1015700000,1015700000
2,10157,1015700000,1015700100,43143,71906,1015800000,1015800000
2,10158,1015800000,1015800100,43143,71906,1015900000,1015900000
2,10159,1015900000,1015900100,43143,71906,1016000000,1016000000
2,10160,1016000000,1016000100,43143,71906,1016100000,1016100000
2,10161,1016100000,1016100100,43143,71906,1016200000,1016200000
2,10162,1016200000,1016200100,43143,71906,1016300000,1016300000
2,10163,1016300000,1016300100,43143,71906,1016400000,1016400000
2,10164,1016400000,1016400100,43143,71906,1016500000,1016500000
2,10165,1016500000,1016500100,43143,71906,1016600000,1016600000
2,10166,1016600000,1016600100,43143,71906,1016700000,1016700000
2,10167,1016700000,1016700100,43143,71906,1016800000,1016800000
2,10168,1016800000,1016800100,43143,71906,1016900000,1016900000
2,10169,1016900000,1016900100,43143,71906,1017000000,1017000000
2,10170,1017000000,1017000100,43143,71906,1017100000,1017100000
2,10171,1017100000,1017100100,43143,71906,1017200000,1017200000
2,10172,1017200000,1017200100,43143,71906,1017300000,1017300000
2,10173,1017300000,1017300100,43143,71906,1017400000,1017400000
2,10174,1017400000,1017400100,43143,71906,1017500000,1017500000
2,10175,1017500000,1017500100,43143,71906,1017600000,1017600000
2,10176,1017600000,1017600100,43143,71906,1017700000,1017700000
2,10177,1017700000,1017700100,43143,71906,1017800000,1017800000
2,10178,1017800000,1017800100,43143,71906,1017900000,1017900000
2,10179,1017900000,1017900100,43143,71906,1018000000,1018000000
2,10180,1018000000,1018000100,43143,71906,1018100000,1018100000
2,10181,1018100000,1018100100,43143,71906,1018200000,1018200000
2,10182,1018200000,1018200100,43143,71906,1018300000,1018300000
2,10183,1018300000,1018300100,43143,71906,1018400000,1018400000
2,10184,1018400000,1018400100,43143,71906,1018500000,1018500000
2,10185,1018500000,1018500100,43143,71906,1018600000,1018600000
2,10186,1018600000,1018600100,43143,71906,1018700000,1018700000
2,10187,1018700000,1018700100,43143,71906,1018800000,1018800000
2,10188,1018800000,1018800100,43143,71906,1018900000,1018900000
2,10189,1018900000,1018900100,43143,71906,1019000000,1019000000
2,10190,1019000000,1019000100,43143,71906,1019100000,1019100000
2,10191,1019100000,1019100100,43143,71906,1019200000,1019200000
2,10192,1019200000,1019200100,43143,71906,1019300000,1019300000
2,10193,1019300000,1019300100,43143,71906,1019400000,1019400000
2,10194,1019400000,1019400100,43143,71906,1019500000,1019500000
2,10195,1019500000,1019500100,43143,71906,1019600000,1019600000
2,10196,1019600000,1019600100,43143,71906,1019700000,1019700000
2,10197,1019700000,1019700100,43143,71906,1019800000,1019800000
2,10198,1019800000,1019800100,43143,71906,1019900000,1019900000
2,10199,1019900000,1019900100,43143,71906,1020000000,1020000000
2,10200,1020000000,1020000100,43143,71906,1020100000,1020100000
2,10201,1020100000,1020100100,43143,71906,1020200000,1020200000
2,10202,1020200000,1020200100,43143,71906,1020300000,1020300000
2,10203,1020300000,1020300100,43143,71906,1020400000,1020400000
2,10204,1020400000,1020400100,43143,71906,1020500000,1020500000
2,10205,1020500000,1020500100,43143,71906,1020600000,1020600000
2,10206,1020600000,1020600100,43143,71906,1020700000,1020700000
2,10207,1020700000,1020700100,43143,71906,1020800000,1020800000
2,10208,1020800000,1020800100,43143,71906,1020900000,1020900000
2,10209,1020900000,1020900100,43143,71906,1021000000,1021000000
2,10210,1021000000,1021000100,43143,71906,1021100000,1021100000
2,10211,1021100000,1021100100,43143,71906,1021200000,1021200000
2,10212,1021200000,1021200100,43143,71906,1021300000,1021300000
2,10213,1021300000,1021300100,43143,71906,1021400000,1021400000
2,10214,1021400000,1021400100,43143,71906,1021500000,1021500000
2,10215,1021500000,1021500100,43143,71906,1021600000,1021600000
2,10216,1021600000,1021600100,43143,71906,1021700000,1021700000
2,10217,1021700000,1021700100,43143,71906,1021800000,1021800000
2,10218,1021800000,1021800100,43143,71906,1021900000,1021900000
2,10219,1021900000,1021900100,43143,71906,1022000000,1022000000
2,10220,1022000000,1022000100,43143,71906,1022100000,1022100000
2,10221,1022100000,1022100100,43143,71906,1022200000,1022200000
2,10222,1022200000,1022200100,43143,71906,1022300000,1022300000
2,10223,1022300000,1022300100,43143,71906,1022400000,1022400000
2,10224,1022400000,1022400100,43143,71906,1022500000,1022500000
2,10225,1022500000,1022500100,43143,71906,1022600000,1022600000
2,10226,1022600000,1022600100,43143,71906,1022700000,1022700000
2,10227,1022700000,1022700100,43143,71906,1022800000,1022800000
2,10228,1022800000,1022800100,43143,71906,1022900000,1022900000
2,10229,1022900000,1022900100,43143,71906,1023000000,1023000000
2,10230,1023000000,1023000100,43143,71906,1023100000,1023100000
2,10231,1023100000,1023100100,43143,71906,1023200000,1023200000
2,10232,1023200000,1023200100,43143,71906,1023300000,1023300000
2,10233,1023300000,1023300100,43143,71906,1023400000,1023400000
2,10234,1023400000,1023400100,43143,71906,1023500000,1023500000
2,10235,1023500000,1023500100,43143,71906,1023600000,1023600000
2,10236,1023600000,1023600100,43143,71906,1023700000,1023700000
2,10237,1023700000,1023700100,43143,71906,1023800000,1023800000
2,10238,1023800000,1023800100,43143,71906,1023900000,1023900000
2,10239,1023900000,1023900100,43143,71906,1024000000,1024000000
2,10240,1024000000,1024000100,43143,71906,1024100000,1024100000
2,10241,1024100000,1024100100,43143,71906,1024200000,1024200000
2,10242,1024200000,1024200100,43143,71906,1024300000,1024300000
2,10243,1024300000,1024300100,43143,71906,1024400000,1024400000
2,10244,1024400000,1024400100,43143,71906,1024500000,1024500000
2,10245,1024500000,1024500100,43143,71906,1024600000,1024600000
2,10246,1024600000,1024600100,43143,71906,1024700000,1024700000
2,10247,1024700000,1024700100,43143,71906,1024800000,1024800000
2,10248,1024800000,1024800100,43143,71906,1024900000,1024900000
2,10249,1024900000,1024900100,43143,71906,1025000000,1025000000
2,10250,1025000000,1025000100,43143,71906,1025100000,1025100000
2,10251,1025100000,1025100100,43143,71906,1025200000,1025200000
2,10252,1025200000,1025200100,43143,71906,1025300000,1025300000
2,10253,1025300000,1025300100,43143,71906,1025400000,1025400000
2,10254,1025400000,1025400100,43143,71906,1025500000,1025500000
2,10255,1025500000,1025500100,43143,71906,1025600000,1025600000
2,10256,1025600000,1025600100,43143,71906,1025700000,1025700000
2,10257,1025700000,1025700100,43143,71906,1025800000,1025800000
2,10258,1025800000,1025800100,43143,71906,1025900000,1025900000
2,10259,1025900000,1025900100,43143,71906,1026000000,1026000000
2,10260,1026000000,1026000100,43143,71906,1026100000,1026100000
2,10261,1026100000,1026100100,43143,71906,1026200000,1026200000
2,10262,1026200000,1026200100,43143,71906,1026300000,1026300000
2,10263,1026300000,1026300100,43143,71906,1026400000,1026400000
2,10264,1026400000,1026400100,43143,71906,1026500000,1026500000
2,10265,1026500000,1026500100,43143,71906,1026600000,1026600000
2,10266,1026600000,1026600100,43143,71906,1026700000,1026700000
2,10267,1026700000,1026700100,43143,71906,1026800000,1026800000
2,10268,1026800000,1026800100,43143,71906,1026900000,1026900000
2,10269,1026900000,1026900100,43143,71906,1027000000,1027000000
2,10270,1027000000,1027000100,43143,71906,1027100000,1027100000
2,10271,1027100000,1027100100,43143,71906,1027200000,1027200000
2,10272,1027200000,1027200100,43143,71906,1027300000,1027300000
2,10273,1027300000,1027300100,43143,71906,1027400000,1027400000
2,10274,1027400000,1027400100,43143,71906,1027500000,1027500000
2,10275,1027500000,1027500100,43143,71906,1027600000,1027600000
2,10276,1027600000,1027600100,43143,71906,1027700000,1027700000
2,10277,1027700000,1027700100,43143,71906,1027800000,1027800000
2,10278,1027800000,1027800100,43143,71906,1027900000,1027900000
2,10279,1027900000,1027900100,43143,71906,1028000000,1028000000
2,10280,1028000000,1028000100,43143,71906,1028100000,1028100000
2,10281,1028100000,1028100100,43143,71906,1028200000,1028200000
2,10282,1028200000,1028200100,43143,71906,1028300000,1028300000
2,10283,1028300000,1028300100,43143,71906,1028400000,1028400000
2,10284,1028400000,1028400100,43143,71906,1028500000,1028500000
2,10285,1028500000,1028500100,43143,71906,1028600000,1028600000
2,10286,1028600000,1028600100,43143,71906,1028700000,1028700000
2,10287,1028700000,1028700100,43143,71906,1028800000,1028800000
2,10288,1028800000,1028800100,43143,71906,1028900000,1028900000
2,10289,1028900000,1028900100,43143,71906,1029000000,1029000000
2,10290,1029000000,1029000100,43143,71906,1029100000,1029100000
2,10291,1029100000,1029100100,43143,71906,1029200000,1029200000
2,10292,1029200000,1029200100,43143,71906,1029300000,1029300000
2,10293,1029300000,1029300100,43143,71906,1029400000,1029400000
2,10294,1029400000,1029400100,43143,71906,1029500000,1029500000
2,10295,1029500000,1029500100,43143,71906,1029600000,1029600000
2,10296,1029600000,1029600100,43143,71906,1029700000,1029700000
2,10297,1029700000,1029700100,43143,71906,1029800000,1029800000
2,10298,1029800000,1029800100,43143,71906,1029900000,1029900000
2,10299,1029900000,1029900100,43143,71906,1030000000,1030000000
2,10300,1030000000,1030000100,43143,71906,1030100000,1030100000
2,10301,1030100000,1030100100,43143,71906,1030200000,1030200000
2,10302,1030200000,1030200100,43143,71906,1030300000,1030300000
2,10303,1030300000,1030300100,43143,71906,1030400000,1030400000
2,10304,1030400000,1030400100,43143,71906,1030500000,1030500000
2,10305,1030500000,1030500100,43143,71906,1030600000,1030600000
2,10306,1030600000,1030600100,43143,71906,1030700000,1030700000
2,10307,1030700000,1030700100,43143,71906,1030800000,1030800000
2,10308,1030800000,1030800100,43143,71906,1030900000,1030900000
2,10309,1030900000,1030900100,43143,71906,1031000000,1031000000
2,10310,1031000000,1031000100,43143,71906,1031100000,1031100000
2,10311,1031100000,1031100100,43143,71906,1031200000,1031200000
2,10312,1031200000,1031200100,43143,71906,1031300000,1031300000
2,10313,1031300000,1031300100,43143,71906,1031400000,1031400000
2,10314,1031400000,1031400100,43143,71906,1031500000,1031500000
2,10315,1031500000,1031500100,43143,71906,1031600000,1031600000
2,10316,1031600000,1031600100,43143,71906,1031700000,1031700000
2,10317,1031700000,1031700100,43143,71906,1031800000,1031800000
2,10318,1031800000,1031800100,43143,71906,1031900000,1031900000
2,10319,1031900000,1031900100,43143,71906,1032000000,1032000000
2,10320,1032000000,1032000100,43143,71906,1032100000,1032100000
2,10321,1032100000,1032100100,43143,71906,1032200000,1032200000
2,10322,1032200000,1032200100,43143,71906,1032300000,1032300000
2,10323,1032300000,1032300100,43143,71906,1032400000,1032400000
2,10324,1032400000,1032400100,43143,71906,1032500000,1032500000
2,10325,1032500000,1032500100,43143,71906,1032600000,1032600000
2,10326,1032600000,1032600100,43143,71906,1032700000,1032700000
2,10327,1032700000,1032700100,43143,71906,1032800000,1032800000
2,10328,1032800000,1032800100,43143,71906,1032900000,1032900000
2,10329,1032900000,1032900100,43143,71906,1033000000,1033000000
2,10330,1033000000,1033000100,43143,71906,1033100000,1033100000
2,10331,1033100000,1033100100,43143,71906,1033200000,1033200000
2,10332,1033200000,1033200100,43143,71906,1033300000,1033300000
2,10333,1033300000,1033300100,43143,71906,1033400000,1033400000
2,10334,1033400000,1033400100,43143,71906,1033500000,1033500000
2,10335,1033500000,1033500100,43143,71906,1033600000,1033600000
2,10336,1033600000,1033600100,43143,71906,1033700000,1033700000
2,10337,1033700000,1033700100,43143,71906,1033800000,1033800000
2,10338,1033800000,1033800100,43143,71906,1033900000,1033900000
2,10339,1033900000,1033900100,43143,71906,1034000000,1034000000
2,10340,1034000000,1034000100,43143,71906,1034100000,1034100000
2,10341,1034100000,1034100100,43143,71906,1034200000,1034200000
2,10342,1034200000,1034200100,43143,71906,1034300000,1034300000
2,10343,1034300000,1034300100,43143,71906,1034400000,1034400000
2,10344,1034400000,1034400100,43143,71906,1034500000,1034500000
2,10345,1034500000,1034500100,43143,71906,1034600000,1034600000
2,10346,1034600000,1034600100,43143,71906,1034700000,1034700000
2,10347,1034700000,1034700100,43143,71906,1034800000,1034800000
2,10348,1034800000,1034800100,43143,71906,1034900000,1034900000
2,10349,1034900000,1034900100,43143,71906,1035000000,1035000000
2,10350,1035000000,1035000100,43143,71906,1035100000,1035100000
2,10351,1035100000,1035100100,43143,71906,1035200000,1035200000
2,10352,1035200000,1035200100,43143,71906,1035300000,1035300000
2,10353,1035300000,1035300100,43143,71906,1035400000,1035400000
2,10354,1035400000,1035400100,43143,71906,1035500000,1035500000
2,10355,1035500000,1035500100,43143,71906,1035600000,1035600000
2,10356,1035600000,1035600100,43143,71906,1035700000,1035700000
2,10357,1035700000,1035700100,43143,71906,1035800000,1035800000
2,10358,1035800000,1035800100,43143,71906,1035900000,1035900000
2,10359,1035900000,1035900100,43143,71906,1036000000,1036000000
2,10360,1036000000,1036000100,43143,71906,1036100000,1036100000
2,10361,1036100000,1036100100,43143,71906,1036200000,1036200000
2,10362,1036200000,1036200100,43143,71906,1036300000,1036300000
2,10363,1036300000,1036300100,43143,71906,1036400000,1036400000
2,10364,1036400000,1036400100,43143,71906,1036500000,1036500000
2,10365,1036500000,1036500100,43143,71906,1036600000,1036600000
2,10366,1036600000,1036600100,43143,71906,1036700000,1036700000
2,10367,1036700000,1036700100,43143,71906,1036800000,1036800000
2,10368,1036800000,1036800100,43143,71906,1036900000,1036900000
2,10369,1036900000,1036900100,43143,71906,1037000000,1037000000
2,10370,1037000000,1037000100,43143,71906,1037100000,1037100000
2,10371,1037100000,1037100100,43143,71906,1037200000,1037200000
2,10372,1037200000,1037200100,43143,71906,1037300000,1037300000
2,10373,1037300000,1037300100,43143,71906,1037400000,1037400000
2,10374,1037400000,1037400100,43143,71906,1037500000,1037500000
2,10375,1037500000,1037500100,43143,71906,1037600000,1037600000
2,10376,1037600000,1037600100,43143,71906,1037700000,1037700000
2,10377,1037700000,1037700100,43143,71906,1037800000,1037800000
2,10378,1037800000,1037800100,43143,71906,1037900000,1037900000
2,10379,1037900000,1037900100,43143,71906,1038000000,1038000000
2,10380,1038000000,1038000100,43143,71906,1038100000,1038100000
2,10381,1038100000,1038100100,43143,71906,1038200000,1038200000
2,10382,1038200000,1038200100,43143,71906,1038300000,1038300000
2,10383,1038300000,1038300100,43143,71906,1038400000,1038400000
2,10384,1038400000,1038400100,43143,71906,1038500000,1038500000
2,10385,1038500000,1038500100,43143,71906,1038600000,1038600000
2,10386,1038600000,1038600100,43143,71906,1038700000,1038700000
2,10387,1038700000,1038700100,43143,71906,1038800000,1038800000
2,10388,1038800000,1038800100,43143,71906,1038900000,1038900000
2,10389,1038900000,1038900100,43143,71906,1039000000,1039000000
2,10390,1039000000,1039000100,43143,71906,1039100000,1039100000
2,10391,1039100000,1039100100,43143,71906,1039200000,1039200000
2,10392,1039200000,1039200100,43143,71906,1039300000,1039300000
2,10393,1039300000,1039300100,43143,71906,1039400000,1039400000
2,10394,1039400000,1039400100,43143,71906,1039500000,1039500000
2,10395,1039500000,1039500100,43143,71906,1039600000,1039600000
2,10396,1039600000,1039600100,43143,71906,1039700000,1039700000
2,10397,1039700000,1039700100,43143,71906,1039800000,1039800000
2,10398,1039800000,1039800100,43143,71906,1039900000,1039900000
2,10399,1039900000,1039900100,43143,71906,1040000000,1040000000
2,10400,1040000000,1040000100,43143,71906,1040100000,1040100000
2,10401,1040100000,1040100100,43143,71906,1040200000,1040200000
2,10402,1040200000,1040200100,43143,71906,1040300000,1040300000
2,10403,1040300000,1040300100,43143,71906,1040400000,1040400000
2,10404,1040400000,1040400100,43143,71906,1040500000,1040500000
2,10405,1040500000,1040500100,43143,71906,1040600000,1040600000
2,10406,1040600000,1040600100,43143,71906,1040700000,1040700000
2,10407,1040700000,1040700100,43143,71906,1040800000,1040800000
2,10408,1040800000,1040800100,43143,71906,1040900000,1040900000
2,10409,1040900000,1040900100,43143,71906,1041000000,1041000000
2,10410,1041000000,1041000100,43143,71906,1041100000,1041100000
2,10411,1041100000,1041100100,43143,71906,1041200000,1041200000
2,10412,1041200000,1041200100,43143,71906,1041300000,1041300000
2,10413,1041300000,1041300100,43143,71906,1041400000,1041400000
2,10414,1041400000,1041400100,43143,71906,1041500000,1041500000
2,10415,1041500000,1041500100,43143,71906,1041600000,1041600000
2,10416,1041600000,1041600100,43143,71906,1041700000,1041700000
2,10417,1041700000,1041700100,43143,71906,1041800000,1041800000
2,10418,1041800000,1041800100,43143,71906,1041900000,1041900000
2,10419,1041900000,1041900100,43143,71906,1042000000,1042000000
2,10420,1042000000,1042000100,43143,71906,1042100000,1042100000
2,10421,1042100000,1042100100,43143,71906,1042200000,1042200000
2,10422,1042200000,1042200100,43143,71906,1042300000,1042300000
2,10423,1042300000,1042300100,43143,71906,1042400000,1042400000
2,10424,1042400000,1042400100,43143,71906,1042500000,1042500000
2,10425,1042500000,1042500100,43143,71906,1042600000,1042600000
2,10426,1042600000,1042600100,43143,71906,1042700000,1042700000
2,10427,1042700000,1042700100,43143,71906,1042800000,1042800000
2,10428,1042800000,1042800100,43143,71906,1042900000,1042900000
2,10429,1042900000,1042900100,43143,71906,1043000000,1043000000
2,10430,1043000000,1043000100,43143,71906,1043100000,1043100000
2,10431,1043100000,1043100100,43143,71906,1043200000,1043200000
2,10432,1043200000,1043200100,43143,71906,1043300000,1043300000
2,10433,1043300000,1043300100,43143,71906,1043400000,1043400000
2,10434,1043400000,1043400100,43143,71906,1043500000,1043500000
2,10435,1043500000,1043500100,43143,71906,1043600000,1043600000
2,10436,1043600000,1043600100,43143,71906,1043700000,1043700000
2,10437,1043700000,1043700100,43143,71906,1043800000,1043800000
2,10438,1043800000,1043800100,43143,71906,1043900000,1043900000
2,10439,1043900000,1043900100,43143,71906,1044000000,1044000000
2,10440,1044000000,1044000100,43143,71906,1044100000,1044100000
2,10441,1044100000,1044100100,43143,71906,1044200000,1044200000
2,10442,1044200000,1044200100,43143,71906,1044300000,1044300000
2,10443,1044300000,1044300100,43143,71906,1044400000,1044400000
2,10444,1044400000,1044400100,43143,71906,1044500000,1044500000
2,10445,1044500000,1044500100,43143,71906,1044600000,1044600000
2,10446,1044600000,1044600100,43143,71906,1044700000,1044700000
2,10447,1044700000,1044700100,43143,71906,1044800000,1044800000
2,10448,1044800000,1044800100,43143,71906,1044900000,1044900000
2,10449,1044900000,1044900100,43143,71906,1045000000,1045000000
2,10450,1045000000,1045000100,43143,71906,1045100000,1045100000
2,10451,1045100000,1045100100,43143,71906,1045200000,1045200000
2,10452,1045200000,1045200100,43143,71906,1045300000,1045300000
2,10453,1045300000,1045300100,43143,71906,1045400000,1045400000
2,10454,1045400000,1045400100,43143,71906,1045500000,1045500000
2,10455,1045500000,1045500100,43143,71906,1045600000,1045600000
2,10456,1045600000,1045600100,43143,71906,1045700000,1045700000
2,10457,1045700000,1045700100,43143,71906,1045800000,1045800000
2,10458,1045800000,1045800100,43143,71906,1045900000,1045900000
2,10459,1045900000,1045900100,43143,71906,1046000000,1046000000
2,10460,1046000000,1046000100,43143,71906,1046100000,1046100000
2,10461,1046100000,1046100100,43143,71906,1046200000,1046200000
2,10462,1046200000,1046200100,43143,71906,1046300000,1046300000
2,10463,1046300000,1046300100,43143,71906,1046400000,1046400000
2,10464,1046400000,1046400100,43143,71906,1046500000,1046500000
2,10465,1046500000,1046500100,43143,71906,1046600000,1046600000
2,10466,1046600000,1046600100,43143,71906,1046700000,1046700000
2,10467,1046700000,1046700100,43143,71906,1046800000,1046800000
2,10468,1046800000,1046800100,43143,71906,1046900000,1046900000
2,10469,1046900000,1046900100,43143,71906,1047000000,1047000000
2,10470,1047000000,1047000100,43143,71906,1047100000,1047100000
2,10471,1047100000,1047100100,43143,71906,1047200000,1047200000
2,10472,1047200000,1047200100,43143,71906,1047300000,1047300000
2,10473,1047300000,1047300100,43143,71906,1047400000,1047400000
2,10474,1047400000,1047400100,43143,71906,1047500000,1047500000
2,10475,1047500000,1047500100,43143,71906,1047600000,1047600000
2,10476,1047600000,1047600100,43143,71906,1047700000,1047700000
2,10477,1047700000,1047700100,43143,71906,1047800000,1047800000
2,10478,1047800000,1047800100,43143,71906,1047900000,1047900000
2,10479,1047900000,1047900100,43143,71906,1048000000,1048000000
2,10480,1048000000,1048000100,43143,71906,1048100000,1048100000
2,10481,1048100000,1048100100,43143,71906,1048200000,1048200000
2,10482,1048200000,1048200100,43143,71906,1048300000,1048300000
2,10483,1048300000,1048300100,43143,71906,1048400000,1048400000
2,10484,1048400000,1048400100,43143,71906,1048500000,1048500000
2,10485,1048500000,1048500100,43143,71906,1048600000,1048600000
2,10486,1048600000,1048600100,43143,71906,1048700000,1048700000
2,10487,1048700000,1048700100,43143,71906,1048800000,1048800000
2,10488,1048800000,1048800100,43143,71906,1048900000,1048900000
2,10489,1048900000,1048900100,43143,71906,1049000000,1049000000
2,10490,1049000000,1049000100,43143,71906,1049100000,1049100000
2,10491,1049100000,1049100100,43143,71906,1049200000,1049200000
2,10492,1049200000,1049200100,43143,71906,1049300000,1049300000
2,10493,1049300000,1049300100,43143,71906,1049400000,1049400000
2,10494,1049400000,1049400100,43143,71906,1049500000,1049500000
2,10495,1049500000,1049500100,43143,71906,1049600000,1049600000
2,10496,1049600000,1049600100,43143,71906,1049700000,1049700000
2,10497,1049700000,1049700100,43143,71906,1049800000,1049800000
2,10498,1049800000,1049800100,43143,71906,1049900000,1049900000
2,10499,1049900000,1049900100,43143,71906,1050000000,1050000000
2,10500,1050000000,1050000100,43143,71906,1050100000,1050100000
2,10501,1050100000,1050100100,43143,71906,1050200000,1050200000
2,10502,1050200000,1050200100,43143,71906,1050300000,1050300000
2,10503,1050300000,1050300100,43143,71906,1050400000,1050400000
2,10504,1050400000,1050400100,43143,71906,1050500000,1050500000
2,10505,1050500000,1050500100,43143,71906,1050600000,1050600000
2,10506,1050600000,1050600100,43143,71906,1050700000,1050700000
2,10507,1050700000,1050700100,43143,71906,1050800000,1050800000
2,10508,1050800000,1050800100,43143,71906,1050900000,1050900000
2,10509,1050900000,1050900100,43143,71906,1051000000,1051000000
2,10510,1051000000,1051000100,43143,71906,1051100000,1051100000
2,10511,1051100000,1051100100,43143,71906,1051200000,1051200000
2,10512,1051200000,1051200100,43143,71906,1051300000,1051300000
2,10513,1051300000,1051300100,43143,71906,1051400000,1051400000
2,10514,1051400000,1051400100,43143,71906,1051500000,1051500000
2,10515,1051500000,1051500100,43143,71906,1051600000,1051600000
2,10516,1051600000,1051600100,43143,71906,1051700000,1051700000
2,10517,1051700000,1051700100,43143,71906,1051800000,1051800000
2,10518,1051800000,1051800100,43143,71906,1051900000,1051900000
2,10519,1051900000,1051900100,43143,71906,1052000000,1052000000
2,10520,1052000000,1052000100,43143,71906,1052100000,1052100000
2,10521,1052100000,1052100100,43143,71906,1052200000,1052200000
2,10522,1052200000,1052200100,43143,71906,1052300000,1052300000
2,10523,1052300000,1052300100,43143,71906,1052400000,1052400000
2,10524,1052400000,1052400100,43143,71906,1052500000,1052500000
2,10525,1052500000,1052500100,43143,71906,1052600000,1052600000
2,10526,1052600000,1052600100,43143,71906,1052700000,1052700000
2,10527,1052700000,1052700100,43143,71906,1052800000,1052800000
2,10528,1052800000,1052800100,43143,71906,1052900000,1052900000
2,10529,1052900000,1052900100,43143,71906,1053000000,1053000000
2,10530,1053000000,1053000100,43143,71906,1053100000,1053100000
2,10531,1053100000,1053100100,43143,71906,1053200000,1053200000
2,10532,1053200000,1053200100,43143,71906,1053300000,1053300000
2,10533,1053300000,1053300100,43143,71906,1053400000,1053400000
2,10534,1053400000,1053400100,43143,71906,1053500000,1053500000
2,10535,1053500000,1053500100,43143,71906,1053600000,1053600000
2,10536,1053600000,1053600100,43143,71906,1053700000,1053700000
2,10537,1053700000,1053700100,43143,71906,1053800000,1053800000
2,10538,1053800000,1053800100,43143,71906,1053900000,1053900000
2,10539,1053900000,1053900100,43143,71906,1054000000,1054000000
2,10540,1054000000,1054000100,43143,71906,1054100000,1054100000
2,10541,1054100000,1054100100,43143,71906,1054200000,1054200000
2,10542,1054200000,1054200100,43143,71906,1054300000,1054300000
2,10543,1054300000,1054300100,43143,71906,1054400000,1054400000
2,10544,1054400000,1054400100,43143,71906,1054500000,1054500000
2,10545,1054500000,1054500100,43143,71906,1054600000,1054600000
2,10546,1054600000,1054600100,43143,71906,1054700000,1054700000
2,10547,1054700000,1054700100,43143,71906,1054800000,1054800000
2,10548,1054800000,1054800100,43143,71906,1054900000,1054900000
2,10549,1054900000,1054900100,43143,71906,1055000000,1055000000
2,10550,1055000000,1055000100,43143,71906,1055100000,1055100000
2,10551,1055100000,1055100100,43143,71906,1055200000,1055200000
2,10552,1055200000,1055200100,43143,71906,1055300000,1055300000
2,10553,1055300000,1055300100,43143,71906,1055400000,1055400000
2,10554,1055400000,1055400100,43143,71906,1055500000,1055500000
2,10555,1055500000,1055500100,43143,71906,1055600000,1055600000
2,10556,1055600000,1055600100,43143,71906,1055700000,1055700000
2,10557,1055700000,1055700100,43143,71906,1055800000,1055800000
2,10558,1055800000,1055800100,43143,71906,1055900000,1055900000
2,10559,1055900000,1055900100,43143,71906,1056000000,1056000000
2,10560,1056000000,1056000100,43143,71906,1056100000,1056100000
2,10561,1056100000,1056100100,43143,71906,1056200000,1056200000
2,10562,1056200000,1056200100,43143,71906,1056300000,1056300000
2,10563,1056300000,1056300100,43143,71906,1056400000,1056400000
2,10564,1056400000,1056400100,43143,71906,1056500000,1056500000
2,10565,1056500000,1056500100,43143,71906,1056600000,1056600000
2,10566,1056600000,1056600100,43143,71906,1056700000,1056700000
2,10567,1056700000,1056700100,43143,71906,1056800000,1056800000
2,10568,1056800000,1056800100,43143,71906,1056900000,1056900000
2,10569,1056900000,1056900100,43143,71906,1057000000,1057000000
2,10570,1057000000,1057000100,43143,71906,1057100000,1057100000
2,10571,1057100000,1057100100,43143,71906,1057200000,1057200000
2,10572,1057200000,1057200100,43143,71906,1057300000,1057300000
2,10573,1057300000,1057300100,43143,71906,1057400000,1057400000
2,10574,1057400000,1057400100,43143,71906,1057500000,1057500000
2,10575,1057500000,1057500100,43143,71906,1057600000,1057600000
2,10576,1057600000,1057600100,43143,71906,1057700000,1057700000
2,10577,1057700000,1057700100,43143,71906,1057800000,1057800000
2,10578,1057800000,1057800100,43143,71906,1057900000,1057900000
2,10579,1057900000,1057900100,43143,71906,1058000000,1058000000
2,10580,1058000000,1058000100,43143,71906,1058100000,1058100000
2,10581,1058100000,1058100100,43143,71906,1058200000,1058200000
2,10582,1058200000,1058200100,43143,71906,1058300000,1058300000
2,10583,1058300000,1058300100,43143,71906,1058400000,1058400000
2,10584,1058400000,1058400100,43143,71906,1058500000,1058500000
2,10585,1058500000,1058500100,43143,71906,1058600000,1058600000
2,10586,1058600000,1058600100,43143,71906,1058700000,1058700000
2,10587,1058700000,1058700100,43143,71906,1058800000,1058800000
2,10588,1058800000,1058800100,43143,71906,1058900000,1058900000
2,10589,1058900000,1058900100,43143,71906,1059000000,1059000000
2,10590,1059000000,1059000100,43143,71906,1059100000,1059100000
2,10591,1059100000,1059100100,43143,71906,1059200000,1059200000
2,10592,1059200000,1059200100,43143,71906,1059300000,1059300000
2,10593,1059300000,1059300100,43143,71906,1059400000,1059400000
2,10594,1059400000,1059400100,43143,71906,1059500000,1059500000
2,10595,1059500000,1059500100,43143,71906,1059600000,1059600000
2,10596,1059600000,1059600100,43143,71906,1059700000,1059700000
2,10597,1059700000,1059700100,43143,71906,1059800000,1059800000
2,10598,1059800000,1059800100,43143,71906,1059900000,1059900000
2,10599,1059900000,1059900100,43143,71906,1060000000,1060000000
2,10600,1060000000,1060000100,43143,71906,1060100000,1060100000
2,10601,1060100000,1060100100,43143,71906,1060200000,1060200000
2,10602,1060200000,1060200100,43143,71906,1060300000,1060300000
2,10603,1060300000,1060300100,43143,71906,1060400000,1060400000
2,10604,1060400000,1060400100,43143,71906,1060500000,1060500000
2,10605,1060500000,1060500100,43143,71906,1060600000,1060600000
2,10606,1060600000,1060600100,43143,71906,1060700000,1060700000
2,10607,1060700000,1060700100,43143,71906,1060800000,1060800000
2,10608,1060800000,1060800100,43143,71906,1060900000,1060900000
2,10609,1060900000,1060900100,43143,71906,1061000000,1061000000
2,10610,1061000000,1061000100,43143,71906,1061100000,1061100000
2,10611,1061100000,1061100100,43143,71906,1061200000,1061200000
2,10612,1061200000,1061200100,43143,71906,1061300000,1061300000
2,10613,1061300000,1061300100,43143,71906,1061400000,1061400000
2,10614,1061400000,1061400100,43143,71906,1061500000,1061500000
2,10615,1061500000,1061500100,43143,71906,1061600000,1061600000
2,10616,1061600000,1061600100,43143,71906,1061700000,1061700000
2,10617,1061700000,1061700100,43143,71906,1061800000,1061800000
2,10618,1061800000,1061800100,43143,71906,1061900000,1061900000
2,10619,1061900000,1061900100,43143,71906,1062000000,1062000000
2,10620,1062000000,1062000100,43143,71906,1062100000,1062100000
2,10621,1062100000,1062100100,43143,71906,1062200000,1062200000
2,10622,1062200000,1062200100,43143,71906,1062300000,1062300000
2,10623,1062300000,1062300100,43143,71906,1062400000,1062400000
2,10624,1062400000,1062400100,43143,71906,1062500000,1062500000
2,10625,1062500000,1062500100,43143,71906,1062600000,1062600000
2,10626,1062600000,1062600100,43143,71906,1062700000,1062700000
2,10627,1062700000,1062700100,43143,71906,1062800000,1062800000
2,10628,1062800000,1062800100,43143,71906,1062900000,1062900000
2,10629,1062900000,1062900100,43143,71906,1063000000,1063000000
2,10630,1063000000,1063000100,43143,71906,1063100000,1063100000
2,10631,1063100000,1063100100,43143,71906,1063200000,1063200000
2,10632,1063200000,1063200100,43143,71906,1063300000,1063300000
2,10633,1063300000,1063300100,43143,71906,1063400000,1063400000
2,10634,1063400000,1063400100,43143,71906,1063500000,1063500000
2,10635,1063500000,1063500100,43143,71906,1063600000,1063600000
2,10636,1063600000,1063600100,43143,71906,1063700000,1063700000
2,10637,1063700000,1063700100,43143,71906,1063800000,1063800000
2,10638,1063800000,1063800100,43143,71906,1063900000,1063900000
2,10639,1063900000,1063900100,43143,71906,1064000000,1064000000
2,10640,1064000000,1064000100,43143,71906,1064100000,1064100000
2,10641,1064100000,1064100100,43143,71906,1064200000,1064200000
2,10642,1064200000,1064200100,43143,71906,1064300000,1064300000
2,10643,1064300000,1064300100,43143,71906,1064400000,1064400000
2,10644,1064400000,1064400100,43143,71906,1064500000,1064500000
2,10645,1064500000,1064500100,43143,71906,1064600000,1064600000
2,10646,1064600000,1064600100,43143,71906,1064700000,1064700000
2,10647,1064700000,1064700100,43143,71906,1064800000,1064800000
2,10648,1064800000,1064800100,43143,71906,1064900000,1064900000
2,10649,1064900000,1064900100,43143,71906,1065000000,1065000000
2,10650,1065000000,1065000100,43143,71906,1065100000,1065100000
2,10651,1065100000,1065100100,43143,71906,1065200000,1065200000
2,10652,1065200000,1065200100,43143,71906,1065300000,1065300000
2,10653,1065300000,1065300100,43143,71906,1065400000,1065400000
2,10654,1065400000,1065400100,43143,71906,1065500000,1065500000
2,10655,1065500000,1065500100,43143,71906,1065600000,1065600000
2,10656,1065600000,1065600100,43143,71906,1065700000,1065700000
2,10657,1065700000,1065700100,43143,71906,1065800000,1065800000
2,10658,1065800000,1065800100,43143,71906,1065900000,1065900000
2,10659,1065900000,1065900100,43143,71906,1066000000,1066000000
2,10660,1066000000,1066000100,43143,71906,1066100000,1066100000
2,10661,1066100000,1066100100,43143,71906,1066200000,1066200000
2,10662,1066200000,1066200100,43143,71906,1066300000,1066300000
2,10663,1066300000,1066300100,43143,71906,1066400000,1066400000
2,10664,1066400000,1066400100,43143,71906,1066500000,1066500000
2,10665,1066500000,1066500100,43143,71906,1066600000,1066600000
2,10666,1066600000,1066600100,43143,71906,1066700000,1066700000
2,10667,1066700000,1066700100,43143,71906,1066800000,1066800000
2,10668,1066800000,1066800100,43143,71906,1066900000,1066900000
2,10669,1066900000,1066900100,43143,71906,1067000000,1067000000
2,10670,1067000000,1067000100,43143,71906,1067100000,1067100000
2,10671,1067100000,1067100100,43143,71906,1067200000,1067200000
2,10672,1067200000,1067200100,43143,71906,1067300000,1067300000
2,10673,1067300000,1067300100,43143,71906,1067400000,1067400000
2,10674,1067400000,1067400100,43143,71906,1067500000,1067500000
2,10675,1067500000,1067500100,43143,71906,1067600000,1067600000
2,10676,1067600000,1067600100,43143,71906,1067700000,1067700000
2,10677,1067700000,1067700100,43143,71906,1067800000,1067800000
2,10678,1067800000,1067800100,43143,71906,1067900000,1067900000
2,10679,1067900000,1067900100,43143,71906,1068000000,1068000000
2,10680,1068000000,1068000100,43143,71906,1068100000,1068100000
2,10681,1068100000,1068100100,43143,71906,1068200000,1068200000
2,10682,1068200000,1068200100,43143,71906,1068300000,1068300000
2,10683,1068300000,1068300100,43143,71906,1068400000,1068400000
2,10684,1068400000,1068400100,43143,71906,1068500000,1068500000
2,10685,1068500000,1068500100,43143,71906,1068600000,1068600000
2,10686,1068600000,1068600100,43143,71906,1068700000,1068700000
2,10687,1068700000,1068700100,43143,71906,1068800000,1068800000
2,10688,1068800000,1068800100,43143,71906,1068900000,1068900000
2,10689,1068900000,1068900100,43143,71906,1069000000,1069000000
2,10690,1069000000,1069000100,43143,71906,1069100000,1069100000
2,10691,1069100000,1069100100,43143,71906,1069200000,1069200000
2,10692,1069200000,1069200100,43143,71906,1069300000,1069300000
2,10693,1069300000,1069300100,43143,71906,1069400000,1069400000
2,10694,1069400000,1069400100,43143,71906,1069500000,1069500000
2,10695,1069500000,1069500100,43143,71906,1069600000,1069600000
2,10696,1069600000,1069600100,43143,71906,1069700000,1069700000
2,10697,1069700000,1069700100,43143,71906,1069800000,1069800000
2,10698,1069800000,1069800100,43143,71906,1069900000,1069900000
2,10699,1069900000,1069900100,43143,71906,1070000000,1070000000
2,10700,1070000000,1070000100,43143,71906,1070100000,1070100000
2,10701,1070100000,1070100100,43143,71906,1070200000,1070200000
2,10702,1070200000,1070200100,43143,71906,1070300000,1070300000
2,10703,1070300000,1070300100,43143,71906,1070400000,1070400000
2,10704,1070400000,1070400100,43143,71906,1070500000,1070500000
2,10705,1070500000,1070500100,43143,71906,1070600000,1070600000
2,10706,1070600000,1070600100,43143,71906,1070700000,1070700000
2,10707,1070700000,1070700100,43143,71906,1070800000,1070800000
2,10708,1070800000,1070800100,43143,71906,1070900000,1070900000
2,10709,1070900000,1070900100,43143,71906,1071000000,1071000000
2,10710,1071000000,1071000100,43143,71906,1071100000,1071100000
2,10711,1071100000,1071100100,43143,71906,1071200000,1071200000
2,10712,1071200000,1071200100,43143,71906,1071300000,1071300000
2,10713,1071300000,1071300100,43143,71906,1071400000,1071400000
2,10714,1071400000,1071400100,43143,71906,1071500000,1071500000
2,10715,1071500000,1071500100,43143,71906,1071600000,1071600000
2,10716,1071600000,1071600100,43143,71906,1071700000,1071700000
2,10717,1071700000,1071700100,43143,71906,1071800000,1071800000
2,10718,1071800000,1071800100,43143,71906,1071900000,1071900000
2,10719,1071900000,1071900100,43143,71906,1072000000,1072000000
2,10720,1072000000,1072000100,43143,71906,1072100000,1072100000
2,10721,1072100000,1072100100,43143,71906,1072200000,1072200000
2,10722,1072200000,1072200100,43143,71906,1072300000,1072300000
2,10723,1072300000,1072300100,43143,71906,1072400000,1072400000
2,10724,1072400000,1072400100,43143,71906,1072500000,1072500000
2,10725,1072500000,1072500100,43143,71906,1072600000,1072600000
2,10726,1072600000,1072600100,43143,71906,1072700000,1072700000
2,10727,1072700000,1072700100,43143,71906,1072800000,1072800000
2,10728,1072800000,1072800100,43143,71906,1072900000,1072900000
2,10729,1072900000,1072900100,43143,71906,1073000000,1073000000
2,10730,1073000000,1073000100,43143,71906,1073100000,1073100000
2,10731,1073100000,1073100100,43143,71906,1073200000,1073200000
2,10732,1073200000,1073200100,43143,71906,1073300000,1073300000
2,10733,1073300000,1073300100,43143,71906,1073400000,1073400000
2,10734,1073400000,1073400100,43143,71906,1073500000,1073500000
2,10735,1073500000,1073500100,43143,71906,1073600000,1073600000
2,10736,1073600000,1073600100,43143,71906,1073700000,1073700000
2,10737,1073700000,1073700100,43143,71906,1073800000,1073800000
2,10738,1073800000,1073800100,43143,71906,1073900000,1073900000
2,10739,1073900000,1073900100,43143,71906,1074000000,1074000000
2,10740,1074000000,1074000100,43143,71906,1074100000,1074100000
2,10741,1074100000,1074100100,43143,71906,1074200000,1074200000
2,10742,1074200000,1074200100,43143,71906,1074300000,1074300000
2,10743,1074300000,1074300100,43143,71906,1074400000,1074400000
2,10744,1074400000,1074400100,43143,71906,1074500000,1074500000
2,10745,1074500000,1074500100,43143,71906,1074600000,1074600000
2,10746,1074600000,1074600100,43143,71906,1074700000,1074700000
2,10747,1074700000,1074700100,43143,71906,1074800000,1074800000
2,10748,1074800000,1074800100,43143,71906,1074900000,1074900000
2,10749,1074900000,1074900100,43143,71906,1075000000,1075000000
2,10750,1075000000,1075000100,43143,71906,1075100000,1075100000
2,10751,1075100000,1075100100,43143,71906,1075200000,1075200000
2,10752,1075200000,1075200100,43143,71906,1075300000,1075300000
2,10753,1075300000,1075300100,43143,71906,1075400000,1075400000
2,10754,1075400000,1075400100,43143,71906,1075500000,1075500000
2,10755,1075500000,1075500100,43143,71906,1075600000,1075600000
2,10756,1075600000,1075600100,43143,71906,1075700000,1075700000
2,10757,1075700000,1075700100,43143,71906,1075800000,1075800000
2,10758,1075800000,1075800100,43143,71906,1075900000,1075900000
2,10759,1075900000,1075900100,43143,71906,1076000000,1076000000
2,10760,1076000000,1076000100,43143,71906,1076100000,1076100000
2,10761,1076100000,1076100100,43143,71906,1076200000,1076200000
2,10762,1076200000,1076200100,43143,71906,1076300000,1076300000
2,10763,1076300000,1076300100,43143,71906,1076400000,1076400000
2,10764,1076400000,1076400100,43143,71906,1076500000,1076500000
2,10765,1076500000,1076500100,43143,71906,1076600000,1076600000
2,10766,1076600000,1076600100,43143,71906,1076700000,1076700000
2,10767,1076700000,1076700100,43143,71906,1076800000,1076800000
2,10768,1076800000,1076800100,43143,71906,1076900000,1076900000
2,10769,1076900000,1076900100,43143,71906,1077000000,1077000000
2,10770,1077000000,1077000100,43143,71906,1077100000,1077100000
2,10771,1077100000,1077100100,43143,71906,1077200000,1077200000
2,10772,1077200000,1077200100,43143,71906,1077300000,1077300000
2,10773,1077300000,1077300100,43143,71906,1077400000,1077400000
2,10774,1077400000,1077400100,43143,71906,1077500000,1077500000
2,10775,1077500000,1077500100,43143,71906,1077600000,1077600000
2,10776,1077600000,1077600100,43143,71906,1077700000,1077700000
2,10777,1077700000,1077700100,43143,71906,1077800000,1077800000
2,10778,1077800000,1077800100,43143,71906,1077900000,1077900000
2,10779,1077900000,1077900100,43143,71906,1078000000,1078000000
2,10780,1078000000,1078000100,43143,71906,1078100000,1078100000
2,10781,1078100000,1078100100,43143,71906,1078200000,1078200000
2,10782,1078200000,1078200100,43143,71906,1078300000,1078300000
2,10783,1078300000,1078300100,43143,71906,1078400000,1078400000
2,10784,1078400000,1078400100,43143,71906,1078500000,1078500000
2,10785,1078500000,1078500100,43143,71906,1078600000,1078600000
2,10786,1078600000,1078600100,43143,71906,1078700000,1078700000
2,10787,1078700000,1078700100,43143,71906,1078800000,1078800000
2,10788,1078800000,1078800100,43143,71906,1078900000,1078900000
2,10789,1078900000,1078900100,43143,71906,1079000000,1079000000
2,10790,1079000000,1079000100,43143,71906,1079100000,1079100000
2,10791,1079100000,1079100100,43143,71906,1079200000,1079200000
2,10792,1079200000,1079200100,43143,71906,1079300000,1079300000
2,10793,1079300000,1079300100,43143,71906,1079400000,1079400000
2,10794,1079400000,1079400100,43143,71906,1079500000,1079500000
2,10795,1079500000,1079500100,43143,71906,1079600000,1079600000
2,10796,1079600000,1079600100,43143,71906,1079700000,1079700000
2,10797,1079700000,1079700100,43143,71906,1079800000,1079800000
2,10798,1079800000,1079800100,43143,71906,1079900000,1079900000
2,10799,1079900000,1079900100,43143,71906,1080000000,1080000000
2,10800,1080000000,1080000100,43143,71906,1080100000,1080100000
2,10801,1080100000,1080100100,43143,71906,1080200000,1080200000
2,10802,1080200000,1080200100,43143,71906,1080300000,1080300000
2,10803,1080300000,1080300100,43143,71906,1080400000,1080400000
2,10804,1080400000,1080400100,43143,71906,1080500000,1080500000
2,10805,1080500000,1080500100,43143,71906,1080600000,1080600000
2,10806,1080600000,1080600100,43143,71906,1080700000,1080700000
2,10807,1080700000,1080700100,43143,71906,1080800000,1080800000
2,10808,1080800000,1080800100,43143,71906,1080900000,1080900000
2,10809,1080900000,1080900100,43143,71906,1081000000,1081000000
2,10810,1081000000,1081000100,43143,71906,1081100000,1081100000
2,10811,1081100000,1081100100,43143,71906,1081200000,1081200000
2,10812,1081200000,1081200100,43143,71906,1081300000,1081300000
2,10813,1081300000,1081300100,43143,71906,1081400000,1081400000
2,10814,1081400000,1081400100,43143,71906,1081500000,1081500000
2,10815,1081500000,1081500100,43143,71906,1081600000,1081600000
2,10816,1081600000,1081600100,43143,71906,1081700000,1081700000
2,10817,1081700000,1081700100,43143,71906,1081800000,1081800000
2,10818,1081800000,1081800100,43143,71906,1081900000,1081900000
2,10819,1081900000,1081900100,43143,71906,1082000000,1082000000
2,10820,1082000000,1082000100,43143,71906,1082100000,1082100000
2,10821,1082100000,1082100100,43143,71906,1082200000,1082200000
2,10822,1082200000,1082200100,43143,71906,1082300000,1082300000
2,10823,1082300000,1082300100,43143,71906,1082400000,1082400000
2,10824,1082400000,1082400100,43143,71906,1082500000,1082500000
2,10825,1082500000,1082500100,43143,71906,1082600000,1082600000
2,10826,1082600000,1082600100,43143,71906,1082700000,1082700000
2,10827,1082700000,1082700100,43143,71906,1082800000,1082800000
2,10828,1082800000,1082800100,43143,71906,1082900000,1082900000
2,10829,1082900000,1082900100,43143,71906,1083000000,1083000000
2,10830,1083000000,1083000100,43143,71906,1083100000,1083100000
2,10831,1083100000,1083100100,43143,71906,1083200000,1083200000
2,10832,1083200000,1083200100,43143,71906,1083300000,1083300000
2,10833,1083300000,1083300100,43143,71906,1083400000,1083400000
2,10834,1083400000,1083400100,43143,71906,1083500000,1083500000
2,10835,1083500000,1083500100,43143,71906,1083600000,1083600000
2,10836,1083600000,1083600100,43143,71906,1083700000,1083700000
2,10837,1083700000,1083700100,43143,71906,1083800000,1083800000
2,10838,1083800000,1083800100,43143,71906,1083900000,1083900000
2,10839,1083900000,1083900100,43143,71906,1084000000,1084000000
2,10840,1084000000,1084000100,43143,71906,1084100000,1084100000
2,10841,1084100000,1084100100,43143,71906,1084200000,1084200000
2,10842,1084200000,1084200100,43143,71906,1084300000,1084300000
2,10843,1084300000,1084300100,43143,71906,1084400000,1084400000
2,10844,1084400000,1084400100,43143,71906,1084500000,1084500000
2,10845,1084500000,1084500100,43143,71906,1084600000,1084600000
2,10846,1084600000,1084600100,43143,71906,1084700000,1084700000
2,10847,1084700000,1084700100,43143,71906,1084800000,1084800000
2,10848,1084800000,1084800100,43143,71906,1084900000,1084900000
2,10849,1084900000,1084900100,43143,71906,1085000000,1085000000
2,10850,1085000000,1085000100,43143,71906,1085100000,1085100000
2,10851,1085100000,1085100100,43143,71906,1085200000,1085200000
2,10852,1085200000,1085200100,43143,71906,1085300000,1085300000
2,10853,1085300000,1085300100,43143,71906,1085400000,1085400000
2,10854,1085400000,1085400100,43143,71906,1085500000,1085500000
2,10855,1085500000,1085500100,43143,71906,1085600000,1085600000
2,10856,1085600000,1085600100,43143,71906,1085700000,1085700000
2,10857,1085700000,1085700100,43143,71906,1085800000,1085800000
2,10858,1085800000,1085800100,43143,71906,1085900000,1085900000
2,10859,1085900000,1085900100,43143,71906,1086000000,1086000000
2,10860,1086000000,1086000100,43143,71906,1086100000,1086100000
2,10861,1086100000,1086100100,43143,71906,1086200000,1086200000
2,10862,1086200000,1086200100,43143,71906,1086300000,1086300000
2,10863,1086300000,1086300100,43143,71906,1086400000,1086400000
2,10864,1086400000,1086400100,43143,71906,1086500000,1086500000
2,10865,1086500000,1086500100,43143,71906,1086600000,1086600000
2,10866,1086600000,1086600100,43143,71906,1086700000,1086700000
2,10867,1086700000,1086700100,43143,71906,1086800000,1086800000
2,10868,1086800000,1086800100,43143,71906,1086900000,1086900000
2,10869,1086900000,1086900100,43143,71906,1087000000,1087000000
2,10870,1087000000,1087000100,43143,71906,1087100000,1087100000
2,10871,1087100000,1087100100,43143,71906,1087200000,1087200000
2,10872,1087200000,1087200100,43143,71906,1087300000,1087300000
2,10873,1087300000,1087300100,43143,71906,1087400000,1087400000
2,10874,1087400000,1087400100,43143,71906,1087500000,1087500000
2,10875,1087500000,1087500100,43143,71906,1087600000,1087600000
2,10876,1087600000,1087600100,43143,71906,1087700000,1087700000
2,10877,1087700000,1087700100,43143,71906,1087800000,1087800000
2,10878,1087800000,1087800100,43143,71906,1087900000,1087900000
2,10879,1087900000,1087900100,43143,71906,1088000000,1088000000
2,10880,1088000000,1088000100,43143,71906,1088100000,1088100000
2,10881,1088100000,1088100100,43143,71906,1088200000,1088200000
2,10882,1088200000,1088200100,43143,71906,1088300000,1088300000
2,10883,1088300000,1088300100,43143,71906,1088400000,1088400000
2,10884,1088400000,1088400100,43143,71906,1088500000,1088500000
2,10885,1088500000,1088500100,43143,71906,1088600000,1088600000
2,10886,1088600000,1088600100,43143,71906,1088700000,1088700000
2,10887,1088700000,1088700100,43143,71906,1088800000,1088800000
2,10888,1088800000,1088800100,43143,71906,1088900000,1088900000
2,10889,1088900000,1088900100,43143,71906,1089000000,1089000000
2,10890,1089000000,1089000100,43143,71906,1089100000,1089100000
2,10891,1089100000,1089100100,43143,71906,1089200000,1089200000
2,10892,1089200000,1089200100,43143,71906,1089300000,1089300000
2,10893,1089300000,1089300100,43143,71906,1089400000,1089400000
2,10894,1089400000,1089400100,43143,71906,1089500000,1089500000
2,10895,1089500000,1089500100,43143,71906,1089600000,1089600000
2,10896,1089600000,1089600100,43143,71906,1089700000,1089700000
2,10897,1089700000,1089700100,43143,71906,1089800000,1089800000
2,10898,1089800000,1089800100,43143,71906,1089900000,1089900000
2,10899,1089900000,1089900100,43143,71906,1090000000,1090000000
2,10900,1090000000,1090000100,43143,71906,1090100000,1090100000
2,10901,1090100000,1090100100,43143,71906,1090200000,1090200000
2,10902,1090200000,1090200100,43143,71906,1090300000,1090300000
2,10903,1090300000,1090300100,43143,71906,1090400000,1090400000
2,10904,1090400000,1090400100,43143,71906,1090500000,1090500000
2,10905,1090500000,1090500100,43143,71906,1090600000,1090600000
2,10906,1090600000,1090600100,43143,71906,1090700000,1090700000
2,10907,1090700000,1090700100,43143,71906,1090800000,1090800000
2,10908,1090800000,1090800100,43143,71906,1090900000,1090900000
2,10909,1090900000,1090900100,43143,71906,1091000000,1091000000
2,10910,1091000000,1091000100,43143,71906,1091100000,1091100000
2,10911,1091100000,1091100100,43143,71906,1091200000,1091200000
2,10912,1091200000,1091200100,43143,71906,1091300000,1091300000
2,10913,1091300000,1091300100,43143,71906,1091400000,1091400000
2,10914,1091400000,1091400100,43143,71906,1091500000,1091500000
2,10915,1091500000,1091500100,43143,71906,1091600000,1091600000
2,10916,1091600000,1091600100,43143,71906,1091700000,1091700000
2,10917,1091700000,1091700100,43143,71906,1091800000,1091800000
2,10918,1091800000,1091800100,43143,71906,1091900000,1091900000
2,10919,1091900000,1091900100,43143,71906,1092000000,1092000000
2,10920,1092000000,1092000100,43143,71906,1092100000,1092100000
2,10921,1092100000,1092100100,43143,71906,1092200000,1092200000
2,10922,1092200000,1092200100,43143,71906,1092300000,1092300000
2,10923,1092300000,1092300100,43143,71906,1092400000,1092400000
2,10924,1092400000,1092400100,43143,71906,1092500000,1092500000
2,10925,1092500000,1092500100,43143,71906,1092600000,1092600000
2,10926,1092600000,1092600100,43143,71906,1092700000,1092700000
2,10927,1092700000,1092700100,43143,71906,1092800000,1092800000
2,10928,1092800000,1092800100,43143,71906,1092900000,1092900000
2,10929,1092900000,1092900100,43143,71906,1093000000,1093000000
2,10930,1093000000,1093000100,43143,71906,1093100000,1093100000
2,10931,1093100000,1093100100,43143,71906,1093200000,1093200000
2,10932,1093200000,1093200100,43143,71906,1093300000,1093300000
2,10933,1093300000,1093300100,43143,71906,1093400000,1093400000
2,10934,1093400000,1093400100,43143,71906,1093500000,1093500000
2,10935,1093500000,1093500100,43143,71906,1093600000,1093600000
2,10936,1093600000,1093600100,43143,71906,1093700000,1093700000
2,10937,1093700000,1093700100,43143,71906,1093800000,1093800000
2,10938,1093800000,1093800100,43143,71906,1093900000,1093900000
2,10939,1093900000,1093900100,43143,71906,1094000000,1094000000
2,10940,1094000000,1094000100,43143,71906,1094100000,1094100000
2,10941,1094100000,1094100100,43143,71906,1094200000,1094200000
2,10942,1094200000,1094200100,43143,71906,1094300000,1094300000
2,10943,1094300000,1094300100,43143,71906,1094400000,1094400000
2,10944,1094400000,1094400100,43143,71906,1094500000,1094500000
2,10945,1094500000,1094500100,43143,71906,1094600000,1094600000
2,10946,1094600000,1094600100,43143,71906,1094700000,1094700000
2,10947,1094700000,1094700100,43143,71906,1094800000,1094800000
2,10948,1094800000,1094800100,43143,71906,1094900000,1094900000
2,10949,1094900000,1094900100,43143,71906,1095000000,1095000000
2,10950,1095000000,1095000100,43143,71906,1095100000,1095100000
2,10951,1095100000,1095100100,43143,71906,1095200000,1095200000
2,10952,1095200000,1095200100,43143,71906,1095300000,1095300000
2,10953,1095300000,1095300100,43143,71906,1095400000,1095400000
2,10954,1095400000,1095400100,43143,71906,1095500000,1095500000
2,10955,1095500000,1095500100,43143,71906,1095600000,1095600000
2,10956,1095600000,1095600100,43143,71906,1095700000,1095700000
2,10957,1095700000,1095700100,43143,71906,1095800000,1095800000
2,10958,1095800000,1095800100,43143,71906,1095900000,1095900000
2,10959,1095900000,1095900100,43143,71906,1096000000,1096000000
2,10960,1096000000,1096000100,43143,71906,1096100000,1096100000
2,10961,1096100000,1096100100,43143,71906,1096200000,1096200000
2,10962,1096200000,1096200100,43143,71906,1096300000,1096300000
2,10963,1096300000,1096300100,43143,71906,1096400000,1096400000
2,10964,1096400000,1096400100,43143,71906,1096500000,1096500000
2,10965,1096500000,1096500100,43143,71906,1096600000,1096600000
2,10966,1096600000,1096600100,43143,71906,1096700000,1096700000
2,10967,1096700000,1096700100,43143,71906,1096800000,1096800000
2,10968,1096800000,1096800100,43143,71906,1096900000,1096900000
2,10969,1096900000,1096900100,43143,71906,1097000000,1097000000
2,10970,1097000000,1097000100,43143,71906,1097100000,1097100000
2,10971,1097100000,1097100100,43143,71906,1097200000,1097200000
2,10972,1097200000,1097200100,43143,71906,1097300000,1097300000
2,10973,1097300000,1097300100,43143,71906,1097400000,1097400000
2,10974,1097400000,1097400100,43143,71906,1097500000,1097500000
2,10975,1097500000,1097500100,43143,71906,1097600000,1097600000
2,10976,1097600000,1097600100,43143,71906,1097700000,1097700000
2,10977,1097700000,1097700100,43143,71906,1097800000,1097800000
2,10978,1097800000,1097800100,43143,71906,1097900000,1097900000
2,10979,1097900000,1097900100,43143,71906,1098000000,1098000000
2,10980,1098000000,1098000100,43143,71906,1098100000,1098100000
2,10981,1098100000,1098100100,43143,71906,1098200000,1098200000
2,10982,1098200000,1098200100,43143,71906,1098300000,1098300000
2,10983,1098300000,1098300100,43143,71906,1098400000,1098400000
2,10984,1098400000,1098400100,43143,71906,1098500000,1098500000
2,10985,1098500000,1098500100,43143,71906,1098600000,1098600000
2,10986,1098600000,1098600100,43143,71906,1098700000,1098700000
2,10987,1098700000,1098700100,43143,71906,1098800000,1098800000
2,10988,1098800000,1098800100,43143,71906,1098900000,1098900000
2,10989,1098900000,1098900100,43143,71906,1099000000,1099000000
2,10990,1099000000,1099000100,43143,71906,1099100000,1099100000
2,10991,1099100000,1099100100,43143,71906,1099200000,1099200000
2,10992,1099200000,1099200100,43143,71906,1099300000,1099300000
2,10993,1099300000,1099300100,43143,71906,1099400000,1099400000
2,10994,1099400000,1099400100,43143,71906,1099500000,1099500000
2,10995,1099500000,1099500100,43143,71906,1099600000,1099600000
2,10996,1099600000,1099600100,43143,71906,1099700000,1099700000
2,10997,1099700000,1099700100,43143,71906,1099800000,1099800000
2,10998,1099800000,1099800100,43143,71906,1099900000,1099900000
2,10999,1099900000,1099900100,43143,71906,1100000000,1100000000
2,11000,1100000000,1100000100,43143,71906,1100100000,1100100000
2,11001,1100100000,1100100100,43143,71906,1100200000,1100200000
2,11002,1100200000,1100200100,43143,71906,1100300000,1100300000
2,11003,1100300000,1100300100,43143,71906,1100400000,1100400000
2,11004,1100400000,1100400100,43143,71906,1100500000,1100500000
2,11005,1100500000,1100500100,43143,71906,1100600000,1100600000
2,11006,1100600000,1100600100,43143,71906,1100700000,1100700000
2,11007,1100700000,1100700100,43143,71906,1100800000,1100800000
2,11008,1100800000,1100800100,43143,71906,1100900000,1100900000
2,11009,1100900000,1100900100,43143,71906,1101000000,1101000000
2,11010,1101000000,1101000100,43143,71906,1101100000,1101100000
2,11011,1101100000,1101100100,43143,71906,1101200000,1101200000
2,11012,1101200000,1101200100,43143,71906,1101300000,1101300000
2,11013,1101300000,1101300100,43143,71906,1101400000,1101400000
2,11014,1101400000,1101400100,43143,71906,1101500000,1101500000
2,11015,1101500000,1101500100,43143,71906,1101600000,1101600000
2,11016,1101600000,1101600100,43143,71906,1101700000,1101700000
2,11017,1101700000,1101700100,43143,71906,1101800000,1101800000
2,11018,1101800000,1101800100,43143,71906,1101900000,1101900000
2,11019,1101900000,1101900100,43143,71906,1102000000,1102000000
2,11020,1102000000,1102000100,43143,71906,1102100000,1102100000
2,11021,1102100000,1102100100,43143,71906,1102200000,1102200000
2,11022,1102200000,1102200100,43143,71906,1102300000,1102300000
2,11023,1102300000,1102300100,43143,71906,1102400000,1102400000
2,11024,1102400000,1102400100,43143,71906,1102500000,1102500000
2,11025,1102500000,1102500100,43143,71906,1102600000,1102600000
2,11026,1102600000,1102600100,43143,71906,1102700000,1102700000
2,11027,1102700000,1102700100,43143,71906,1102800000,1102800000
2,11028,1102800000,1102800100,43143,71906,1102900000,1102900000
2,11029,1102900000,1102900100,43143,71906,1103000000,1103000000
2,11030,1103000000,1103000100,43143,71906,1103100000,1103100000
2,11031,1103100000,1103100100,43143,71906,1103200000,1103200000
2,11032,1103200000,1103200100,43143,71906,1103300000,1103300000
2,11033,1103300000,1103300100,43143,71906,1103400000,1103400000
2,11034,1103400000,1103400100,43143,71906,1103500000,1103500000
2,11035,1103500000,1103500100,43143,71906,1103600000,1103600000
2,11036,1103600000,1103600100,43143,71906,1103700000,1103700000
2,11037,1103700000,1103700100,43143,71906,1103800000,1103800000
2,11038,1103800000,1103800100,43143,71906,1103900000,1103900000
2,11039,1103900000,1103900100,43143,71906,1104000000,1104000000
2,11040,1104000000,1104000100,43143,71906,1104100000,1104100000
2,11041,1104100000,1104100100,43143,71906,1104200000,1104200000
2,11042,1104200000,1104200100,43143,71906,1104300000,1104300000
2,11043,1104300000,1104300100,43143,71906,1104400000,1104400000
2,11044,1104400000,1104400100,43143,71906,1104500000,1104500000
2,11045,1104500000,1104500100,43143,71906,1104600000,1104600000
2,11046,1104600000,1104600100,43143,71906,1104700000,1104700000
2,11047,1104700000,1104700100,43143,71906,1104800000,1104800000
2,11048,1104800000,1104800100,43143,71906,1104900000,1104900000
2,11049,1104900000,1104900100,43143,71906,1105000000,1105000000
2,11050,1105000000,1105000100,43143,71906,1105100000,1105100000
2,11051,1105100000,1105100100,43143,71906,1105200000,1105200000
2,11052,1105200000,1105200100,43143,71906,1105300000,1105300000
2,11053,1105300000,1105300100,43143,71906,1105400000,1105400000
2,11054,1105400000,1105400100,43143,71906,1105500000,1105500000
2,11055,1105500000,1105500100,43143,71906,1105600000,1105600000
2,11056,1105600000,1105600100,43143,71906,1105700000,1105700000
2,11057,1105700000,1105700100,43143,71906,1105800000,1105800000
2,11058,1105800000,1105800100,43143,71906,1105900000,1105900000
2,11059,1105900000,1105900100,43143,71906,1106000000,1106000000
2,11060,1106000000,1106000100,43143,71906,1106100000,1106100000
2,11061,1106100000,1106100100,43143,71906,1106200000,1106200000
2,11062,1106200000,1106200100,43143,71906,1106300000,1106300000
2,11063,1106300000,1106300100,43143,71906,1106400000,1106400000
2,11064,1106400000,1106400100,43143,71906,1106500000,1106500000
2,11065,1106500000,1106500100,43143,71906,1106600000,1106600000
2,11066,1106600000,1106600100,43143,71906,1106700000,1106700000
2,11067,1106700000,1106700100,43143,71906,1106800000,1106800000
2,11068,1106800000,1106800100,43143,71906,1106900000,1106900000
2,11069,1106900000,1106900100,43143,71906,1107000000,1107000000
2,11070,1107000000,1107000100,43143,71906,1107100000,1107100000
2,11071,1107100000,1107100100,43143,71906,1107200000,1107200000
2,11072,1107200000,1107200100,43143,71906,1107300000,1107300000
2,11073,1107300000,1107300100,43143,71906,1107400000,1107400000
2,11074,1107400000,1107400100,43143,71906,1107500000,1107500000
2,11075,1107500000,1107500100,43143,71906,1107600000,1107600000
2,11076,1107600000,1107600100,43143,71906,1107700000,1107700000
2,11077,1107700000,1107700100,43143,71906,1107800000,1107800000
2,11078,1107800000,1107800100,43143,71906,1107900000,1107900000
2,11079,1107900000,1107900100,43143,71906,1108000000,1108000000
2,11080,1108000000,1108000100,43143,71906,1108100000,1108100000
2,11081,1108100000,1108100100,43143,71906,1108200000,1108200000
2,11082,1108200000,1108200100,43143,71906,1108300000,1108300000
2,11083,1108300000,1108300100,43143,71906,1108400000,1108400000
2,11084,1108400000,1108400100,43143,71906,1108500000,1108500000
2,11085,1108500000,1108500100,43143,71906,1108600000,1108600000
2,11086,1108600000,1108600100,43143,71906,1108700000,1108700000
2,11087,1108700000,1108700100,43143,71906,1108800000,1108800000
2,11088,1108800000,1108800100,43143,71906,1108900000,1108900000
2,11089,1108900000,1108900100,43143,71906,1109000000,1109000000
2,11090,1109000000,1109000100,43143,71906,1109100000,1109100000
2,11091,1109100000,1109100100,43143,71906,1109200000,1109200000
2,11092,1109200000,1109200100,43143,71906,1109300000,1109300000
2,11093,1109300000,1109300100,43143,71906,1109400000,1109400000
2,11094,1109400000,1109400100,43143,71906,1109500000,1109500000
2,11095,1109500000,1109500100,43143,71906,1109600000,1109600000
2,11096,1109600000,1109600100,43143,71906,1109700000,1109700000
2,11097,1109700000,1109700100,43143,71906,1109800000,1109800000
2,11098,1109800000,1109800100,43143,71906,1109900000,1109900000
2,11099,1109900000,1109900100,43143,71906,1110000000,1110000000
2,11100,1110000000,1110000100,43143,71906,1110100000,1110100000
2,11101,1110100000,1110100100,43143,71906,1110200000,1110200000
2,11102,1110200000,1110200100,43143,71906,1110300000,1110300000
2,11103,1110300000,1110300100,43143,71906,1110400000,1110400000
2,11104,1110400000,1110400100,43143,71906,1110500000,1110500000
2,11105,1110500000,1110500100,43143,71906,1110600000,1110600000
2,11106,1110600000,1110600100,43143,71906,1110700000,1110700000
2,11107,1110700000,1110700100,43143,71906,1110800000,1110800000
2,11108,1110800000,1110800100,43143,71906,1110900000,1110900000
2,11109,1110900000,1110900100,43143,71906,1111000000,1111000000
2,11110,1111000000,1111000100,43143,71906,1111100000,1111100000
2,11111,1111100000,1111100100,43143,71906,1111200000,1111200000
2,11112,1111200000,1111200100,43143,71906,1111300000,1111300000
2,11113,1111300000,1111300100,43143,71906,1111400000,1111400000
2,11114,1111400000,1111400100,43143,71906,1111500000,1111500000
2,11115,1111500000,1111500100,43143,71906,1111600000,1111600000
2,11116,1111600000,1111600100,43143,71906,1111700000,1111700000
2,11117,1111700000,1111700100,43143,71906,1111800000,1111800000
2,11118,1111800000,1111800100,43143,71906,1111900000,1111900000
2,11119,1111900000,1111900100,43143,71906,1112000000,1112000000
2,11120,1112000000,1112000100,43143,71906,1112100000,1112100000
2,11121,1112100000,1112100100,43143,71906,1112200000,1112200000
2,11122,1112200000,1112200100,43143,71906,1112300000,1112300000
2,11123,1112300000,1112300100,43143,71906,1112400000,1112400000
2,11124,1112400000,1112400100,43143,71906,1112500000,1112500000
2,11125,1112500000,1112500100,43143,71906,1112600000,1112600000
2,11126,1112600000,1112600100,43143,71906,1112700000,1112700000
2,11127,1112700000,1112700100,43143,71906,1112800000,1112800000
2,11128,1112800000,1112800100,43143,71906,1112900000,1112900000
2,11129,1112900000,1112900100,43143,71906,1113000000,1113000000
2,11130,1113000000,1113000100,43143,71906,1113100000,1113100000
2,11131,1113100000,1113100100,43143,71906,1113200000,1113200000
2,11132,1113200000,1113200100,43143,71906,1113300000,1113300000
2,11133,1113300000,1113300100,43143,71906,1113400000,1113400000
2,11134,1113400000,1113400100,43143,71906,1113500000,1113500000
2,11135,1113500000,1113500100,43143,71906,1113600000,1113600000
2,11136,1113600000,1113600100,43143,71906,1113700000,1113700000
2,11137,1113700000,1113700100,43143,71906,1113800000,1113800000
2,11138,1113800000,1113800100,43143,71906,1113900000,1113900000
2,11139,1113900000,1113900100,43143,71906,1114000000,1114000000
2,11140,1114000000,1114000100,43143,71906,1114100000,1114100000
2,11141,1114100000,1114100100,43143,71906,1114200000,1114200000
2,11142,1114200000,1114200100,43143,71906,1114300000,1114300000
2,11143,1114300000,1114300100,43143,71906,1114400000,1114400000
2,11144,1114400000,1114400100,43143,71906,1114500000,1114500000
2,11145,1114500000,1114500100,43143,71906,1114600000,1114600000
2,11146,1114600000,1114600100,43143,71906,1114700000,1114700000
2,11147,1114700000,1114700100,43143,71906,1114800000,1114800000
2,11148,1114800000,1114800100,43143,71906,1114900000,1114900000
2,11149,1114900000,1114900100,43143,71906,1115000000,1115000000
2,11150,1115000000,1115000100,43143,71906,1115100000,1115100000
2,11151,1115100000,1115100100,43143,71906,1115200000,1115200000
2,11152,1115200000,1115200100,43143,71906,1115300000,1115300000
2,11153,1115300000,1115300100,43143,71906,1115400000,1115400000
2,11154,1115400000,1115400100,43143,71906,1115500000,1115500000
2,11155,1115500000,1115500100,43143,71906,1115600000,1115600000
2,11156,1115600000,1115600100,43143,71906,1115700000,1115700000
2,11157,1115700000,1115700100,43143,71906,1115800000,1115800000
2,11158,1115800000,1115800100,43143,71906,1115900000,1115900000
2,11159,1115900000,1115900100,43143,71906,1116000000,1116000000
2,11160,1116000000,1116000100,43143,71906,1116100000,1116100000
2,11161,1116100000,1116100100,43143,71906,1116200000,1116200000
2,11162,1116200000,1116200100,43143,71906,1116300000,1116300000
2,11163,1116300000,1116300100,43143,71906,1116400000,1116400000
2,11164,1116400000,1116400100,43143,71906,1116500000,1116500000
2,11165,1116500000,1116500100,43143,71906,1116600000,1116600000
2,11166,1116600000,1116600100,43143,71906,1116700000,1116700000
2,11167,1116700000,1116700100,43143,71906,1116800000,1116800000
2,11168,1116800000,1116800100,43143,71906,1116900000,1116900000
2,11169,1116900000,1116900100,43143,71906,1117000000,1117000000
2,11170,1117000000,1117000100,43143,71906,1117100000,1117100000
2,11171,1117100000,1117100100,43143,71906,1117200000,1117200000
2,11172,1117200000,1117200100,43143,71906,1117300000,1117300000
2,11173,1117300000,1117300100,43143,71906,1117400000,1117400000
2,11174,1117400000,1117400100,43143,71906,1117500000,1117500000
2,11175,1117500000,1117500100,43143,71906,1117600000,1117600000
2,11176,1117600000,1117600100,43143,71906,1117700000,1117700000
2,11177,1117700000,1117700100,43143,71906,1117800000,1117800000
2,11178,1117800000,1117800100,43143,71906,1117900000,1117900000
2,11179,1117900000,1117900100,43143,71906,1118000000,1118000000
2,11180,1118000000,1118000100,43143,71906,1118100000,1118100000
2,11181,1118100000,1118100100,43143,71906,1118200000,1118200000
2,11182,1118200000,1118200100,43143,71906,1118300000,1118300000
2,11183,1118300000,1118300100,43143,71906,1118400000,1118400000
2,11184,1118400000,1118400100,43143,71906,1118500000,1118500000
2,11185,1118500000,1118500100,43143,71906,1118600000,1118600000
2,11186,1118600000,1118600100,43143,71906,1118700000,1118700000
2,11187,1118700000,1118700100,43143,71906,1118800000,1118800000
2,11188,1118800000,1118800100,43143,71906,1118900000,1118900000
2,11189,1118900000,1118900100,43143,71906,1119000000,1119000000
2,11190,1119000000,1119000100,43143,71906,1119100000,1119100000
2,11191,1119100000,1119100100,43143,71906,1119200000,1119200000
2,11192,1119200000,1119200100,43143,71906,1119300000,1119300000
2,11193,1119300000,1119300100,43143,71906,1119400000,1119400000
2,11194,1119400000,1119400100,43143,71906,1119500000,1119500000
2,11195,1119500000,1119500100,43143,71906,1119600000,1119600000
2,11196,1119600000,1119600100,43143,71906,1119700000,1119700000
2,11197,1119700000,1119700100,43143,71906,1119800000,1119800000
2,11198,1119800000,1119800100,43143,71906,1119900000,1119900000
2,11199,1119900000,1119900100,43143,71906,1120000000,1120000000
2,11200,1120000000,1120000100,43143,71906,1120100000,1120100000
2,11201,1120100000,1120100100,43143,71906,1120200000,1120200000
2,11202,1120200000,1120200100,43143,71906,1120300000,1120300000
2,11203,1120300000,1120300100,43143,71906,1120400000,1120400000
2,11204,1120400000,1120400100,43143,71906,1120500000,1120500000
2,11205,1120500000,1120500100,43143,71906,1120600000,1120600000
2,11206,1120600000,1120600100,43143,71906,1120700000,1120700000
2,11207,1120700000,1120700100,43143,71906,1120800000,1120800000
2,11208,1120800000,1120800100,43143,71906,1120900000,1120900000
2,11209,1120900000,1120900100,43143,71906,1121000000,1121000000
2,11210,1121000000,1121000100,43143,71906,1121100000,1121100000
2,11211,1121100000,1121100100,43143,71906,1121200000,1121200000
2,11212,1121200000,1121200100,43143,71906,1121300000,1121300000
2,11213,1121300000,1121300100,43143,71906,1121400000,1121400000
2,11214,1121400000,1121400100,43143,71906,1121500000,1121500000
2,11215,1121500000,1121500100,43143,71906,1121600000,1121600000
2,11216,1121600000,1121600100,43143,71906,1121700000,1121700000
2,11217,1121700000,1121700100,43143,71906,1121800000,1121800000
2,11218,1121800000,1121800100,43143,71906,1121900000,1121900000
2,11219,1121900000,1121900100,43143,71906,1122000000,1122000000
2,11220,1122000000,1122000100,43143,71906,1122100000,1122100000
2,11221,1122100000,1122100100,43143,71906,1122200000,1122200000
2,11222,1122200000,1122200100,43143,71906,1122300000,1122300000
2,11223,1122300000,1122300100,43143,71906,1122400000,1122400000
2,11224,1122400000,1122400100,43143,71906,1122500000,1122500000
2,11225,1122500000,1122500100,43143,71906,1122600000,1122600000
2,11226,1122600000,1122600100,43143,71906,1122700000,1122700000
2,11227,1122700000,1122700100,43143,71906,1122800000,1122800000
2,11228,1122800000,1122800100,43143,71906,1122900000,1122900000
2,11229,1122900000,1122900100,43143,71906,1123000000,1123000000
2,11230,1123000000,1123000100,43143,71906,1123100000,1123100000
2,11231,1123100000,1123100100,43143,71906,1123200000,1123200000
2,11232,1123200000,1123200100,43143,71906,1123300000,1123300000
2,11233,1123300000,1123300100,43143,71906,1123400000,1123400000
2,11234,1123400000,1123400100,43143,71906,1123500000,1123500000
2,11235,1123500000,1123500100,43143,71906,1123600000,1123600000
2,11236,1123600000,1123600100,43143,71906,1123700000,1123700000
2,11237,1123700000,1123700100,43143,71906,1123800000,1123800000
2,11238,1123800000,1123800100,43143,71906,1123900000,1123900000
2,11239,1123900000,1123900100,43143,71906,1124000000,1124000000
2,11240,1124000000,1124000100,43143,71906,1124100000,1124100000
2,11241,1124100000,1124100100,43143,71906,1124200000,1124200000
2,11242,1124200000,1124200100,43143,71906,1124300000,1124300000
2,11243,1124300000,1124300100,43143,71906,1124400000,1124400000
2,11244,1124400000,1124400100,43143,71906,1124500000,1124500000
2,11245,1124500000,1124500100,43143,71906,1124600000,1124600000
2,11246,1124600000,1124600100,43143,71906,1124700000,1124700000
2,11247,1124700000,1124700100,43143,71906,1124800000,1124800000
2,11248,1124800000,1124800100,43143,71906,1124900000,1124900000
2,11249,1124900000,1124900100,43143,71906,1125000000,1125000000
2,11250,1125000000,1125000100,43143,71906,1125100000,1125100000
2,11251,1125100000,1125100100,43143,71906,1125200000,1125200000
2,11252,1125200000,1125200100,43143,71906,1125300000,1125300000
2,11253,1125300000,1125300100,43143,71906,1125400000,1125400000
2,11254,1125400000,1125400100,43143,71906,1125500000,1125500000
2,11255,1125500000,1125500100,43143,71906,1125600000,1125600000
2,11256,1125600000,1125600100,43143,71906,1125700000,1125700000
2,11257,1125700000,1125700100,43143,71906,1125800000,1125800000
2,11258,1125800000,1125800100,43143,71906,1125900000,1125900000
2,11259,1125900000,1125900100,43143,71906,1126000000,1126000000
2,11260,1126000000,1126000100,43143,71906,1126100000,1126100000
2,11261,1126100000,1126100100,43143,71906,1126200000,1126200000
2,11262,1126200000,1126200100,43143,71906,1126300000,1126300000
2,11263,1126300000,1126300100,43143,71906,1126400000,1126400000
2,11264,1126400000,1126400100,43143,71906,1126500000,1126500000
2,11265,1126500000,1126500100,43143,71906,1126600000,1126600000
2,11266,1126600000,1126600100,43143,71906,1126700000,1126700000
2,11267,1126700000,1126700100,43143,71906,1126800000,1126800000
2,11268,1126800000,1126800100,43143,71906,1126900000,1126900000
2,11269,1126900000,1126900100,43143,71906,1127000000,1127000000
2,11270,1127000000,1127000100,43143,71906,1127100000,1127100000
2,11271,1127100000,1127100100,43143,71906,1127200000,1127200000
2,11272,1127200000,1127200100,43143,71906,1127300000,1127300000
2,11273,1127300000,1127300100,43143,71906,1127400000,1127400000
2,11274,1127400000,1127400100,43143,71906,1127500000,1127500000
2,11275,1127500000,1127500100,43143,71906,1127600000,1127600000
2,11276,1127600000,1127600100,43143,71906,1127700000,1127700000
2,11277,1127700000,1127700100,43143,71906,1127800000,1127800000
2,11278,1127800000,1127800100,43143,71906,1127900000,1127900000
2,11279,1127900000,1127900100,43143,71906,1128000000,1128000000
2,11280,1128000000,1128000100,43143,71906,1128100000,1128100000
2,11281,1128100000,1128100100,43143,71906,1128200000,1128200000
2,11282,1128200000,1128200100,43143,71906,1128300000,1128300000
2,11283,1128300000,1128300100,43143,71906,1128400000,1128400000
2,11284,1128400000,1128400100,43143,71906,1128500000,1128500000
2,11285,1128500000,1128500100,43143,71906,1128600000,1128600000
2,11286,1128600000,1128600100,43143,71906,1128700000,1128700000
2,11287,1128700000,1128700100,43143,71906,1128800000,1128800000
2,11288,1128800000,1128800100,43143,71906,1128900000,1128900000
2,11289,1128900000,1128900100,43143,71906,1129000000,1129000000
2,11290,1129000000,1129000100,43143,71906,1129100000,1129100000
2,11291,1129100000,1129100100,43143,71906,1129200000,1129200000
2,11292,1129200000,1129200100,43143,71906,1129300000,1129300000
2,11293,1129300000,1129300100,43143,71906,1129400000,1129400000
2,11294,1129400000,1129400100,43143,71906,1129500000,1129500000
2,11295,1129500000,1129500100,43143,71906,1129600000,1129600000
2,11296,1129600000,1129600100,43143,71906,1129700000,1129700000
2,11297,1129700000,1129700100,43143,71906,1129800000,1129800000
2,11298,1129800000,1129800100,43143,71906,1129900000,1129900000
2,11299,1129900000,1129900100,43143,71906,1130000000,1130000000
2,11300,1130000000,1130000100,43143,71906,1130100000,1130100000
2,11301,1130100000,1130100100,43143,71906,1130200000,1130200000
2,11302,1130200000,1130200100,43143,71906,1130300000,1130300000
2,11303,1130300000,1130300100,43143,71906,1130400000,1130400000
2,11304,1130400000,1130400100,43143,71906,1130500000,1130500000
2,11305,1130500000,1130500100,43143,71906,1130600000,1130600000
2,11306,1130600000,1130600100,43143,71906,1130700000,1130700000
2,11307,1130700000,1130700100,43143,71906,1130800000,1130800000
2,11308,1130800000,1130800100,43143,71906,1130900000,1130900000
2,11309,1130900000,1130900100,43143,71906,1131000000,1131000000
2,11310,1131000000,1131000100,43143,71906,1131100000,1131100000
2,11311,1131100000,1131100100,43143,71906,1131200000,1131200000
2,11312,1131200000,1131200100,43143,71906,1131300000,1131300000
2,11313,1131300000,1131300100,43143,71906,1131400000,1131400000
2,11314,1131400000,1131400100,43143,71906,1131500000,1131500000
2,11315,1131500000,1131500100,43143,71906,1131600000,1131600000
2,11316,1131600000,1131600100,43143,71906,1131700000,1131700000
2,11317,1131700000,1131700100,43143,71906,1131800000,1131800000
2,11318,1131800000,1131800100,43143,71906,1131900000,1131900000
2,11319,1131900000,1131900100,43143,71906,1132000000,1132000000
2,11320,1132000000,1132000100,43143,71906,1132100000,1132100000
2,11321,1132100000,1132100100,43143,71906,1132200000,1132200000
2,11322,1132200000,1132200100,43143,71906,1132300000,1132300000
2,11323,1132300000,1132300100,43143,71906,1132400000,1132400000
2,11324,1132400000,1132400100,43143,71906,1132500000,1132500000
2,11325,1132500000,1132500100,43143,71906,1132600000,1132600000
2,11326,1132600000,1132600100,43143,71906,1132700000,1132700000
2,11327,1132700000,1132700100,43143,71906,1132800000,1132800000
2,11328,1132800000,1132800100,43143,71906,1132900000,1132900000
2,11329,1132900000,1132900100,43143,71906,1133000000,1133000000
2,11330,1133000000,1133000100,43143,71906,1133100000,1133100000
2,11331,1133100000,1133100100,43143,71906,1133200000,1133200000
2,11332,1133200000,1133200100,43143,71906,1133300000,1133300000
2,11333,1133300000,1133300100,43143,71906,1133400000,1133400000
2,11334,1133400000,1133400100,43143,71906,1133500000,1133500000
2,11335,1133500000,1133500100,43143,71906,1133600000,1133600000
2,11336,1133600000,1133600100,43143,71906,1133700000,1133700000
2,11337,1133700000,1133700100,43143,71906,1133800000,1133800000
2,11338,1133800000,1133800100,43143,71906,1133900000,1133900000
2,11339,1133900000,1133900100,43143,71906,1134000000,1134000000
2,11340,1134000000,1134000100,43143,71906,1134100000,1134100000
2,11341,1134100000,1134100100,43143,71906,1134200000,1134200000
2,11342,1134200000,1134200100,43143,71906,1134300000,1134300000
2,11343,1134300000,1134300100,43143,71906,1134400000,1134400000
2,11344,1134400000,1134400100,43143,71906,1134500000,1134500000
2,11345,1134500000,1134500100,43143,71906,1134600000,1134600000
2,11346,1134600000,1134600100,43143,71906,1134700000,1134700000
2,11347,1134700000,1134700100,43143,71906,1134800000,1134800000
2,11348,1134800000,1134800100,43143,71906,1134900000,1134900000
2,11349,1134900000,1134900100,43143,71906,1135000000,1135000000
2,11350,1135000000,1135000100,43143,71906,1135100000,1135100000
2,11351,1135100000,1135100100,43143,71906,1135200000,1135200000
2,11352,1135200000,1135200100,43143,71906,1135300000,1135300000
2,11353,1135300000,1135300100,43143,71906,1135400000,1135400000
2,11354,1135400000,1135400100,43143,71906,1135500000,1135500000
2,11355,1135500000,1135500100,43143,71906,1135600000,1135600000
2,11356,1135600000,1135600100,43143,71906,1135700000,1135700000
2,11357,1135700000,1135700100,43143,71906,1135800000,1135800000
2,11358,1135800000,1135800100,43143,71906,1135900000,1135900000
2,11359,1135900000,1135900100,43143,71906,1136000000,1136000000
2,11360,1136000000,1136000100,43143,71906,1136100000,1136100000
2,11361,1136100000,1136100100,43143,71906,1136200000,1136200000
2,11362,1136200000,1136200100,43143,71906,1136300000,1136300000
2,11363,1136300000,1136300100,43143,71906,1136400000,1136400000
2,11364,1136400000,1136400100,43143,71906,1136500000,1136500000
2,11365,1136500000,1136500100,43143,71906,1136600000,1136600000
2,11366,1136600000,1136600100,43143,71906,1136700000,1136700000
2,11367,1136700000,1136700100,43143,71906,1136800000,1136800000
2,11368,1136800000,1136800100,43143,71906,1136900000,1136900000
2,11369,1136900000,1136900100,43143,71906,1137000000,1137000000
2,11370,1137000000,1137000100,43143,71906,1137100000,1137100000
2,11371,1137100000,1137100100,43143,71906,1137200000,1137200000
2,11372,1137200000,1137200100,43143,71906,1137300000,1137300000
2,11373,1137300000,1137300100,43143,71906,1137400000,1137400000
2,11374,1137400000,1137400100,43143,71906,1137500000,1137500000
2,11375,1137500000,1137500100,43143,71906,1137600000,1137600000
2,11376,1137600000,1137600100,43143,71906,1137700000,1137700000
2,11377,1137700000,1137700100,43143,71906,1137800000,1137800000
2,11378,1137800000,1137800100,43143,71906,1137900000,1137900000
2,11379,1137900000,1137900100,43143,71906,1138000000,1138000000
2,11380,1138000000,1138000100,43143,71906,1138100000,1138100000
2,11381,1138100000,1138100100,43143,71906,1138200000,1138200000
2,11382,1138200000,1138200100,43143,71906,1138300000,1138300000
2,11383,1138300000,1138300100,43143,71906,1138400000,1138400000
2,11384,1138400000,1138400100,43143,71906,1138500000,1138500000
2,11385,1138500000,1138500100,43143,71906,1138600000,1138600000
2,11386,1138600000,1138600100,43143,71906,1138700000,1138700000
2,11387,1138700000,1138700100,43143,71906,1138800000,1138800000
2,11388,1138800000,1138800100,43143,71906,1138900000,1138900000
2,11389,1138900000,1138900100,43143,71906,1139000000,1139000000
2,11390,1139000000,1139000100,43143,71906,1139100000,1139100000
2,11391,1139100000,1139100100,43143,71906,1139200000,1139200000
2,11392,1139200000,1139200100,43143,71906,1139300000,1139300000
2,11393,1139300000,1139300100,43143,71906,1139400000,1139400000
2,11394,1139400000,1139400100,43143,71906,1139500000,1139500000
2,11395,1139500000,1139500100,43143,71906,1139600000,1139600000
2,11396,1139600000,1139600100,43143,71906,1139700000,1139700000
2,11397,1139700000,1139700100,43143,71906,1139800000,1139800000
2,11398,1139800000,1139800100,43143,71906,1139900000,1139900000
2,11399,1139900000,1139900100,43143,71906,1140000000,1140000000
2,11400,1140000000,1140000100,43143,71906,1140100000,1140100000
2,11401,1140100000,1140100100,43143,71906,1140200000,1140200000
2,11402,1140200000,1140200100,43143,71906,1140300000,1140300000
2,11403,1140300000,1140300100,43143,71906,1140400000,1140400000
2,11404,1140400000,1140400100,43143,71906,1140500000,1140500000
2,11405,1140500000,1140500100,43143,71906,1140600000,1140600000
2,11406,1140600000,1140600100,43143,71906,1140700000,1140700000
2,11407,1140700000,1140700100,43143,71906,1140800000,1140800000
2,11408,1140800000,1140800100,43143,71906,1140900000,1140900000
2,11409,1140900000,1140900100,43143,71906,1141000000,1141000000
2,11410,1141000000,1141000100,43143,71906,1141100000,1141100000
2,11411,1141100000,1141100100,43143,71906,1141200000,1141200000
2,11412,1141200000,1141200100,43143,71906,1141300000,1141300000
2,11413,1141300000,1141300100,43143,71906,1141400000,1141400000
2,11414,1141400000,1141400100,43143,71906,1141500000,1141500000
2,11415,1141500000,1141500100,43143,71906,1141600000,1141600000
2,11416,1141600000,1141600100,43143,71906,1141700000,1141700000
2,11417,1141700000,1141700100,43143,71906,1141800000,1141800000
2,11418,1141800000,1141800100,43143,71906,1141900000,1141900000
2,11419,1141900000,1141900100,43143,71906,1142000000,1142000000
2,11420,1142000000,1142000100,43143,71906,1142100000,1142100000
2,11421,1142100000,1142100100,43143,71906,1142200000,1142200000
2,11422,1142200000,1142200100,43143,71906,1142300000,1142300000
2,11423,1142300000,1142300100,43143,71906,1142400000,1142400000
2,11424,1142400000,1142400100,43143,71906,1142500000,1142500000
2,11425,1142500000,1142500100,43143,71906,1142600000,1142600000
2,11426,1142600000,1142600100,43143,71906,1142700000,1142700000
2,11427,1142700000,1142700100,43143,71906,1142800000,1142800000
2,11428,1142800000,1142800100,43143,71906,1142900000,1142900000
2,11429,1142900000,1142900100,43143,71906,1143000000,1143000000
2,11430,1143000000,1143000100,43143,71906,1143100000,1143100000
2,11431,1143100000,1143100100,43143,71906,1143200000,1143200000
2,11432,1143200000,1143200100,43143,71906,1143300000,1143300000
2,11433,1143300000,1143300100,43143,71906,1143400000,1143400000
2,11434,1143400000,1143400100,43143,71906,1143500000,1143500000
2,11435,1143500000,1143500100,43143,71906,1143600000,1143600000
2,11436,1143600000,1143600100,43143,71906,1143700000,1143700000
2,11437,1143700000,1143700100,43143,71906,1143800000,1143800000
2,11438,1143800000,1143800100,43143,71906,1143900000,1143900000
2,11439,1143900000,1143900100,43143,71906,1144000000,1144000000
2,11440,1144000000,1144000100,43143,71906,1144100000,1144100000
2,11441,1144100000,1144100100,43143,71906,1144200000,1144200000
2,11442,1144200000,1144200100,43143,71906,1144300000,1144300000
2,11443,1144300000,1144300100,43143,71906,1144400000,1144400000
2,11444,1144400000,1144400100,43143,71906,1144500000,1144500000
2,11445,1144500000,1144500100,43143,71906,1144600000,1144600000
2,11446,1144600000,1144600100,43143,71906,1144700000,1144700000
2,11447,1144700000,1144700100,43143,71906,1144800000,1144800000
2,11448,1144800000,1144800100,43143,71906,1144900000,1144900000
2,11449,1144900000,1144900100,43143,71906,1145000000,1145000000
2,11450,1145000000,1145000100,43143,71906,1145100000,1145100000
2,11451,1145100000,1145100100,43143,71906,1145200000,1145200000
2,11452,1145200000,1145200100,43143,71906,1145300000,1145300000
2,11453,1145300000,1145300100,43143,71906,1145400000,1145400000
2,11454,1145400000,1145400100,43143,71906,1145500000,1145500000
2,11455,1145500000,1145500100,43143,71906,1145600000,1145600000
2,11456,1145600000,1145600100,43143,71906,1145700000,1145700000
2,11457,1145700000,1145700100,43143,71906,1145800000,1145800000
2,11458,1145800000,1145800100,43143,71906,1145900000,1145900000
2,11459,1145900000,1145900100,43143,71906,1146000000,1146000000
2,11460,1146000000,1146000100,43143,71906,1146100000,1146100000
2,11461,1146100000,1146100100,43143,71906,1146200000,1146200000
2,11462,1146200000,1146200100,43143,71906,1146300000,1146300000
2,11463,1146300000,1146300100,43143,71906,1146400000,1146400000
2,11464,1146400000,1146400100,43143,71906,1146500000,1146500000
2,11465,1146500000,1146500100,43143,71906,1146600000,1146600000
2,11466,1146600000,1146600100,43143,71906,1146700000,1146700000
2,11467,1146700000,1146700100,43143,71906,1146800000,1146800000
2,11468,1146800000,1146800100,43143,71906,1146900000,1146900000
2,11469,1146900000,1146900100,43143,71906,1147000000,1147000000
2,11470,1147000000,1147000100,43143,71906,1147100000,1147100000
2,11471,1147100000,1147100100,43143,71906,1147200000,1147200000
2,11472,1147200000,1147200100,43143,71906,1147300000,1147300000
2,11473,1147300000,1147300100,43143,71906,1147400000,1147400000
2,11474,1147400000,1147400100,43143,71906,1147500000,1147500000
2,11475,1147500000,1147500100,43143,71906,1147600000,1147600000
2,11476,1147600000,1147600100,43143,71906,1147700000,1147700000
2,11477,1147700000,1147700100,43143,71906,1147800000,1147800000
2,11478,1147800000,1147800100,43143,71906,1147900000,1147900000
2,11479,1147900000,1147900100,43143,71906,1148000000,1148000000
2,11480,1148000000,1148000100,43143,71906,1148100000,1148100000
2,11481,1148100000,1148100100,43143,71906,1148200000,1148200000
2,11482,1148200000,1148200100,43143,71906,1148300000,1148300000
2,11483,1148300000,1148300100,43143,71906,1148400000,1148400000
2,11484,1148400000,1148400100,43143,71906,1148500000,1148500000
2,11485,1148500000,1148500100,43143,71906,1148600000,1148600000
2,11486,1148600000,1148600100,43143,71906,1148700000,1148700000
2,11487,1148700000,1148700100,43143,71906,1148800000,1148800000
2,11488,1148800000,1148800100,43143,71906,1148900000,1148900000
2,11489,1148900000,1148900100,43143,71906,1149000000,1149000000
2,11490,1149000000,1149000100,43143,71906,1149100000,1149100000
2,11491,1149100000,1149100100,43143,71906,1149200000,1149200000
2,11492,1149200000,1149200100,43143,71906,1149300000,1149300000
2,11493,1149300000,1149300100,43143,71906,1149400000,1149400000
2,11494,1149400000,1149400100,43143,71906,1149500000,1149500000
2,11495,1149500000,1149500100,43143,71906,1149600000,1149600000
2,11496,1149600000,1149600100,43143,71906,1149700000,1149700000
2,11497,1149700000,1149700100,43143,71906,1149800000,1149800000
2,11498,1149800000,1149800100,43143,71906,1149900000,1149900000
2,11499,1149900000,1149900100,43143,71906,1150000000,1150000000
2,11500,1150000000,1150000100,43143,71906,1150100000,1150100000
2,11501,1150100000,1150100100,43143,71906,1150200000,1150200000
2,11502,1150200000,1150200100,43143,71906,1150300000,1150300000
2,11503,1150300000,1150300100,43143,71906,1150400000,1150400000
2,11504,1150400000,1150400100,43143,71906,1150500000,1150500000
2,11505,1150500000,1150500100,43143,71906,1150600000,1150600000
2,11506,1150600000,1150600100,43143,71906,1150700000,1150700000
2,11507,1150700000,1150700100,43143,71906,1150800000,1150800000
2,11508,1150800000,1150800100,43143,71906,1150900000,1150900000
2,11509,1150900000,1150900100,43143,71906,1151000000,1151000000
2,11510,1151000000,1151000100,43143,71906,1151100000,1151100000
2,11511,1151100000,1151100100,43143,71906,1151200000,1151200000
2,11512,1151200000,1151200100,43143,71906,1151300000,1151300000
2,11513,1151300000,1151300100,43143,71906,1151400000,1151400000
2,11514,1151400000,1151400100,43143,71906,1151500000,1151500000
2,11515,1151500000,1151500100,43143,71906,1151600000,1151600000
2,11516,1151600000,1151600100,43143,71906,1151700000,1151700000
2,11517,1151700000,1151700100,43143,71906,1151800000,1151800000
2,11518,1151800000,1151800100,43143,71906,1151900000,1151900000
2,11519,1151900000,1151900100,43143,71906,1152000000,1152000000
2,11520,1152000000,1152000100,43143,71906,1152100000,1152100000
2,11521,1152100000,1152100100,43143,71906,1152200000,1152200000
2,11522,1152200000,1152200100,43143,71906,1152300000,1152300000
2,11523,1152300000,1152300100,43143,71906,1152400000,1152400000
2,11524,1152400000,1152400100,43143,71906,1152500000,1152500000
2,11525,1152500000,1152500100,43143,71906,1152600000,1152600000
2,11526,1152600000,1152600100,43143,71906,1152700000,1152700000
2,11527,1152700000,1152700100,43143,71906,1152800000,1152800000
2,11528,1152800000,1152800100,43143,71906,1152900000,1152900000
2,11529,1152900000,1152900100,43143,71906,1153000000,1153000000
2,11530,1153000000,1153000100,43143,71906,1153100000,1153100000
2,11531,1153100000,1153100100,43143,71906,1153200000,1153200000
2,11532,1153200000,1153200100,43143,71906,1153300000,1153300000
2,11533,1153300000,1153300100,43143,71906,1153400000,1153400000
2,11534,1153400000,1153400100,43143,71906,1153500000,1153500000
2,11535,1153500000,1153500100,43143,71906,1153600000,1153600000
2,11536,1153600000,1153600100,43143,71906,1153700000,1153700000
2,11537,1153700000,1153700100,43143,71906,1153800000,1153800000
2,11538,1153800000,1153800100,43143,71906,1153900000,1153900000
2,11539,1153900000,1153900100,43143,71906,1154000000,1154000000
2,11540,1154000000,1154000100,43143,71906,1154100000,1154100000
2,11541,1154100000,1154100100,43143,71906,1154200000,1154200000
2,11542,1154200000,1154200100,43143,71906,1154300000,1154300000
2,11543,1154300000,1154300100,43143,71906,1154400000,1154400000
2,11544,1154400000,1154400100,43143,71906,1154500000,1154500000
2,11545,1154500000,1154500100,43143,71906,1154600000,1154600000
2,11546,1154600000,1154600100,43143,71906,1154700000,1154700000
2,11547,1154700000,1154700100,43143,71906,1154800000,1154800000
2,11548,1154800000,1154800100,43143,71906,1154900000,1154900000
2,11549,1154900000,1154900100,43143,71906,1155000000,1155000000
2,11550,1155000000,1155000100,43143,71906,1155100000,1155100000
2,11551,1155100000,1155100100,43143,71906,1155200000,1155200000
2,11552,1155200000,1155200100,43143,71906,1155300000,1155300000
2,11553,1155300000,1155300100,43143,71906,1155400000,1155400000
2,11554,1155400000,1155400100,43143,71906,1155500000,1155500000
2,11555,1155500000,1155500100,43143,71906,1155600000,1155600000
2,11556,1155600000,1155600100,43143,71906,1155700000,1155700000
2,11557,1155700000,1155700100,43143,71906,1155800000,1155800000
2,11558,1155800000,1155800100,43143,71906,1155900000,1155900000
2,11559,1155900000,1155900100,43143,71906,1156000000,1156000000
2,11560,1156000000,1156000100,43143,71906,1156100000,1156100000
2,11561,1156100000,1156100100,43143,71906,1156200000,1156200000
2,11562,1156200000,1156200100,43143,71906,1156300000,1156300000
2,11563,1156300000,1156300100,43143,71906,1156400000,1156400000
2,11564,1156400000,1156400100,43143,71906,1156500000,1156500000
2,11565,1156500000,1156500100,43143,71906,1156600000,1156600000
2,11566,1156600000,1156600100,43143,71906,1156700000,1156700000
2,11567,1156700000,1156700100,43143,71906,1156800000,1156800000
2,11568,1156800000,1156800100,43143,71906,1156900000,1156900000
2,11569,1156900000,1156900100,43143,71906,1157000000,1157000000
2,11570,1157000000,1157000100,43143,71906,1157100000,1157100000
2,11571,1157100000,1157100100,43143,71906,1157200000,1157200000
2,11572,1157200000,1157200100,43143,71906,1157300000,1157300000
2,11573,1157300000,1157300100,43143,71906,1157400000,1157400000
2,11574,1157400000,1157400100,43143,71906,1157500000,1157500000
2,11575,1157500000,1157500100,43143,71906,1157600000,1157600000
2,11576,1157600000,1157600100,43143,71906,1157700000,1157700000
2,11577,1157700000,1157700100,43143,71906,1157800000,1157800000
2,11578,1157800000,1157800100,43143,71906,1157900000,1157900000
2,11579,1157900000,1157900100,43143,71906,1158000000,1158000000
2,11580,1158000000,1158000100,43143,71906,1158100000,1158100000
2,11581,1158100000,1158100100,43143,71906,1158200000,1158200000
2,11582,1158200000,1158200100,43143,71906,1158300000,1158300000
2,11583,1158300000,1158300100,43143,71906,1158400000,1158400000
2,11584,1158400000,1158400100,43143,71906,1158500000,1158500000
2,11585,1158500000,1158500100,43143,71906,1158600000,1158600000
2,11586,1158600000,1158600100,43143,71906,1158700000,1158700000
2,11587,1158700000,1158700100,43143,71906,1158800000,1158800000
2,11588,1158800000,1158800100,43143,71906,1158900000,1158900000
2,11589,1158900000,1158900100,43143,71906,1159000000,1159000000
2,11590,1159000000,1159000100,43143,71906,1159100000,1159100000
2,11591,1159100000,1159100100,43143,71906,1159200000,1159200000
2,11592,1159200000,1159200100,43143,71906,1159300000,1159300000
2,11593,1159300000,1159300100,43143,71906,1159400000,1159400000
2,11594,1159400000,1159400100,43143,71906,1159500000,1159500000
2,11595,1159500000,1159500100,43143,71906,1159600000,1159600000
2,11596,1159600000,1159600100,43143,71906,1159700000,1159700000
2,11597,1159700000,1159700100,43143,71906,1159800000,1159800000
2,11598,1159800000,1159800100,43143,71906,1159900000,1159900000
2,11599,1159900000,1159900100,43143,71906,1160000000,1160000000
2,11600,1160000000,1160000100,43143,71906,1160100000,1160100000
2,11601,1160100000,1160100100,43143,71906,1160200000,1160200000
2,11602,1160200000,1160200100,43143,71906,1160300000,1160300000
2,11603,1160300000,1160300100,43143,71906,1160400000,1160400000
2,11604,1160400000,1160400100,43143,71906,1160500000,1160500000
2,11605,1160500000,1160500100,43143,71906,1160600000,1160600000
2,11606,1160600000,1160600100,43143,71906,1160700000,1160700000
2,11607,1160700000,1160700100,43143,71906,1160800000,1160800000
2,11608,1160800000,1160800100,43143,71906,1160900000,1160900000
2,11609,1160900000,1160900100,43143,71906,1161000000,1161000000
2,11610,1161000000,1161000100,43143,71906,1161100000,1161100000
2,11611,1161100000,1161100100,43143,71906,1161200000,1161200000
2,11612,1161200000,1161200100,43143,71906,1161300000,1161300000
2,11613,1161300000,1161300100,43143,71906,1161400000,1161400000
2,11614,1161400000,1161400100,43143,71906,1161500000,1161500000
2,11615,1161500000,1161500100,43143,71906,1161600000,1161600000
2,11616,1161600000,1161600100,43143,71906,1161700000,1161700000
2,11617,1161700000,1161700100,43143,71906,1161800000,1161800000
2,11618,1161800000,1161800100,43143,71906,1161900000,1161900000
2,11619,1161900000,1161900100,43143,71906,1162000000,1162000000
2,11620,1162000000,1162000100,43143,71906,1162100000,1162100000
2,11621,1162100000,1162100100,43143,71906,1162200000,1162200000
2,11622,1162200000,1162200100,43143,71906,1162300000,1162300000
2,11623,1162300000,1162300100,43143,71906,1162400000,1162400000
2,11624,1162400000,1162400100,43143,71906,1162500000,1162500000
2,11625,1162500000,1162500100,43143,71906,1162600000,1162600000
2,11626,1162600000,1162600100,43143,71906,1162700000,1162700000
2,11627,1162700000,1162700100,43143,71906,1162800000,1162800000
2,11628,1162800000,1162800100,43143,71906,1162900000,1162900000
2,11629,1162900000,1162900100,43143,71906,1163000000,1163000000
2,11630,1163000000,1163000100,43143,71906,1163100000,1163100000
2,11631,1163100000,1163100100,43143,71906,1163200000,1163200000
2,11632,1163200000,1163200100,43143,71906,1163300000,1163300000
2,11633,1163300000,1163300100,43143,71906,1163400000,1163400000
2,11634,1163400000,1163400100,43143,71906,1163500000,1163500000
2,11635,1163500000,1163500100,43143,71906,1163600000,1163600000
2,11636,1163600000,1163600100,43143,71906,1163700000,1163700000
2,11637,1163700000,1163700100,43143,71906,1163800000,1163800000
2,11638,1163800000,1163800100,43143,71906,1163900000,1163900000
2,11639,1163900000,1163900100,43143,71906,1164000000,1164000000
2,11640,1164000000,1164000100,43143,71906,1164100000,1164100000
2,11641,1164100000,1164100100,43143,71906,1164200000,1164200000
2,11642,1164200000,1164200100,43143,71906,1164300000,1164300000
2,11643,1164300000,1164300100,43143,71906,1164400000,1164400000
2,11644,1164400000,1164400100,43143,71906,1164500000,1164500000
2,11645,1164500000,1164500100,43143,71906,1164600000,1164600000
2,11646,1164600000,1164600100,43143,71906,1164700000,1164700000
2,11647,1164700000,1164700100,43143,71906,1164800000,1164800000
2,11648,1164800000,1164800100,43143,71906,1164900000,1164900000
2,11649,1164900000,1164900100,43143,71906,1165000000,1165000000
2,11650,1165000000,1165000100,43143,71906,1165100000,1165100000
2,11651,1165100000,1165100100,43143,71906,1165200000,1165200000
2,11652,1165200000,1165200100,43143,71906,1165300000,1165300000
2,11653,1165300000,1165300100,43143,71906,1165400000,1165400000
2,11654,1165400000,1165400100,43143,71906,1165500000,1165500000
2,11655,1165500000,1165500100,43143,71906,1165600000,1165600000
2,11656,1165600000,1165600100,43143,71906,1165700000,1165700000
2,11657,1165700000,1165700100,43143,71906,1165800000,1165800000
2,11658,1165800000,1165800100,43143,71906,1165900000,1165900000
2,11659,1165900000,1165900100,43143,71906,1166000000,1166000000
2,11660,1166000000,1166000100,43143,71906,1166100000,1166100000
2,11661,1166100000,1166100100,43143,71906,1166200000,1166200000
2,11662,1166200000,1166200100,43143,71906,1166300000,1166300000
2,11663,1166300000,1166300100,43143,71906,1166400000,1166400000
2,11664,1166400000,1166400100,43143,71906,1166500000,1166500000
2,11665,1166500000,1166500100,43143,71906,1166600000,1166600000
2,11666,1166600000,1166600100,43143,71906,1166700000,1166700000
2,11667,1166700000,1166700100,43143,71906,1166800000,1166800000
2,11668,1166800000,1166800100,43143,71906,1166900000,1166900000
2,11669,1166900000,1166900100,43143,71906,1167000000,1167000000
2,11670,1167000000,1167000100,43143,71906,1167100000,1167100000
2,11671,1167100000,1167100100,43143,71906,1167200000,1167200000
2,11672,1167200000,1167200100,43143,71906,1167300000,1167300000
2,11673,1167300000,1167300100,43143,71906,1167400000,1167400000
2,11674,1167400000,1167400100,43143,71906,1167500000,1167500000
2,11675,1167500000,1167500100,43143,71906,1167600000,1167600000
2,11676,1167600000,1167600100,43143,71906,1167700000,1167700000
2,11677,1167700000,1167700100,43143,71906,1167800000,1167800000
2,11678,1167800000,1167800100,43143,71906,1167900000,1167900000
2,11679,1167900000,1167900100,43143,71906,1168000000,1168000000
2,11680,1168000000,1168000100,43143,71906,1168100000,1168100000
2,11681,1168100000,1168100100,43143,71906,1168200000,1168200000
2,11682,1168200000,1168200100,43143,71906,1168300000,1168300000
2,11683,1168300000,1168300100,43143,71906,1168400000,1168400000
2,11684,1168400000,1168400100,43143,71906,1168500000,1168500000
2,11685,1168500000,1168500100,43143,71906,1168600000,1168600000
2,11686,1168600000,1168600100,43143,71906,1168700000,1168700000
2,11687,1168700000,1168700100,43143,71906,1168800000,1168800000
2,11688,1168800000,1168800100,43143,71906,1168900000,1168900000
2,11689,1168900000,1168900100,43143,71906,1169000000,1169000000
2,11690,1169000000,1169000100,43143,71906,1169100000,1169100000
2,11691,1169100000,1169100100,43143,71906,1169200000,1169200000
2,11692,1169200000,1169200100,43143,71906,1169300000,1169300000
2,11693,1169300000,1169300100,43143,71906,1169400000,1169400000
2,11694,1169400000,1169400100,43143,71906,1169500000,1169500000
2,11695,1169500000,1169500100,43143,71906,1169600000,1169600000
2,11696,1169600000,1169600100,43143,71906,1169700000,1169700000
2,11697,1169700000,1169700100,43143,71906,1169800000,1169800000
2,11698,1169800000,1169800100,43143,71906,1169900000,1169900000
2,11699,1169900000,1169900100,43143,71906,1170000000,1170000000
2,11700,1170000000,1170000100,43143,71906,1170100000,1170100000
2,11701,1170100000,1170100100,43143,71906,1170200000,1170200000
2,11702,1170200000,1170200100,43143,71906,1170300000,1170300000
2,11703,1170300000,1170300100,43143,71906,1170400000,1170400000
2,11704,1170400000,1170400100,43143,71906,1170500000,1170500000
2,11705,1170500000,1170500100,43143,71906,1170600000,1170600000
2,11706,1170600000,1170600100,43143,71906,1170700000,1170700000
2,11707,1170700000,1170700100,43143,71906,1170800000,1170800000
2,11708,1170800000,1170800100,43143,71906,1170900000,1170900000
2,11709,1170900000,1170900100,43143,71906,1171000000,1171000000
2,11710,1171000000,1171000100,43143,71906,1171100000,1171100000
2,11711,1171100000,1171100100,43143,71906,1171200000,1171200000
2,11712,1171200000,1171200100,43143,71906,1171300000,1171300000
2,11713,1171300000,1171300100,43143,71906,1171400000,1171400000
2,11714,1171400000,1171400100,43143,71906,1171500000,1171500000
2,11715,1171500000,1171500100,43143,71906,1171600000,1171600000
2,11716,1171600000,1171600100,43143,71906,1171700000,1171700000
2,11717,1171700000,1171700100,43143,71906,1171800000,1171800000
2,11718,1171800000,1171800100,43143,71906,1171900000,1171900000
2,11719,1171900000,1171900100,43143,71906,1172000000,1172000000
2,11720,1172000000,1172000100,43143,71906,1172100000,1172100000
2,11721,1172100000,1172100100,43143,71906,1172200000,1172200000
2,11722,1172200000,1172200100,43143,71906,1172300000,1172300000
2,11723,1172300000,1172300100,43143,71906,1172400000,1172400000
2,11724,1172400000,1172400100,43143,71906,1172500000,1172500000
2,11725,1172500000,1172500100,43143,71906,1172600000,1172600000
2,11726,1172600000,1172600100,43143,71906,1172700000,1172700000
2,11727,1172700000,1172700100,43143,71906,1172800000,1172800000
2,11728,1172800000,1172800100,43143,71906,1172900000,1172900000
2,11729,1172900000,1172900100,43143,71906,1173000000,1173000000
2,11730,1173000000,1173000100,43143,71906,1173100000,1173100000
2,11731,1173100000,1173100100,43143,71906,1173200000,1173200000
2,11732,1173200000,1173200100,43143,71906,1173300000,1173300000
2,11733,1173300000,1173300100,43143,71906,1173400000,1173400000
2,11734,1173400000,1173400100,43143,71906,1173500000,1173500000
2,11735,1173500000,1173500100,43143,71906,1173600000,1173600000
2,11736,1173600000,1173600100,43143,71906,1173700000,1173700000
2,11737,1173700000,1173700100,43143,71906,1173800000,1173800000
2,11738,1173800000,1173800100,43143,71906,1173900000,1173900000
2,11739,1173900000,1173900100,43143,71906,1174000000,1174000000
2,11740,1174000000,1174000100,43143,71906,1174100000,1174100000
2,11741,1174100000,1174100100,43143,71906,1174200000,1174200000
2,11742,1174200000,1174200100,43143,71906,1174300000,1174300000
2,11743,1174300000,1174300100,43143,71906,1174400000,1174400000
2,11744,1174400000,1174400100,43143,71906,1174500000,1174500000
2,11745,1174500000,1174500100,43143,71906,1174600000,1174600000
2,11746,1174600000,1174600100,43143,71906,1174700000,1174700000
2,11747,1174700000,1174700100,43143,71906,1174800000,1174800000
2,11748,1174800000,1174800100,43143,71906,1174900000,1174900000
2,11749,1174900000,1174900100,43143,71906,1175000000,1175000000
2,11750,1175000000,1175000100,43143,71906,1175100000,1175100000
2,11751,1175100000,1175100100,43143,71906,1175200000,1175200000
2,11752,1175200000,1175200100,43143,71906,1175300000,1175300000
2,11753,1175300000,1175300100,43143,71906,1175400000,1175400000
2,11754,1175400000,1175400100,43143,71906,1175500000,1175500000
2,11755,1175500000,1175500100,43143,71906,1175600000,1175600000
2,11756,1175600000,1175600100,43143,71906,1175700000,1175700000
2,11757,1175700000,1175700100,43143,71906,1175800000,1175800000
2,11758,1175800000,1175800100,43143,71906,1175900000,1175900000
2,11759,1175900000,1175900100,43143,71906,1176000000,1176000000
2,11760,1176000000,1176000100,43143,71906,1176100000,1176100000
2,11761,1176100000,1176100100,43143,71906,1176200000,1176200000
2,11762,1176200000,1176200100,43143,71906,1176300000,1176300000
2,11763,1176300000,1176300100,43143,71906,1176400000,1176400000
2,11764,1176400000,1176400100,43143,71906,1176500000,1176500000
2,11765,1176500000,1176500100,43143,71906,1176600000,1176600000
2,11766,1176600000,1176600100,43143,71906,1176700000,1176700000
2,11767,1176700000,1176700100,43143,71906,1176800000,1176800000
2,11768,1176800000,1176800100,43143,71906,1176900000,1176900000
2,11769,1176900000,1176900100,43143,71906,1177000000,1177000000
2,11770,1177000000,1177000100,43143,71906,1177100000,1177100000
2,11771,1177100000,1177100100,43143,71906,1177200000,1177200000
2,11772,1177200000,1177200100,43143,71906,1177300000,1177300000
2,11773,1177300000,1177300100,43143,71906,1177400000,1177400000
2,11774,1177400000,1177400100,43143,71906,1177500000,1177500000
2,11775,1177500000,1177500100,43143,71906,1177600000,1177600000
2,11776,1177600000,1177600100,43143,71906,1177700000,1177700000
2,11777,1177700000,1177700100,43143,71906,1177800000,1177800000
2,11778,1177800000,1177800100,43143,71906,1177900000,1177900000
2,11779,1177900000,1177900100,43143,71906,1178000000,1178000000
2,11780,1178000000,1178000100,43143,71906,1178100000,1178100000
2,11781,1178100000,1178100100,43143,71906,1178200000,1178200000
2,11782,1178200000,1178200100,43143,71906,1178300000,1178300000
2,11783,1178300000,1178300100,43143,71906,1178400000,1178400000
2,11784,1178400000,1178400100,43143,71906,1178500000,1178500000
2,11785,1178500000,1178500100,43143,71906,1178600000,1178600000
2,11786,1178600000,1178600100,43143,71906,1178700000,1178700000
2,11787,1178700000,1178700100,43143,71906,1178800000,1178800000
2,11788,1178800000,1178800100,43143,71906,1178900000,1178900000
2,11789,1178900000,1178900100,43143,71906,1179000000,1179000000
2,11790,1179000000,1179000100,43143,71906,1179100000,1179100000
2,11791,1179100000,1179100100,43143,71906,1179200000,1179200000
2,11792,1179200000,1179200100,43143,71906,1179300000,1179300000
2,11793,1179300000,1179300100,43143,71906,1179400000,1179400000
2,11794,1179400000,1179400100,43143,71906,1179500000,1179500000
2,11795,1179500000,1179500100,43143,71906,1179600000,1179600000
2,11796,1179600000,1179600100,43143,71906,1179700000,1179700000
2,11797,1179700000,1179700100,43143,71906,1179800000,1179800000
2,11798,1179800000,1179800100,43143,71906,1179900000,1179900000
2,11799,1179900000,1179900100,43143,71906,1180000000,1180000000
2,11800,1180000000,1180000100,43143,71906,1180100000,1180100000
2,11801,1180100000,1180100100,43143,71906,1180200000,1180200000
2,11802,1180200000,1180200100,43143,71906,1180300000,1180300000
2,11803,1180300000,1180300100,43143,71906,1180400000,1180400000
2,11804,1180400000,1180400100,43143,71906,1180500000,1180500000
2,11805,1180500000,1180500100,43143,71906,1180600000,1180600000
2,11806,1180600000,1180600100,43143,71906,1180700000,1180700000
2,11807,1180700000,1180700100,43143,71906,1180800000,1180800000
2,11808,1180800000,1180800100,43143,71906,1180900000,1180900000
2,11809,1180900000,1180900100,43143,71906,1181000000,1181000000
2,11810,1181000000,1181000100,43143,71906,1181100000,1181100000
2,11811,1181100000,1181100100,43143,71906,1181200000,1181200000
2,11812,1181200000,1181200100,43143,71906,1181300000,1181300000
2,11813,1181300000,1181300100,43143,71906,1181400000,1181400000
2,11814,1181400000,1181400100,43143,71906,1181500000,1181500000
2,11815,1181500000,1181500100,43143,71906,1181600000,1181600000
2,11816,1181600000,1181600100,43143,71906,1181700000,1181700000
2,11817,1181700000,1181700100,43143,71906,1181800000,1181800000
2,11818,1181800000,1181800100,43143,71906,1181900000,1181900000
2,11819,1181900000,1181900100,43143,71906,1182000000,1182000000
2,11820,1182000000,1182000100,43143,71906,1182100000,1182100000
2,11821,1182100000,1182100100,43143,71906,1182200000,1182200000
2,11822,1182200000,1182200100,43143,71906,1182300000,1182300000
2,11823,1182300000,1182300100,43143,71906,1182400000,1182400000
2,11824,1182400000,1182400100,43143,71906,1182500000,1182500000
2,11825,1182500000,1182500100,43143,71906,1182600000,1182600000
2,11826,1182600000,1182600100,43143,71906,1182700000,1182700000
2,11827,1182700000,1182700100,43143,71906,1182800000,1182800000
2,11828,1182800000,1182800100,43143,71906,1182900000,1182900000
2,11829,1182900000,1182900100,43143,71906,1183000000,1183000000
2,11830,1183000000,1183000100,43143,71906,1183100000,1183100000
2,11831,1183100000,1183100100,43143,71906,1183200000,1183200000
2,11832,1183200000,1183200100,43143,71906,1183300000,1183300000
2,11833,1183300000,1183300100,43143,71906,1183400000,1183400000
2,11834,1183400000,1183400100,43143,71906,1183500000,1183500000
2,11835,1183500000,1183500100,43143,71906,1183600000,1183600000
2,11836,1183600000,1183600100,43143,71906,1183700000,1183700000
2,11837,1183700000,1183700100,43143,71906,1183800000,1183800000
2,11838,1183800000,1183800100,43143,71906,1183900000,1183900000
2,11839,1183900000,1183900100,43143,71906,1184000000,1184000000
2,11840,1184000000,1184000100,43143,71906,1184100000,1184100000
2,11841,1184100000,1184100100,43143,71906,1184200000,1184200000
2,11842,1184200000,1184200100,43143,71906,1184300000,1184300000
2,11843,1184300000,1184300100,43143,71906,1184400000,1184400000
2,11844,1184400000,1184400100,43143,71906,1184500000,1184500000
2,11845,1184500000,1184500100,43143,71906,1184600000,1184600000
2,11846,1184600000,1184600100,43143,71906,1184700000,1184700000
2,11847,1184700000,1184700100,43143,71906,1184800000,1184800000
2,11848,1184800000,1184800100,43143,71906,1184900000,1184900000
2,11849,1184900000,1184900100,43143,71906,1185000000,1185000000
2,11850,1185000000,1185000100,43143,71906,1185100000,1185100000
2,11851,1185100000,1185100100,43143,71906,1185200000,1185200000
2,11852,1185200000,1185200100,43143,71906,1185300000,1185300000
2,11853,1185300000,1185300100,43143,71906,1185400000,1185400000
2,11854,1185400000,1185400100,43143,71906,1185500000,1185500000
2,11855,1185500000,1185500100,43143,71906,1185600000,1185600000
2,11856,1185600000,1185600100,43143,71906,1185700000,1185700000
2,11857,1185700000,1185700100,43143,71906,1185800000,1185800000
2,11858,1185800000,1185800100,43143,71906,1185900000,1185900000
2,11859,1185900000,1185900100,43143,71906,1186000000,1186000000
2,11860,1186000000,1186000100,43143,71906,1186100000,1186100000
2,11861,1186100000,1186100100,43143,71906,1186200000,1186200000
2,11862,1186200000,1186200100,43143,71906,1186300000,1186300000
2,11863,1186300000,1186300100,43143,71906,1186400000,1186400000
2,11864,1186400000,1186400100,43143,71906,1186500000,1186500000
2,11865,1186500000,1186500100,43143,71906,1186600000,1186600000
2,11866,1186600000,1186600100,43143,71906,1186700000,1186700000
2,11867,1186700000,1186700100,43143,71906,1186800000,1186800000
2,11868,1186800000,1186800100,43143,71906,1186900000,1186900000
2,11869,1186900000,1186900100,43143,71906,1187000000,1187000000
2,11870,1187000000,1187000100,43143,71906,1187100000,1187100000
2,11871,1187100000,1187100100,43143,71906,1187200000,1187200000
2,11872,1187200000,1187200100,43143,71906,1187300000,1187300000
2,11873,1187300000,1187300100,43143,71906,1187400000,1187400000
2,11874,1187400000,1187400100,43143,71906,1187500000,1187500000
2,11875,1187500000,1187500100,43143,71906,1187600000,1187600000
2,11876,1187600000,1187600100,43143,71906,1187700000,1187700000
2,11877,1187700000,1187700100,43143,71906,1187800000,1187800000
2,11878,1187800000,1187800100,43143,71906,1187900000,1187900000
2,11879,1187900000,1187900100,43143,71906,1188000000,1188000000
2,11880,1188000000,1188000100,43143,71906,1188100000,1188100000
2,11881,1188100000,1188100100,43143,71906,1188200000,1188200000
2,11882,1188200000,1188200100,43143,71906,1188300000,1188300000
2,11883,1188300000,1188300100,43143,71906,1188400000,1188400000
2,11884,1188400000,1188400100,43143,71906,1188500000,1188500000
2,11885,1188500000,1188500100,43143,71906,1188600000,1188600000
2,11886,1188600000,1188600100,43143,71906,1188700000,1188700000
2,11887,1188700000,1188700100,43143,71906,1188800000,1188800000
2,11888,1188800000,1188800100,43143,71906,1188900000,1188900000
2,11889,1188900000,1188900100,43143,71906,1189000000,1189000000
2,11890,1189000000,1189000100,43143,71906,1189100000,1189100000
2,11891,1189100000,1189100100,43143,71906,1189200000,1189200000
2,11892,1189200000,1189200100,43143,71906,1189300000,1189300000
2,11893,1189300000,1189300100,43143,71906,1189400000,1189400000
2,11894,1189400000,1189400100,43143,71906,1189500000,1189500000
2,11895,1189500000,1189500100,43143,71906,1189600000,1189600000
2,11896,1189600000,1189600100,43143,71906,1189700000,1189700000
2,11897,1189700000,1189700100,43143,71906,1189800000,1189800000
2,11898,1189800000,1189800100,43143,71906,1189900000,1189900000
2,11899,1189900000,1189900100,43143,71906,1190000000,1190000000
2,11900,1190000000,1190000100,43143,71906,1190100000,1190100000
2,11901,1190100000,1190100100,43143,71906,1190200000,1190200000
2,11902,1190200000,1190200100,43143,71906,1190300000,1190300000
2,11903,1190300000,1190300100,43143,71906,1190400000,1190400000
2,11904,1190400000,1190400100,43143,71906,1190500000,1190500000
2,11905,1190500000,1190500100,43143,71906,1190600000,1190600000
2,11906,1190600000,1190600100,43143,71906,1190700000,1190700000
2,11907,1190700000,1190700100,43143,71906,1190800000,1190800000
2,11908,1190800000,1190800100,43143,71906,1190900000,1190900000
2,11909,1190900000,1190900100,43143,71906,1191000000,1191000000
2,11910,1191000000,1191000100,43143,71906,1191100000,1191100000
2,11911,1191100000,1191100100,43143,71906,1191200000,1191200000
2,11912,1191200000,1191200100,43143,71906,1191300000,1191300000
2,11913,1191300000,1191300100,43143,71906,1191400000,1191400000
2,11914,1191400000,1191400100,43143,71906,1191500000,1191500000
2,11915,1191500000,1191500100,43143,71906,1191600000,1191600000
2,11916,1191600000,1191600100,43143,71906,1191700000,1191700000
2,11917,1191700000,1191700100,43143,71906,1191800000,1191800000
2,11918,1191800000,1191800100,43143,71906,1191900000,1191900000
2,11919,1191900000,1191900100,43143,71906,1192000000,1192000000
2,11920,1192000000,1192000100,43143,71906,1192100000,1192100000
2,11921,1192100000,1192100100,43143,71906,1192200000,1192200000
2,11922,1192200000,1192200100,43143,71906,1192300000,1192300000
2,11923,1192300000,1192300100,43143,71906,1192400000,1192400000
2,11924,1192400000,1192400100,43143,71906,1192500000,1192500000
2,11925,1192500000,1192500100,43143,71906,1192600000,1192600000
2,11926,1192600000,1192600100,43143,71906,1192700000,1192700000
2,11927,1192700000,1192700100,43143,71906,1192800000,1192800000
2,11928,1192800000,1192800100,43143,71906,1192900000,1192900000
2,11929,1192900000,1192900100,43143,71906,1193000000,1193000000
2,11930,1193000000,1193000100,43143,71906,1193100000,1193100000
2,11931,1193100000,1193100100,43143,71906,1193200000,1193200000
2,11932,1193200000,1193200100,43143,71906,1193300000,1193300000
2,11933,1193300000,1193300100,43143,71906,1193400000,1193400000
2,11934,1193400000,1193400100,43143,71906,1193500000,1193500000
2,11935,1193500000,1193500100,43143,71906,1193600000,1193600000
2,11936,1193600000,1193600100,43143,71906,1193700000,1193700000
2,11937,1193700000,1193700100,43143,71906,1193800000,1193800000
2,11938,1193800000,1193800100,43143,71906,1193900000,1193900000
2,11939,1193900000,1193900100,43143,71906,1194000000,1194000000
2,11940,1194000000,1194000100,43143,71906,1194100000,1194100000
2,11941,1194100000,1194100100,43143,71906,1194200000,1194200000
2,11942,1194200000,1194200100,43143,71906,1194300000,1194300000
2,11943,1194300000,1194300100,43143,71906,1194400000,1194400000
2,11944,1194400000,1194400100,43143,71906,1194500000,1194500000
2,11945,1194500000,1194500100,43143,71906,1194600000,1194600000
2,11946,1194600000,1194600100,43143,71906,1194700000,1194700000
2,11947,1194700000,1194700100,43143,71906,1194800000,1194800000
2,11948,1194800000,1194800100,43143,71906,1194900000,1194900000
2,11949,1194900000,1194900100,43143,71906,1195000000,1195000000
2,11950,1195000000,1195000100,43143,71906,1195100000,1195100000
2,11951,1195100000,1195100100,43143,71906,1195200000,1195200000
2,11952,1195200000,1195200100,43143,71906,1195300000,1195300000
2,11953,1195300000,1195300100,43143,71906,1195400000,1195400000
2,11954,1195400000,1195400100,43143,71906,1195500000,1195500000
2,11955,1195500000,1195500100,43143,71906,1195600000,1195600000
2,11956,1195600000,1195600100,43143,71906,1195700000,1195700000
2,11957,1195700000,1195700100,43143,71906,1195800000,1195800000
2,11958,1195800000,1195800100,43143,71906,1195900000,1195900000
2,11959,1195900000,1195900100,43143,71906,1196000000,1196000000
2,11960,1196000000,1196000100,43143,71906,1196100000,1196100000
2,11961,1196100000,1196100100,43143,71906,1196200000,1196200000
2,11962,1196200000,1196200100,43143,71906,1196300000,1196300000
2,11963,1196300000,1196300100,43143,71906,1196400000,1196400000
2,11964,1196400000,1196400100,43143,71906,1196500000,1196500000
2,11965,1196500000,1196500100,43143,71906,1196600000,1196600000
2,11966,1196600000,1196600100,43143,71906,1196700000,1196700000
2,11967,1196700000,1196700100,43143,71906,1196800000,1196800000
2,11968,1196800000,1196800100,43143,71906,1196900000,1196900000
2,11969,1196900000,1196900100,43143,71906,1197000000,1197000000
3,0,0,100,1337,2229,200000,200000
3,1,200000,200100,1337,2229,400000,400000
3,2,400000,400100,1337,2229,600000,600000
3,3,600000,600100,1337,2229,800000,800000
3,4,800000,800100,1337,2229,1000000,1000000
3,5,1000000,1000100,1337,2229,1200000,1200000
3,6,1200000,1200100,1337,2229,1400000,1400000
3,7,1400000,1400100,1337,2229,1600000,1600000
3,8,1600000,1600100,1337,2229,1800000,1800000
3,9,1800000,1800100,1337,2229,2000000,2000000
3,10,2000000,2000100,1337,2229,2200000,2200000
3,11,2200000,2200100,1337,2229,2400000,2400000
3,12,2400000,2400100,1337,2229,2600000,2600000
3,13,2600000,2600100,1337,2229,2800000,2800000
3,14,2800000,2800100,1337,2229,3000000,3000000
3,15,3000000,3000100,1337,2229,3200000,3200000
3,16,3200000,3200100,1337,2229,3400000,3400000
3,17,3400000,3400100,1337,2229,3600000,3600000
3,18,3600000,3600100,1337,2229,3800000,3800000
3,19,3800000,3800100,1337,2229,4000000,4000000
3,20,4000000,4000100,1337,2229,4200000,4200000
3,21,4200000,4200100,1337,2229,4400000,4400000
3,22,4400000,4400100,1337,2229,4600000,4600000
3,23,4600000,4600100,1337,2229,4800000,4800000
3,24,4800000,4800100,1337,2229,5000000,5000000
3,25,5000000,5000100,1337,2229,5200000,5200000
3,26,5200000,5200100,1337,2229,5400000,5400000
3,27,5400000,5400100,1337,2229,5600000,5600000
3,28,5600000,5600100,1337,2229,5800000,5800000
3,29,5800000,5800100,1337,2229,6000000,6000000
3,30,6000000,6000100,1337,2229,6200000,6200000
3,31,6200000,6200100,1337,2229,6400000,6400000
3,32,6400000,6400100,1337,2229,6600000,6600000
3,33,6600000,6600100,1337,2229,6800000,6800000
3,34,6800000,6800100,1337,2229,7000000,7000000
3,35,7000000,7000100,1337,2229,7200000,7200000
3,36,7200000,7200100,1337,2229,7400000,7400000
3,37,7400000,7400100,1337,2229,7600000,7600000
3,38,7600000,7600100,1337,2229,7800000,7800000
3,39,7800000,7800100,1337,2229,8000000,8000000
3,40,8000000,8000100,1337,2229,8200000,8200000
3,41,8200000,8200100,1337,2229,8400000,8400000
3,42,8400000,8400100,1337,2229,8600000,8600000
3,43,8600000,8600100,1337,2229,8800000,8800000
3,44,8800000,8800100,1337,2229,9000000,9000000
3,45,9000000,9000100,1337,2229,9200000,9200000
3,46,9200000,9200100,1337,2229,9400000,9400000
3,47,9400000,9400100,1337,2229,9600000,9600000
3,48,9600000,9600100,1337,2229,9800000,9800000
3,49,9800000,9800100,1337,2229,10000000,10000000
3,50,10000000,10000100,1337,2229,10200000,10200000
3,51,10200000,10200100,1337,2229,10400000,10400000
3,52,10400000,10400100,1337,2229,10600000,10600000
3,53,10600000,10600100,1337,2229,10800000,10800000
3,54,10800000,10800100,1337,2229,11000000,11000000
3,55,11000000,11000100,1337,2229,11200000,11200000
3,56,11200000,11200100,1337,2229,11400000,11400000
3,57,11400000,11400100,1337,2229,11600000,11600000
3,58,11600000,11600100,1337,2229,11800000,11800000
3,59,11800000,11800100,1337,2229,12000000,12000000
3,60,12000000,12000100,1337,2229,12200000,12200000
3,61,12200000,12200100,1337,2229,12400000,12400000
3,62,12400000,12400100,1337,2229,12600000,12600000
3,63,12600000,12600100,1337,2229,12800000,12800000
3,64,12800000,12800100,1337,2229,13000000,13000000
3,65,13000000,13000100,1337,2229,13200000,13200000
3,66,13200000,13200100,1337,2229,13400000,13400000
3,67,13400000,13400100,1337,2229,13600000,13600000
3,68,13600000,13600100,1337,2229,13800000,13800000
3,69,13800000,13800100,1337,2229,14000000,14000000
3,70,14000000,14000100,1337,2229,14200000,14200000
3,71,14200000,14200100,1337,2229,14400000,14400000
3,72,14400000,14400100,1337,2229,14600000,14600000
3,73,14600000,14600100,1337,2229,14800000,14800000
3,74,14800000,14800100,1337,2229,15000000,15000000
3,75,15000000,15000100,1337,2229,15200000,15200000
3,76,15200000,15200100,1337,2229,15400000,15400000
3,77,15400000,15400100,1337,2229,15600000,15600000
3,78,15600000,15600100,1337,2229,15800000,15800000
3,79,15800000,15800100,1337,2229,16000000,16000000
3,80,16000000,16000100,1337,2229,16200000,16200000
3,81,16200000,16200100,1337,2229,16400000,16400000
3,82,16400000,16400100,1337,2229,16600000,16600000
3,83,16600000,16600100,1337,2229,16800000,16800000
3,84,16800000,16800100,1337,2229,17000000,17000000
3,85,17000000,17000100,1337,2229,17200000,17200000
3,86,17200000,17200100,1337,2229,17400000,17400000
3,87,17400000,17400100,1337,2229,17600000,17600000
3,88,17600000,17600100,1337,2229,17800000,17800000
3,89,17800000,17800100,1337,2229,18000000,18000000
3,90,18000000,18000100,1337,2229,18200000,18200000
3,91,18200000,18200100,1337,2229,18400000,18400000
3,92,18400000,18400100,1337,2229,18600000,18600000
3,93,18600000,18600100,1337,2229,18800000,18800000
3,94,18800000,18800100,1337,2229,19000000,19000000
3,95,19000000,19000100,1337,2229,19200000,19200000
3,96,19200000,19200100,1337,2229,19400000,19400000
3,97,19400000,19400100,1337,2229,19600000,19600000
3,98,19600000,19600100,1337,2229,19800000,19800000
3,99,19800000,19800100,1337,2229,20000000,20000000
3,100,20000000,20000100,1337,2229,20200000,20200000
3,101,20200000,20200100,1337,2229,20400000,20400000
3,102,20400000,20400100,1337,2229,20600000,20600000
3,103,20600000,20600100,1337,2229,20800000,20800000
3,104,20800000,20800100,1337,2229,21000000,21000000
3,105,21000000,21000100,1337,2229,21200000,21200000
3,106,21200000,21200100,1337,2229,21400000,21400000
3,107,21400000,21400100,1337,2229,21600000,21600000
3,108,21600000,21600100,1337,2229,21800000,21800000
3,109,21800000,21800100,1337,2229,22000000,22000000
3,110,22000000,22000100,1337,2229,22200000,22200000
3,111,22200000,22200100,1337,2229,22400000,22400000
3,112,22400000,22400100,1337,2229,22600000,22600000
3,113,22600000,22600100,1337,2229,22800000,22800000
3,114,22800000,22800100,1337,2229,23000000,23000000
3,115,23000000,23000100,1337,2229,23200000,23200000
3,116,23200000,23200100,1337,2229,23400000,23400000
3,117,23400000,23400100,1337,2229,23600000,23600000
3,118,23600000,23600100,1337,2229,23800000,23800000
3,119,23800000,23800100,1337,2229,24000000,24000000
3,120,24000000,24000100,1337,2229,24200000,24200000
3,121,24200000,24200100,1337,2229,24400000,24400000
3,122,24400000,24400100,1337,2229,24600000,24600000
3,123,24600000,24600100,1337,2229,24800000,24800000
3,124,24800000,24800100,1337,2229,25000000,25000000
3,125,25000000,25000100,1337,2229,25200000,25200000
3,126,25200000,25200100,1337,2229,25400000,25400000
3,127,25400000,25400100,1337,2229,25600000,25600000
3,128,25600000,25600100,1337,2229,25800000,25800000
3,129,25800000,25800100,1337,2229,26000000,26000000
3,130,26000000,26000100,1337,2229,26200000,26200000
3,131,26200000,26200100,1337,2229,26400000,26400000
3,132,26400000,26400100,1337,2229,26600000,26600000
3,133,26600000,26600100,1337,2229,26800000,26800000
3,134,26800000,26800100,1337,2229,27000000,27000000
3,135,27000000,27000100,1337,2229,27200000,27200000
3,136,27200000,27200100,1337,2229,27400000,27400000
3,137,27400000,27400100,1337,2229,27600000,27600000
3,138,27600000,27600100,1337,2229,27800000,27800000
3,139,27800000,27800100,1337,2229,28000000,28000000
3,140,28000000,28000100,1337,2229,28200000,28200000
3,141,28200000,28200100,1337,2229,28400000,28400000
3,142,28400000,28400100,1337,2229,28600000,28600000
3,143,28600000,28600100,1337,2229,28800000,28800000
3,144,28800000,28800100,1337,2229,29000000,29000000
3,145,29000000,29000100,1337,2229,29200000,29200000
3,146,29200000,29200100,1337,2229,29400000,29400000
3,147,29400000,29400100,1337,2229,29600000,29600000
3,148,29600000,29600100,1337,2229,29800000,29800000
3,149,29800000,29800100,1337,2229,30000000,30000000
3,150,30000000,30000100,1337,2229,30200000,30200000
3,151,30200000,30200100,1337,2229,30400000,30400000
3,152,30400000,30400100,1337,2229,30600000,30600000
3,153,30600000,30600100,1337,2229,30800000,30800000
3,154,30800000,30800100,1337,2229,31000000,31000000
3,155,31000000,31000100,1337,2229,31200000,31200000
3,156,31200000,31200100,1337,2229,31400000,31400000
3,157,31400000,31400100,1337,2229,31600000,31600000
3,158,31600000,31600100,1337,2229,31800000,31800000
3,159,31800000,31800100,1337,2229,32000000,32000000
3,160,32000000,32000100,1337,2229,32200000,32200000
3,161,32200000,32200100,1337,2229,32400000,32400000
3,162,32400000,32400100,1337,2229,32600000,32600000
3,163,32600000,32600100,1337,2229,32800000,32800000
3,164,32800000,32800100,1337,2229,33000000,33000000
3,165,33000000,33000100,1337,2229,33200000,33200000
3,166,33200000,33200100,1337,2229,33400000,33400000
3,167,33400000,33400100,1337,2229,33600000,33600000
3,168,33600000,33600100,1337,2229,33800000,33800000
3,169,33800000,33800100,1337,2229,34000000,34000000
3,170,34000000,34000100,1337,2229,34200000,34200000
3,171,34200000,34200100,1337,2229,34400000,34400000
3,172,34400000,34400100,1337,2229,34600000,34600000
3,173,34600000,34600100,1337,2229,34800000,34800000
3,174,34800000,34800100,1337,2229,35000000,35000000
3,175,35000000,35000100,1337,2229,35200000,35200000
3,176,35200000,35200100,1337,2229,35400000,35400000
3,177,35400000,35400100,1337,2229,35600000,35600000
3,178,35600000,35600100,1337,2229,35800000,35800000
3,179,35800000,35800100,1337,2229,36000000,36000000
3,180,36000000,36000100,1337,2229,36200000,36200000
3,181,36200000,36200100,1337,2229,36400000,36400000
3,182,36400000,36400100,1337,2229,36600000,36600000
3,183,36600000,36600100,1337,2229,36800000,36800000
3,184,36800000,36800100,1337,2229,37000000,37000000
3,185,37000000,37000100,1337,2229,37200000,37200000
3,186,37200000,37200100,1337,2229,37400000,37400000
3,187,37400000,37400100,1337,2229,37600000,37600000
3,188,37600000,37600100,1337,2229,37800000,37800000
3,189,37800000,37800100,1337,2229,38000000,38000000
3,190,38000000,38000100,1337,2229,38200000,38200000
3,191,38200000,38200100,1337,2229,38400000,38400000
3,192,38400000,38400100,1337,2229,38600000,38600000
3,193,38600000,38600100,1337,2229,38800000,38800000
3,194,38800000,38800100,1337,2229,39000000,39000000
3,195,39000000,39000100,1337,2229,39200000,39200000
3,196,39200000,39200100,1337,2229,39400000,39400000
3,197,39400000,39400100,1337,2229,39600000,39600000
3,198,39600000,39600100,1337,2229,39800000,39800000
3,199,39800000,39800100,1337,2229,40000000,40000000
3,200,40000000,40000100,1337,2229,40200000,40200000
3,201,40200000,40200100,1337,2229,40400000,40400000
3,202,40400000,40400100,1337,2229,40600000,40600000
3,203,40600000,40600100,1337,2229,40800000,40800000
3,204,40800000,40800100,1337,2229,41000000,41000000
3,205,41000000,41000100,1337,2229,41200000,41200000
3,206,41200000,41200100,1337,2229,41400000,41400000
3,207,41400000,41400100,1337,2229,41600000,41600000
3,208,41600000,41600100,1337,2229,41800000,41800000
3,209,41800000,41800100,1337,2229,42000000,42000000
3,210,42000000,42000100,1337,2229,42200000,42200000
3,211,42200000,42200100,1337,2229,42400000,42400000
3,212,42400000,42400100,1337,2229,42600000,42600000
3,213,42600000,42600100,1337,2229,42800000,42800000
3,214,42800000,42800100,1337,2229,43000000,43000000
3,215,43000000,43000100,1337,2229,43200000,43200000
3,216,43200000,43200100,1337,2229,43400000,43400000
3,217,43400000,43400100,1337,2229,43600000,43600000
3,218,43600000,43600100,1337,2229,43800000,43800000
3,219,43800000,43800100,1337,2229,44000000,44000000
3,220,44000000,44000100,1337,2229,44200000,44200000
3,221,44200000,44200100,1337,2229,44400000,44400000
3,222,44400000,44400100,1337,2229,44600000,44600000
3,223,44600000,44600100,1337,2229,44800000,44800000
3,224,44800000,44800100,1337,2229,45000000,45000000
3,225,45000000,45000100,1337,2229,45200000,45200000
3,226,45200000,45200100,1337,2229,45400000,45400000
3,227,45400000,45400100,1337,2229,45600000,45600000
3,228,45600000,45600100,1337,2229,45800000,45800000
3,229,45800000,45800100,1337,2229,46000000,46000000
3,230,46000000,46000100,1337,2229,46200000,46200000
3,231,46200000,46200100,1337,2229,46400000,46400000
3,232,46400000,46400100,1337,2229,46600000,46600000
3,233,46600000,46600100,1337,2229,46800000,46800000
3,234,46800000,46800100,1337,2229,47000000,47000000
3,235,47000000,47000100,1337,2229,47200000,47200000
3,236,47200000,47200100,1337,2229,47400000,47400000
3,237,47400000,47400100,1337,2229,47600000,47600000
3,238,47600000,47600100,1337,2229,47800000,47800000
3,239,47800000,47800100,1337,2229,48000000,48000000
3,240,48000000,48000100,1337,2229,48200000,48200000
3,241,48200000,48200100,1337,2229,48400000,48400000
3,242,48400000,48400100,1337,2229,48600000,48600000
3,243,48600000,48600100,1337,2229,48800000,48800000
3,244,48800000,48800100,1337,2229,49000000,49000000
3,245,49000000,49000100,1337,2229,49200000,49200000
3,246,49200000,49200100,1337,2229,49400000,49400000
3,247,49400000,49400100,1337,2229,49600000,49600000
3,248,49600000,49600100,1337,2229,49800000,49800000
3,249,49800000,49800100,1337,2229,50000000,50000000
3,250,50000000,50000100,1337,2229,50200000,50200000
3,251,50200000,50200100,1337,2229,50400000,50400000
3,252,50400000,50400100,1337,2229,50600000,50600000
3,253,50600000,50600100,1337,2229,50800000,50800000
3,254,50800000,50800100,1337,2229,51000000,51000000
3,255,51000000,51000100,1337,2229,51200000,51200000
3,256,51200000,51200100,1337,2229,51400000,51400000
3,257,51400000,51400100,1337,2229,51600000,51600000
3,258,51600000,51600100,1337,2229,51800000,51800000
3,259,51800000,51800100,1337,2229,52000000,52000000
3,260,52000000,52000100,1337,2229,52200000,52200000
3,261,52200000,52200100,1337,2229,52400000,52400000
3,262,52400000,52400100,1337,2229,52600000,52600000
3,263,52600000,52600100,1337,2229,52800000,52800000
3,264,52800000,52800100,1337,2229,53000000,53000000
3,265,53000000,53000100,1337,2229,53200000,53200000
3,266,53200000,53200100,1337,2229,53400000,53400000
3,267,53400000,53400100,1337,2229,53600000,53600000
3,268,53600000,53600100,1337,2229,53800000,53800000
3,269,53800000,53800100,1337,2229,54000000,54000000
3,270,54000000,54000100,1337,2229,54200000,54200000
3,271,54200000,54200100,1337,2229,54400000,54400000
3,272,54400000,54400100,1337,2229,54600000,54600000
3,273,54600000,54600100,1337,2229,54800000,54800000
3,274,54800000,54800100,1337,2229,55000000,55000000
3,275,55000000,55000100,1337,2229,55200000,55200000
3,276,55200000,55200100,1337,2229,55400000,55400000
3,277,55400000,55400100,1337,2229,55600000,55600000
3,278,55600000,55600100,1337,2229,55800000,55800000
3,279,55800000,55800100,1337,2229,56000000,56000000
3,280,56000000,56000100,1337,2229,56200000,56200000
3,281,56200000,56200100,1337,2229,56400000,56400000
3,282,56400000,56400100,1337,2229,56600000,56600000
3,283,56600000,56600100,1337,2229,56800000,56800000
3,284,56800000,56800100,1337,2229,57000000,57000000
3,285,57000000,57000100,1337,2229,57200000,57200000
3,286,57200000,57200100,1337,2229,57400000,57400000
3,287,57400000,57400100,1337,2229,57600000,57600000
3,288,57600000,57600100,1337,2229,57800000,57800000
3,289,57800000,57800100,1337,2229,58000000,58000000
3,290,58000000,58000100,1337,2229,58200000,58200000
3,291,58200000,58200100,1337,2229,58400000,58400000
3,292,58400000,58400100,1337,2229,58600000,58600000
3,293,58600000,58600100,1337,2229,58800000,58800000
3,294,58800000,58800100,1337,2229,59000000,59000000
3,295,59000000,59000100,1337,2229,59200000,59200000
3,296,59200000,59200100,1337,2229,59400000,59400000
3,297,59400000,59400100,1337,2229,59600000,59600000
3,298,59600000,59600100,1337,2229,59800000,59800000
3,299,59800000,59800100,1337,2229,60000000,60000000
3,300,60000000,60000100,1337,2229,60200000,60200000
3,301,60200000,60200100,1337,2229,60400000,60400000
3,302,60400000,60400100,1337,2229,60600000,60600000
3,303,60600000,60600100,1337,2229,60800000,60800000
3,304,60800000,60800100,1337,2229,61000000,61000000
3,305,61000000,61000100,1337,2229,61200000,61200000
3,306,61200000,61200100,1337,2229,61400000,61400000
3,307,61400000,61400100,1337,2229,61600000,61600000
3,308,61600000,61600100,1337,2229,61800000,61800000
3,309,61800000,61800100,1337,2229,62000000,62000000
3,310,62000000,62000100,1337,2229,62200000,62200000
3,311,62200000,62200100,1337,2229,62400000,62400000
3,312,62400000,62400100,1337,2229,62600000,62600000
3,313,62600000,62600100,1337,2229,62800000,62800000
3,314,62800000,62800100,1337,2229,63000000,63000000
3,315,63000000,63000100,1337,2229,63200000,63200000
3,316,63200000,63200100,1337,2229,63400000,63400000
3,317,63400000,63400100,1337,2229,63600000,63600000
3,318,63600000,63600100,1337,2229,63800000,63800000
3,319,63800000,63800100,1337,2229,64000000,64000000
3,320,64000000,64000100,1337,2229,64200000,64200000
3,321,64200000,64200100,1337,2229,64400000,64400000
3,322,64400000,64400100,1337,2229,64600000,64600000
3,323,64600000,64600100,1337,2229,64800000,64800000
3,324,64800000,64800100,1337,2229,65000000,65000000
3,325,65000000,65000100,1337,2229,65200000,65200000
3,326,65200000,65200100,1337,2229,65400000,65400000
3,327,65400000,65400100,1337,2229,65600000,65600000
3,328,65600000,65600100,1337,2229,65800000,65800000
3,329,65800000,65800100,1337,2229,66000000,66000000
3,330,66000000,66000100,1337,2229,66200000,66200000
3,331,66200000,66200100,1337,2229,66400000,66400000
3,332,66400000,66400100,1337,2229,66600000,66600000
3,333,66600000,66600100,1337,2229,66800000,66800000
3,334,66800000,66800100,1337,2229,67000000,67000000
3,335,67000000,67000100,1337,2229,67200000,67200000
3,336,67200000,67200100,1337,2229,67400000,67400000
3,337,67400000,67400100,1337,2229,67600000,67600000
3,338,67600000,67600100,1337,2229,67800000,67800000
3,339,67800000,67800100,1337,2229,68000000,68000000
3,340,68000000,68000100,1337,2229,68200000,68200000
3,341,68200000,68200100,1337,2229,68400000,68400000
3,342,68400000,68400100,1337,2229,68600000,68600000
3,343,68600000,68600100,1337,2229,68800000,68800000
3,344,68800000,68800100,1337,2229,69000000,69000000
3,345,69000000,69000100,1337,2229,69200000,69200000
3,346,69200000,69200100,1337,2229,69400000,69400000
3,347,69400000,69400100,1337,2229,69600000,69600000
3,348,69600000,69600100,1337,2229,69800000,69800000
3,349,69800000,69800100,1337,2229,70000000,70000000
3,350,70000000,70000100,1337,2229,70200000,70200000
3,351,70200000,70200100,1337,2229,70400000,70400000
3,352,70400000,70400100,1337,2229,70600000,70600000
3,353,70600000,70600100,1337,2229,70800000,70800000
3,354,70800000,70800100,1337,2229,71000000,71000000
3,355,71000000,71000100,1337,2229,71200000,71200000
3,356,71200000,71200100,1337,2229,71400000,71400000
3,357,71400000,71400100,1337,2229,71600000,71600000
3,358,71600000,71600100,1337,2229,71800000,71800000
3,359,71800000,71800100,1337,2229,72000000,72000000
3,360,72000000,72000100,1337,2229,72200000,72200000
3,361,72200000,72200100,1337,2229,72400000,72400000
3,362,72400000,72400100,1337,2229,72600000,72600000
3,363,72600000,72600100,1337,2229,72800000,72800000
3,364,72800000,72800100,1337,2229,73000000,73000000
3,365,73000000,73000100,1337,2229,73200000,73200000
3,366,73200000,73200100,1337,2229,73400000,73400000
3,367,73400000,73400100,1337,2229,73600000,73600000
3,368,73600000,73600100,1337,2229,73800000,73800000
3,369,73800000,73800100,1337,2229,74000000,74000000
3,370,74000000,74000100,1337,2229,74200000,74200000
3,371,74200000,74200100,1337,2229,74400000,74400000
3,372,74400000,74400100,1337,2229,74600000,74600000
3,373,74600000,74600100,1337,2229,74800000,74800000
3,374,74800000,74800100,1337,2229,75000000,75000000
3,375,75000000,75000100,1337,2229,75200000,75200000
3,376,75200000,75200100,1337,2229,75400000,75400000
3,377,75400000,75400100,1337,2229,75600000,75600000
3,378,75600000,75600100,1337,2229,75800000,75800000
3,379,75800000,75800100,1337,2229,76000000,76000000
3,380,76000000,76000100,1337,2229,76200000,76200000
3,381,76200000,76200100,1337,2229,76400000,76400000
3,382,76400000,76400100,1337,2229,76600000,76600000
3,383,76600000,76600100,1337,2229,76800000,76800000
3,384,76800000,76800100,1337,2229,77000000,77000000
3,385,77000000,77000100,1337,2229,77200000,77200000
3,386,77200000,77200100,1337,2229,77400000,77400000
3,387,77400000,77400100,1337,2229,77600000,77600000
3,388,77600000,77600100,1337,2229,77800000,77800000
3,389,77800000,77800100,1337,2229,78000000,78000000
3,390,78000000,78000100,1337,2229,78200000,78200000
3,391,78200000,78200100,1337,2229,78400000,78400000
3,392,78400000,78400100,1337,2229,78600000,78600000
3,393,78600000,78600100,1337,2229,78800000,78800000
3,394,78800000,78800100,1337,2229,79000000,79000000
3,395,79000000,79000100,1337,2229,79200000,79200000
3,396,79200000,79200100,1337,2229,79400000,79400000
3,397,79400000,79400100,1337,2229,79600000,79600000
3,398,79600000,79600100,1337,2229,79800000,79800000
3,399,79800000,79800100,1337,2229,80000000,80000000
3,400,80000000,80000100,1337,2229,80200000,80200000
3,401,80200000,80200100,1337,2229,80400000,80400000
3,402,80400000,80400100,1337,2229,80600000,80600000
3,403,80600000,80600100,1337,2229,80800000,80800000
3,404,80800000,80800100,1337,2229,81000000,81000000
3,405,81000000,81000100,1337,2229,81200000,81200000
3,406,81200000,81200100,1337,2229,81400000,81400000
3,407,81400000,81400100,1337,2229,81600000,81600000
3,408,81600000,81600100,1337,2229,81800000,81800000
3,409,81800000,81800100,1337,2229,82000000,82000000
3,410,82000000,82000100,1337,2229,82200000,82200000
3,411,82200000,82200100,1337,2229,82400000,82400000
3,412,82400000,82400100,1337,2229,82600000,82600000
3,413,82600000,82600100,1337,2229,82800000,82800000
3,414,82800000,82800100,1337,2229,83000000,83000000
3,415,83000000,83000100,1337,2229,83200000,83200000
3,416,83200000,83200100,1337,2229,83400000,83400000
3,417,83400000,83400100,1337,2229,83600000,83600000
3,418,83600000,83600100,1337,2229,83800000,83800000
3,419,83800000,83800100,1337,2229,84000000,84000000
3,420,84000000,84000100,1337,2229,84200000,84200000
3,421,84200000,84200100,1337,2229,84400000,84400000
3,422,84400000,84400100,1337,2229,84600000,84600000
3,423,84600000,84600100,1337,2229,84800000,84800000
3,424,84800000,84800100,1337,2229,85000000,85000000
3,425,85000000,85000100,1337,2229,85200000,85200000
3,426,85200000,85200100,1337,2229,85400000,85400000
3,427,85400000,85400100,1337,2229,85600000,85600000
3,428,85600000,85600100,1337,2229,85800000,85800000
3,429,85800000,85800100,1337,2229,86000000,86000000
3,430,86000000,86000100,1337,2229,86200000,86200000
3,431,86200000,86200100,1337,2229,86400000,86400000
3,432,86400000,86400100,1337,2229,86600000,86600000
3,433,86600000,86600100,1337,2229,86800000,86800000
3,434,86800000,86800100,1337,2229,87000000,87000000
3,435,87000000,87000100,1337,2229,87200000,87200000
3,436,87200000,87200100,1337,2229,87400000,87400000
3,437,87400000,87400100,1337,2229,87600000,87600000
3,438,87600000,87600100,1337,2229,87800000,87800000
3,439,87800000,87800100,1337,2229,88000000,88000000
3,440,88000000,88000100,1337,2229,88200000,88200000
3,441,88200000,88200100,1337,2229,88400000,88400000
3,442,88400000,88400100,1337,2229,88600000,88600000
3,443,88600000,88600100,1337,2229,88800000,88800000
3,444,88800000,88800100,1337,2229,89000000,89000000
3,445,89000000,89000100,1337,2229,89200000,89200000
3,446,89200000,89200100,1337,2229,89400000,89400000
3,447,89400000,89400100,1337,2229,89600000,89600000
3,448,89600000,89600100,1337,2229,89800000,89800000
3,449,89800000,89800100,1337,2229,90000000,90000000
3,450,90000000,90000100,1337,2229,90200000,90200000
3,451,90200000,90200100,1337,2229,90400000,90400000
3,452,90400000,90400100,1337,2229,90600000,90600000
3,453,90600000,90600100,1337,2229,90800000,90800000
3,454,90800000,90800100,1337,2229,91000000,91000000
3,455,91000000,91000100,1337,2229,91200000,91200000
3,456,91200000,91200100,1337,2229,91400000,91400000
3,457,91400000,91400100,1337,2229,91600000,91600000
3,458,91600000,91600100,1337,2229,91800000,91800000
3,459,91800000,91800100,1337,2229,92000000,92000000
3,460,92000000,92000100,1337,2229,92200000,92200000
3,461,92200000,92200100,1337,2229,92400000,92400000
3,462,92400000,92400100,1337,2229,92600000,92600000
3,463,92600000,92600100,1337,2229,92800000,92800000
3,464,92800000,92800100,1337,2229,93000000,93000000
3,465,93000000,93000100,1337,2229,93200000,93200000
3,466,93200000,93200100,1337,2229,93400000,93400000
3,467,93400000,93400100,1337,2229,93600000,93600000
3,468,93600000,93600100,1337,2229,93800000,93800000
3,469,93800000,93800100,1337,2229,94000000,94000000
3,470,94000000,94000100,1337,2229,94200000,94200000
3,471,94200000,94200100,1337,2229,94400000,94400000
3,472,94400000,94400100,1337,2229,94600000,94600000
3,473,94600000,94600100,1337,2229,94800000,94800000
3,474,94800000,94800100,1337,2229,95000000,95000000
3,475,95000000,95000100,1337,2229,95200000,95200000
3,476,95200000,95200100,1337,2229,95400000,95400000
3,477,95400000,95400100,1337,2229,95600000,95600000
3,478,95600000,95600100,1337,2229,95800000,95800000
3,479,95800000,95800100,1337,2229,96000000,96000000
3,480,96000000,96000100,1337,2229,96200000,96200000
3,481,96200000,96200100,1337,2229,96400000,96400000
3,482,96400000,96400100,1337,2229,96600000,96600000
3,483,96600000,96600100,1337,2229,96800000,96800000
3,484,96800000,96800100,1337,2229,97000000,97000000
3,485,97000000,97000100,1337,2229,97200000,97200000
3,486,97200000,97200100,1337,2229,97400000,97400000
3,487,97400000,97400100,1337,2229,97600000,97600000
3,488,97600000,97600100,1337,2229,97800000,97800000
3,489,97800000,97800100,1337,2229,98000000,98000000
3,490,98000000,98000100,1337,2229,98200000,98200000
3,491,98200000,98200100,1337,2229,98400000,98400000
3,492,98400000,98400100,1337,2229,98600000,98600000
3,493,98600000,98600100,1337,2229,98800000,98800000
3,494,98800000,98800100,1337,2229,99000000,99000000
3,495,99000000,99000100,1337,2229,99200000,99200000
3,496,99200000,99200100,1337,2229,99400000,99400000
3,497,99400000,99400100,1337,2229,99600000,99600000
3,498,99600000,99600100,1337,2229,99800000,99800000
3,499,99800000,99800100,1337,2229,100000000,100000000
3,500,100000000,100000100,1337,2229,100200000,100200000
3,501,100200000,100200100,1337,2229,100400000,100400000
3,502,100400000,100400100,1337,2229,100600000,100600000
3,503,100600000,100600100,1337,2229,100800000,100800000
3,504,100800000,100800100,1337,2229,101000000,101000000
3,505,101000000,101000100,1337,2229,101200000,101200000
3,506,101200000,101200100,1337,2229,101400000,101400000
3,507,101400000,101400100,1337,2229,101600000,101600000
3,508,101600000,101600100,1337,2229,101800000,101800000
3,509,101800000,101800100,1337,2229,102000000,102000000
3,510,102000000,102000100,1337,2229,102200000,102200000
3,511,102200000,102200100,1337,2229,102400000,102400000
3,512,102400000,102400100,1337,2229,102600000,102600000
3,513,102600000,102600100,1337,2229,102800000,102800000
3,514,102800000,102800100,1337,2229,103000000,103000000
3,515,103000000,103000100,1337,2229,103200000,103200000
3,516,103200000,103200100,1337,2229,103400000,103400000
3,517,103400000,103400100,1337,2229,103600000,103600000
3,518,103600000,103600100,1337,2229,103800000,103800000
3,519,103800000,103800100,1337,2229,104000000,104000000
3,520,104000000,104000100,1337,2229,104200000,104200000
3,521,104200000,104200100,1337,2229,104400000,104400000
3,522,104400000,104400100,1337,2229,104600000,104600000
3,523,104600000,104600100,1337,2229,104800000,104800000
3,524,104800000,104800100,1337,2229,105000000,105000000
3,525,105000000,105000100,1337,2229,105200000,105200000
3,526,105200000,105200100,1337,2229,105400000,105400000
3,527,105400000,105400100,1337,2229,105600000,105600000
3,528,105600000,105600100,1337,2229,105800000,105800000
3,529,105800000,105800100,1337,2229,106000000,106000000
3,530,106000000,106000100,1337,2229,106200000,106200000
3,531,106200000,106200100,1337,2229,106400000,106400000
3,532,106400000,106400100,1337,2229,106600000,106600000
3,533,106600000,106600100,1337,2229,106800000,106800000
3,534,106800000,106800100,1337,2229,107000000,107000000
3,535,107000000,107000100,1337,2229,107200000,107200000
3,536,107200000,107200100,1337,2229,107400000,107400000
3,537,107400000,107400100,1337,2229,107600000,107600000
3,538,107600000,107600100,1337,2229,107800000,107800000
3,539,107800000,107800100,1337,2229,108000000,108000000
3,540,108000000,108000100,1337,2229,108200000,108200000
3,541,108200000,108200100,1337,2229,108400000,108400000
3,542,108400000,108400100,1337,2229,108600000,108600000
3,543,108600000,108600100,1337,2229,108800000,108800000
3,544,108800000,108800100,1337,2229,109000000,109000000
3,545,109000000,109000100,1337,2229,109200000,109200000
3,546,109200000,109200100,1337,2229,109400000,109400000
3,547,109400000,109400100,1337,2229,109600000,109600000
3,548,109600000,109600100,1337,2229,109800000,109800000
3,549,109800000,109800100,1337,2229,110000000,110000000
3,550,110000000,110000100,1337,2229,110200000,110200000
3,551,110200000,110200100,1337,2229,110400000,110400000
3,552,110400000,110400100,1337,2229,110600000,110600000
3,553,110600000,110600100,1337,2229,110800000,110800000
3,554,110800000,110800100,1337,2229,111000000,111000000
3,555,111000000,111000100,1337,2229,111200000,111200000
3,556,111200000,111200100,1337,2229,111400000,111400000
3,557,111400000,111400100,1337,2229,111600000,111600000
3,558,111600000,111600100,1337,2229,111800000,111800000
3,559,111800000,111800100,1337,2229,112000000,112000000
3,560,112000000,112000100,1337,2229,112200000,112200000
3,561,112200000,112200100,1337,2229,112400000,112400000
3,562,112400000,112400100,1337,2229,112600000,112600000
3,563,112600000,112600100,1337,2229,112800000,112800000
3,564,112800000,112800100,1337,2229,113000000,113000000
3,565,113000000,113000100,1337,2229,113200000,113200000
3,566,113200000,113200100,1337,2229,113400000,113400000
3,567,113400000,113400100,1337,2229,113600000,113600000
3,568,113600000,113600100,1337,2229,113800000,113800000
3,569,113800000,113800100,1337,2229,114000000,114000000
3,570,114000000,114000100,1337,2229,114200000,114200000
3,571,114200000,114200100,1337,2229,114400000,114400000
3,572,114400000,114400100,1337,2229,114600000,114600000
3,573,114600000,114600100,1337,2229,114800000,114800000
3,574,114800000,114800100,1337,2229,115000000,115000000
3,575,115000000,115000100,1337,2229,115200000,115200000
3,576,115200000,115200100,1337,2229,115400000,115400000
3,577,115400000,115400100,1337,2229,115600000,115600000
3,578,115600000,115600100,1337,2229,115800000,115800000
3,579,115800000,115800100,1337,2229,116000000,116000000
3,580,116000000,116000100,1337,2229,116200000,116200000
3,581,116200000,116200100,1337,2229,116400000,116400000
3,582,116400000,116400100,1337,2229,116600000,116600000
3,583,116600000,116600100,1337,2229,116800000,116800000
3,584,116800000,116800100,1337,2229,117000000,117000000
3,585,117000000,117000100,1337,2229,117200000,117200000
3,586,117200000,117200100,1337,2229,117400000,117400000
3,587,117400000,117400100,1337,2229,117600000,117600000
3,588,117600000,117600100,1337,2229,117800000,117800000
3,589,117800000,117800100,1337,2229,118000000,118000000
3,590,118000000,118000100,1337,2229,118200000,118200000
3,591,118200000,118200100,1337,2229,118400000,118400000
3,592,118400000,118400100,1337,2229,118600000,118600000
3,593,118600000,118600100,1337,2229,118800000,118800000
3,594,118800000,118800100,1337,2229,119000000,119000000
3,595,119000000,119000100,1337,2229,119200000,119200000
3,596,119200000,119200100,1337,2229,119400000,119400000
3,597,119400000,119400100,1337,2229,119600000,119600000
3,598,119600000,119600100,1337,2229,119800000,119800000
3,599,119800000,119800100,1337,2229,120000000,120000000
3,600,120000000,120000100,1337,2229,120200000,120200000
3,601,120200000,120200100,1337,2229,120400000,120400000
3,602,120400000,120400100,1337,2229,120600000,120600000
3,603,120600000,120600100,1337,2229,120800000,120800000
3,604,120800000,120800100,1337,2229,121000000,121000000
3,605,121000000,121000100,1337,2229,121200000,121200000
3,606,121200000,121200100,1337,2229,121400000,121400000
3,607,121400000,121400100,1337,2229,121600000,121600000
3,608,121600000,121600100,1337,2229,121800000,121800000
3,609,121800000,121800100,1337,2229,122000000,122000000
3,610,122000000,122000100,1337,2229,122200000,122200000
3,611,122200000,122200100,1337,2229,122400000,122400000
3,612,122400000,122400100,1337,2229,122600000,122600000
3,613,122600000,122600100,1337,2229,122800000,122800000
3,614,122800000,122800100,1337,2229,123000000,123000000
3,615,123000000,123000100,1337,2229,123200000,123200000
3,616,123200000,123200100,1337,2229,123400000,123400000
3,617,123400000,123400100,1337,2229,123600000,123600000
3,618,123600000,123600100,1337,2229,123800000,123800000
3,619,123800000,123800100,1337,2229,124000000,124000000
3,620,124000000,124000100,1337,2229,124200000,124200000
3,621,124200000,124200100,1337,2229,124400000,124400000
3,622,124400000,124400100,1337,2229,124600000,124600000
3,623,124600000,124600100,1337,2229,124800000,124800000
3,624,124800000,124800100,1337,2229,125000000,125000000
3,625,125000000,125000100,1337,2229,125200000,125200000
3,626,125200000,125200100,1337,2229,125400000,125400000
3,627,125400000,125400100,1337,2229,125600000,125600000
3,628,125600000,125600100,1337,2229,125800000,125800000
3,629,125800000,125800100,1337,2229,126000000,126000000
3,630,126000000,126000100,1337,2229,126200000,126200000
3,631,126200000,126200100,1337,2229,126400000,126400000
3,632,126400000,126400100,1337,2229,126600000,126600000
3,633,126600000,126600100,1337,2229,126800000,126800000
3,634,126800000,126800100,1337,2229,127000000,127000000
3,635,127000000,127000100,1337,2229,127200000,127200000
3,636,127200000,127200100,1337,2229,127400000,127400000
3,637,127400000,127400100,1337,2229,127600000,127600000
3,638,127600000,127600100,1337,2229,127800000,127800000
3,639,127800000,127800100,1337,2229,128000000,128000000
3,640,128000000,128000100,1337,2229,128200000,128200000
3,641,128200000,128200100,1337,2229,128400000,128400000
3,642,128400000,128400100,1337,2229,128600000,128600000
3,643,128600000,128600100,1337,2229,128800000,128800000
3,644,128800000,128800100,1337,2229,129000000,129000000
3,645,129000000,129000100,1337,2229,129200000,129200000
3,646,129200000,129200100,1337,2229,129400000,129400000
3,647,129400000,129400100,1337,2229,129600000,129600000
3,648,129600000,129600100,1337,2229,129800000,129800000
3,649,129800000,129800100,1337,2229,130000000,130000000
3,650,130000000,130000100,1337,2229,130200000,130200000
3,651,130200000,130200100,1337,2229,130400000,130400000
3,652,130400000,130400100,1337,2229,130600000,130600000
3,653,130600000,130600100,1337,2229,130800000,130800000
3,654,130800000,130800100,1337,2229,131000000,131000000
3,655,131000000,131000100,1337,2229,131200000,131200000
3,656,131200000,131200100,1337,2229,131400000,131400000
3,657,131400000,131400100,1337,2229,131600000,131600000
3,658,131600000,131600100,1337,2229,131800000,131800000
3,659,131800000,131800100,1337,2229,132000000,132000000
3,660,132000000,132000100,1337,2229,132200000,132200000
3,661,132200000,132200100,1337,2229,132400000,132400000
3,662,132400000,132400100,1337,2229,132600000,132600000
3,663,132600000,132600100,1337,2229,132800000,132800000
3,664,132800000,132800100,1337,2229,133000000,133000000
3,665,133000000,133000100,1337,2229,133200000,133200000
3,666,133200000,133200100,1337,2229,133400000,133400000
3,667,133400000,133400100,1337,2229,133600000,133600000
3,668,133600000,133600100,1337,2229,133800000,133800000
3,669,133800000,133800100,1337,2229,134000000,134000000
3,670,134000000,134000100,1337,2229,134200000,134200000
3,671,134200000,134200100,1337,2229,134400000,134400000
3,672,134400000,134400100,1337,2229,134600000,134600000
3,673,134600000,134600100,1337,2229,134800000,134800000
3,674,134800000,134800100,1337,2229,135000000,135000000
3,675,135000000,135000100,1337,2229,135200000,135200000
3,676,135200000,135200100,1337,2229,135400000,135400000
3,677,135400000,135400100,1337,2229,135600000,135600000
3,678,135600000,135600100,1337,2229,135800000,135800000
3,679,135800000,135800100,1337,2229,136000000,136000000
3,680,136000000,136000100,1337,2229,136200000,136200000
3,681,136200000,136200100,1337,2229,136400000,136400000
3,682,136400000,136400100,1337,2229,136600000,136600000
3,683,136600000,136600100,1337,2229,136800000,136800000
3,684,136800000,136800100,1337,2229,137000000,137000000
3,685,137000000,137000100,1337,2229,137200000,137200000
3,686,137200000,137200100,1337,2229,137400000,137400000
3,687,137400000,137400100,1337,2229,137600000,137600000
3,688,137600000,137600100,1337,2229,137800000,137800000
3,689,137800000,137800100,1337,2229,138000000,138000000
3,690,138000000,138000100,1337,2229,138200000,138200000
3,691,138200000,138200100,1337,2229,138400000,138400000
3,692,138400000,138400100,1337,2229,138600000,138600000
3,693,138600000,138600100,1337,2229,138800000,138800000
3,694,138800000,138800100,1337,2229,139000000,139000000
3,695,139000000,139000100,1337,2229,139200000,139200000
3,696,139200000,139200100,1337,2229,139400000,139400000
3,697,139400000,139400100,1337,2229,139600000,139600000
3,698,139600000,139600100,1337,2229,139800000,139800000
3,699,139800000,139800100,1337,2229,140000000,140000000
3,700,140000000,140000100,1337,2229,140200000,140200000
3,701,140200000,140200100,1337,2229,140400000,140400000
3,702,140400000,140400100,1337,2229,140600000,140600000
3,703,140600000,140600100,1337,2229,140800000,140800000
3,704,140800000,140800100,1337,2229,141000000,141000000
3,705,141000000,141000100,1337,2229,141200000,141200000
3,706,141200000,141200100,1337,2229,141400000,141400000
3,707,141400000,141400100,1337,2229,141600000,141600000
3,708,141600000,141600100,1337,2229,141800000,141800000
3,709,141800000,141800100,1337,2229,142000000,142000000
3,710,142000000,142000100,1337,2229,142200000,142200000
3,711,142200000,142200100,1337,2229,142400000,142400000
3,712,142400000,142400100,1337,2229,142600000,142600000
3,713,142600000,142600100,1337,2229,142800000,142800000
3,714,142800000,142800100,1337,2229,143000000,143000000
3,715,143000000,143000100,1337,2229,143200000,143200000
3,716,143200000,143200100,1337,2229,143400000,143400000
3,717,143400000,143400100,1337,2229,143600000,143600000
3,718,143600000,143600100,1337,2229,143800000,143800000
3,719,143800000,143800100,1337,2229,144000000,144000000
3,720,144000000,144000100,1337,2229,144200000,144200000
3,721,144200000,144200100,1337,2229,144400000,144400000
3,722,144400000,144400100,1337,2229,144600000,144600000
3,723,144600000,144600100,1337,2229,144800000,144800000
3,724,144800000,144800100,1337,2229,145000000,145000000
3,725,145000000,145000100,1337,2229,145200000,145200000
3,726,145200000,145200100,1337,2229,145400000,145400000
3,727,145400000,145400100,1337,2229,145600000,145600000
3,728,145600000,145600100,1337,2229,145800000,145800000
3,729,145800000,145800100,1337,2229,146000000,146000000
3,730,146000000,146000100,1337,2229,146200000,146200000
3,731,146200000,146200100,1337,2229,146400000,146400000
3,732,146400000,146400100,1337,2229,146600000,146600000
3,733,146600000,146600100,1337,2229,146800000,146800000
3,734,146800000,146800100,1337,2229,147000000,147000000
3,735,147000000,147000100,1337,2229,147200000,147200000
3,736,147200000,147200100,1337,2229,147400000,147400000
3,737,147400000,147400100,1337,2229,147600000,147600000
3,738,147600000,147600100,1337,2229,147800000,147800000
3,739,147800000,147800100,1337,2229,148000000,148000000
3,740,148000000,148000100,1337,2229,148200000,148200000
3,741,148200000,148200100,1337,2229,148400000,148400000
3,742,148400000,148400100,1337,2229,148600000,148600000
3,743,148600000,148600100,1337,2229,148800000,148800000
3,744,148800000,148800100,1337,2229,149000000,149000000
3,745,149000000,149000100,1337,2229,149200000,149200000
3,746,149200000,149200100,1337,2229,149400000,149400000
3,747,149400000,149400100,1337,2229,149600000,149600000
3,748,149600000,149600100,1337,2229,149800000,149800000
3,749,149800000,149800100,1337,2229,150000000,150000000
3,750,150000000,150000100,1337,2229,150200000,150200000
3,751,150200000,150200100,1337,2229,150400000,150400000
3,752,150400000,150400100,1337,2229,150600000,150600000
3,753,150600000,150600100,1337,2229,150800000,150800000
3,754,150800000,150800100,1337,2229,151000000,151000000
3,755,151000000,151000100,1337,2229,151200000,151200000
3,756,151200000,151200100,1337,2229,151400000,151400000
3,757,151400000,151400100,1337,2229,151600000,151600000
3,758,151600000,151600100,1337,2229,151800000,151800000
3,759,151800000,151800100,1337,2229,152000000,152000000
3,760,152000000,152000100,1337,2229,152200000,152200000
3,761,152200000,152200100,1337,2229,152400000,152400000
3,762,152400000,152400100,1337,2229,152600000,152600000
3,763,152600000,152600100,1337,2229,152800000,152800000
3,764,152800000,152800100,1337,2229,153000000,153000000
3,765,153000000,153000100,1337,2229,153200000,153200000
3,766,153200000,153200100,1337,2229,153400000,153400000
3,767,153400000,153400100,1337,2229,153600000,153600000
3,768,153600000,153600100,1337,2229,153800000,153800000
3,769,153800000,153800100,1337,2229,154000000,154000000
3,770,154000000,154000100,1337,2229,154200000,154200000
3,771,154200000,154200100,1337,2229,154400000,154400000
3,772,154400000,154400100,1337,2229,154600000,154600000
3,773,154600000,154600100,1337,2229,154800000,154800000
3,774,154800000,154800100,1337,2229,155000000,155000000
3,775,155000000,155000100,1337,2229,155200000,155200000
3,776,155200000,155200100,1337,2229,155400000,155400000
3,777,155400000,155400100,1337,2229,155600000,155600000
3,778,155600000,155600100,1337,2229,155800000,155800000
3,779,155800000,155800100,1337,2229,156000000,156000000
3,780,156000000,156000100,1337,2229,156200000,156200000
3,781,156200000,156200100,1337,2229,156400000,156400000
3,782,156400000,156400100,1337,2229,156600000,156600000
3,783,156600000,156600100,1337,2229,156800000,156800000
3,784,156800000,156800100,1337,2229,157000000,157000000
3,785,157000000,157000100,1337,2229,157200000,157200000
3,786,157200000,157200100,1337,2229,157400000,157400000
3,787,157400000,157400100,1337,2229,157600000,157600000
3,788,157600000,157600100,1337,2229,157800000,157800000
3,789,157800000,157800100,1337,2229,158000000,158000000
3,790,158000000,158000100,1337,2229,158200000,158200000
3,791,158200000,158200100,1337,2229,158400000,158400000
3,792,158400000,158400100,1337,2229,158600000,158600000
3,793,158600000,158600100,1337,2229,158800000,158800000
3,794,158800000,158800100,1337,2229,159000000,159000000
3,795,159000000,159000100,1337,2229,159200000,159200000
3,796,159200000,159200100,1337,2229,159400000,159400000
3,797,159400000,159400100,1337,2229,159600000,159600000
3,798,159600000,159600100,1337,2229,159800000,159800000
3,799,159800000,159800100,1337,2229,160000000,160000000
3,800,160000000,160000100,1337,2229,160200000,160200000
3,801,160200000,160200100,1337,2229,160400000,160400000
3,802,160400000,160400100,1337,2229,160600000,160600000
3,803,160600000,160600100,1337,2229,160800000,160800000
3,804,160800000,160800100,1337,2229,161000000,161000000
3,805,161000000,161000100,1337,2229,161200000,161200000
3,806,161200000,161200100,1337,2229,161400000,161400000
3,807,161400000,161400100,1337,2229,161600000,161600000
3,808,161600000,161600100,1337,2229,161800000,161800000
3,809,161800000,161800100,1337,2229,162000000,162000000
3,810,162000000,162000100,1337,2229,162200000,162200000
3,811,162200000,162200100,1337,2229,162400000,162400000
3,812,162400000,162400100,1337,2229,162600000,162600000
3,813,162600000,162600100,1337,2229,162800000,162800000
3,814,162800000,162800100,1337,2229,163000000,163000000
3,815,163000000,163000100,1337,2229,163200000,163200000
3,816,163200000,163200100,1337,2229,163400000,163400000
3,817,163400000,163400100,1337,2229,163600000,163600000
3,818,163600000,163600100,1337,2229,163800000,163800000
3,819,163800000,163800100,1337,2229,164000000,164000000
3,820,164000000,164000100,1337,2229,164200000,164200000
3,821,164200000,164200100,1337,2229,164400000,164400000
3,822,164400000,164400100,1337,2229,164600000,164600000
3,823,164600000,164600100,1337,2229,164800000,164800000
3,824,164800000,164800100,1337,2229,165000000,165000000
3,825,165000000,165000100,1337,2229,165200000,165200000
3,826,165200000,165200100,1337,2229,165400000,165400000
3,827,165400000,165400100,1337,2229,165600000,165600000
3,828,165600000,165600100,1337,2229,165800000,165800000
3,829,165800000,165800100,1337,2229,166000000,166000000
3,830,166000000,166000100,1337,2229,166200000,166200000
3,831,166200000,166200100,1337,2229,166400000,166400000
3,832,166400000,166400100,1337,2229,166600000,166600000
3,833,166600000,166600100,1337,2229,166800000,166800000
3,834,166800000,166800100,1337,2229,167000000,167000000
3,835,167000000,167000100,1337,2229,167200000,167200000
3,836,167200000,167200100,1337,2229,167400000,167400000
3,837,167400000,167400100,1337,2229,167600000,167600000
3,838,167600000,167600100,1337,2229,167800000,167800000
3,839,167800000,167800100,1337,2229,168000000,168000000
3,840,168000000,168000100,1337,2229,168200000,168200000
3,841,168200000,168200100,1337,2229,168400000,168400000
3,842,168400000,168400100,1337,2229,168600000,168600000
3,843,168600000,168600100,1337,2229,168800000,168800000
3,844,168800000,168800100,1337,2229,169000000,169000000
3,845,169000000,169000100,1337,2229,169200000,169200000
3,846,169200000,169200100,1337,2229,169400000,169400000
3,847,169400000,169400100,1337,2229,169600000,169600000
3,848,169600000,169600100,1337,2229,169800000,169800000
3,849,169800000,169800100,1337,2229,170000000,170000000
3,850,170000000,170000100,1337,2229,170200000,170200000
3,851,170200000,170200100,1337,2229,170400000,170400000
3,852,170400000,170400100,1337,2229,170600000,170600000
3,853,170600000,170600100,1337,2229,170800000,170800000
3,854,170800000,170800100,1337,2229,171000000,171000000
3,855,171000000,171000100,1337,2229,171200000,171200000
3,856,171200000,171200100,1337,2229,171400000,171400000
3,857,171400000,171400100,1337,2229,171600000,171600000
3,858,171600000,171600100,1337,2229,171800000,171800000
3,859,171800000,171800100,1337,2229,172000000,172000000
3,860,172000000,172000100,1337,2229,172200000,172200000
3,861,172200000,172200100,1337,2229,172400000,172400000
3,862,172400000,172400100,1337,2229,172600000,172600000
3,863,172600000,172600100,1337,2229,172800000,172800000
3,864,172800000,172800100,1337,2229,173000000,173000000
3,865,173000000,173000100,1337,2229,173200000,173200000
3,866,173200000,173200100,1337,2229,173400000,173400000
3,867,173400000,173400100,1337,2229,173600000,173600000
3,868,173600000,173600100,1337,2229,173800000,173800000
3,869,173800000,173800100,1337,2229,174000000,174000000
3,870,174000000,174000100,1337,2229,174200000,174200000
3,871,174200000,174200100,1337,2229,174400000,174400000
3,872,174400000,174400100,1337,2229,174600000,174600000
3,873,174600000,174600100,1337,2229,174800000,174800000
3,874,174800000,174800100,1337,2229,175000000,175000000
3,875,175000000,175000100,1337,2229,175200000,175200000
3,876,175200000,175200100,1337,2229,175400000,175400000
3,877,175400000,175400100,1337,2229,175600000,175600000
3,878,175600000,175600100,1337,2229,175800000,175800000
3,879,175800000,175800100,1337,2229,176000000,176000000
3,880,176000000,176000100,1337,2229,176200000,176200000
3,881,176200000,176200100,1337,2229,176400000,176400000
3,882,176400000,176400100,1337,2229,176600000,176600000
3,883,176600000,176600100,1337,2229,176800000,176800000
3,884,176800000,176800100,1337,2229,177000000,177000000
3,885,177000000,177000100,1337,2229,177200000,177200000
3,886,177200000,177200100,1337,2229,177400000,177400000
3,887,177400000,177400100,1337,2229,177600000,177600000
3,888,177600000,177600100,1337,2229,177800000,177800000
3,889,177800000,177800100,1337,2229,178000000,178000000
3,890,178000000,178000100,1337,2229,178200000,178200000
3,891,178200000,178200100,1337,2229,178400000,178400000
3,892,178400000,178400100,1337,2229,178600000,178600000
3,893,178600000,178600100,1337,2229,178800000,178800000
3,894,178800000,178800100,1337,2229,179000000,179000000
3,895,179000000,179000100,1337,2229,179200000,179200000
3,896,179200000,179200100,1337,2229,179400000,179400000
3,897,179400000,179400100,1337,2229,179600000,179600000
3,898,179600000,179600100,1337,2229,179800000,179800000
3,899,179800000,179800100,1337,2229,180000000,180000000
3,900,180000000,180000100,1337,2229,180200000,180200000
3,901,180200000,180200100,1337,2229,180400000,180400000
3,902,180400000,180400100,1337,2229,180600000,180600000
3,903,180600000,180600100,1337,2229,180800000,180800000
3,904,180800000,180800100,1337,2229,181000000,181000000
3,905,181000000,181000100,1337,2229,181200000,181200000
3,906,181200000,181200100,1337,2229,181400000,181400000
3,907,181400000,181400100,1337,2229,181600000,181600000
3,908,181600000,181600100,1337,2229,181800000,181800000
3,909,181800000,181800100,1337,2229,182000000,182000000
3,910,182000000,182000100,1337,2229,182200000,182200000
3,911,182200000,182200100,1337,2229,182400000,182400000
3,912,182400000,182400100,1337,2229,182600000,182600000
3,913,182600000,182600100,1337,2229,182800000,182800000
3,914,182800000,182800100,1337,2229,183000000,183000000
3,915,183000000,183000100,1337,2229,183200000,183200000
3,916,183200000,183200100,1337,2229,183400000,183400000
3,917,183400000,183400100,1337,2229,183600000,183600000
3,918,183600000,183600100,1337,2229,183800000,183800000
3,919,183800000,183800100,1337,2229,184000000,184000000
3,920,184000000,184000100,1337,2229,184200000,184200000
3,921,184200000,184200100,1337,2229,184400000,184400000
3,922,184400000,184400100,1337,2229,184600000,184600000
3,923,184600000,184600100,1337,2229,184800000,184800000
3,924,184800000,184800100,1337,2229,185000000,185000000
3,925,185000000,185000100,1337,2229,185200000,185200000
3,926,185200000,185200100,1337,2229,185400000,185400000
3,927,185400000,185400100,1337,2229,185600000,185600000
3,928,185600000,185600100,1337,2229,185800000,185800000
3,929,185800000,185800100,1337,2229,186000000,186000000
3,930,186000000,186000100,1337,2229,186200000,186200000
3,931,186200000,186200100,1337,2229,186400000,186400000
3,932,186400000,186400100,1337,2229,186600000,186600000
3,933,186600000,186600100,1337,2229,186800000,186800000
3,934,186800000,186800100,1337,2229,187000000,187000000
3,935,187000000,187000100,1337,2229,187200000,187200000
3,936,187200000,187200100,1337,2229,187400000,187400000
3,937,187400000,187400100,1337,2229,187600000,187600000
3,938,187600000,187600100,1337,2229,187800000,187800000
3,939,187800000,187800100,1337,2229,188000000,188000000
3,940,188000000,188000100,1337,2229,188200000,188200000
3,941,188200000,188200100,1337,2229,188400000,188400000
3,942,188400000,188400100,1337,2229,188600000,188600000
3,943,188600000,188600100,1337,2229,188800000,188800000
3,944,188800000,188800100,1337,2229,189000000,189000000
3,945,189000000,189000100,1337,2229,189200000,189200000
3,946,189200000,189200100,1337,2229,189400000,189400000
3,947,189400000,189400100,1337,2229,189600000,189600000
3,948,189600000,189600100,1337,2229,189800000,189800000
3,949,189800000,189800100,1337,2229,190000000,190000000
3,950,190000000,190000100,1337,2229,190200000,190200000
3,951,190200000,190200100,1337,2229,190400000,190400000
3,952,190400000,190400100,1337,2229,190600000,190600000
3,953,190600000,190600100,1337,2229,190800000,190800000
3,954,190800000,190800100,1337,2229,191000000,191000000
3,955,191000000,191000100,1337,2229,191200000,191200000
3,956,191200000,191200100,1337,2229,191400000,191400000
3,957,191400000,191400100,1337,2229,191600000,191600000
3,958,191600000,191600100,1337,2229,191800000,191800000
3,959,191800000,191800100,1337,2229,192000000,192000000
3,960,192000000,192000100,1337,2229,192200000,192200000
3,961,192200000,192200100,1337,2229,192400000,192400000
3,962,192400000,192400100,1337,2229,192600000,192600000
3,963,192600000,192600100,1337,2229,192800000,192800000
3,964,192800000,192800100,1337,2229,193000000,193000000
3,965,193000000,193000100,1337,2229,193200000,193200000
3,966,193200000,193200100,1337,2229,193400000,193400000
3,967,193400000,193400100,1337,2229,193600000,193600000
3,968,193600000,193600100,1337,2229,193800000,193800000
3,969,193800000,193800100,1337,2229,194000000,194000000
3,970,194000000,194000100,1337,2229,194200000,194200000
3,971,194200000,194200100,1337,2229,194400000,194400000
3,972,194400000,194400100,1337,2229,194600000,194600000
3,973,194600000,194600100,1337,2229,194800000,194800000
3,974,194800000,194800100,1337,2229,195000000,195000000
3,975,195000000,195000100,1337,2229,195200000,195200000
3,976,195200000,195200100,1337,2229,195400000,195400000
3,977,195400000,195400100,1337,2229,195600000,195600000
3,978,195600000,195600100,1337,2229,195800000,195800000
3,979,195800000,195800100,1337,2229,196000000,196000000
3,980,196000000,196000100,1337,2229,196200000,196200000
3,981,196200000,196200100,1337,2229,196400000,196400000
3,982,196400000,196400100,1337,2229,196600000,196600000
3,983,196600000,196600100,1337,2229,196800000,196800000
3,984,196800000,196800100,1337,2229,197000000,197000000
3,985,197000000,197000100,1337,2229,197200000,197200000
3,986,197200000,197200100,1337,2229,197400000,197400000
3,987,197400000,197400100,1337,2229,197600000,197600000
3,988,197600000,197600100,1337,2229,197800000,197800000
3,989,197800000,197800100,1337,2229,198000000,198000000
3,990,198000000,198000100,1337,2229,198200000,198200000
3,991,198200000,198200100,1337,2229,198400000,198400000
3,992,198400000,198400100,1337,2229,198600000,198600000
3,993,198600000,198600100,1337,2229,198800000,198800000
3,994,198800000,198800100,1337,2229,199000000,199000000
3,995,199000000,199000100,1337,2229,199200000,199200000
3,996,199200000,199200100,1337,2229,199400000,199400000
3,997,199400000,199400100,1337,2229,199600000,199600000
3,998,199600000,199600100,1337,2229,199800000,199800000
3,999,199800000,199800100,1337,2229,200000000,200000000
3,1000,200000000,200000100,1337,2229,200200000,200200000
3,1001,200200000,200200100,1337,2229,200400000,200400000
3,1002,200400000,200400100,1337,2229,200600000,200600000
3,1003,200600000,200600100,1337,2229,200800000,200800000
3,1004,200800000,200800100,1337,2229,201000000,201000000
3,1005,201000000,201000100,1337,2229,201200000,201200000
3,1006,201200000,201200100,1337,2229,201400000,201400000
3,1007,201400000,201400100,1337,2229,201600000,201600000
3,1008,201600000,201600100,1337,2229,201800000,201800000
3,1009,201800000,201800100,1337,2229,202000000,202000000
3,1010,202000000,202000100,1337,2229,202200000,202200000
3,1011,202200000,202200100,1337,2229,202400000,202400000
3,1012,202400000,202400100,1337,2229,202600000,202600000
3,1013,202600000,202600100,1337,2229,202800000,202800000
3,1014,202800000,202800100,1337,2229,203000000,203000000
3,1015,203000000,203000100,1337,2229,203200000,203200000
3,1016,203200000,203200100,1337,2229,203400000,203400000
3,1017,203400000,203400100,1337,2229,203600000,203600000
3,1018,203600000,203600100,1337,2229,203800000,203800000
3,1019,203800000,203800100,1337,2229,204000000,204000000
3,1020,204000000,204000100,1337,2229,204200000,204200000
3,1021,204200000,204200100,1337,2229,204400000,204400000
3,1022,204400000,204400100,1337,2229,204600000,204600000
3,1023,204600000,204600100,1337,2229,204800000,204800000
3,1024,204800000,204800100,1337,2229,205000000,205000000
3,1025,205000000,205000100,1337,2229,205200000,205200000
3,1026,205200000,205200100,1337,2229,205400000,205400000
3,1027,205400000,205400100,1337,2229,205600000,205600000
3,1028,205600000,205600100,1337,2229,205800000,205800000
3,1029,205800000,205800100,1337,2229,206000000,206000000
3,1030,206000000,206000100,1337,2229,206200000,206200000
3,1031,206200000,206200100,1337,2229,206400000,206400000
3,1032,206400000,206400100,1337,2229,206600000,206600000
3,1033,206600000,206600100,1337,2229,206800000,206800000
3,1034,206800000,206800100,1337,2229,207000000,207000000
3,1035,207000000,207000100,1337,2229,207200000,207200000
3,1036,207200000,207200100,1337,2229,207400000,207400000
3,1037,207400000,207400100,1337,2229,207600000,207600000
3,1038,207600000,207600100,1337,2229,207800000,207800000
3,1039,207800000,207800100,1337,2229,208000000,208000000
3,1040,208000000,208000100,1337,2229,208200000,208200000
3,1041,208200000,208200100,1337,2229,208400000,208400000
3,1042,208400000,208400100,1337,2229,208600000,208600000
3,1043,208600000,208600100,1337,2229,208800000,208800000
3,1044,208800000,208800100,1337,2229,209000000,209000000
3,1045,209000000,209000100,1337,2229,209200000,209200000
3,1046,209200000,209200100,1337,2229,209400000,209400000
3,1047,209400000,209400100,1337,2229,209600000,209600000
3,1048,209600000,209600100,1337,2229,209800000,209800000
3,1049,209800000,209800100,1337,2229,210000000,210000000
3,1050,210000000,210000100,1337,2229,210200000,210200000
3,1051,210200000,210200100,1337,2229,210400000,210400000
3,1052,210400000,210400100,1337,2229,210600000,210600000
3,1053,210600000,210600100,1337,2229,210800000,210800000
3,1054,210800000,210800100,1337,2229,211000000,211000000
3,1055,211000000,211000100,1337,2229,211200000,211200000
3,1056,211200000,211200100,1337,2229,211400000,211400000
3,1057,211400000,211400100,1337,2229,211600000,211600000
3,1058,211600000,211600100,1337,2229,211800000,211800000
3,1059,211800000,211800100,1337,2229,212000000,212000000
3,1060,212000000,212000100,1337,2229,212200000,212200000
3,1061,212200000,212200100,1337,2229,212400000,212400000
3,1062,212400000,212400100,1337,2229,212600000,212600000
3,1063,212600000,212600100,1337,2229,212800000,212800000
3,1064,212800000,212800100,1337,2229,213000000,213000000
3,1065,213000000,213000100,1337,2229,213200000,213200000
3,1066,213200000,213200100,1337,2229,213400000,213400000
3,1067,213400000,213400100,1337,2229,213600000,213600000
3,1068,213600000,213600100,1337,2229,213800000,213800000
3,1069,213800000,213800100,1337,2229,214000000,214000000
3,1070,214000000,214000100,1337,2229,214200000,214200000
3,1071,214200000,214200100,1337,2229,214400000,214400000
3,1072,214400000,214400100,1337,2229,214600000,214600000
3,1073,214600000,214600100,1337,2229,214800000,214800000
3,1074,214800000,214800100,1337,2229,215000000,215000000
3,1075,215000000,215000100,1337,2229,215200000,215200000
3,1076,215200000,215200100,1337,2229,215400000,215400000
3,1077,215400000,215400100,1337,2229,215600000,215600000
3,1078,215600000,215600100,1337,2229,215800000,215800000
3,1079,215800000,215800100,1337,2229,216000000,216000000
3,1080,216000000,216000100,1337,2229,216200000,216200000
3,1081,216200000,216200100,1337,2229,216400000,216400000
3,1082,216400000,216400100,1337,2229,216600000,216600000
3,1083,216600000,216600100,1337,2229,216800000,216800000
3,1084,216800000,216800100,1337,2229,217000000,217000000
3,1085,217000000,217000100,1337,2229,217200000,217200000
3,1086,217200000,217200100,1337,2229,217400000,217400000
3,1087,217400000,217400100,1337,2229,217600000,217600000
3,1088,217600000,217600100,1337,2229,217800000,217800000
3,1089,217800000,217800100,1337,2229,218000000,218000000
3,1090,218000000,218000100,1337,2229,218200000,218200000
3,1091,218200000,218200100,1337,2229,218400000,218400000
3,1092,218400000,218400100,1337,2229,218600000,218600000
3,1093,218600000,218600100,1337,2229,218800000,218800000
3,1094,218800000,218800100,1337,2229,219000000,219000000
3,1095,219000000,219000100,1337,2229,219200000,219200000
3,1096,219200000,219200100,1337,2229,219400000,219400000
3,1097,219400000,219400100,1337,2229,219600000,219600000
3,1098,219600000,219600100,1337,2229,219800000,219800000
3,1099,219800000,219800100,1337,2229,220000000,220000000
3,1100,220000000,220000100,1337,2229,220200000,220200000
3,1101,220200000,220200100,1337,2229,220400000,220400000
3,1102,220400000,220400100,1337,2229,220600000,220600000
3,1103,220600000,220600100,1337,2229,220800000,220800000
3,1104,220800000,220800100,1337,2229,221000000,221000000
3,1105,221000000,221000100,1337,2229,221200000,221200000
3,1106,221200000,221200100,1337,2229,221400000,221400000
3,1107,221400000,221400100,1337,2229,221600000,221600000
3,1108,221600000,221600100,1337,2229,221800000,221800000
3,1109,221800000,221800100,1337,2229,222000000,222000000
3,1110,222000000,222000100,1337,2229,222200000,222200000
3,1111,222200000,222200100,1337,2229,222400000,222400000
3,1112,222400000,222400100,1337,2229,222600000,222600000
3,1113,222600000,222600100,1337,2229,222800000,222800000
3,1114,222800000,222800100,1337,2229,223000000,223000000
3,1115,223000000,223000100,1337,2229,223200000,223200000
3,1116,223200000,223200100,1337,2229,223400000,223400000
3,1117,223400000,223400100,1337,2229,223600000,223600000
3,1118,223600000,223600100,1337,2229,223800000,223800000
3,1119,223800000,223800100,1337,2229,224000000,224000000
3,1120,224000000,224000100,1337,2229,224200000,224200000
3,1121,224200000,224200100,1337,2229,224400000,224400000
3,1122,224400000,224400100,1337,2229,224600000,224600000
3,1123,224600000,224600100,1337,2229,224800000,224800000
3,1124,224800000,224800100,1337,2229,225000000,225000000
3,1125,225000000,225000100,1337,2229,225200000,225200000
3,1126,225200000,225200100,1337,2229,225400000,225400000
3,1127,225400000,225400100,1337,2229,225600000,225600000
3,1128,225600000,225600100,1337,2229,225800000,225800000
3,1129,225800000,225800100,1337,2229,226000000,226000000
3,1130,226000000,226000100,1337,2229,226200000,226200000
3,1131,226200000,226200100,1337,2229,226400000,226400000
3,1132,226400000,226400100,1337,2229,226600000,226600000
3,1133,226600000,226600100,1337,2229,226800000,226800000
3,1134,226800000,226800100,1337,2229,227000000,227000000
3,1135,227000000,227000100,1337,2229,227200000,227200000
3,1136,227200000,227200100,1337,2229,227400000,227400000
3,1137,227400000,227400100,1337,2229,227600000,227600000
3,1138,227600000,227600100,1337,2229,227800000,227800000
3,1139,227800000,227800100,1337,2229,228000000,228000000
3,1140,228000000,228000100,1337,2229,228200000,228200000
3,1141,228200000,228200100,1337,2229,228400000,228400000
3,1142,228400000,228400100,1337,2229,228600000,228600000
3,1143,228600000,228600100,1337,2229,228800000,228800000
3,1144,228800000,228800100,1337,2229,229000000,229000000
3,1145,229000000,229000100,1337,2229,229200000,229200000
3,1146,229200000,229200100,1337,2229,229400000,229400000
3,1147,229400000,229400100,1337,2229,229600000,229600000
3,1148,229600000,229600100,1337,2229,229800000,229800000
3,1149,229800000,229800100,1337,2229,230000000,230000000
3,1150,230000000,230000100,1337,2229,230200000,230200000
3,1151,230200000,230200100,1337,2229,230400000,230400000
3,1152,230400000,230400100,1337,2229,230600000,230600000
3,1153,230600000,230600100,1337,2229,230800000,230800000
3,1154,230800000,230800100,1337,2229,231000000,231000000
3,1155,231000000,231000100,1337,2229,231200000,231200000
3,1156,231200000,231200100,1337,2229,231400000,231400000
3,1157,231400000,231400100,1337,2229,231600000,231600000
3,1158,231600000,231600100,1337,2229,231800000,231800000
3,1159,231800000,231800100,1337,2229,232000000,232000000
3,1160,232000000,232000100,1337,2229,232200000,232200000
3,1161,232200000,232200100,1337,2229,232400000,232400000
3,1162,232400000,232400100,1337,2229,232600000,232600000
3,1163,232600000,232600100,1337,2229,232800000,232800000
3,1164,232800000,232800100,1337,2229,233000000,233000000
3,1165,233000000,233000100,1337,2229,233200000,233200000
3,1166,233200000,233200100,1337,2229,233400000,233400000
3,1167,233400000,233400100,1337,2229,233600000,233600000
3,1168,233600000,233600100,1337,2229,233800000,233800000
3,1169,233800000,233800100,1337,2229,234000000,234000000
3,1170,234000000,234000100,1337,2229,234200000,234200000
3,1171,234200000,234200100,1337,2229,234400000,234400000
3,1172,234400000,234400100,1337,2229,234600000,234600000
3,1173,234600000,234600100,1337,2229,234800000,234800000
3,1174,234800000,234800100,1337,2229,235000000,235000000
3,1175,235000000,235000100,1337,2229,235200000,235200000
3,1176,235200000,235200100,1337,2229,235400000,235400000
3,1177,235400000,235400100,1337,2229,235600000,235600000
3,1178,235600000,235600100,1337,2229,235800000,235800000
3,1179,235800000,235800100,1337,2229,236000000,236000000
3,1180,236000000,236000100,1337,2229,236200000,236200000
3,1181,236200000,236200100,1337,2229,236400000,236400000
3,1182,236400000,236400100,1337,2229,236600000,236600000
3,1183,236600000,236600100,1337,2229,236800000,236800000
3,1184,236800000,236800100,1337,2229,237000000,237000000
3,1185,237000000,237000100,1337,2229,237200000,237200000
3,1186,237200000,237200100,1337,2229,237400000,237400000
3,1187,237400000,237400100,1337,2229,237600000,237600000
3,1188,237600000,237600100,1337,2229,237800000,237800000
3,1189,237800000,237800100,1337,2229,238000000,238000000
3,1190,238000000,238000100,1337,2229,238200000,238200000
3,1191,238200000,238200100,1337,2229,238400000,238400000
3,1192,238400000,238400100,1337,2229,238600000,238600000
3,1193,238600000,238600100,1337,2229,238800000,238800000
3,1194,238800000,238800100,1337,2229,239000000,239000000
3,1195,239000000,239000100,1337,2229,239200000,239200000
3,1196,239200000,239200100,1337,2229,239400000,239400000
3,1197,239400000,239400100,1337,2229,239600000,239600000
3,1198,239600000,239600100,1337,2229,239800000,239800000
3,1199,239800000,239800100,1337,2229,240000000,240000000
3,1200,240000000,240000100,1337,2229,240200000,240200000
3,1201,240200000,240200100,1337,2229,240400000,240400000
3,1202,240400000,240400100,1337,2229,240600000,240600000
3,1203,240600000,240600100,1337,2229,240800000,240800000
3,1204,240800000,240800100,1337,2229,241000000,241000000
3,1205,241000000,241000100,1337,2229,241200000,241200000
3,1206,241200000,241200100,1337,2229,241400000,241400000
3,1207,241400000,241400100,1337,2229,241600000,241600000
3,1208,241600000,241600100,1337,2229,241800000,241800000
3,1209,241800000,241800100,1337,2229,242000000,242000000
3,1210,242000000,242000100,1337,2229,242200000,242200000
3,1211,242200000,242200100,1337,2229,242400000,242400000
3,1212,242400000,242400100,1337,2229,242600000,242600000
3,1213,242600000,242600100,1337,2229,242800000,242800000
3,1214,242800000,242800100,1337,2229,243000000,243000000
3,1215,243000000,243000100,1337,2229,243200000,243200000
3,1216,243200000,243200100,1337,2229,243400000,243400000
3,1217,243400000,243400100,1337,2229,243600000,243600000
3,1218,243600000,243600100,1337,2229,243800000,243800000
3,1219,243800000,243800100,1337,2229,244000000,244000000
3,1220,244000000,244000100,1337,2229,244200000,244200000
3,1221,244200000,244200100,1337,2229,244400000,244400000
3,1222,244400000,244400100,1337,2229,244600000,244600000
3,1223,244600000,244600100,1337,2229,244800000,244800000
3,1224,244800000,244800100,1337,2229,245000000,245000000
3,1225,245000000,245000100,1337,2229,245200000,245200000
3,1226,245200000,245200100,1337,2229,245400000,245400000
3,1227,245400000,245400100,1337,2229,245600000,245600000
3,1228,245600000,245600100,1337,2229,245800000,245800000
3,1229,245800000,245800100,1337,2229,246000000,246000000
3,1230,246000000,246000100,1337,2229,246200000,246200000
3,1231,246200000,246200100,1337,2229,246400000,246400000
3,1232,246400000,246400100,1337,2229,246600000,246600000
3,1233,246600000,246600100,1337,2229,246800000,246800000
3,1234,246800000,246800100,1337,2229,247000000,247000000
3,1235,247000000,247000100,1337,2229,247200000,247200000
3,1236,247200000,247200100,1337,2229,247400000,247400000
3,1237,247400000,247400100,1337,2229,247600000,247600000
3,1238,247600000,247600100,1337,2229,247800000,247800000
3,1239,247800000,247800100,1337,2229,248000000,248000000
3,1240,248000000,248000100,1337,2229,248200000,248200000
3,1241,248200000,248200100,1337,2229,248400000,248400000
3,1242,248400000,248400100,1337,2229,248600000,248600000
3,1243,248600000,248600100,1337,2229,248800000,248800000
3,1244,248800000,248800100,1337,2229,249000000,249000000
3,1245,249000000,249000100,1337,2229,249200000,249200000
3,1246,249200000,249200100,1337,2229,249400000,249400000
3,1247,249400000,249400100,1337,2229,249600000,249600000
3,1248,249600000,249600100,1337,2229,249800000,249800000
3,1249,249800000,249800100,1337,2229,250000000,250000000
3,1250,250000000,250000100,1337,2229,250200000,250200000
3,1251,250200000,250200100,1337,2229,250400000,250400000
3,1252,250400000,250400100,1337,2229,250600000,250600000
3,1253,250600000,250600100,1337,2229,250800000,250800000
3,1254,250800000,250800100,1337,2229,251000000,251000000
3,1255,251000000,251000100,1337,2229,251200000,251200000
3,1256,251200000,251200100,1337,2229,251400000,251400000
3,1257,251400000,251400100,1337,2229,251600000,251600000
3,1258,251600000,251600100,1337,2229,251800000,251800000
3,1259,251800000,251800100,1337,2229,252000000,252000000
3,1260,252000000,252000100,1337,2229,252200000,252200000
3,1261,252200000,252200100,1337,2229,252400000,252400000
3,1262,252400000,252400100,1337,2229,252600000,252600000
3,1263,252600000,252600100,1337,2229,252800000,252800000
3,1264,252800000,252800100,1337,2229,253000000,253000000
3,1265,253000000,253000100,1337,2229,253200000,253200000
3,1266,253200000,253200100,1337,2229,253400000,253400000
3,1267,253400000,253400100,1337,2229,253600000,253600000
3,1268,253600000,253600100,1337,2229,253800000,253800000
3,1269,253800000,253800100,1337,2229,254000000,254000000
3,1270,254000000,254000100,1337,2229,254200000,254200000
3,1271,254200000,254200100,1337,2229,254400000,254400000
3,1272,254400000,254400100,1337,2229,254600000,254600000
3,1273,254600000,254600100,1337,2229,254800000,254800000
3,1274,254800000,254800100,1337,2229,255000000,255000000
3,1275,255000000,255000100,1337,2229,255200000,255200000
3,1276,255200000,255200100,1337,2229,255400000,255400000
3,1277,255400000,255400100,1337,2229,255600000,255600000
3,1278,255600000,255600100,1337,2229,255800000,255800000
3,1279,255800000,255800100,1337,2229,256000000,256000000
3,1280,256000000,256000100,1337,2229,256200000,256200000
3,1281,256200000,256200100,1337,2229,256400000,256400000
3,1282,256400000,256400100,1337,2229,256600000,256600000
3,1283,256600000,256600100,1337,2229,256800000,256800000
3,1284,256800000,256800100,1337,2229,257000000,257000000
3,1285,257000000,257000100,1337,2229,257200000,257200000
3,1286,257200000,257200100,1337,2229,257400000,257400000
3,1287,257400000,257400100,1337,2229,257600000,257600000
3,1288,257600000,257600100,1337,2229,257800000,257800000
3,1289,257800000,257800100,1337,2229,258000000,258000000
3,1290,258000000,258000100,1337,2229,258200000,258200000
3,1291,258200000,258200100,1337,2229,258400000,258400000
3,1292,258400000,258400100,1337,2229,258600000,258600000
3,1293,258600000,258600100,1337,2229,258800000,258800000
3,1294,258800000,258800100,1337,2229,259000000,259000000
3,1295,259000000,259000100,1337,2229,259200000,259200000
3,1296,259200000,259200100,1337,2229,259400000,259400000
3,1297,259400000,259400100,1337,2229,259600000,259600000
3,1298,259600000,259600100,1337,2229,259800000,259800000
3,1299,259800000,259800100,1337,2229,260000000,260000000
3,1300,260000000,260000100,1337,2229,260200000,260200000
3,1301,260200000,260200100,1337,2229,260400000,260400000
3,1302,260400000,260400100,1337,2229,260600000,260600000
3,1303,260600000,260600100,1337,2229,260800000,260800000
3,1304,260800000,260800100,1337,2229,261000000,261000000
3,1305,261000000,261000100,1337,2229,261200000,261200000
3,1306,261200000,261200100,1337,2229,261400000,261400000
3,1307,261400000,261400100,1337,2229,261600000,261600000
3,1308,261600000,261600100,1337,2229,261800000,261800000
3,1309,261800000,261800100,1337,2229,262000000,262000000
3,1310,262000000,262000100,1337,2229,262200000,262200000
3,1311,262200000,262200100,1337,2229,262400000,262400000
3,1312,262400000,262400100,1337,2229,262600000,262600000
3,1313,262600000,262600100,1337,2229,262800000,262800000
3,1314,262800000,262800100,1337,2229,263000000,263000000
3,1315,263000000,263000100,1337,2229,263200000,263200000
3,1316,263200000,263200100,1337,2229,263400000,263400000
3,1317,263400000,263400100,1337,2229,263600000,263600000
3,1318,263600000,263600100,1337,2229,263800000,263800000
3,1319,263800000,263800100,1337,2229,264000000,264000000
3,1320,264000000,264000100,1337,2229,264200000,264200000
3,1321,264200000,264200100,1337,2229,264400000,264400000
3,1322,264400000,264400100,1337,2229,264600000,264600000
3,1323,264600000,264600100,1337,2229,264800000,264800000
3,1324,264800000,264800100,1337,2229,265000000,265000000
3,1325,265000000,265000100,1337,2229,265200000,265200000
3,1326,265200000,265200100,1337,2229,265400000,265400000
3,1327,265400000,265400100,1337,2229,265600000,265600000
3,1328,265600000,265600100,1337,2229,265800000,265800000
3,1329,265800000,265800100,1337,2229,266000000,266000000
3,1330,266000000,266000100,1337,2229,266200000,266200000
3,1331,266200000,266200100,1337,2229,266400000,266400000
3,1332,266400000,266400100,1337,2229,266600000,266600000
3,1333,266600000,266600100,1337,2229,266800000,266800000
3,1334,266800000,266800100,1337,2229,267000000,267000000
3,1335,267000000,267000100,1337,2229,267200000,267200000
3,1336,267200000,267200100,1337,2229,267400000,267400000
3,1337,267400000,267400100,1337,2229,267600000,267600000
3,1338,267600000,267600100,1337,2229,267800000,267800000
3,1339,267800000,267800100,1337,2229,268000000,268000000
3,1340,268000000,268000100,1337,2229,268200000,268200000
3,1341,268200000,268200100,1337,2229,268400000,268400000
3,1342,268400000,268400100,1337,2229,268600000,268600000
3,1343,268600000,268600100,1337,2229,268800000,268800000
3,1344,268800000,268800100,1337,2229,269000000,269000000
3,1345,269000000,269000100,1337,2229,269200000,269200000
3,1346,269200000,269200100,1337,2229,269400000,269400000
3,1347,269400000,269400100,1337,2229,269600000,269600000
3,1348,269600000,269600100,1337,2229,269800000,269800000
3,1349,269800000,269800100,1337,2229,270000000,270000000
3,1350,270000000,270000100,1337,2229,270200000,270200000
3,1351,270200000,270200100,1337,2229,270400000,270400000
3,1352,270400000,270400100,1337,2229,270600000,270600000
3,1353,270600000,270600100,1337,2229,270800000,270800000
3,1354,270800000,270800100,1337,2229,271000000,271000000
3,1355,271000000,271000100,1337,2229,271200000,271200000
3,1356,271200000,271200100,1337,2229,271400000,271400000
3,1357,271400000,271400100,1337,2229,271600000,271600000
3,1358,271600000,271600100,1337,2229,271800000,271800000
3,1359,271800000,271800100,1337,2229,272000000,272000000
3,1360,272000000,272000100,1337,2229,272200000,272200000
3,1361,272200000,272200100,1337,2229,272400000,272400000
3,1362,272400000,272400100,1337,2229,272600000,272600000
3,1363,272600000,272600100,1337,2229,272800000,272800000
3,1364,272800000,272800100,1337,2229,273000000,273000000
3,1365,273000000,273000100,1337,2229,273200000,273200000
3,1366,273200000,273200100,1337,2229,273400000,273400000
3,1367,273400000,273400100,1337,2229,273600000,273600000
3,1368,273600000,273600100,1337,2229,273800000,273800000
3,1369,273800000,273800100,1337,2229,274000000,274000000
3,1370,274000000,274000100,1337,2229,274200000,274200000
3,1371,274200000,274200100,1337,2229,274400000,274400000
3,1372,274400000,274400100,1337,2229,274600000,274600000
3,1373,274600000,274600100,1337,2229,274800000,274800000
3,1374,274800000,274800100,1337,2229,275000000,275000000
3,1375,275000000,275000100,1337,2229,275200000,275200000
3,1376,275200000,275200100,1337,2229,275400000,275400000
3,1377,275400000,275400100,1337,2229,275600000,275600000
3,1378,275600000,275600100,1337,2229,275800000,275800000
3,1379,275800000,275800100,1337,2229,276000000,276000000
3,1380,276000000,276000100,1337,2229,276200000,276200000
3,1381,276200000,276200100,1337,2229,276400000,276400000
3,1382,276400000,276400100,1337,2229,276600000,276600000
3,1383,276600000,276600100,1337,2229,276800000,276800000
3,1384,276800000,276800100,1337,2229,277000000,277000000
3,1385,277000000,277000100,1337,2229,277200000,277200000
3,1386,277200000,277200100,1337,2229,277400000,277400000
3,1387,277400000,277400100,1337,2229,277600000,277600000
3,1388,277600000,277600100,1337,2229,277800000,277800000
3,1389,277800000,277800100,1337,2229,278000000,278000000
3,1390,278000000,278000100,1337,2229,278200000,278200000
3,1391,278200000,278200100,1337,2229,278400000,278400000
3,1392,278400000,278400100,1337,2229,278600000,278600000
3,1393,278600000,278600100,1337,2229,278800000,278800000
3,1394,278800000,278800100,1337,2229,279000000,279000000
3,1395,279000000,279000100,1337,2229,279200000,279200000
3,1396,279200000,279200100,1337,2229,279400000,279400000
3,1397,279400000,279400100,1337,2229,279600000,279600000
3,1398,279600000,279600100,1337,2229,279800000,279800000
3,1399,279800000,279800100,1337,2229,280000000,280000000
3,1400,280000000,280000100,1337,2229,280200000,280200000
3,1401,280200000,280200100,1337,2229,280400000,280400000
3,1402,280400000,280400100,1337,2229,280600000,280600000
3,1403,280600000,280600100,1337,2229,280800000,280800000
3,1404,280800000,280800100,1337,2229,281000000,281000000
3,1405,281000000,281000100,1337,2229,281200000,281200000
3,1406,281200000,281200100,1337,2229,281400000,281400000
3,1407,281400000,281400100,1337,2229,281600000,281600000
3,1408,281600000,281600100,1337,2229,281800000,281800000
3,1409,281800000,281800100,1337,2229,282000000,282000000
3,1410,282000000,282000100,1337,2229,282200000,282200000
3,1411,282200000,282200100,1337,2229,282400000,282400000
3,1412,282400000,282400100,1337,2229,282600000,282600000
3,1413,282600000,282600100,1337,2229,282800000,282800000
3,1414,282800000,282800100,1337,2229,283000000,283000000
3,1415,283000000,283000100,1337,2229,283200000,283200000
3,1416,283200000,283200100,1337,2229,283400000,283400000
3,1417,283400000,283400100,1337,2229,283600000,283600000
3,1418,283600000,283600100,1337,2229,283800000,283800000
3,1419,283800000,283800100,1337,2229,284000000,284000000
3,1420,284000000,284000100,1337,2229,284200000,284200000
3,1421,284200000,284200100,1337,2229,284400000,284400000
3,1422,284400000,284400100,1337,2229,284600000,284600000
3,1423,284600000,284600100,1337,2229,284800000,284800000
3,1424,284800000,284800100,1337,2229,285000000,285000000
3,1425,285000000,285000100,1337,2229,285200000,285200000
3,1426,285200000,285200100,1337,2229,285400000,285400000
3,1427,285400000,285400100,1337,2229,285600000,285600000
3,1428,285600000,285600100,1337,2229,285800000,285800000
3,1429,285800000,285800100,1337,2229,286000000,286000000
3,1430,286000000,286000100,1337,2229,286200000,286200000
3,1431,286200000,286200100,1337,2229,286400000,286400000
3,1432,286400000,286400100,1337,2229,286600000,286600000
3,1433,286600000,286600100,1337,2229,286800000,286800000
3,1434,286800000,286800100,1337,2229,287000000,287000000
3,1435,287000000,287000100,1337,2229,287200000,287200000
3,1436,287200000,287200100,1337,2229,287400000,287400000
3,1437,287400000,287400100,1337,2229,287600000,287600000
3,1438,287600000,287600100,1337,2229,287800000,287800000
3,1439,287800000,287800100,1337,2229,288000000,288000000
3,1440,288000000,288000100,1337,2229,288200000,288200000
3,1441,288200000,288200100,1337,2229,288400000,288400000
3,1442,288400000,288400100,1337,2229,288600000,288600000
3,1443,288600000,288600100,1337,2229,288800000,288800000
3,1444,288800000,288800100,1337,2229,289000000,289000000
3,1445,289000000,289000100,1337,2229,289200000,289200000
3,1446,289200000,289200100,1337,2229,289400000,289400000
3,1447,289400000,289400100,1337,2229,289600000,289600000
3,1448,289600000,289600100,1337,2229,289800000,289800000
3,1449,289800000,289800100,1337,2229,290000000,290000000
3,1450,290000000,290000100,1337,2229,290200000,290200000
3,1451,290200000,290200100,1337,2229,290400000,290400000
3,1452,290400000,290400100,1337,2229,290600000,290600000
3,1453,290600000,290600100,1337,2229,290800000,290800000
3,1454,290800000,290800100,1337,2229,291000000,291000000
3,1455,291000000,291000100,1337,2229,291200000,291200000
3,1456,291200000,291200100,1337,2229,291400000,291400000
3,1457,291400000,291400100,1337,2229,291600000,291600000
3,1458,291600000,291600100,1337,2229,291800000,291800000
3,1459,291800000,291800100,1337,2229,292000000,292000000
3,1460,292000000,292000100,1337,2229,292200000,292200000
3,1461,292200000,292200100,1337,2229,292400000,292400000
3,1462,292400000,292400100,1337,2229,292600000,292600000
3,1463,292600000,292600100,1337,2229,292800000,292800000
3,1464,292800000,292800100,1337,2229,293000000,293000000
3,1465,293000000,293000100,1337,2229,293200000,293200000
3,1466,293200000,293200100,1337,2229,293400000,293400000
3,1467,293400000,293400100,1337,2229,293600000,293600000
3,1468,293600000,293600100,1337,2229,293800000,293800000
3,1469,293800000,293800100,1337,2229,294000000,294000000
3,1470,294000000,294000100,1337,2229,294200000,294200000
3,1471,294200000,294200100,1337,2229,294400000,294400000
3,1472,294400000,294400100,1337,2229,294600000,294600000
3,1473,294600000,294600100,1337,2229,294800000,294800000
3,1474,294800000,294800100,1337,2229,295000000,295000000
3,1475,295000000,295000100,1337,2229,295200000,295200000
3,1476,295200000,295200100,1337,2229,295400000,295400000
3,1477,295400000,295400100,1337,2229,295600000,295600000
3,1478,295600000,295600100,1337,2229,295800000,295800000
3,1479,295800000,295800100,1337,2229,296000000,296000000
3,1480,296000000,296000100,1337,2229,296200000,296200000
3,1481,296200000,296200100,1337,2229,296400000,296400000
3,1482,296400000,296400100,1337,2229,296600000,296600000
3,1483,296600000,296600100,1337,2229,296800000,296800000
3,1484,296800000,296800100,1337,2229,297000000,297000000
3,1485,297000000,297000100,1337,2229,297200000,297200000
3,1486,297200000,297200100,1337,2229,297400000,297400000
3,1487,297400000,297400100,1337,2229,297600000,297600000
3,1488,297600000,297600100,1337,2229,297800000,297800000
3,1489,297800000,297800100,1337,2229,298000000,298000000
3,1490,298000000,298000100,1337,2229,298200000,298200000
3,1491,298200000,298200100,1337,2229,298400000,298400000
3,1492,298400000,298400100,1337,2229,298600000,298600000
3,1493,298600000,298600100,1337,2229,298800000,298800000
3,1494,298800000,298800100,1337,2229,299000000,299000000
3,1495,299000000,299000100,1337,2229,299200000,299200000
3,1496,299200000,299200100,1337,2229,299400000,299400000
3,1497,299400000,299400100,1337,2229,299600000,299600000
3,1498,299600000,299600100,1337,2229,299800000,299800000
3,1499,299800000,299800100,1337,2229,300000000,300000000
3,1500,300000000,300000100,1337,2229,300200000,300200000
3,1501,300200000,300200100,1337,2229,300400000,300400000
3,1502,300400000,300400100,1337,2229,300600000,300600000
3,1503,300600000,300600100,1337,2229,300800000,300800000
3,1504,300800000,300800100,1337,2229,301000000,301000000
3,1505,301000000,301000100,1337,2229,301200000,301200000
3,1506,301200000,301200100,1337,2229,301400000,301400000
3,1507,301400000,301400100,1337,2229,301600000,301600000
3,1508,301600000,301600100,1337,2229,301800000,301800000
3,1509,301800000,301800100,1337,2229,302000000,302000000
3,1510,302000000,302000100,1337,2229,302200000,302200000
3,1511,302200000,302200100,1337,2229,302400000,302400000
3,1512,302400000,302400100,1337,2229,302600000,302600000
3,1513,302600000,302600100,1337,2229,302800000,302800000
3,1514,302800000,302800100,1337,2229,303000000,303000000
3,1515,303000000,303000100,1337,2229,303200000,303200000
3,1516,303200000,303200100,1337,2229,303400000,303400000
3,1517,303400000,303400100,1337,2229,303600000,303600000
3,1518,303600000,303600100,1337,2229,303800000,303800000
3,1519,303800000,303800100,1337,2229,304000000,304000000
3,1520,304000000,304000100,1337,2229,304200000,304200000
3,1521,304200000,304200100,1337,2229,304400000,304400000
3,1522,304400000,304400100,1337,2229,304600000,304600000
3,1523,304600000,304600100,1337,2229,304800000,304800000
3,1524,304800000,304800100,1337,2229,305000000,305000000
3,1525,305000000,305000100,1337,2229,305200000,305200000
3,1526,305200000,305200100,1337,2229,305400000,305400000
3,1527,305400000,305400100,1337,2229,305600000,305600000
3,1528,305600000,305600100,1337,2229,305800000,305800000
3,1529,305800000,305800100,1337,2229,306000000,306000000
3,1530,306000000,306000100,1337,2229,306200000,306200000
3,1531,306200000,306200100,1337,2229,306400000,306400000
3,1532,306400000,306400100,1337,2229,306600000,306600000
3,1533,306600000,306600100,1337,2229,306800000,306800000
3,1534,306800000,306800100,1337,2229,307000000,307000000
3,1535,307000000,307000100,1337,2229,307200000,307200000
3,1536,307200000,307200100,1337,2229,307400000,307400000
3,1537,307400000,307400100,1337,2229,307600000,307600000
3,1538,307600000,307600100,1337,2229,307800000,307800000
3,1539,307800000,307800100,1337,2229,308000000,308000000
3,1540,308000000,308000100,1337,2229,308200000,308200000
3,1541,308200000,308200100,1337,2229,308400000,308400000
3,1542,308400000,308400100,1337,2229,308600000,308600000
3,1543,308600000,308600100,1337,2229,308800000,308800000
3,1544,308800000,308800100,1337,2229,309000000,309000000
3,1545,309000000,309000100,1337,2229,309200000,309200000
3,1546,309200000,309200100,1337,2229,309400000,309400000
3,1547,309400000,309400100,1337,2229,309600000,309600000
3,1548,309600000,309600100,1337,2229,309800000,309800000
3,1549,309800000,309800100,1337,2229,310000000,310000000
3,1550,310000000,310000100,1337,2229,310200000,310200000
3,1551,310200000,310200100,1337,2229,310400000,310400000
3,1552,310400000,310400100,1337,2229,310600000,310600000
3,1553,310600000,310600100,1337,2229,310800000,310800000
3,1554,310800000,310800100,1337,2229,311000000,311000000
3,1555,311000000,311000100,1337,2229,311200000,311200000
3,1556,311200000,311200100,1337,2229,311400000,311400000
3,1557,311400000,311400100,1337,2229,311600000,311600000
3,1558,311600000,311600100,1337,2229,311800000,311800000
3,1559,311800000,311800100,1337,2229,312000000,312000000
3,1560,312000000,312000100,1337,2229,312200000,312200000
3,1561,312200000,312200100,1337,2229,312400000,312400000
3,1562,312400000,312400100,1337,2229,312600000,312600000
3,1563,312600000,312600100,1337,2229,312800000,312800000
3,1564,312800000,312800100,1337,2229,313000000,313000000
3,1565,313000000,313000100,1337,2229,313200000,313200000
3,1566,313200000,313200100,1337,2229,313400000,313400000
3,1567,313400000,313400100,1337,2229,313600000,313600000
3,1568,313600000,313600100,1337,2229,313800000,313800000
3,1569,313800000,313800100,1337,2229,314000000,314000000
3,1570,314000000,314000100,1337,2229,314200000,314200000
3,1571,314200000,314200100,1337,2229,314400000,314400000
3,1572,314400000,314400100,1337,2229,314600000,314600000
3,1573,314600000,314600100,1337,2229,314800000,314800000
3,1574,314800000,314800100,1337,2229,315000000,315000000
3,1575,315000000,315000100,1337,2229,315200000,315200000
3,1576,315200000,315200100,1337,2229,315400000,315400000
3,1577,315400000,315400100,1337,2229,315600000,315600000
3,1578,315600000,315600100,1337,2229,315800000,315800000
3,1579,315800000,315800100,1337,2229,316000000,316000000
3,1580,316000000,316000100,1337,2229,316200000,316200000
3,1581,316200000,316200100,1337,2229,316400000,316400000
3,1582,316400000,316400100,1337,2229,316600000,316600000
3,1583,316600000,316600100,1337,2229,316800000,316800000
3,1584,316800000,316800100,1337,2229,317000000,317000000
3,1585,317000000,317000100,1337,2229,317200000,317200000
3,1586,317200000,317200100,1337,2229,317400000,317400000
3,1587,317400000,317400100,1337,2229,317600000,317600000
3,1588,317600000,317600100,1337,2229,317800000,317800000
3,1589,317800000,317800100,1337,2229,318000000,318000000
3,1590,318000000,318000100,1337,2229,318200000,318200000
3,1591,318200000,318200100,1337,2229,318400000,318400000
3,1592,318400000,318400100,1337,2229,318600000,318600000
3,1593,318600000,318600100,1337,2229,318800000,318800000
3,1594,318800000,318800100,1337,2229,319000000,319000000
3,1595,319000000,319000100,1337,2229,319200000,319200000
3,1596,319200000,319200100,1337,2229,319400000,319400000
3,1597,319400000,319400100,1337,2229,319600000,319600000
3,1598,319600000,319600100,1337,2229,319800000,319800000
3,1599,319800000,319800100,1337,2229,320000000,320000000
3,1600,320000000,320000100,1337,2229,320200000,320200000
3,1601,320200000,320200100,1337,2229,320400000,320400000
3,1602,320400000,320400100,1337,2229,320600000,320600000
3,1603,320600000,320600100,1337,2229,320800000,320800000
3,1604,320800000,320800100,1337,2229,321000000,321000000
3,1605,321000000,321000100,1337,2229,321200000,321200000
3,1606,321200000,321200100,1337,2229,321400000,321400000
3,1607,321400000,321400100,1337,2229,321600000,321600000
3,1608,321600000,321600100,1337,2229,321800000,321800000
3,1609,321800000,321800100,1337,2229,322000000,322000000
3,1610,322000000,322000100,1337,2229,322200000,322200000
3,1611,322200000,322200100,1337,2229,322400000,322400000
3,1612,322400000,322400100,1337,2229,322600000,322600000
3,1613,322600000,322600100,1337,2229,322800000,322800000
3,1614,322800000,322800100,1337,2229,323000000,323000000
3,1615,323000000,323000100,1337,2229,323200000,323200000
3,1616,323200000,323200100,1337,2229,323400000,323400000
3,1617,323400000,323400100,1337,2229,323600000,323600000
3,1618,323600000,323600100,1337,2229,323800000,323800000
3,1619,323800000,323800100,1337,2229,324000000,324000000
3,1620,324000000,324000100,1337,2229,324200000,324200000
3,1621,324200000,324200100,1337,2229,324400000,324400000
3,1622,324400000,324400100,1337,2229,324600000,324600000
3,1623,324600000,324600100,1337,2229,324800000,324800000
3,1624,324800000,324800100,1337,2229,325000000,325000000
3,1625,325000000,325000100,1337,2229,325200000,325200000
3,1626,325200000,325200100,1337,2229,325400000,325400000
3,1627,325400000,325400100,1337,2229,325600000,325600000
3,1628,325600000,325600100,1337,2229,325800000,325800000
3,1629,325800000,325800100,1337,2229,326000000,326000000
3,1630,326000000,326000100,1337,2229,326200000,326200000
3,1631,326200000,326200100,1337,2229,326400000,326400000
3,1632,326400000,326400100,1337,2229,326600000,326600000
3,1633,326600000,326600100,1337,2229,326800000,326800000
3,1634,326800000,326800100,1337,2229,327000000,327000000
3,1635,327000000,327000100,1337,2229,327200000,327200000
3,1636,327200000,327200100,1337,2229,327400000,327400000
3,1637,327400000,327400100,1337,2229,327600000,327600000
3,1638,327600000,327600100,1337,2229,327800000,327800000
3,1639,327800000,327800100,1337,2229,328000000,328000000
3,1640,328000000,328000100,1337,2229,328200000,328200000
3,1641,328200000,328200100,1337,2229,328400000,328400000
3,1642,328400000,328400100,1337,2229,328600000,328600000
3,1643,328600000,328600100,1337,2229,328800000,328800000
3,1644,328800000,328800100,1337,2229,329000000,329000000
3,1645,329000000,329000100,1337,2229,329200000,329200000
3,1646,329200000,329200100,1337,2229,329400000,329400000
3,1647,329400000,329400100,1337,2229,329600000,329600000
3,1648,329600000,329600100,1337,2229,329800000,329800000
3,1649,329800000,329800100,1337,2229,330000000,330000000
3,1650,330000000,330000100,1337,2229,330200000,330200000
3,1651,330200000,330200100,1337,2229,330400000,330400000
3,1652,330400000,330400100,1337,2229,330600000,330600000
3,1653,330600000,330600100,1337,2229,330800000,330800000
3,1654,330800000,330800100,1337,2229,331000000,331000000
3,1655,331000000,331000100,1337,2229,331200000,331200000
3,1656,331200000,331200100,1337,2229,331400000,331400000
3,1657,331400000,331400100,1337,2229,331600000,331600000
3,1658,331600000,331600100,1337,2229,331800000,331800000
3,1659,331800000,331800100,1337,2229,332000000,332000000
3,1660,332000000,332000100,1337,2229,332200000,332200000
3,1661,332200000,332200100,1337,2229,332400000,332400000
3,1662,332400000,332400100,1337,2229,332600000,332600000
3,1663,332600000,332600100,1337,2229,332800000,332800000
3,1664,332800000,332800100,1337,2229,333000000,333000000
3,1665,333000000,333000100,1337,2229,333200000,333200000
3,1666,333200000,333200100,1337,2229,333400000,333400000
3,1667,333400000,333400100,1337,2229,333600000,333600000
3,1668,333600000,333600100,1337,2229,333800000,333800000
3,1669,333800000,333800100,1337,2229,334000000,334000000
3,1670,334000000,334000100,1337,2229,334200000,334200000
3,1671,334200000,334200100,1337,2229,334400000,334400000
3,1672,334400000,334400100,1337,2229,334600000,334600000
3,1673,334600000,334600100,1337,2229,334800000,334800000
3,1674,334800000,334800100,1337,2229,335000000,335000000
3,1675,335000000,335000100,1337,2229,335200000,335200000
3,1676,335200000,335200100,1337,2229,335400000,335400000
3,1677,335400000,335400100,1337,2229,335600000,335600000
3,1678,335600000,335600100,1337,2229,335800000,335800000
3,1679,335800000,335800100,1337,2229,336000000,336000000
3,1680,336000000,336000100,1337,2229,336200000,336200000
3,1681,336200000,336200100,1337,2229,336400000,336400000
3,1682,336400000,336400100,1337,2229,336600000,336600000
3,1683,336600000,336600100,1337,2229,336800000,336800000
3,1684,336800000,336800100,1337,2229,337000000,337000000
3,1685,337000000,337000100,1337,2229,337200000,337200000
3,1686,337200000,337200100,1337,2229,337400000,337400000
3,1687,337400000,337400100,1337,2229,337600000,337600000
3,1688,337600000,337600100,1337,2229,337800000,337800000
3,1689,337800000,337800100,1337,2229,338000000,338000000
3,1690,338000000,338000100,1337,2229,338200000,338200000
3,1691,338200000,338200100,1337,2229,338400000,338400000
3,1692,338400000,338400100,1337,2229,338600000,338600000
3,1693,338600000,338600100,1337,2229,338800000,338800000
3,1694,338800000,338800100,1337,2229,339000000,339000000
3,1695,339000000,339000100,1337,2229,339200000,339200000
3,1696,339200000,339200100,1337,2229,339400000,339400000
3,1697,339400000,339400100,1337,2229,339600000,339600000
3,1698,339600000,339600100,1337,2229,339800000,339800000
3,1699,339800000,339800100,1337,2229,340000000,340000000
3,1700,340000000,340000100,1337,2229,340200000,340200000
3,1701,340200000,340200100,1337,2229,340400000,340400000
3,1702,340400000,340400100,1337,2229,340600000,340600000
3,1703,340600000,340600100,1337,2229,340800000,340800000
3,1704,340800000,340800100,1337,2229,341000000,341000000
3,1705,341000000,341000100,1337,2229,341200000,341200000
3,1706,341200000,341200100,1337,2229,341400000,341400000
3,1707,341400000,341400100,1337,2229,341600000,341600000
3,1708,341600000,341600100,1337,2229,341800000,341800000
3,1709,341800000,341800100,1337,2229,342000000,342000000
3,1710,342000000,342000100,1337,2229,342200000,342200000
3,1711,342200000,342200100,1337,2229,342400000,342400000
3,1712,342400000,342400100,1337,2229,342600000,342600000
3,1713,342600000,342600100,1337,2229,342800000,342800000
3,1714,342800000,342800100,1337,2229,343000000,343000000
3,1715,343000000,343000100,1337,2229,343200000,343200000
3,1716,343200000,343200100,1337,2229,343400000,343400000
3,1717,343400000,343400100,1337,2229,343600000,343600000
3,1718,343600000,343600100,1337,2229,343800000,343800000
3,1719,343800000,343800100,1337,2229,344000000,344000000
3,1720,344000000,344000100,1337,2229,344200000,344200000
3,1721,344200000,344200100,1337,2229,344400000,344400000
3,1722,344400000,344400100,1337,2229,344600000,344600000
3,1723,344600000,344600100,1337,2229,344800000,344800000
3,1724,344800000,344800100,1337,2229,345000000,345000000
3,1725,345000000,345000100,1337,2229,345200000,345200000
3,1726,345200000,345200100,1337,2229,345400000,345400000
3,1727,345400000,345400100,1337,2229,345600000,345600000
3,1728,345600000,345600100,1337,2229,345800000,345800000
3,1729,345800000,345800100,1337,2229,346000000,346000000
3,1730,346000000,346000100,1337,2229,346200000,346200000
3,1731,346200000,346200100,1337,2229,346400000,346400000
3,1732,346400000,346400100,1337,2229,346600000,346600000
3,1733,346600000,346600100,1337,2229,346800000,346800000
3,1734,346800000,346800100,1337,2229,347000000,347000000
3,1735,347000000,347000100,1337,2229,347200000,347200000
3,1736,347200000,347200100,1337,2229,347400000,347400000
3,1737,347400000,347400100,1337,2229,347600000,347600000
3,1738,347600000,347600100,1337,2229,347800000,347800000
3,1739,347800000,347800100,1337,2229,348000000,348000000
3,1740,348000000,348000100,1337,2229,348200000,348200000
3,1741,348200000,348200100,1337,2229,348400000,348400000
3,1742,348400000,348400100,1337,2229,348600000,348600000
3,1743,348600000,348600100,1337,2229,348800000,348800000
3,1744,348800000,348800100,1337,2229,349000000,349000000
3,1745,349000000,349000100,1337,2229,349200000,349200000
3,1746,349200000,349200100,1337,2229,349400000,349400000
3,1747,349400000,349400100,1337,2229,349600000,349600000
3,1748,349600000,349600100,1337,2229,349800000,349800000
3,1749,349800000,349800100,1337,2229,350000000,350000000
3,1750,350000000,350000100,1337,2229,350200000,350200000
3,1751,350200000,350200100,1337,2229,350400000,350400000
3,1752,350400000,350400100,1337,2229,350600000,350600000
3,1753,350600000,350600100,1337,2229,350800000,350800000
3,1754,350800000,350800100,1337,2229,351000000,351000000
3,1755,351000000,351000100,1337,2229,351200000,351200000
3,1756,351200000,351200100,1337,2229,351400000,351400000
3,1757,351400000,351400100,1337,2229,351600000,351600000
3,1758,351600000,351600100,1337,2229,351800000,351800000
3,1759,351800000,351800100,1337,2229,352000000,352000000
3,1760,352000000,352000100,1337,2229,352200000,352200000
3,1761,352200000,352200100,1337,2229,352400000,352400000
3,1762,352400000,352400100,1337,2229,352600000,352600000
3,1763,352600000,352600100,1337,2229,352800000,352800000
3,1764,352800000,352800100,1337,2229,353000000,353000000
3,1765,353000000,353000100,1337,2229,353200000,353200000
3,1766,353200000,353200100,1337,2229,353400000,353400000
3,1767,353400000,353400100,1337,2229,353600000,353600000
3,1768,353600000,353600100,1337,2229,353800000,353800000
3,1769,353800000,353800100,1337,2229,354000000,354000000
3,1770,354000000,354000100,1337,2229,354200000,354200000
3,1771,354200000,354200100,1337,2229,354400000,354400000
3,1772,354400000,354400100,1337,2229,354600000,354600000
3,1773,354600000,354600100,1337,2229,354800000,354800000
3,1774,354800000,354800100,1337,2229,355000000,355000000
3,1775,355000000,355000100,1337,2229,355200000,355200000
3,1776,355200000,355200100,1337,2229,355400000,355400000
3,1777,355400000,355400100,1337,2229,355600000,355600000
3,1778,355600000,355600100,1337,2229,355800000,355800000
3,1779,355800000,355800100,1337,2229,356000000,356000000
3,1780,356000000,356000100,1337,2229,356200000,356200000
3,1781,356200000,356200100,1337,2229,356400000,356400000
3,1782,356400000,356400100,1337,2229,356600000,356600000
3,1783,356600000,356600100,1337,2229,356800000,356800000
3,1784,356800000,356800100,1337,2229,357000000,357000000
3,1785,357000000,357000100,1337,2229,357200000,357200000
3,1786,357200000,357200100,1337,2229,357400000,357400000
3,1787,357400000,357400100,1337,2229,357600000,357600000
3,1788,357600000,357600100,1337,2229,357800000,357800000
3,1789,357800000,357800100,1337,2229,358000000,358000000
3,1790,358000000,358000100,1337,2229,358200000,358200000
3,1791,358200000,358200100,1337,2229,358400000,358400000
3,1792,358400000,358400100,1337,2229,358600000,358600000
3,1793,358600000,358600100,1337,2229,358800000,358800000
3,1794,358800000,358800100,1337,2229,359000000,359000000
3,1795,359000000,359000100,1337,2229,359200000,359200000
3,1796,359200000,359200100,1337,2229,359400000,359400000
3,1797,359400000,359400100,1337,2229,359600000,359600000
3,1798,359600000,359600100,1337,2229,359800000,359800000
3,1799,359800000,359800100,1337,2229,360000000,360000000
3,1800,360000000,360000100,1337,2229,360200000,360200000
3,1801,360200000,360200100,1337,2229,360400000,360400000
3,1802,360400000,360400100,1337,2229,360600000,360600000
3,1803,360600000,360600100,1337,2229,360800000,360800000
3,1804,360800000,360800100,1337,2229,361000000,361000000
3,1805,361000000,361000100,1337,2229,361200000,361200000
3,1806,361200000,361200100,1337,2229,361400000,361400000
3,1807,361400000,361400100,1337,2229,361600000,361600000
3,1808,361600000,361600100,1337,2229,361800000,361800000
3,1809,361800000,361800100,1337,2229,362000000,362000000
3,1810,362000000,362000100,1337,2229,362200000,362200000
3,1811,362200000,362200100,1337,2229,362400000,362400000
3,1812,362400000,362400100,1337,2229,362600000,362600000
3,1813,362600000,362600100,1337,2229,362800000,362800000
3,1814,362800000,362800100,1337,2229,363000000,363000000
3,1815,363000000,363000100,1337,2229,363200000,363200000
3,1816,363200000,363200100,1337,2229,363400000,363400000
3,1817,363400000,363400100,1337,2229,363600000,363600000
3,1818,363600000,363600100,1337,2229,363800000,363800000
3,1819,363800000,363800100,1337,2229,364000000,364000000
3,1820,364000000,364000100,1337,2229,364200000,364200000
3,1821,364200000,364200100,1337,2229,364400000,364400000
3,1822,364400000,364400100,1337,2229,364600000,364600000
3,1823,364600000,364600100,1337,2229,364800000,364800000
3,1824,364800000,364800100,1337,2229,365000000,365000000
3,1825,365000000,365000100,1337,2229,365200000,365200000
3,1826,365200000,365200100,1337,2229,365400000,365400000
3,1827,365400000,365400100,1337,2229,365600000,365600000
3,1828,365600000,365600100,1337,2229,365800000,365800000
3,1829,365800000,365800100,1337,2229,366000000,366000000
3,1830,366000000,366000100,1337,2229,366200000,366200000
3,1831,366200000,366200100,1337,2229,366400000,366400000
3,1832,366400000,366400100,1337,2229,366600000,366600000
3,1833,366600000,366600100,1337,2229,366800000,366800000
3,1834,366800000,366800100,1337,2229,367000000,367000000
3,1835,367000000,367000100,1337,2229,367200000,367200000
3,1836,367200000,367200100,1337,2229,367400000,367400000
3,1837,367400000,367400100,1337,2229,367600000,367600000
3,1838,367600000,367600100,1337,2229,367800000,367800000
3,1839,367800000,367800100,1337,2229,368000000,368000000
3,1840,368000000,368000100,1337,2229,368200000,368200000
3,1841,368200000,368200100,1337,2229,368400000,368400000
3,1842,368400000,368400100,1337,2229,368600000,368600000
3,1843,368600000,368600100,1337,2229,368800000,368800000
3,1844,368800000,368800100,1337,2229,369000000,369000000
3,1845,369000000,369000100,1337,2229,369200000,369200000
3,1846,369200000,369200100,1337,2229,369400000,369400000
3,1847,369400000,369400100,1337,2229,369600000,369600000
3,1848,369600000,369600100,1337,2229,369800000,369800000
3,1849,369800000,369800100,1337,2229,370000000,370000000
3,1850,370000000,370000100,1337,2229,370200000,370200000
3,1851,370200000,370200100,1337,2229,370400000,370400000
3,1852,370400000,370400100,1337,2229,370600000,370600000
3,1853,370600000,370600100,1337,2229,370800000,370800000
3,1854,370800000,370800100,1337,2229,371000000,371000000
3,1855,371000000,371000100,1337,2229,371200000,371200000
3,1856,371200000,371200100,1337,2229,371400000,371400000
3,1857,371400000,371400100,1337,2229,371600000,371600000
3,1858,371600000,371600100,1337,2229,371800000,371800000
3,1859,371800000,371800100,1337,2229,372000000,372000000
3,1860,372000000,372000100,1337,2229,372200000,372200000
3,1861,372200000,372200100,1337,2229,372400000,372400000
3,1862,372400000,372400100,1337,2229,372600000,372600000
3,1863,372600000,372600100,1337,2229,372800000,372800000
3,1864,372800000,372800100,1337,2229,373000000,373000000
3,1865,373000000,373000100,1337,2229,373200000,373200000
3,1866,373200000,373200100,1337,2229,373400000,373400000
3,1867,373400000,373400100,1337,2229,373600000,373600000
3,1868,373600000,373600100,1337,2229,373800000,373800000
3,1869,373800000,373800100,1337,2229,374000000,374000000
3,1870,374000000,374000100,1337,2229,374200000,374200000
3,1871,374200000,374200100,1337,2229,374400000,374400000
3,1872,374400000,374400100,1337,2229,374600000,374600000
3,1873,374600000,374600100,1337,2229,374800000,374800000
3,1874,374800000,374800100,1337,2229,375000000,375000000
3,1875,375000000,375000100,1337,2229,375200000,375200000
3,1876,375200000,375200100,1337,2229,375400000,375400000
3,1877,375400000,375400100,1337,2229,375600000,375600000
3,1878,375600000,375600100,1337,2229,375800000,375800000
3,1879,375800000,375800100,1337,2229,376000000,376000000
3,1880,376000000,376000100,1337,2229,376200000,376200000
3,1881,376200000,376200100,1337,2229,376400000,376400000
3,1882,376400000,376400100,1337,2229,376600000,376600000
3,1883,376600000,376600100,1337,2229,376800000,376800000
3,1884,376800000,376800100,1337,2229,377000000,377000000
3,1885,377000000,377000100,1337,2229,377200000,377200000
3,1886,377200000,377200100,1337,2229,377400000,377400000
3,1887,377400000,377400100,1337,2229,377600000,377600000
3,1888,377600000,377600100,1337,2229,377800000,377800000
3,1889,377800000,377800100,1337,2229,378000000,378000000
3,1890,378000000,378000100,1337,2229,378200000,378200000
3,1891,378200000,378200100,1337,2229,378400000,378400000
3,1892,378400000,378400100,1337,2229,378600000,378600000
3,1893,378600000,378600100,1337,2229,378800000,378800000
3,1894,378800000,378800100,1337,2229,379000000,379000000
3,1895,379000000,379000100,1337,2229,379200000,379200000
3,1896,379200000,379200100,1337,2229,379400000,379400000
3,1897,379400000,379400100,1337,2229,379600000,379600000
3,1898,379600000,379600100,1337,2229,379800000,379800000
3,1899,379800000,379800100,1337,2229,380000000,380000000
3,1900,380000000,380000100,1337,2229,380200000,380200000
3,1901,380200000,380200100,1337,2229,380400000,380400000
3,1902,380400000,380400100,1337,2229,380600000,380600000
3,1903,380600000,380600100,1337,2229,380800000,380800000
3,1904,380800000,380800100,1337,2229,381000000,381000000
3,1905,381000000,381000100,1337,2229,381200000,381200000
3,1906,381200000,381200100,1337,2229,381400000,381400000
3,1907,381400000,381400100,1337,2229,381600000,381600000
3,1908,381600000,381600100,1337,2229,381800000,381800000
3,1909,381800000,381800100,1337,2229,382000000,382000000
3,1910,382000000,382000100,1337,2229,382200000,382200000
3,1911,382200000,382200100,1337,2229,382400000,382400000
3,1912,382400000,382400100,1337,2229,382600000,382600000
3,1913,382600000,382600100,1337,2229,382800000,382800000
3,1914,382800000,382800100,1337,2229,383000000,383000000
3,1915,383000000,383000100,1337,2229,383200000,383200000
3,1916,383200000,383200100,1337,2229,383400000,383400000
3,1917,383400000,383400100,1337,2229,383600000,383600000
3,1918,383600000,383600100,1337,2229,383800000,383800000
3,1919,383800000,383800100,1337,2229,384000000,384000000
3,1920,384000000,384000100,1337,2229,384200000,384200000
3,1921,384200000,384200100,1337,2229,384400000,384400000
3,1922,384400000,384400100,1337,2229,384600000,384600000
3,1923,384600000,384600100,1337,2229,384800000,384800000
3,1924,384800000,384800100,1337,2229,385000000,385000000
3,1925,385000000,385000100,1337,2229,385200000,385200000
3,1926,385200000,385200100,1337,2229,385400000,385400000
3,1927,385400000,385400100,1337,2229,385600000,385600000
3,1928,385600000,385600100,1337,2229,385800000,385800000
3,1929,385800000,385800100,1337,2229,386000000,386000000
3,1930,386000000,386000100,1337,2229,386200000,386200000
3,1931,386200000,386200100,1337,2229,386400000,386400000
3,1932,386400000,386400100,1337,2229,386600000,386600000
3,1933,386600000,386600100,1337,2229,386800000,386800000
3,1934,386800000,386800100,1337,2229,387000000,387000000
3,1935,387000000,387000100,1337,2229,387200000,387200000
3,1936,387200000,387200100,1337,2229,387400000,387400000
3,1937,387400000,387400100,1337,2229,387600000,387600000
3,1938,387600000,387600100,1337,2229,387800000,387800000
3,1939,387800000,387800100,1337,2229,388000000,388000000
3,1940,388000000,388000100,1337,2229,388200000,388200000
3,1941,388200000,388200100,1337,2229,388400000,388400000
3,1942,388400000,388400100,1337,2229,388600000,388600000
3,1943,388600000,388600100,1337,2229,388800000,388800000
3,1944,388800000,388800100,1337,2229,389000000,389000000
3,1945,389000000,389000100,1337,2229,389200000,389200000
3,1946,389200000,389200100,1337,2229,389400000,389400000
3,1947,389400000,389400100,1337,2229,389600000,389600000
3,1948,389600000,389600100,1337,2229,389800000,389800000
3,1949,389800000,389800100,1337,2229,390000000,390000000
3,1950,390000000,390000100,1337,2229,390200000,390200000
3,1951,390200000,390200100,1337,2229,390400000,390400000
3,1952,390400000,390400100,1337,2229,390600000,390600000
3,1953,390600000,390600100,1337,2229,390800000,390800000
3,1954,390800000,390800100,1337,2229,391000000,391000000
3,1955,391000000,391000100,1337,2229,391200000,391200000
3,1956,391200000,391200100,1337,2229,391400000,391400000
3,1957,391400000,391400100,1337,2229,391600000,391600000
3,1958,391600000,391600100,1337,2229,391800000,391800000
3,1959,391800000,391800100,1337,2229,392000000,392000000
3,1960,392000000,392000100,1337,2229,392200000,392200000
3,1961,392200000,392200100,1337,2229,392400000,392400000
3,1962,392400000,392400100,1337,2229,392600000,392600000
3,1963,392600000,392600100,1337,2229,392800000,392800000
3,1964,392800000,392800100,1337,2229,393000000,393000000
3,1965,393000000,393000100,1337,2229,393200000,393200000
3,1966,393200000,393200100,1337,2229,393400000,393400000
3,1967,393400000,393400100,1337,2229,393600000,393600000
3,1968,393600000,393600100,1337,2229,393800000,393800000
3,1969,393800000,393800100,1337,2229,394000000,394000000
3,1970,394000000,394000100,1337,2229,394200000,394200000
3,1971,394200000,394200100,1337,2229,394400000,394400000
3,1972,394400000,394400100,1337,2229,394600000,394600000
3,1973,394600000,394600100,1337,2229,394800000,394800000
3,1974,394800000,394800100,1337,2229,395000000,395000000
3,1975,395000000,395000100,1337,2229,395200000,395200000
3,1976,395200000,395200100,1337,2229,395400000,395400000
3,1977,395400000,395400100,1337,2229,395600000,395600000
3,1978,395600000,395600100,1337,2229,395800000,395800000
3,1979,395800000,395800100,1337,2229,396000000,396000000
3,1980,396000000,396000100,1337,2229,396200000,396200000
3,1981,396200000,396200100,1337,2229,396400000,396400000
3,1982,396400000,396400100,1337,2229,396600000,396600000
3,1983,396600000,396600100,1337,2229,396800000,396800000
3,1984,396800000,396800100,1337,2229,397000000,397000000
3,1985,397000000,397000100,1337,2229,397200000,397200000
3,1986,397200000,397200100,1337,2229,397400000,397400000
3,1987,397400000,397400100,1337,2229,397600000,397600000
3,1988,397600000,397600100,1337,2229,397800000,397800000
3,1989,397800000,397800100,1337,2229,398000000,398000000
3,1990,398000000,398000100,1337,2229,398200000,398200000
3,1991,398200000,398200100,1337,2229,398400000,398400000
3,1992,398400000,398400100,1337,2229,398600000,398600000
3,1993,398600000,398600100,1337,2229,398800000,398800000
3,1994,398800000,398800100,1337,2229,399000000,399000000
3,1995,399000000,399000100,1337,2229,399200000,399200000
3,1996,399200000,399200100,1337,2229,399400000,399400000
3,1997,399400000,399400100,1337,2229,399600000,399600000
3,1998,399600000,399600100,1337,2229,399800000,399800000
3,1999,399800000,399800100,1337,2229,400000000,400000000
3,2000,400000000,400000100,1337,2229,400200000,400200000
3,2001,400200000,400200100,1337,2229,400400000,400400000
3,2002,400400000,400400100,1337,2229,400600000,400600000
3,2003,400600000,400600100,1337,2229,400800000,400800000
3,2004,400800000,400800100,1337,2229,401000000,401000000
3,2005,401000000,401000100,1337,2229,401200000,401200000
3,2006,401200000,401200100,1337,2229,401400000,401400000
3,2007,401400000,401400100,1337,2229,401600000,401600000
3,2008,401600000,401600100,1337,2229,401800000,401800000
3,2009,401800000,401800100,1337,2229,402000000,402000000
3,2010,402000000,402000100,1337,2229,402200000,402200000
3,2011,402200000,402200100,1337,2229,402400000,402400000
3,2012,402400000,402400100,1337,2229,402600000,402600000
3,2013,402600000,402600100,1337,2229,402800000,402800000
3,2014,402800000,402800100,1337,2229,403000000,403000000
3,2015,403000000,403000100,1337,2229,403200000,403200000
3,2016,403200000,403200100,1337,2229,403400000,403400000
3,2017,403400000,403400100,1337,2229,403600000,403600000
3,2018,403600000,403600100,1337,2229,403800000,403800000
3,2019,403800000,403800100,1337,2229,404000000,404000000
3,2020,404000000,404000100,1337,2229,404200000,404200000
3,2021,404200000,404200100,1337,2229,404400000,404400000
3,2022,404400000,404400100,1337,2229,404600000,404600000
3,2023,404600000,404600100,1337,2229,404800000,404800000
3,2024,404800000,404800100,1337,2229,405000000,405000000
3,2025,405000000,405000100,1337,2229,405200000,405200000
3,2026,405200000,405200100,1337,2229,405400000,405400000
3,2027,405400000,405400100,1337,2229,405600000,405600000
3,2028,405600000,405600100,1337,2229,405800000,405800000
3,2029,405800000,405800100,1337,2229,406000000,406000000
3,2030,406000000,406000100,1337,2229,406200000,406200000
3,2031,406200000,406200100,1337,2229,406400000,406400000
3,2032,406400000,406400100,1337,2229,406600000,406600000
3,2033,406600000,406600100,1337,2229,406800000,406800000
3,2034,406800000,406800100,1337,2229,407000000,407000000
3,2035,407000000,407000100,1337,2229,407200000,407200000
3,2036,407200000,407200100,1337,2229,407400000,407400000
3,2037,407400000,407400100,1337,2229,407600000,407600000
3,2038,407600000,407600100,1337,2229,407800000,407800000
3,2039,407800000,407800100,1337,2229,408000000,408000000
3,2040,408000000,408000100,1337,2229,408200000,408200000
3,2041,408200000,408200100,1337,2229,408400000,408400000
3,2042,408400000,408400100,1337,2229,408600000,408600000
3,2043,408600000,408600100,1337,2229,408800000,408800000
3,2044,408800000,408800100,1337,2229,409000000,409000000
3,2045,409000000,409000100,1337,2229,409200000,409200000
3,2046,409200000,409200100,1337,2229,409400000,409400000
3,2047,409400000,409400100,1337,2229,409600000,409600000
3,2048,409600000,409600100,1337,2229,409800000,409800000
3,2049,409800000,409800100,1337,2229,410000000,410000000
3,2050,410000000,410000100,1337,2229,410200000,410200000
3,2051,410200000,410200100,1337,2229,410400000,410400000
3,2052,410400000,410400100,1337,2229,410600000,410600000
3,2053,410600000,410600100,1337,2229,410800000,410800000
3,2054,410800000,410800100,1337,2229,411000000,411000000
3,2055,411000000,411000100,1337,2229,411200000,411200000
3,2056,411200000,411200100,1337,2229,411400000,411400000
3,2057,411400000,411400100,1337,2229,411600000,411600000
3,2058,411600000,411600100,1337,2229,411800000,411800000
3,2059,411800000,411800100,1337,2229,412000000,412000000
3,2060,412000000,412000100,1337,2229,412200000,412200000
3,2061,412200000,412200100,1337,2229,412400000,412400000
3,2062,412400000,412400100,1337,2229,412600000,412600000
3,2063,412600000,412600100,1337,2229,412800000,412800000
3,2064,412800000,412800100,1337,2229,413000000,413000000
3,2065,413000000,413000100,1337,2229,413200000,413200000
3,2066,413200000,413200100,1337,2229,413400000,413400000
3,2067,413400000,413400100,1337,2229,413600000,413600000
3,2068,413600000,413600100,1337,2229,413800000,413800000
3,2069,413800000,413800100,1337,2229,414000000,414000000
3,2070,414000000,414000100,1337,2229,414200000,414200000
3,2071,414200000,414200100,1337,2229,414400000,414400000
3,2072,414400000,414400100,1337,2229,414600000,414600000
3,2073,414600000,414600100,1337,2229,414800000,414800000
3,2074,414800000,414800100,1337,2229,415000000,415000000
3,2075,415000000,415000100,1337,2229,415200000,415200000
3,2076,415200000,415200100,1337,2229,415400000,415400000
3,2077,415400000,415400100,1337,2229,415600000,415600000
3,2078,415600000,415600100,1337,2229,415800000,415800000
3,2079,415800000,415800100,1337,2229,416000000,416000000
3,2080,416000000,416000100,1337,2229,416200000,416200000
3,2081,416200000,416200100,1337,2229,416400000,416400000
3,2082,416400000,416400100,1337,2229,416600000,416600000
3,2083,416600000,416600100,1337,2229,416800000,416800000
3,2084,416800000,416800100,1337,2229,417000000,417000000
3,2085,417000000,417000100,1337,2229,417200000,417200000
3,2086,417200000,417200100,1337,2229,417400000,417400000
3,2087,417400000,417400100,1337,2229,417600000,417600000
3,2088,417600000,417600100,1337,2229,417800000,417800000
3,2089,417800000,417800100,1337,2229,418000000,418000000
3,2090,418000000,418000100,1337,2229,418200000,418200000
3,2091,418200000,418200100,1337,2229,418400000,418400000
3,2092,418400000,418400100,1337,2229,418600000,418600000
3,2093,418600000,418600100,1337,2229,418800000,418800000
3,2094,418800000,418800100,1337,2229,419000000,419000000
3,2095,419000000,419000100,1337,2229,419200000,419200000
3,2096,419200000,419200100,1337,2229,419400000,419400000
3,2097,419400000,419400100,1337,2229,419600000,419600000
3,2098,419600000,419600100,1337,2229,419800000,419800000
3,2099,419800000,419800100,1337,2229,420000000,420000000
3,2100,420000000,420000100,1337,2229,420200000,420200000
3,2101,420200000,420200100,1337,2229,420400000,420400000
3,2102,420400000,420400100,1337,2229,420600000,420600000
3,2103,420600000,420600100,1337,2229,420800000,420800000
3,2104,420800000,420800100,1337,2229,421000000,421000000
3,2105,421000000,421000100,1337,2229,421200000,421200000
3,2106,421200000,421200100,1337,2229,421400000,421400000
3,2107,421400000,421400100,1337,2229,421600000,421600000
3,2108,421600000,421600100,1337,2229,421800000,421800000
3,2109,421800000,421800100,1337,2229,422000000,422000000
3,2110,422000000,422000100,1337,2229,422200000,422200000
3,2111,422200000,422200100,1337,2229,422400000,422400000
3,2112,422400000,422400100,1337,2229,422600000,422600000
3,2113,422600000,422600100,1337,2229,422800000,422800000
3,2114,422800000,422800100,1337,2229,423000000,423000000
3,2115,423000000,423000100,1337,2229,423200000,423200000
3,2116,423200000,423200100,1337,2229,423400000,423400000
3,2117,423400000,423400100,1337,2229,423600000,423600000
3,2118,423600000,423600100,1337,2229,423800000,423800000
3,2119,423800000,423800100,1337,2229,424000000,424000000
3,2120,424000000,424000100,1337,2229,424200000,424200000
3,2121,424200000,424200100,1337,2229,424400000,424400000
3,2122,424400000,424400100,1337,2229,424600000,424600000
3,2123,424600000,424600100,1337,2229,424800000,424800000
3,2124,424800000,424800100,1337,2229,425000000,425000000
3,2125,425000000,425000100,1337,2229,425200000,425200000
3,2126,425200000,425200100,1337,2229,425400000,425400000
3,2127,425400000,425400100,1337,2229,425600000,425600000
3,2128,425600000,425600100,1337,2229,425800000,425800000
3,2129,425800000,425800100,1337,2229,426000000,426000000
3,2130,426000000,426000100,1337,2229,426200000,426200000
3,2131,426200000,426200100,1337,2229,426400000,426400000
3,2132,426400000,426400100,1337,2229,426600000,426600000
3,2133,426600000,426600100,1337,2229,426800000,426800000
3,2134,426800000,426800100,1337,2229,427000000,427000000
3,2135,427000000,427000100,1337,2229,427200000,427200000
3,2136,427200000,427200100,1337,2229,427400000,427400000
3,2137,427400000,427400100,1337,2229,427600000,427600000
3,2138,427600000,427600100,1337,2229,427800000,427800000
3,2139,427800000,427800100,1337,2229,428000000,428000000
3,2140,428000000,428000100,1337,2229,428200000,428200000
3,2141,428200000,428200100,1337,2229,428400000,428400000
3,2142,428400000,428400100,1337,2229,428600000,428600000
3,2143,428600000,428600100,1337,2229,428800000,428800000
3,2144,428800000,428800100,1337,2229,429000000,429000000
3,2145,429000000,429000100,1337,2229,429200000,429200000
3,2146,429200000,429200100,1337,2229,429400000,429400000
3,2147,429400000,429400100,1337,2229,429600000,429600000
3,2148,429600000,429600100,1337,2229,429800000,429800000
3,2149,429800000,429800100,1337,2229,430000000,430000000
3,2150,430000000,430000100,1337,2229,430200000,430200000
3,2151,430200000,430200100,1337,2229,430400000,430400000
3,2152,430400000,430400100,1337,2229,430600000,430600000
3,2153,430600000,430600100,1337,2229,430800000,430800000
3,2154,430800000,430800100,1337,2229,431000000,431000000
3,2155,431000000,431000100,1337,2229,431200000,431200000
3,2156,431200000,431200100,1337,2229,431400000,431400000
3,2157,431400000,431400100,1337,2229,431600000,431600000
3,2158,431600000,431600100,1337,2229,431800000,431800000
3,2159,431800000,431800100,1337,2229,432000000,432000000
3,2160,432000000,432000100,1337,2229,432200000,432200000
3,2161,432200000,432200100,1337,2229,432400000,432400000
3,2162,432400000,432400100,1337,2229,432600000,432600000
3,2163,432600000,432600100,1337,2229,432800000,432800000
3,2164,432800000,432800100,1337,2229,433000000,433000000
3,2165,433000000,433000100,1337,2229,433200000,433200000
3,2166,433200000,433200100,1337,2229,433400000,433400000
3,2167,433400000,433400100,1337,2229,433600000,433600000
3,2168,433600000,433600100,1337,2229,433800000,433800000
3,2169,433800000,433800100,1337,2229,434000000,434000000
3,2170,434000000,434000100,1337,2229,434200000,434200000
3,2171,434200000,434200100,1337,2229,434400000,434400000
3,2172,434400000,434400100,1337,2229,434600000,434600000
3,2173,434600000,434600100,1337,2229,434800000,434800000
3,2174,434800000,434800100,1337,2229,435000000,435000000
3,2175,435000000,435000100,1337,2229,435200000,435200000
3,2176,435200000,435200100,1337,2229,435400000,435400000
3,2177,435400000,435400100,1337,2229,435600000,435600000
3,2178,435600000,435600100,1337,2229,435800000,435800000
3,2179,435800000,435800100,1337,2229,436000000,436000000
3,2180,436000000,436000100,1337,2229,436200000,436200000
3,2181,436200000,436200100,1337,2229,436400000,436400000
3,2182,436400000,436400100,1337,2229,436600000,436600000
3,2183,436600000,436600100,1337,2229,436800000,436800000
3,2184,436800000,436800100,1337,2229,437000000,437000000
3,2185,437000000,437000100,1337,2229,437200000,437200000
3,2186,437200000,437200100,1337,2229,437400000,437400000
3,2187,437400000,437400100,1337,2229,437600000,437600000
3,2188,437600000,437600100,1337,2229,437800000,437800000
3,2189,437800000,437800100,1337,2229,438000000,438000000
3,2190,438000000,438000100,1337,2229,438200000,438200000
3,2191,438200000,438200100,1337,2229,438400000,438400000
3,2192,438400000,438400100,1337,2229,438600000,438600000
3,2193,438600000,438600100,1337,2229,438800000,438800000
3,2194,438800000,438800100,1337,2229,439000000,439000000
3,2195,439000000,439000100,1337,2229,439200000,439200000
3,2196,439200000,439200100,1337,2229,439400000,439400000
3,2197,439400000,439400100,1337,2229,439600000,439600000
3,2198,439600000,439600100,1337,2229,439800000,439800000
3,2199,439800000,439800100,1337,2229,440000000,440000000
3,2200,440000000,440000100,1337,2229,440200000,440200000
3,2201,440200000,440200100,1337,2229,440400000,440400000
3,2202,440400000,440400100,1337,2229,440600000,440600000
3,2203,440600000,440600100,1337,2229,440800000,440800000
3,2204,440800000,440800100,1337,2229,441000000,441000000
3,2205,441000000,441000100,1337,2229,441200000,441200000
3,2206,441200000,441200100,1337,2229,441400000,441400000
3,2207,441400000,441400100,1337,2229,441600000,441600000
3,2208,441600000,441600100,1337,2229,441800000,441800000
3,2209,441800000,441800100,1337,2229,442000000,442000000
3,2210,442000000,442000100,1337,2229,442200000,442200000
3,2211,442200000,442200100,1337,2229,442400000,442400000
3,2212,442400000,442400100,1337,2229,442600000,442600000
3,2213,442600000,442600100,1337,2229,442800000,442800000
3,2214,442800000,442800100,1337,2229,443000000,443000000
3,2215,443000000,443000100,1337,2229,443200000,443200000
3,2216,443200000,443200100,1337,2229,443400000,443400000
3,2217,443400000,443400100,1337,2229,443600000,443600000
3,2218,443600000,443600100,1337,2229,443800000,443800000
3,2219,443800000,443800100,1337,2229,444000000,444000000
3,2220,444000000,444000100,1337,2229,444200000,444200000
3,2221,444200000,444200100,1337,2229,444400000,444400000
3,2222,444400000,444400100,1337,2229,444600000,444600000
3,2223,444600000,444600100,1337,2229,444800000,444800000
3,2224,444800000,444800100,1337,2229,445000000,445000000
3,2225,445000000,445000100,1337,2229,445200000,445200000
3,2226,445200000,445200100,1337,2229,445400000,445400000
3,2227,445400000,445400100,1337,2229,445600000,445600000
3,2228,445600000,445600100,1337,2229,445800000,445800000
3,2229,445800000,445800100,1337,2229,446000000,446000000
3,2230,446000000,446000100,1337,2229,446200000,446200000
3,2231,446200000,446200100,1337,2229,446400000,446400000
3,2232,446400000,446400100,1337,2229,446600000,446600000
3,2233,446600000,446600100,1337,2229,446800000,446800000
3,2234,446800000,446800100,1337,2229,447000000,447000000
3,2235,447000000,447000100,1337,2229,447200000,447200000
3,2236,447200000,447200100,1337,2229,447400000,447400000
3,2237,447400000,447400100,1337,2229,447600000,447600000
3,2238,447600000,447600100,1337,2229,447800000,447800000
3,2239,447800000,447800100,1337,2229,448000000,448000000
3,2240,448000000,448000100,1337,2229,448200000,448200000
3,2241,448200000,448200100,1337,2229,448400000,448400000
3,2242,448400000,448400100,1337,2229,448600000,448600000
3,2243,448600000,448600100,1337,2229,448800000,448800000
3,2244,448800000,448800100,1337,2229,449000000,449000000
3,2245,449000000,449000100,1337,2229,449200000,449200000
3,2246,449200000,449200100,1337,2229,449400000,449400000
3,2247,449400000,449400100,1337,2229,449600000,449600000
3,2248,449600000,449600100,1337,2229,449800000,449800000
3,2249,449800000,449800100,1337,2229,450000000,450000000
3,2250,450000000,450000100,1337,2229,450200000,450200000
3,2251,450200000,450200100,1337,2229,450400000,450400000
3,2252,450400000,450400100,1337,2229,450600000,450600000
3,2253,450600000,450600100,1337,2229,450800000,450800000
3,2254,450800000,450800100,1337,2229,451000000,451000000
3,2255,451000000,451000100,1337,2229,451200000,451200000
3,2256,451200000,451200100,1337,2229,451400000,451400000
3,2257,451400000,451400100,1337,2229,451600000,451600000
3,2258,451600000,451600100,1337,2229,451800000,451800000
3,2259,451800000,451800100,1337,2229,452000000,452000000
3,2260,452000000,452000100,1337,2229,452200000,452200000
3,2261,452200000,452200100,1337,2229,452400000,452400000
3,2262,452400000,452400100,1337,2229,452600000,452600000
3,2263,452600000,452600100,1337,2229,452800000,452800000
3,2264,452800000,452800100,1337,2229,453000000,453000000
3,2265,453000000,453000100,1337,2229,453200000,453200000
3,2266,453200000,453200100,1337,2229,453400000,453400000
3,2267,453400000,453400100,1337,2229,453600000,453600000
3,2268,453600000,453600100,1337,2229,453800000,453800000
3,2269,453800000,453800100,1337,2229,454000000,454000000
3,2270,454000000,454000100,1337,2229,454200000,454200000
3,2271,454200000,454200100,1337,2229,454400000,454400000
3,2272,454400000,454400100,1337,2229,454600000,454600000
3,2273,454600000,454600100,1337,2229,454800000,454800000
3,2274,454800000,454800100,1337,2229,455000000,455000000
3,2275,455000000,455000100,1337,2229,455200000,455200000
3,2276,455200000,455200100,1337,2229,455400000,455400000
3,2277,455400000,455400100,1337,2229,455600000,455600000
3,2278,455600000,455600100,1337,2229,455800000,455800000
3,2279,455800000,455800100,1337,2229,456000000,456000000
3,2280,456000000,456000100,1337,2229,456200000,456200000
3,2281,456200000,456200100,1337,2229,456400000,456400000
3,2282,456400000,456400100,1337,2229,456600000,456600000
3,2283,456600000,456600100,1337,2229,456800000,456800000
3,2284,456800000,456800100,1337,2229,457000000,457000000
3,2285,457000000,457000100,1337,2229,457200000,457200000
3,2286,457200000,457200100,1337,2229,457400000,457400000
3,2287,457400000,457400100,1337,2229,457600000,457600000
3,2288,457600000,457600100,1337,2229,457800000,457800000
3,2289,457800000,457800100,1337,2229,458000000,458000000
3,2290,458000000,458000100,1337,2229,458200000,458200000
3,2291,458200000,458200100,1337,2229,458400000,458400000
3,2292,458400000,458400100,1337,2229,458600000,458600000
3,2293,458600000,458600100,1337,2229,458800000,458800000
3,2294,458800000,458800100,1337,2229,459000000,459000000
3,2295,459000000,459000100,1337,2229,459200000,459200000
3,2296,459200000,459200100,1337,2229,459400000,459400000
3,2297,459400000,459400100,1337,2229,459600000,459600000
3,2298,459600000,459600100,1337,2229,459800000,459800000
3,2299,459800000,459800100,1337,2229,460000000,460000000
3,2300,460000000,460000100,1337,2229,460200000,460200000
3,2301,460200000,460200100,1337,2229,460400000,460400000
3,2302,460400000,460400100,1337,2229,460600000,460600000
3,2303,460600000,460600100,1337,2229,460800000,460800000
3,2304,460800000,460800100,1337,2229,461000000,461000000
3,2305,461000000,461000100,1337,2229,461200000,461200000
3,2306,461200000,461200100,1337,2229,461400000,461400000
3,2307,461400000,461400100,1337,2229,461600000,461600000
3,2308,461600000,461600100,1337,2229,461800000,461800000
3,2309,461800000,461800100,1337,2229,462000000,462000000
3,2310,462000000,462000100,1337,2229,462200000,462200000
3,2311,462200000,462200100,1337,2229,462400000,462400000
3,2312,462400000,462400100,1337,2229,462600000,462600000
3,2313,462600000,462600100,1337,2229,462800000,462800000
3,2314,462800000,462800100,1337,2229,463000000,463000000
3,2315,463000000,463000100,1337,2229,463200000,463200000
3,2316,463200000,463200100,1337,2229,463400000,463400000
3,2317,463400000,463400100,1337,2229,463600000,463600000
3,2318,463600000,463600100,1337,2229,463800000,463800000
3,2319,463800000,463800100,1337,2229,464000000,464000000
3,2320,464000000,464000100,1337,2229,464200000,464200000
3,2321,464200000,464200100,1337,2229,464400000,464400000
3,2322,464400000,464400100,1337,2229,464600000,464600000
3,2323,464600000,464600100,1337,2229,464800000,464800000
3,2324,464800000,464800100,1337,2229,465000000,465000000
3,2325,465000000,465000100,1337,2229,465200000,465200000
3,2326,465200000,465200100,1337,2229,465400000,465400000
3,2327,465400000,465400100,1337,2229,465600000,465600000
3,2328,465600000,465600100,1337,2229,465800000,465800000
3,2329,465800000,465800100,1337,2229,466000000,466000000
3,2330,466000000,466000100,1337,2229,466200000,466200000
3,2331,466200000,466200100,1337,2229,466400000,466400000
3,2332,466400000,466400100,1337,2229,466600000,466600000
3,2333,466600000,466600100,1337,2229,466800000,466800000
3,2334,466800000,466800100,1337,2229,467000000,467000000
3,2335,467000000,467000100,1337,2229,467200000,467200000
3,2336,467200000,467200100,1337,2229,467400000,467400000
3,2337,467400000,467400100,1337,2229,467600000,467600000
3,2338,467600000,467600100,1337,2229,467800000,467800000
3,2339,467800000,467800100,1337,2229,468000000,468000000
3,2340,468000000,468000100,1337,2229,468200000,468200000
3,2341,468200000,468200100,1337,2229,468400000,468400000
3,2342,468400000,468400100,1337,2229,468600000,468600000
3,2343,468600000,468600100,1337,2229,468800000,468800000
3,2344,468800000,468800100,1337,2229,469000000,469000000
3,2345,469000000,469000100,1337,2229,469200000,469200000
3,2346,469200000,469200100,1337,2229,469400000,469400000
3,2347,469400000,469400100,1337,2229,469600000,469600000
3,2348,469600000,469600100,1337,2229,469800000,469800000
3,2349,469800000,469800100,1337,2229,470000000,470000000
3,2350,470000000,470000100,1337,2229,470200000,470200000
3,2351,470200000,470200100,1337,2229,470400000,470400000
3,2352,470400000,470400100,1337,2229,470600000,470600000
3,2353,470600000,470600100,1337,2229,470800000,470800000
3,2354,470800000,470800100,1337,2229,471000000,471000000
3,2355,471000000,471000100,1337,2229,471200000,471200000
3,2356,471200000,471200100,1337,2229,471400000,471400000
3,2357,471400000,471400100,1337,2229,471600000,471600000
3,2358,471600000,471600100,1337,2229,471800000,471800000
3,2359,471800000,471800100,1337,2229,472000000,472000000
3,2360,472000000,472000100,1337,2229,472200000,472200000
3,2361,472200000,472200100,1337,2229,472400000,472400000
3,2362,472400000,472400100,1337,2229,472600000,472600000
3,2363,472600000,472600100,1337,2229,472800000,472800000
3,2364,472800000,472800100,1337,2229,473000000,473000000
3,2365,473000000,473000100,1337,2229,473200000,473200000
3,2366,473200000,473200100,1337,2229,473400000,473400000
3,2367,473400000,473400100,1337,2229,473600000,473600000
3,2368,473600000,473600100,1337,2229,473800000,473800000
3,2369,473800000,473800100,1337,2229,474000000,474000000
3,2370,474000000,474000100,1337,2229,474200000,474200000
3,2371,474200000,474200100,1337,2229,474400000,474400000
3,2372,474400000,474400100,1337,2229,474600000,474600000
3,2373,474600000,474600100,1337,2229,474800000,474800000
3,2374,474800000,474800100,1337,2229,475000000,475000000
3,2375,475000000,475000100,1337,2229,475200000,475200000
3,2376,475200000,475200100,1337,2229,475400000,475400000
3,2377,475400000,475400100,1337,2229,475600000,475600000
3,2378,475600000,475600100,1337,2229,475800000,475800000
3,2379,475800000,475800100,1337,2229,476000000,476000000
3,2380,476000000,476000100,1337,2229,476200000,476200000
3,2381,476200000,476200100,1337,2229,476400000,476400000
3,2382,476400000,476400100,1337,2229,476600000,476600000
3,2383,476600000,476600100,1337,2229,476800000,476800000
3,2384,476800000,476800100,1337,2229,477000000,477000000
3,2385,477000000,477000100,1337,2229,477200000,477200000
3,2386,477200000,477200100,1337,2229,477400000,477400000
3,2387,477400000,477400100,1337,2229,477600000,477600000
3,2388,477600000,477600100,1337,2229,477800000,477800000
3,2389,477800000,477800100,1337,2229,478000000,478000000
3,2390,478000000,478000100,1337,2229,478200000,478200000
3,2391,478200000,478200100,1337,2229,478400000,478400000
3,2392,478400000,478400100,1337,2229,478600000,478600000
3,2393,478600000,478600100,1337,2229,478800000,478800000
3,2394,478800000,478800100,1337,2229,479000000,479000000
3,2395,479000000,479000100,1337,2229,479200000,479200000
3,2396,479200000,479200100,1337,2229,479400000,479400000
3,2397,479400000,479400100,1337,2229,479600000,479600000
3,2398,479600000,479600100,1337,2229,479800000,479800000
3,2399,479800000,479800100,1337,2229,480000000,480000000
3,2400,480000000,480000100,1337,2229,480200000,480200000
3,2401,480200000,480200100,1337,2229,480400000,480400000
3,2402,480400000,480400100,1337,2229,480600000,480600000
3,2403,480600000,480600100,1337,2229,480800000,480800000
3,2404,480800000,480800100,1337,2229,481000000,481000000
3,2405,481000000,481000100,1337,2229,481200000,481200000
3,2406,481200000,481200100,1337,2229,481400000,481400000
3,2407,481400000,481400100,1337,2229,481600000,481600000
3,2408,481600000,481600100,1337,2229,481800000,481800000
3,2409,481800000,481800100,1337,2229,482000000,482000000
3,2410,482000000,482000100,1337,2229,482200000,482200000
3,2411,482200000,482200100,1337,2229,482400000,482400000
3,2412,482400000,482400100,1337,2229,482600000,482600000
3,2413,482600000,482600100,1337,2229,482800000,482800000
3,2414,482800000,482800100,1337,2229,483000000,483000000
3,2415,483000000,483000100,1337,2229,483200000,483200000
3,2416,483200000,483200100,1337,2229,483400000,483400000
3,2417,483400000,483400100,1337,2229,483600000,483600000
3,2418,483600000,483600100,1337,2229,483800000,483800000
3,2419,483800000,483800100,1337,2229,484000000,484000000
3,2420,484000000,484000100,1337,2229,484200000,484200000
3,2421,484200000,484200100,1337,2229,484400000,484400000
3,2422,484400000,484400100,1337,2229,484600000,484600000
3,2423,484600000,484600100,1337,2229,484800000,484800000
3,2424,484800000,484800100,1337,2229,485000000,485000000
3,2425,485000000,485000100,1337,2229,485200000,485200000
3,2426,485200000,485200100,1337,2229,485400000,485400000
3,2427,485400000,485400100,1337,2229,485600000,485600000
3,2428,485600000,485600100,1337,2229,485800000,485800000
3,2429,485800000,485800100,1337,2229,486000000,486000000
3,2430,486000000,486000100,1337,2229,486200000,486200000
3,2431,486200000,486200100,1337,2229,486400000,486400000
3,2432,486400000,486400100,1337,2229,486600000,486600000
3,2433,486600000,486600100,1337,2229,486800000,486800000
3,2434,486800000,486800100,1337,2229,487000000,487000000
3,2435,487000000,487000100,1337,2229,487200000,487200000
3,2436,487200000,487200100,1337,2229,487400000,487400000
3,2437,487400000,487400100,1337,2229,487600000,487600000
3,2438,487600000,487600100,1337,2229,487800000,487800000
3,2439,487800000,487800100,1337,2229,488000000,488000000
3,2440,488000000,488000100,1337,2229,488200000,488200000
3,2441,488200000,488200100,1337,2229,488400000,488400000
3,2442,488400000,488400100,1337,2229,488600000,488600000
3,2443,488600000,488600100,1337,2229,488800000,488800000
3,2444,488800000,488800100,1337,2229,489000000,489000000
3,2445,489000000,489000100,1337,2229,489200000,489200000
3,2446,489200000,489200100,1337,2229,489400000,489400000
3,2447,489400000,489400100,1337,2229,489600000,489600000
3,2448,489600000,489600100,1337,2229,489800000,489800000
3,2449,489800000,489800100,1337,2229,490000000,490000000
3,2450,490000000,490000100,1337,2229,490200000,490200000
3,2451,490200000,490200100,1337,2229,490400000,490400000
3,2452,490400000,490400100,1337,2229,490600000,490600000
3,2453,490600000,490600100,1337,2229,490800000,490800000
3,2454,490800000,490800100,1337,2229,491000000,491000000
3,2455,491000000,491000100,1337,2229,491200000,491200000
3,2456,491200000,491200100,1337,2229,491400000,491400000
3,2457,491400000,491400100,1337,2229,491600000,491600000
3,2458,491600000,491600100,1337,2229,491800000,491800000
3,2459,491800000,491800100,1337,2229,492000000,492000000
3,2460,492000000,492000100,1337,2229,492200000,492200000
3,2461,492200000,492200100,1337,2229,492400000,492400000
3,2462,492400000,492400100,1337,2229,492600000,492600000
3,2463,492600000,492600100,1337,2229,492800000,492800000
3,2464,492800000,492800100,1337,2229,493000000,493000000
3,2465,493000000,493000100,1337,2229,493200000,493200000
3,2466,493200000,493200100,1337,2229,493400000,493400000
3,2467,493400000,493400100,1337,2229,493600000,493600000
3,2468,493600000,493600100,1337,2229,493800000,493800000
3,2469,493800000,493800100,1337,2229,494000000,494000000
3,2470,494000000,494000100,1337,2229,494200000,494200000
3,2471,494200000,494200100,1337,2229,494400000,494400000
3,2472,494400000,494400100,1337,2229,494600000,494600000
3,2473,494600000,494600100,1337,2229,494800000,494800000
3,2474,494800000,494800100,1337,2229,495000000,495000000
3,2475,495000000,495000100,1337,2229,495200000,495200000
3,2476,495200000,495200100,1337,2229,495400000,495400000
3,2477,495400000,495400100,1337,2229,495600000,495600000
3,2478,495600000,495600100,1337,2229,495800000,495800000
3,2479,495800000,495800100,1337,2229,496000000,496000000
3,2480,496000000,496000100,1337,2229,496200000,496200000
3,2481,496200000,496200100,1337,2229,496400000,496400000
3,2482,496400000,496400100,1337,2229,496600000,496600000
3,2483,496600000,496600100,1337,2229,496800000,496800000
3,2484,496800000,496800100,1337,2229,497000000,497000000
3,2485,497000000,497000100,1337,2229,497200000,497200000
3,2486,497200000,497200100,1337,2229,497400000,497400000
3,2487,497400000,497400100,1337,2229,497600000,497600000
3,2488,497600000,497600100,1337,2229,497800000,497800000
3,2489,497800000,497800100,1337,2229,498000000,498000000
3,2490,498000000,498000100,1337,2229,498200000,498200000
3,2491,498200000,498200100,1337,2229,498400000,498400000
3,2492,498400000,498400100,1337,2229,498600000,498600000
3,2493,498600000,498600100,1337,2229,498800000,498800000
3,2494,498800000,498800100,1337,2229,499000000,499000000
3,2495,499000000,499000100,1337,2229,499200000,499200000
3,2496,499200000,499200100,1337,2229,499400000,499400000
3,2497,499400000,499400100,1337,2229,499600000,499600000
3,2498,499600000,499600100,1337,2229,499800000,499800000
3,2499,499800000,499800100,1337,2229,500000000,500000000
3,2500,500000000,500000100,1337,2229,500200000,500200000
3,2501,500200000,500200100,1337,2229,500400000,500400000
3,2502,500400000,500400100,1337,2229,500600000,500600000
3,2503,500600000,500600100,1337,2229,500800000,500800000
3,2504,500800000,500800100,1337,2229,501000000,501000000
3,2505,501000000,501000100,1337,2229,501200000,501200000
3,2506,501200000,501200100,1337,2229,501400000,501400000
3,2507,501400000,501400100,1337,2229,501600000,501600000
3,2508,501600000,501600100,1337,2229,501800000,501800000
3,2509,501800000,501800100,1337,2229,502000000,502000000
3,2510,502000000,502000100,1337,2229,502200000,502200000
3,2511,502200000,502200100,1337,2229,502400000,502400000
3,2512,502400000,502400100,1337,2229,502600000,502600000
3,2513,502600000,502600100,1337,2229,502800000,502800000
3,2514,502800000,502800100,1337,2229,503000000,503000000
3,2515,503000000,503000100,1337,2229,503200000,503200000
3,2516,503200000,503200100,1337,2229,503400000,503400000
3,2517,503400000,503400100,1337,2229,503600000,503600000
3,2518,503600000,503600100,1337,2229,503800000,503800000
3,2519,503800000,503800100,1337,2229,504000000,504000000
3,2520,504000000,504000100,1337,2229,504200000,504200000
3,2521,504200000,504200100,1337,2229,504400000,504400000
3,2522,504400000,504400100,1337,2229,504600000,504600000
3,2523,504600000,504600100,1337,2229,504800000,504800000
3,2524,504800000,504800100,1337,2229,505000000,505000000
3,2525,505000000,505000100,1337,2229,505200000,505200000
3,2526,505200000,505200100,1337,2229,505400000,505400000
3,2527,505400000,505400100,1337,2229,505600000,505600000
3,2528,505600000,505600100,1337,2229,505800000,505800000
3,2529,505800000,505800100,1337,2229,506000000,506000000
3,2530,506000000,506000100,1337,2229,506200000,506200000
3,2531,506200000,506200100,1337,2229,506400000,506400000
3,2532,506400000,506400100,1337,2229,506600000,506600000
3,2533,506600000,506600100,1337,2229,506800000,506800000
3,2534,506800000,506800100,1337,2229,507000000,507000000
3,2535,507000000,507000100,1337,2229,507200000,507200000
3,2536,507200000,507200100,1337,2229,507400000,507400000
3,2537,507400000,507400100,1337,2229,507600000,507600000
3,2538,507600000,507600100,1337,2229,507800000,507800000
3,2539,507800000,507800100,1337,2229,508000000,508000000
3,2540,508000000,508000100,1337,2229,508200000,508200000
3,2541,508200000,508200100,1337,2229,508400000,508400000
3,2542,508400000,508400100,1337,2229,508600000,508600000
3,2543,508600000,508600100,1337,2229,508800000,508800000
3,2544,508800000,508800100,1337,2229,509000000,509000000
3,2545,509000000,509000100,1337,2229,509200000,509200000
3,2546,509200000,509200100,1337,2229,509400000,509400000
3,2547,509400000,509400100,1337,2229,509600000,509600000
3,2548,509600000,509600100,1337,2229,509800000,509800000
3,2549,509800000,509800100,1337,2229,510000000,510000000
3,2550,510000000,510000100,1337,2229,510200000,510200000
3,2551,510200000,510200100,1337,2229,510400000,510400000
3,2552,510400000,510400100,1337,2229,510600000,510600000
3,2553,510600000,510600100,1337,2229,510800000,510800000
3,2554,510800000,510800100,1337,2229,511000000,511000000
3,2555,511000000,511000100,1337,2229,511200000,511200000
3,2556,511200000,511200100,1337,2229,511400000,511400000
3,2557,511400000,511400100,1337,2229,511600000,511600000
3,2558,511600000,511600100,1337,2229,511800000,511800000
3,2559,511800000,511800100,1337,2229,512000000,512000000
3,2560,512000000,512000100,1337,2229,512200000,512200000
3,2561,512200000,512200100,1337,2229,512400000,512400000
3,2562,512400000,512400100,1337,2229,512600000,512600000
3,2563,512600000,512600100,1337,2229,512800000,512800000
3,2564,512800000,512800100,1337,2229,513000000,513000000
3,2565,513000000,513000100,1337,2229,513200000,513200000
3,2566,513200000,513200100,1337,2229,513400000,513400000
3,2567,513400000,513400100,1337,2229,513600000,513600000
3,2568,513600000,513600100,1337,2229,513800000,513800000
3,2569,513800000,513800100,1337,2229,514000000,514000000
3,2570,514000000,514000100,1337,2229,514200000,514200000
3,2571,514200000,514200100,1337,2229,514400000,514400000
3,2572,514400000,514400100,1337,2229,514600000,514600000
3,2573,514600000,514600100,1337,2229,514800000,514800000
3,2574,514800000,514800100,1337,2229,515000000,515000000
3,2575,515000000,515000100,1337,2229,515200000,515200000
3,2576,515200000,515200100,1337,2229,515400000,515400000
3,2577,515400000,515400100,1337,2229,515600000,515600000
3,2578,515600000,515600100,1337,2229,515800000,515800000
3,2579,515800000,515800100,1337,2229,516000000,516000000
3,2580,516000000,516000100,1337,2229,516200000,516200000
3,2581,516200000,516200100,1337,2229,516400000,516400000
3,2582,516400000,516400100,1337,2229,516600000,516600000
3,2583,516600000,516600100,1337,2229,516800000,516800000
3,2584,516800000,516800100,1337,2229,517000000,517000000
3,2585,517000000,517000100,1337,2229,517200000,517200000
3,2586,517200000,517200100,1337,2229,517400000,517400000
3,2587,517400000,517400100,1337,2229,517600000,517600000
3,2588,517600000,517600100,1337,2229,517800000,517800000
3,2589,517800000,517800100,1337,2229,518000000,518000000
3,2590,518000000,518000100,1337,2229,518200000,518200000
3,2591,518200000,518200100,1337,2229,518400000,518400000
3,2592,518400000,518400100,1337,2229,518600000,518600000
3,2593,518600000,518600100,1337,2229,518800000,518800000
3,2594,518800000,518800100,1337,2229,519000000,519000000
3,2595,519000000,519000100,1337,2229,519200000,519200000
3,2596,519200000,519200100,1337,2229,519400000,519400000
3,2597,519400000,519400100,1337,2229,519600000,519600000
3,2598,519600000,519600100,1337,2229,519800000,519800000
3,2599,519800000,519800100,1337,2229,520000000,520000000
3,2600,520000000,520000100,1337,2229,520200000,520200000
3,2601,520200000,520200100,1337,2229,520400000,520400000
3,2602,520400000,520400100,1337,2229,520600000,520600000
3,2603,520600000,520600100,1337,2229,520800000,520800000
3,2604,520800000,520800100,1337,2229,521000000,521000000
3,2605,521000000,521000100,1337,2229,521200000,521200000
3,2606,521200000,521200100,1337,2229,521400000,521400000
3,2607,521400000,521400100,1337,2229,521600000,521600000
3,2608,521600000,521600100,1337,2229,521800000,521800000
3,2609,521800000,521800100,1337,2229,522000000,522000000
3,2610,522000000,522000100,1337,2229,522200000,522200000
3,2611,522200000,522200100,1337,2229,522400000,522400000
3,2612,522400000,522400100,1337,2229,522600000,522600000
3,2613,522600000,522600100,1337,2229,522800000,522800000
3,2614,522800000,522800100,1337,2229,523000000,523000000
3,2615,523000000,523000100,1337,2229,523200000,523200000
3,2616,523200000,523200100,1337,2229,523400000,523400000
3,2617,523400000,523400100,1337,2229,523600000,523600000
3,2618,523600000,523600100,1337,2229,523800000,523800000
3,2619,523800000,523800100,1337,2229,524000000,524000000
3,2620,524000000,524000100,1337,2229,524200000,524200000
3,2621,524200000,524200100,1337,2229,524400000,524400000
3,2622,524400000,524400100,1337,2229,524600000,524600000
3,2623,524600000,524600100,1337,2229,524800000,524800000
3,2624,524800000,524800100,1337,2229,525000000,525000000
3,2625,525000000,525000100,1337,2229,525200000,525200000
3,2626,525200000,525200100,1337,2229,525400000,525400000
3,2627,525400000,525400100,1337,2229,525600000,525600000
3,2628,525600000,525600100,1337,2229,525800000,525800000
3,2629,525800000,525800100,1337,2229,526000000,526000000
3,2630,526000000,526000100,1337,2229,526200000,526200000
3,2631,526200000,526200100,1337,2229,526400000,526400000
3,2632,526400000,526400100,1337,2229,526600000,526600000
3,2633,526600000,526600100,1337,2229,526800000,526800000
3,2634,526800000,526800100,1337,2229,527000000,527000000
3,2635,527000000,527000100,1337,2229,527200000,527200000
3,2636,527200000,527200100,1337,2229,527400000,527400000
3,2637,527400000,527400100,1337,2229,527600000,527600000
3,2638,527600000,527600100,1337,2229,527800000,527800000
3,2639,527800000,527800100,1337,2229,528000000,528000000
3,2640,528000000,528000100,1337,2229,528200000,528200000
3,2641,528200000,528200100,1337,2229,528400000,528400000
3,2642,528400000,528400100,1337,2229,528600000,528600000
3,2643,528600000,528600100,1337,2229,528800000,528800000
3,2644,528800000,528800100,1337,2229,529000000,529000000
3,2645,529000000,529000100,1337,2229,529200000,529200000
3,2646,529200000,529200100,1337,2229,529400000,529400000
3,2647,529400000,529400100,1337,2229,529600000,529600000
3,2648,529600000,529600100,1337,2229,529800000,529800000
3,2649,529800000,529800100,1337,2229,530000000,530000000
3,2650,530000000,530000100,1337,2229,530200000,530200000
3,2651,530200000,530200100,1337,2229,530400000,530400000
3,2652,530400000,530400100,1337,2229,530600000,530600000
3,2653,530600000,530600100,1337,2229,530800000,530800000
3,2654,530800000,530800100,1337,2229,531000000,531000000
3,2655,531000000,531000100,1337,2229,531200000,531200000
3,2656,531200000,531200100,1337,2229,531400000,531400000
3,2657,531400000,531400100,1337,2229,531600000,531600000
3,2658,531600000,531600100,1337,2229,531800000,531800000
3,2659,531800000,531800100,1337,2229,532000000,532000000
3,2660,532000000,532000100,1337,2229,532200000,532200000
3,2661,532200000,532200100,1337,2229,532400000,532400000
3,2662,532400000,532400100,1337,2229,532600000,532600000
3,2663,532600000,532600100,1337,2229,532800000,532800000
3,2664,532800000,532800100,1337,2229,533000000,533000000
3,2665,533000000,533000100,1337,2229,533200000,533200000
3,2666,533200000,533200100,1337,2229,533400000,533400000
3,2667,533400000,533400100,1337,2229,533600000,533600000
3,2668,533600000,533600100,1337,2229,533800000,533800000
3,2669,533800000,533800100,1337,2229,534000000,534000000
3,2670,534000000,534000100,1337,2229,534200000,534200000
3,2671,534200000,534200100,1337,2229,534400000,534400000
3,2672,534400000,534400100,1337,2229,534600000,534600000
3,2673,534600000,534600100,1337,2229,534800000,534800000
3,2674,534800000,534800100,1337,2229,535000000,535000000
3,2675,535000000,535000100,1337,2229,535200000,535200000
3,2676,535200000,535200100,1337,2229,535400000,535400000
3,2677,535400000,535400100,1337,2229,535600000,535600000
3,2678,535600000,535600100,1337,2229,535800000,535800000
3,2679,535800000,535800100,1337,2229,536000000,536000000
3,2680,536000000,536000100,1337,2229,536200000,536200000
3,2681,536200000,536200100,1337,2229,536400000,536400000
3,2682,536400000,536400100,1337,2229,536600000,536600000
3,2683,536600000,536600100,1337,2229,536800000,536800000
3,2684,536800000,536800100,1337,2229,537000000,537000000
3,2685,537000000,537000100,1337,2229,537200000,537200000
3,2686,537200000,537200100,1337,2229,537400000,537400000
3,2687,537400000,537400100,1337,2229,537600000,537600000
3,2688,537600000,537600100,1337,2229,537800000,537800000
3,2689,537800000,537800100,1337,2229,538000000,538000000
3,2690,538000000,538000100,1337,2229,538200000,538200000
3,2691,538200000,538200100,1337,2229,538400000,538400000
3,2692,538400000,538400100,1337,2229,538600000,538600000
3,2693,538600000,538600100,1337,2229,538800000,538800000
3,2694,538800000,538800100,1337,2229,539000000,539000000
3,2695,539000000,539000100,1337,2229,539200000,539200000
3,2696,539200000,539200100,1337,2229,539400000,539400000
3,2697,539400000,539400100,1337,2229,539600000,539600000
3,2698,539600000,539600100,1337,2229,539800000,539800000
3,2699,539800000,539800100,1337,2229,540000000,540000000
3,2700,540000000,540000100,1337,2229,540200000,540200000
3,2701,540200000,540200100,1337,2229,540400000,540400000
3,2702,540400000,540400100,1337,2229,540600000,540600000
3,2703,540600000,540600100,1337,2229,540800000,540800000
3,2704,540800000,540800100,1337,2229,541000000,541000000
3,2705,541000000,541000100,1337,2229,541200000,541200000
3,2706,541200000,541200100,1337,2229,541400000,541400000
3,2707,541400000,541400100,1337,2229,541600000,541600000
3,2708,541600000,541600100,1337,2229,541800000,541800000
3,2709,541800000,541800100,1337,2229,542000000,542000000
3,2710,542000000,542000100,1337,2229,542200000,542200000
3,2711,542200000,542200100,1337,2229,542400000,542400000
3,2712,542400000,542400100,1337,2229,542600000,542600000
3,2713,542600000,542600100,1337,2229,542800000,542800000
3,2714,542800000,542800100,1337,2229,543000000,543000000
3,2715,543000000,543000100,1337,2229,543200000,543200000
3,2716,543200000,543200100,1337,2229,543400000,543400000
3,2717,543400000,543400100,1337,2229,543600000,543600000
3,2718,543600000,543600100,1337,2229,543800000,543800000
3,2719,543800000,543800100,1337,2229,544000000,544000000
3,2720,544000000,544000100,1337,2229,544200000,544200000
3,2721,544200000,544200100,1337,2229,544400000,544400000
3,2722,544400000,544400100,1337,2229,544600000,544600000
3,2723,544600000,544600100,1337,2229,544800000,544800000
3,2724,544800000,544800100,1337,2229,545000000,545000000
3,2725,545000000,545000100,1337,2229,545200000,545200000
3,2726,545200000,545200100,1337,2229,545400000,545400000
3,2727,545400000,545400100,1337,2229,545600000,545600000
3,2728,545600000,545600100,1337,2229,545800000,545800000
3,2729,545800000,545800100,1337,2229,546000000,546000000
3,2730,546000000,546000100,1337,2229,546200000,546200000
3,2731,546200000,546200100,1337,2229,546400000,546400000
3,2732,546400000,546400100,1337,2229,546600000,546600000
3,2733,546600000,546600100,1337,2229,546800000,546800000
3,2734,546800000,546800100,1337,2229,547000000,547000000
3,2735,547000000,547000100,1337,2229,547200000,547200000
3,2736,547200000,547200100,1337,2229,547400000,547400000
3,2737,547400000,547400100,1337,2229,547600000,547600000
3,2738,547600000,547600100,1337,2229,547800000,547800000
3,2739,547800000,547800100,1337,2229,548000000,548000000
3,2740,548000000,548000100,1337,2229,548200000,548200000
3,2741,548200000,548200100,1337,2229,548400000,548400000
3,2742,548400000,548400100,1337,2229,548600000,548600000
3,2743,548600000,548600100,1337,2229,548800000,548800000
3,2744,548800000,548800100,1337,2229,549000000,549000000
3,2745,549000000,549000100,1337,2229,549200000,549200000
3,2746,549200000,549200100,1337,2229,549400000,549400000
3,2747,549400000,549400100,1337,2229,549600000,549600000
3,2748,549600000,549600100,1337,2229,549800000,549800000
3,2749,549800000,549800100,1337,2229,550000000,550000000
3,2750,550000000,550000100,1337,2229,550200000,550200000
3,2751,550200000,550200100,1337,2229,550400000,550400000
3,2752,550400000,550400100,1337,2229,550600000,550600000
3,2753,550600000,550600100,1337,2229,550800000,550800000
3,2754,550800000,550800100,1337,2229,551000000,551000000
3,2755,551000000,551000100,1337,2229,551200000,551200000
3,2756,551200000,551200100,1337,2229,551400000,551400000
3,2757,551400000,551400100,1337,2229,551600000,551600000
3,2758,551600000,551600100,1337,2229,551800000,551800000
3,2759,551800000,551800100,1337,2229,552000000,552000000
3,2760,552000000,552000100,1337,2229,552200000,552200000
3,2761,552200000,552200100,1337,2229,552400000,552400000
3,2762,552400000,552400100,1337,2229,552600000,552600000
3,2763,552600000,552600100,1337,2229,552800000,552800000
3,2764,552800000,552800100,1337,2229,553000000,553000000
3,2765,553000000,553000100,1337,2229,553200000,553200000
3,2766,553200000,553200100,1337,2229,553400000,553400000
3,2767,553400000,553400100,1337,2229,553600000,553600000
3,2768,553600000,553600100,1337,2229,553800000,553800000
3,2769,553800000,553800100,1337,2229,554000000,554000000
3,2770,554000000,554000100,1337,2229,554200000,554200000
3,2771,554200000,554200100,1337,2229,554400000,554400000
3,2772,554400000,554400100,1337,2229,554600000,554600000
3,2773,554600000,554600100,1337,2229,554800000,554800000
3,2774,554800000,554800100,1337,2229,555000000,555000000
3,2775,555000000,555000100,1337,2229,555200000,555200000
3,2776,555200000,555200100,1337,2229,555400000,555400000
3,2777,555400000,555400100,1337,2229,555600000,555600000
3,2778,555600000,555600100,1337,2229,555800000,555800000
3,2779,555800000,555800100,1337,2229,556000000,556000000
3,2780,556000000,556000100,1337,2229,556200000,556200000
3,2781,556200000,556200100,1337,2229,556400000,556400000
3,2782,556400000,556400100,1337,2229,556600000,556600000
3,2783,556600000,556600100,1337,2229,556800000,556800000
3,2784,556800000,556800100,1337,2229,557000000,557000000
3,2785,557000000,557000100,1337,2229,557200000,557200000
3,2786,557200000,557200100,1337,2229,557400000,557400000
3,2787,557400000,557400100,1337,2229,557600000,557600000
3,2788,557600000,557600100,1337,2229,557800000,557800000
3,2789,557800000,557800100,1337,2229,558000000,558000000
3,2790,558000000,558000100,1337,2229,558200000,558200000
3,2791,558200000,558200100,1337,2229,558400000,558400000
3,2792,558400000,558400100,1337,2229,558600000,558600000
3,2793,558600000,558600100,1337,2229,558800000,558800000
3,2794,558800000,558800100,1337,2229,559000000,559000000
3,2795,559000000,559000100,1337,2229,559200000,559200000
3,2796,559200000,559200100,1337,2229,559400000,559400000
3,2797,559400000,559400100,1337,2229,559600000,559600000
3,2798,559600000,559600100,1337,2229,559800000,559800000
3,2799,559800000,559800100,1337,2229,560000000,560000000
3,2800,560000000,560000100,1337,2229,560200000,560200000
3,2801,560200000,560200100,1337,2229,560400000,560400000
3,2802,560400000,560400100,1337,2229,560600000,560600000
3,2803,560600000,560600100,1337,2229,560800000,560800000
3,2804,560800000,560800100,1337,2229,561000000,561000000
3,2805,561000000,561000100,1337,2229,561200000,561200000
3,2806,561200000,561200100,1337,2229,561400000,561400000
3,2807,561400000,561400100,1337,2229,561600000,561600000
3,2808,561600000,561600100,1337,2229,561800000,561800000
3,2809,561800000,561800100,1337,2229,562000000,562000000
3,2810,562000000,562000100,1337,2229,562200000,562200000
3,2811,562200000,562200100,1337,2229,562400000,562400000
3,2812,562400000,562400100,1337,2229,562600000,562600000
3,2813,562600000,562600100,1337,2229,562800000,562800000
3,2814,562800000,562800100,1337,2229,563000000,563000000
3,2815,563000000,563000100,1337,2229,563200000,563200000
3,2816,563200000,563200100,1337,2229,563400000,563400000
3,2817,563400000,563400100,1337,2229,563600000,563600000
3,2818,563600000,563600100,1337,2229,563800000,563800000
3,2819,563800000,563800100,1337,2229,564000000,564000000
3,2820,564000000,564000100,1337,2229,564200000,564200000
3,2821,564200000,564200100,1337,2229,564400000,564400000
3,2822,564400000,564400100,1337,2229,564600000,564600000
3,2823,564600000,564600100,1337,2229,564800000,564800000
3,2824,564800000,564800100,1337,2229,565000000,565000000
3,2825,565000000,565000100,1337,2229,565200000,565200000
3,2826,565200000,565200100,1337,2229,565400000,565400000
3,2827,565400000,565400100,1337,2229,565600000,565600000
3,2828,565600000,565600100,1337,2229,565800000,565800000
3,2829,565800000,565800100,1337,2229,566000000,566000000
3,2830,566000000,566000100,1337,2229,566200000,566200000
3,2831,566200000,566200100,1337,2229,566400000,566400000
3,2832,566400000,566400100,1337,2229,566600000,566600000
3,2833,566600000,566600100,1337,2229,566800000,566800000
3,2834,566800000,566800100,1337,2229,567000000,567000000
3,2835,567000000,567000100,1337,2229,567200000,567200000
3,2836,567200000,567200100,1337,2229,567400000,567400000
3,2837,567400000,567400100,1337,2229,567600000,567600000
3,2838,567600000,567600100,1337,2229,567800000,567800000
3,2839,567800000,567800100,1337,2229,568000000,568000000
3,2840,568000000,568000100,1337,2229,568200000,568200000
3,2841,568200000,568200100,1337,2229,568400000,568400000
3,2842,568400000,568400100,1337,2229,568600000,568600000
3,2843,568600000,568600100,1337,2229,568800000,568800000
3,2844,568800000,568800100,1337,2229,569000000,569000000
3,2845,569000000,569000100,1337,2229,569200000,569200000
3,2846,569200000,569200100,1337,2229,569400000,569400000
3,2847,569400000,569400100,1337,2229,569600000,569600000
3,2848,569600000,569600100,1337,2229,569800000,569800000
3,2849,569800000,569800100,1337,2229,570000000,570000000
3,2850,570000000,570000100,1337,2229,570200000,570200000
3,2851,570200000,570200100,1337,2229,570400000,570400000
3,2852,570400000,570400100,1337,2229,570600000,570600000
3,2853,570600000,570600100,1337,2229,570800000,570800000
3,2854,570800000,570800100,1337,2229,571000000,571000000
3,2855,571000000,571000100,1337,2229,571200000,571200000
3,2856,571200000,571200100,1337,2229,571400000,571400000
3,2857,571400000,571400100,1337,2229,571600000,571600000
3,2858,571600000,571600100,1337,2229,571800000,571800000
3,2859,571800000,571800100,1337,2229,572000000,572000000
3,2860,572000000,572000100,1337,2229,572200000,572200000
3,2861,572200000,572200100,1337,2229,572400000,572400000
3,2862,572400000,572400100,1337,2229,572600000,572600000
3,2863,572600000,572600100,1337,2229,572800000,572800000
3,2864,572800000,572800100,1337,2229,573000000,573000000
3,2865,573000000,573000100,1337,2229,573200000,573200000
3,2866,573200000,573200100,1337,2229,573400000,573400000
3,2867,573400000,573400100,1337,2229,573600000,573600000
3,2868,573600000,573600100,1337,2229,573800000,573800000
3,2869,573800000,573800100,1337,2229,574000000,574000000
3,2870,574000000,574000100,1337,2229,574200000,574200000
3,2871,574200000,574200100,1337,2229,574400000,574400000
3,2872,574400000,574400100,1337,2229,574600000,574600000
3,2873,574600000,574600100,1337,2229,574800000,574800000
3,2874,574800000,574800100,1337,2229,575000000,575000000
3,2875,575000000,575000100,1337,2229,575200000,575200000
3,2876,575200000,575200100,1337,2229,575400000,575400000
3,2877,575400000,575400100,1337,2229,575600000,575600000
3,2878,575600000,575600100,1337,2229,575800000,575800000
3,2879,575800000,575800100,1337,2229,576000000,576000000
3,2880,576000000,576000100,1337,2229,576200000,576200000
3,2881,576200000,576200100,1337,2229,576400000,576400000
3,2882,576400000,576400100,1337,2229,576600000,576600000
3,2883,576600000,576600100,1337,2229,576800000,576800000
3,2884,576800000,576800100,1337,2229,577000000,577000000
3,2885,577000000,577000100,1337,2229,577200000,577200000
3,2886,577200000,577200100,1337,2229,577400000,577400000
3,2887,577400000,577400100,1337,2229,577600000,577600000
3,2888,577600000,577600100,1337,2229,577800000,577800000
3,2889,577800000,577800100,1337,2229,578000000,578000000
3,2890,578000000,578000100,1337,2229,578200000,578200000
3,2891,578200000,578200100,1337,2229,578400000,578400000
3,2892,578400000,578400100,1337,2229,578600000,578600000
3,2893,578600000,578600100,1337,2229,578800000,578800000
3,2894,578800000,578800100,1337,2229,579000000,579000000
3,2895,579000000,579000100,1337,2229,579200000,579200000
3,2896,579200000,579200100,1337,2229,579400000,579400000
3,2897,579400000,579400100,1337,2229,579600000,579600000
3,2898,579600000,579600100,1337,2229,579800000,579800000
3,2899,579800000,579800100,1337,2229,580000000,580000000
3,2900,580000000,580000100,1337,2229,580200000,580200000
3,2901,580200000,580200100,1337,2229,580400000,580400000
3,2902,580400000,580400100,1337,2229,580600000,580600000
3,2903,580600000,580600100,1337,2229,580800000,580800000
3,2904,580800000,580800100,1337,2229,581000000,581000000
3,2905,581000000,581000100,1337,2229,581200000,581200000
3,2906,581200000,581200100,1337,2229,581400000,581400000
3,2907,581400000,581400100,1337,2229,581600000,581600000
3,2908,581600000,581600100,1337,2229,581800000,581800000
3,2909,581800000,581800100,1337,2229,582000000,582000000
3,2910,582000000,582000100,1337,2229,582200000,582200000
3,2911,582200000,582200100,1337,2229,582400000,582400000
3,2912,582400000,582400100,1337,2229,582600000,582600000
3,2913,582600000,582600100,1337,2229,582800000,582800000
3,2914,582800000,582800100,1337,2229,583000000,583000000
3,2915,583000000,583000100,1337,2229,583200000,583200000
3,2916,583200000,583200100,1337,2229,583400000,583400000
3,2917,583400000,583400100,1337,2229,583600000,583600000
3,2918,583600000,583600100,1337,2229,583800000,583800000
3,2919,583800000,583800100,1337,2229,584000000,584000000
3,2920,584000000,584000100,1337,2229,584200000,584200000
3,2921,584200000,584200100,1337,2229,584400000,584400000
3,2922,584400000,584400100,1337,2229,584600000,584600000
3,2923,584600000,584600100,1337,2229,584800000,584800000
3,2924,584800000,584800100,1337,2229,585000000,585000000
3,2925,585000000,585000100,1337,2229,585200000,585200000
3,2926,585200000,585200100,1337,2229,585400000,585400000
3,2927,585400000,585400100,1337,2229,585600000,585600000
3,2928,585600000,585600100,1337,2229,585800000,585800000
3,2929,585800000,585800100,1337,2229,586000000,586000000
3,2930,586000000,586000100,1337,2229,586200000,586200000
3,2931,586200000,586200100,1337,2229,586400000,586400000
3,2932,586400000,586400100,1337,2229,586600000,586600000
3,2933,586600000,586600100,1337,2229,586800000,586800000
3,2934,586800000,586800100,1337,2229,587000000,587000000
3,2935,587000000,587000100,1337,2229,587200000,587200000
3,2936,587200000,587200100,1337,2229,587400000,587400000
3,2937,587400000,587400100,1337,2229,587600000,587600000
3,2938,587600000,587600100,1337,2229,587800000,587800000
3,2939,587800000,587800100,1337,2229,588000000,588000000
3,2940,588000000,588000100,1337,2229,588200000,588200000
3,2941,588200000,588200100,1337,2229,588400000,588400000
3,2942,588400000,588400100,1337,2229,588600000,588600000
3,2943,588600000,588600100,1337,2229,588800000,588800000
3,2944,588800000,588800100,1337,2229,589000000,589000000
3,2945,589000000,589000100,1337,2229,589200000,589200000
3,2946,589200000,589200100,1337,2229,589400000,589400000
3,2947,589400000,589400100,1337,2229,589600000,589600000
3,2948,589600000,589600100,1337,2229,589800000,589800000
3,2949,589800000,589800100,1337,2229,590000000,590000000
3,2950,590000000,590000100,1337,2229,590200000,590200000
3,2951,590200000,590200100,1337,2229,590400000,590400000
3,2952,590400000,590400100,1337,2229,590600000,590600000
3,2953,590600000,590600100,1337,2229,590800000,590800000
3,2954,590800000,590800100,1337,2229,591000000,591000000
3,2955,591000000,591000100,1337,2229,591200000,591200000
3,2956,591200000,591200100,1337,2229,591400000,591400000
3,2957,591400000,591400100,1337,2229,591600000,591600000
3,2958,591600000,591600100,1337,2229,591800000,591800000
3,2959,591800000,591800100,1337,2229,592000000,592000000
3,2960,592000000,592000100,1337,2229,592200000,592200000
3,2961,592200000,592200100,1337,2229,592400000,592400000
3,2962,592400000,592400100,1337,2229,592600000,592600000
3,2963,592600000,592600100,1337,2229,592800000,592800000
3,2964,592800000,592800100,1337,2229,593000000,593000000
3,2965,593000000,593000100,1337,2229,593200000,593200000
3,2966,593200000,593200100,1337,2229,593400000,593400000
3,2967,593400000,593400100,1337,2229,593600000,593600000
3,2968,593600000,593600100,1337,2229,593800000,593800000
3,2969,593800000,593800100,1337,2229,594000000,594000000
3,2970,594000000,594000100,1337,2229,594200000,594200000
3,2971,594200000,594200100,1337,2229,594400000,594400000
3,2972,594400000,594400100,1337,2229,594600000,594600000
3,2973,594600000,594600100,1337,2229,594800000,594800000
3,2974,594800000,594800100,1337,2229,595000000,595000000
3,2975,595000000,595000100,1337,2229,595200000,595200000
3,2976,595200000,595200100,1337,2229,595400000,595400000
3,2977,595400000,595400100,1337,2229,595600000,595600000
3,2978,595600000,595600100,1337,2229,595800000,595800000
3,2979,595800000,595800100,1337,2229,596000000,596000000
3,2980,596000000,596000100,1337,2229,596200000,596200000
3,2981,596200000,596200100,1337,2229,596400000,596400000
3,2982,596400000,596400100,1337,2229,596600000,596600000
3,2983,596600000,596600100,1337,2229,596800000,596800000
3,2984,596800000,596800100,1337,2229,597000000,597000000
3,2985,597000000,597000100,1337,2229,597200000,597200000
3,2986,597200000,597200100,1337,2229,597400000,597400000
3,2987,597400000,597400100,1337,2229,597600000,597600000
3,2988,597600000,597600100,1337,2229,597800000,597800000
3,2989,597800000,597800100,1337,2229,598000000,598000000
3,2990,598000000,598000100,1337,2229,598200000,598200000
3,2991,598200000,598200100,1337,2229,598400000,598400000
3,2992,598400000,598400100,1337,2229,598600000,598600000
3,2993,598600000,598600100,1337,2229,598800000,598800000
3,2994,598800000,598800100,1337,2229,599000000,599000000
3,2995,599000000,599000100,1337,2229,599200000,599200000
3,2996,599200000,599200100,1337,2229,599400000,599400000
3,2997,599400000,599400100,1337,2229,599600000,599600000
3,2998,599600000,599600100,1337,2229,599800000,599800000
3,2999,599800000,599800100,1337,2229,600000000,600000000
3,3000,600000000,600000100,1337,2229,600200000,600200000
3,3001,600200000,600200100,1337,2229,600400000,600400000
3,3002,600400000,600400100,1337,2229,600600000,600600000
3,3003,600600000,600600100,1337,2229,600800000,600800000
3,3004,600800000,600800100,1337,2229,601000000,601000000
3,3005,601000000,601000100,1337,2229,601200000,601200000
3,3006,601200000,601200100,1337,2229,601400000,601400000
3,3007,601400000,601400100,1337,2229,601600000,601600000
3,3008,601600000,601600100,1337,2229,601800000,601800000
3,3009,601800000,601800100,1337,2229,602000000,602000000
3,3010,602000000,602000100,1337,2229,602200000,602200000
3,3011,602200000,602200100,1337,2229,602400000,602400000
3,3012,602400000,602400100,1337,2229,602600000,602600000
3,3013,602600000,602600100,1337,2229,602800000,602800000
3,3014,602800000,602800100,1337,2229,603000000,603000000
3,3015,603000000,603000100,1337,2229,603200000,603200000
3,3016,603200000,603200100,1337,2229,603400000,603400000
3,3017,603400000,603400100,1337,2229,603600000,603600000
3,3018,603600000,603600100,1337,2229,603800000,603800000
3,3019,603800000,603800100,1337,2229,604000000,604000000
3,3020,604000000,604000100,1337,2229,604200000,604200000
3,3021,604200000,604200100,1337,2229,604400000,604400000
3,3022,604400000,604400100,1337,2229,604600000,604600000
3,3023,604600000,604600100,1337,2229,604800000,604800000
3,3024,604800000,604800100,1337,2229,605000000,605000000
3,3025,605000000,605000100,1337,2229,605200000,605200000
3,3026,605200000,605200100,1337,2229,605400000,605400000
3,3027,605400000,605400100,1337,2229,605600000,605600000
3,3028,605600000,605600100,1337,2229,605800000,605800000
3,3029,605800000,605800100,1337,2229,606000000,606000000
3,3030,606000000,606000100,1337,2229,606200000,606200000
3,3031,606200000,606200100,1337,2229,606400000,606400000
3,3032,606400000,606400100,1337,2229,606600000,606600000
3,3033,606600000,606600100,1337,2229,606800000,606800000
3,3034,606800000,606800100,1337,2229,607000000,607000000
3,3035,607000000,607000100,1337,2229,607200000,607200000
3,3036,607200000,607200100,1337,2229,607400000,607400000
3,3037,607400000,607400100,1337,2229,607600000,607600000
3,3038,607600000,607600100,1337,2229,607800000,607800000
3,3039,607800000,607800100,1337,2229,608000000,608000000
3,3040,608000000,608000100,1337,2229,608200000,608200000
3,3041,608200000,608200100,1337,2229,608400000,608400000
3,3042,608400000,608400100,1337,2229,608600000,608600000
3,3043,608600000,608600100,1337,2229,608800000,608800000
3,3044,608800000,608800100,1337,2229,609000000,609000000
3,3045,609000000,609000100,1337,2229,609200000,609200000
3,3046,609200000,609200100,1337,2229,609400000,609400000
3,3047,609400000,609400100,1337,2229,609600000,609600000
3,3048,609600000,609600100,1337,2229,609800000,609800000
3,3049,609800000,609800100,1337,2229,610000000,610000000
3,3050,610000000,610000100,1337,2229,610200000,610200000
3,3051,610200000,610200100,1337,2229,610400000,610400000
3,3052,610400000,610400100,1337,2229,610600000,610600000
3,3053,610600000,610600100,1337,2229,610800000,610800000
3,3054,610800000,610800100,1337,2229,611000000,611000000
3,3055,611000000,611000100,1337,2229,611200000,611200000
3,3056,611200000,611200100,1337,2229,611400000,611400000
3,3057,611400000,611400100,1337,2229,611600000,611600000
3,3058,611600000,611600100,1337,2229,611800000,611800000
3,3059,611800000,611800100,1337,2229,612000000,612000000
3,3060,612000000,612000100,1337,2229,612200000,612200000
3,3061,612200000,612200100,1337,2229,612400000,612400000
3,3062,612400000,612400100,1337,2229,612600000,612600000
3,3063,612600000,612600100,1337,2229,612800000,612800000
3,3064,612800000,612800100,1337,2229,613000000,613000000
3,3065,613000000,613000100,1337,2229,613200000,613200000
3,3066,613200000,613200100,1337,2229,613400000,613400000
3,3067,613400000,613400100,1337,2229,613600000,613600000
3,3068,613600000,613600100,1337,2229,613800000,613800000
3,3069,613800000,613800100,1337,2229,614000000,614000000
3,3070,614000000,614000100,1337,2229,614200000,614200000
3,3071,614200000,614200100,1337,2229,614400000,614400000
3,3072,614400000,614400100,1337,2229,614600000,614600000
3,3073,614600000,614600100,1337,2229,614800000,614800000
3,3074,614800000,614800100,1337,2229,615000000,615000000
3,3075,615000000,615000100,1337,2229,615200000,615200000
3,3076,615200000,615200100,1337,2229,615400000,615400000
3,3077,615400000,615400100,1337,2229,615600000,615600000
3,3078,615600000,615600100,1337,2229,615800000,615800000
3,3079,615800000,615800100,1337,2229,616000000,616000000
3,3080,616000000,616000100,1337,2229,616200000,616200000
3,3081,616200000,616200100,1337,2229,616400000,616400000
3,3082,616400000,616400100,1337,2229,616600000,616600000
3,3083,616600000,616600100,1337,2229,616800000,616800000
3,3084,616800000,616800100,1337,2229,617000000,617000000
3,3085,617000000,617000100,1337,2229,617200000,617200000
3,3086,617200000,617200100,1337,2229,617400000,617400000
3,3087,617400000,617400100,1337,2229,617600000,617600000
3,3088,617600000,617600100,1337,2229,617800000,617800000
3,3089,617800000,617800100,1337,2229,618000000,618000000
3,3090,618000000,618000100,1337,2229,618200000,618200000
3,3091,618200000,618200100,1337,2229,618400000,618400000
3,3092,618400000,618400100,1337,2229,618600000,618600000
3,3093,618600000,618600100,1337,2229,618800000,618800000
3,3094,618800000,618800100,1337,2229,619000000,619000000
3,3095,619000000,619000100,1337,2229,619200000,619200000
3,3096,619200000,619200100,1337,2229,619400000,619400000
3,3097,619400000,619400100,1337,2229,619600000,619600000
3,3098,619600000,619600100,1337,2229,619800000,619800000
3,3099,619800000,619800100,1337,2229,620000000,620000000
3,3100,620000000,620000100,1337,2229,620200000,620200000
3,3101,620200000,620200100,1337,2229,620400000,620400000
3,3102,620400000,620400100,1337,2229,620600000,620600000
3,3103,620600000,620600100,1337,2229,620800000,620800000
3,3104,620800000,620800100,1337,2229,621000000,621000000
3,3105,621000000,621000100,1337,2229,621200000,621200000
3,3106,621200000,621200100,1337,2229,621400000,621400000
3,3107,621400000,621400100,1337,2229,621600000,621600000
3,3108,621600000,621600100,1337,2229,621800000,621800000
3,3109,621800000,621800100,1337,2229,622000000,622000000
3,3110,622000000,622000100,1337,2229,622200000,622200000
3,3111,622200000,622200100,1337,2229,622400000,622400000
3,3112,622400000,622400100,1337,2229,622600000,622600000
3,3113,622600000,622600100,1337,2229,622800000,622800000
3,3114,622800000,622800100,1337,2229,623000000,623000000
3,3115,623000000,623000100,1337,2229,623200000,623200000
3,3116,623200000,623200100,1337,2229,623400000,623400000
3,3117,623400000,623400100,1337,2229,623600000,623600000
3,3118,623600000,623600100,1337,2229,623800000,623800000
3,3119,623800000,623800100,1337,2229,624000000,624000000
3,3120,624000000,624000100,1337,2229,624200000,624200000
3,3121,624200000,624200100,1337,2229,624400000,624400000
3,3122,624400000,624400100,1337,2229,624600000,624600000
3,3123,624600000,624600100,1337,2229,624800000,624800000
3,3124,624800000,624800100,1337,2229,625000000,625000000
3,3125,625000000,625000100,1337,2229,625200000,625200000
3,3126,625200000,625200100,1337,2229,625400000,625400000
3,3127,625400000,625400100,1337,2229,625600000,625600000
3,3128,625600000,625600100,1337,2229,625800000,625800000
3,3129,625800000,625800100,1337,2229,626000000,626000000
3,3130,626000000,626000100,1337,2229,626200000,626200000
3,3131,626200000,626200100,1337,2229,626400000,626400000
3,3132,626400000,626400100,1337,2229,626600000,626600000
3,3133,626600000,626600100,1337,2229,626800000,626800000
3,3134,626800000,626800100,1337,2229,627000000,627000000
3,3135,627000000,627000100,1337,2229,627200000,627200000
3,3136,627200000,627200100,1337,2229,627400000,627400000
3,3137,627400000,627400100,1337,2229,627600000,627600000
3,3138,627600000,627600100,1337,2229,627800000,627800000
3,3139,627800000,627800100,1337,2229,628000000,628000000
3,3140,628000000,628000100,1337,2229,628200000,628200000
3,3141,628200000,628200100,1337,2229,628400000,628400000
3,3142,628400000,628400100,1337,2229,628600000,628600000
3,3143,628600000,628600100,1337,2229,628800000,628800000
3,3144,628800000,628800100,1337,2229,629000000,629000000
3,3145,629000000,629000100,1337,2229,629200000,629200000
3,3146,629200000,629200100,1337,2229,629400000,629400000
3,3147,629400000,629400100,1337,2229,629600000,629600000
3,3148,629600000,629600100,1337,2229,629800000,629800000
3,3149,629800000,629800100,1337,2229,630000000,630000000
3,3150,630000000,630000100,1337,2229,630200000,630200000
3,3151,630200000,630200100,1337,2229,630400000,630400000
3,3152,630400000,630400100,1337,2229,630600000,630600000
3,3153,630600000,630600100,1337,2229,630800000,630800000
3,3154,630800000,630800100,1337,2229,631000000,631000000
3,3155,631000000,631000100,1337,2229,631200000,631200000
3,3156,631200000,631200100,1337,2229,631400000,631400000
3,3157,631400000,631400100,1337,2229,631600000,631600000
3,3158,631600000,631600100,1337,2229,631800000,631800000
3,3159,631800000,631800100,1337,2229,632000000,632000000
3,3160,632000000,632000100,1337,2229,632200000,632200000
3,3161,632200000,632200100,1337,2229,632400000,632400000
3,3162,632400000,632400100,1337,2229,632600000,632600000
3,3163,632600000,632600100,1337,2229,632800000,632800000
3,3164,632800000,632800100,1337,2229,633000000,633000000
3,3165,633000000,633000100,1337,2229,633200000,633200000
3,3166,633200000,633200100,1337,2229,633400000,633400000
3,3167,633400000,633400100,1337,2229,633600000,633600000
3,3168,633600000,633600100,1337,2229,633800000,633800000
3,3169,633800000,633800100,1337,2229,634000000,634000000
3,3170,634000000,634000100,1337,2229,634200000,634200000
3,3171,634200000,634200100,1337,2229,634400000,634400000
3,3172,634400000,634400100,1337,2229,634600000,634600000
3,3173,634600000,634600100,1337,2229,634800000,634800000
3,3174,634800000,634800100,1337,2229,635000000,635000000
3,3175,635000000,635000100,1337,2229,635200000,635200000
3,3176,635200000,635200100,1337,2229,635400000,635400000
3,3177,635400000,635400100,1337,2229,635600000,635600000
3,3178,635600000,635600100,1337,2229,635800000,635800000
3,3179,635800000,635800100,1337,2229,636000000,636000000
3,3180,636000000,636000100,1337,2229,636200000,636200000
3,3181,636200000,636200100,1337,2229,636400000,636400000
3,3182,636400000,636400100,1337,2229,636600000,636600000
3,3183,636600000,636600100,1337,2229,636800000,636800000
3,3184,636800000,636800100,1337,2229,637000000,637000000
3,3185,637000000,637000100,1337,2229,637200000,637200000
3,3186,637200000,637200100,1337,2229,637400000,637400000
3,3187,637400000,637400100,1337,2229,637600000,637600000
3,3188,637600000,637600100,1337,2229,637800000,637800000
3,3189,637800000,637800100,1337,2229,638000000,638000000
3,3190,638000000,638000100,1337,2229,638200000,638200000
3,3191,638200000,638200100,1337,2229,638400000,638400000
3,3192,638400000,638400100,1337,2229,638600000,638600000
3,3193,638600000,638600100,1337,2229,638800000,638800000
3,3194,638800000,638800100,1337,2229,639000000,639000000
3,3195,639000000,639000100,1337,2229,639200000,639200000
3,3196,639200000,639200100,1337,2229,639400000,639400000
3,3197,639400000,639400100,1337,2229,639600000,639600000
3,3198,639600000,639600100,1337,2229,639800000,639800000
3,3199,639800000,639800100,1337,2229,640000000,640000000
3,3200,640000000,640000100,1337,2229,640200000,640200000
3,3201,640200000,640200100,1337,2229,640400000,640400000
3,3202,640400000,640400100,1337,2229,640600000,640600000
3,3203,640600000,640600100,1337,2229,640800000,640800000
3,3204,640800000,640800100,1337,2229,641000000,641000000
3,3205,641000000,641000100,1337,2229,641200000,641200000
3,3206,641200000,641200100,1337,2229,641400000,641400000
3,3207,641400000,641400100,1337,2229,641600000,641600000
3,3208,641600000,641600100,1337,2229,641800000,641800000
3,3209,641800000,641800100,1337,2229,642000000,642000000
3,3210,642000000,642000100,1337,2229,642200000,642200000
3,3211,642200000,642200100,1337,2229,642400000,642400000
3,3212,642400000,642400100,1337,2229,642600000,642600000
3,3213,642600000,642600100,1337,2229,642800000,642800000
3,3214,642800000,642800100,1337,2229,643000000,643000000
3,3215,643000000,643000100,1337,2229,643200000,643200000
3,3216,643200000,643200100,1337,2229,643400000,643400000
3,3217,643400000,643400100,1337,2229,643600000,643600000
3,3218,643600000,643600100,1337,2229,643800000,643800000
3,3219,643800000,643800100,1337,2229,644000000,644000000
3,3220,644000000,644000100,1337,2229,644200000,644200000
3,3221,644200000,644200100,1337,2229,644400000,644400000
3,3222,644400000,644400100,1337,2229,644600000,644600000
3,3223,644600000,644600100,1337,2229,644800000,644800000
3,3224,644800000,644800100,1337,2229,645000000,645000000
3,3225,645000000,645000100,1337,2229,645200000,645200000
3,3226,645200000,645200100,1337,2229,645400000,645400000
3,3227,645400000,645400100,1337,2229,645600000,645600000
3,3228,645600000,645600100,1337,2229,645800000,645800000
3,3229,645800000,645800100,1337,2229,646000000,646000000
3,3230,646000000,646000100,1337,2229,646200000,646200000
3,3231,646200000,646200100,1337,2229,646400000,646400000
3,3232,646400000,646400100,1337,2229,646600000,646600000
3,3233,646600000,646600100,1337,2229,646800000,646800000
3,3234,646800000,646800100,1337,2229,647000000,647000000
3,3235,647000000,647000100,1337,2229,647200000,647200000
3,3236,647200000,647200100,1337,2229,647400000,647400000
3,3237,647400000,647400100,1337,2229,647600000,647600000
3,3238,647600000,647600100,1337,2229,647800000,647800000
3,3239,647800000,647800100,1337,2229,648000000,648000000
3,3240,648000000,648000100,1337,2229,648200000,648200000
3,3241,648200000,648200100,1337,2229,648400000,648400000
3,3242,648400000,648400100,1337,2229,648600000,648600000
3,3243,648600000,648600100,1337,2229,648800000,648800000
3,3244,648800000,648800100,1337,2229,649000000,649000000
3,3245,649000000,649000100,1337,2229,649200000,649200000
3,3246,649200000,649200100,1337,2229,649400000,649400000
3,3247,649400000,649400100,1337,2229,649600000,649600000
3,3248,649600000,649600100,1337,2229,649800000,649800000
3,3249,649800000,649800100,1337,2229,650000000,650000000
3,3250,650000000,650000100,1337,2229,650200000,650200000
3,3251,650200000,650200100,1337,2229,650400000,650400000
3,3252,650400000,650400100,1337,2229,650600000,650600000
3,3253,650600000,650600100,1337,2229,650800000,650800000
3,3254,650800000,650800100,1337,2229,651000000,651000000
3,3255,651000000,651000100,1337,2229,651200000,651200000
3,3256,651200000,651200100,1337,2229,651400000,651400000
3,3257,651400000,651400100,1337,2229,651600000,651600000
3,3258,651600000,651600100,1337,2229,651800000,651800000
3,3259,651800000,651800100,1337,2229,652000000,652000000
3,3260,652000000,652000100,1337,2229,652200000,652200000
3,3261,652200000,652200100,1337,2229,652400000,652400000
3,3262,652400000,652400100,1337,2229,652600000,652600000
3,3263,652600000,652600100,1337,2229,652800000,652800000
3,3264,652800000,652800100,1337,2229,653000000,653000000
3,3265,653000000,653000100,1337,2229,653200000,653200000
3,3266,653200000,653200100,1337,2229,653400000,653400000
3,3267,653400000,653400100,1337,2229,653600000,653600000
3,3268,653600000,653600100,1337,2229,653800000,653800000
3,3269,653800000,653800100,1337,2229,654000000,654000000
3,3270,654000000,654000100,1337,2229,654200000,654200000
3,3271,654200000,654200100,1337,2229,654400000,654400000
3,3272,654400000,654400100,1337,2229,654600000,654600000
3,3273,654600000,654600100,1337,2229,654800000,654800000
3,3274,654800000,654800100,1337,2229,655000000,655000000
3,3275,655000000,655000100,1337,2229,655200000,655200000
3,3276,655200000,655200100,1337,2229,655400000,655400000
3,3277,655400000,655400100,1337,2229,655600000,655600000
3,3278,655600000,655600100,1337,2229,655800000,655800000
3,3279,655800000,655800100,1337,2229,656000000,656000000
3,3280,656000000,656000100,1337,2229,656200000,656200000
3,3281,656200000,656200100,1337,2229,656400000,656400000
3,3282,656400000,656400100,1337,2229,656600000,656600000
3,3283,656600000,656600100,1337,2229,656800000,656800000
3,3284,656800000,656800100,1337,2229,657000000,657000000
3,3285,657000000,657000100,1337,2229,657200000,657200000
3,3286,657200000,657200100,1337,2229,657400000,657400000
3,3287,657400000,657400100,1337,2229,657600000,657600000
3,3288,657600000,657600100,1337,2229,657800000,657800000
3,3289,657800000,657800100,1337,2229,658000000,658000000
3,3290,658000000,658000100,1337,2229,658200000,658200000
3,3291,658200000,658200100,1337,2229,658400000,658400000
3,3292,658400000,658400100,1337,2229,658600000,658600000
3,3293,658600000,658600100,1337,2229,658800000,658800000
3,3294,658800000,658800100,1337,2229,659000000,659000000
3,3295,659000000,659000100,1337,2229,659200000,659200000
3,3296,659200000,659200100,1337,2229,659400000,659400000
3,3297,659400000,659400100,1337,2229,659600000,659600000
3,3298,659600000,659600100,1337,2229,659800000,659800000
3,3299,659800000,659800100,1337,2229,660000000,660000000
3,3300,660000000,660000100,1337,2229,660200000,660200000
3,3301,660200000,660200100,1337,2229,660400000,660400000
3,3302,660400000,660400100,1337,2229,660600000,660600000
3,3303,660600000,660600100,1337,2229,660800000,660800000
3,3304,660800000,660800100,1337,2229,661000000,661000000
3,3305,661000000,661000100,1337,2229,661200000,661200000
3,3306,661200000,661200100,1337,2229,661400000,661400000
3,3307,661400000,661400100,1337,2229,661600000,661600000
3,3308,661600000,661600100,1337,2229,661800000,661800000
3,3309,661800000,661800100,1337,2229,662000000,662000000
3,3310,662000000,662000100,1337,2229,662200000,662200000
3,3311,662200000,662200100,1337,2229,662400000,662400000
3,3312,662400000,662400100,1337,2229,662600000,662600000
3,3313,662600000,662600100,1337,2229,662800000,662800000
3,3314,662800000,662800100,1337,2229,663000000,663000000
3,3315,663000000,663000100,1337,2229,663200000,663200000
3,3316,663200000,663200100,1337,2229,663400000,663400000
3,3317,663400000,663400100,1337,2229,663600000,663600000
3,3318,663600000,663600100,1337,2229,663800000,663800000
3,3319,663800000,663800100,1337,2229,664000000,664000000
3,3320,664000000,664000100,1337,2229,664200000,664200000
3,3321,664200000,664200100,1337,2229,664400000,664400000
3,3322,664400000,664400100,1337,2229,664600000,664600000
3,3323,664600000,664600100,1337,2229,664800000,664800000
3,3324,664800000,664800100,1337,2229,665000000,665000000
3,3325,665000000,665000100,1337,2229,665200000,665200000
3,3326,665200000,665200100,1337,2229,665400000,665400000
3,3327,665400000,665400100,1337,2229,665600000,665600000
3,3328,665600000,665600100,1337,2229,665800000,665800000
3,3329,665800000,665800100,1337,2229,666000000,666000000
3,3330,666000000,666000100,1337,2229,666200000,666200000
3,3331,666200000,666200100,1337,2229,666400000,666400000
3,3332,666400000,666400100,1337,2229,666600000,666600000
3,3333,666600000,666600100,1337,2229,666800000,666800000
3,3334,666800000,666800100,1337,2229,667000000,667000000
3,3335,667000000,667000100,1337,2229,667200000,667200000
3,3336,667200000,667200100,1337,2229,667400000,667400000
3,3337,667400000,667400100,1337,2229,667600000,667600000
3,3338,667600000,667600100,1337,2229,667800000,667800000
3,3339,667800000,667800100,1337,2229,668000000,668000000
3,3340,668000000,668000100,1337,2229,668200000,668200000
3,3341,668200000,668200100,1337,2229,668400000,668400000
3,3342,668400000,668400100,1337,2229,668600000,668600000
3,3343,668600000,668600100,1337,2229,668800000,668800000
3,3344,668800000,668800100,1337,2229,669000000,669000000
3,3345,669000000,669000100,1337,2229,669200000,669200000
3,3346,669200000,669200100,1337,2229,669400000,669400000
3,3347,669400000,669400100,1337,2229,669600000,669600000
3,3348,669600000,669600100,1337,2229,669800000,669800000
3,3349,669800000,669800100,1337,2229,670000000,670000000
3,3350,670000000,670000100,1337,2229,670200000,670200000
3,3351,670200000,670200100,1337,2229,670400000,670400000
3,3352,670400000,670400100,1337,2229,670600000,670600000
3,3353,670600000,670600100,1337,2229,670800000,670800000
3,3354,670800000,670800100,1337,2229,671000000,671000000
3,3355,671000000,671000100,1337,2229,671200000,671200000
3,3356,671200000,671200100,1337,2229,671400000,671400000
3,3357,671400000,671400100,1337,2229,671600000,671600000
3,3358,671600000,671600100,1337,2229,671800000,671800000
3,3359,671800000,671800100,1337,2229,672000000,672000000
3,3360,672000000,672000100,1337,2229,672200000,672200000
3,3361,672200000,672200100,1337,2229,672400000,672400000
3,3362,672400000,672400100,1337,2229,672600000,672600000
3,3363,672600000,672600100,1337,2229,672800000,672800000
3,3364,672800000,672800100,1337,2229,673000000,673000000
3,3365,673000000,673000100,1337,2229,673200000,673200000
3,3366,673200000,673200100,1337,2229,673400000,673400000
3,3367,673400000,673400100,1337,2229,673600000,673600000
3,3368,673600000,673600100,1337,2229,673800000,673800000
3,3369,673800000,673800100,1337,2229,674000000,674000000
3,3370,674000000,674000100,1337,2229,674200000,674200000
3,3371,674200000,674200100,1337,2229,674400000,674400000
3,3372,674400000,674400100,1337,2229,674600000,674600000
3,3373,674600000,674600100,1337,2229,674800000,674800000
3,3374,674800000,674800100,1337,2229,675000000,675000000
3,3375,675000000,675000100,1337,2229,675200000,675200000
3,3376,675200000,675200100,1337,2229,675400000,675400000
3,3377,675400000,675400100,1337,2229,675600000,675600000
3,3378,675600000,675600100,1337,2229,675800000,675800000
3,3379,675800000,675800100,1337,2229,676000000,676000000
3,3380,676000000,676000100,1337,2229,676200000,676200000
3,3381,676200000,676200100,1337,2229,676400000,676400000
3,3382,676400000,676400100,1337,2229,676600000,676600000
3,3383,676600000,676600100,1337,2229,676800000,676800000
3,3384,676800000,676800100,1337,2229,677000000,677000000
3,3385,677000000,677000100,1337,2229,677200000,677200000
3,3386,677200000,677200100,1337,2229,677400000,677400000
3,3387,677400000,677400100,1337,2229,677600000,677600000
3,3388,677600000,677600100,1337,2229,677800000,677800000
3,3389,677800000,677800100,1337,2229,678000000,678000000
3,3390,678000000,678000100,1337,2229,678200000,678200000
3,3391,678200000,678200100,1337,2229,678400000,678400000
3,3392,678400000,678400100,1337,2229,678600000,678600000
3,3393,678600000,678600100,1337,2229,678800000,678800000
3,3394,678800000,678800100,1337,2229,679000000,679000000
3,3395,679000000,679000100,1337,2229,679200000,679200000
3,3396,679200000,679200100,1337,2229,679400000,679400000
3,3397,679400000,679400100,1337,2229,679600000,679600000
3,3398,679600000,679600100,1337,2229,679800000,679800000
3,3399,679800000,679800100,1337,2229,680000000,680000000
3,3400,680000000,680000100,1337,2229,680200000,680200000
3,3401,680200000,680200100,1337,2229,680400000,680400000
3,3402,680400000,680400100,1337,2229,680600000,680600000
3,3403,680600000,680600100,1337,2229,680800000,680800000
3,3404,680800000,680800100,1337,2229,681000000,681000000
3,3405,681000000,681000100,1337,2229,681200000,681200000
3,3406,681200000,681200100,1337,2229,681400000,681400000
3,3407,681400000,681400100,1337,2229,681600000,681600000
3,3408,681600000,681600100,1337,2229,681800000,681800000
3,3409,681800000,681800100,1337,2229,682000000,682000000
3,3410,682000000,682000100,1337,2229,682200000,682200000
3,3411,682200000,682200100,1337,2229,682400000,682400000
3,3412,682400000,682400100,1337,2229,682600000,682600000
3,3413,682600000,682600100,1337,2229,682800000,682800000
3,3414,682800000,682800100,1337,2229,683000000,683000000
3,3415,683000000,683000100,1337,2229,683200000,683200000
3,3416,683200000,683200100,1337,2229,683400000,683400000
3,3417,683400000,683400100,1337,2229,683600000,683600000
3,3418,683600000,683600100,1337,2229,683800000,683800000
3,3419,683800000,683800100,1337,2229,684000000,684000000
3,3420,684000000,684000100,1337,2229,684200000,684200000
3,3421,684200000,684200100,1337,2229,684400000,684400000
3,3422,684400000,684400100,1337,2229,684600000,684600000
3,3423,684600000,684600100,1337,2229,684800000,684800000
3,3424,684800000,684800100,1337,2229,685000000,685000000
3,3425,685000000,685000100,1337,2229,685200000,685200000
3,3426,685200000,685200100,1337,2229,685400000,685400000
3,3427,685400000,685400100,1337,2229,685600000,685600000
3,3428,685600000,685600100,1337,2229,685800000,685800000
3,3429,685800000,685800100,1337,2229,686000000,686000000
3,3430,686000000,686000100,1337,2229,686200000,686200000
3,3431,686200000,686200100,1337,2229,686400000,686400000
3,3432,686400000,686400100,1337,2229,686600000,686600000
3,3433,686600000,686600100,1337,2229,686800000,686800000
3,3434,686800000,686800100,1337,2229,687000000,687000000
3,3435,687000000,687000100,1337,2229,687200000,687200000
3,3436,687200000,687200100,1337,2229,687400000,687400000
3,3437,687400000,687400100,1337,2229,687600000,687600000
3,3438,687600000,687600100,1337,2229,687800000,687800000
3,3439,687800000,687800100,1337,2229,688000000,688000000
3,3440,688000000,688000100,1337,2229,688200000,688200000
3,3441,688200000,688200100,1337,2229,688400000,688400000
3,3442,688400000,688400100,1337,2229,688600000,688600000
3,3443,688600000,688600100,1337,2229,688800000,688800000
3,3444,688800000,688800100,1337,2229,689000000,689000000
3,3445,689000000,689000100,1337,2229,689200000,689200000
3,3446,689200000,689200100,1337,2229,689400000,689400000
3,3447,689400000,689400100,1337,2229,689600000,689600000
3,3448,689600000,689600100,1337,2229,689800000,689800000
3,3449,689800000,689800100,1337,2229,690000000,690000000
3,3450,690000000,690000100,1337,2229,690200000,690200000
3,3451,690200000,690200100,1337,2229,690400000,690400000
3,3452,690400000,690400100,1337,2229,690600000,690600000
3,3453,690600000,690600100,1337,2229,690800000,690800000
3,3454,690800000,690800100,1337,2229,691000000,691000000
3,3455,691000000,691000100,1337,2229,691200000,691200000
3,3456,691200000,691200100,1337,2229,691400000,691400000
3,3457,691400000,691400100,1337,2229,691600000,691600000
3,3458,691600000,691600100,1337,2229,691800000,691800000
3,3459,691800000,691800100,1337,2229,692000000,692000000
3,3460,692000000,692000100,1337,2229,692200000,692200000
3,3461,692200000,692200100,1337,2229,692400000,692400000
3,3462,692400000,692400100,1337,2229,692600000,692600000
3,3463,692600000,692600100,1337,2229,692800000,692800000
3,3464,692800000,692800100,1337,2229,693000000,693000000
3,3465,693000000,693000100,1337,2229,693200000,693200000
3,3466,693200000,693200100,1337,2229,693400000,693400000
3,3467,693400000,693400100,1337,2229,693600000,693600000
3,3468,693600000,693600100,1337,2229,693800000,693800000
3,3469,693800000,693800100,1337,2229,694000000,694000000
3,3470,694000000,694000100,1337,2229,694200000,694200000
3,3471,694200000,694200100,1337,2229,694400000,694400000
3,3472,694400000,694400100,1337,2229,694600000,694600000
3,3473,694600000,694600100,1337,2229,694800000,694800000
3,3474,694800000,694800100,1337,2229,695000000,695000000
3,3475,695000000,695000100,1337,2229,695200000,695200000
3,3476,695200000,695200100,1337,2229,695400000,695400000
3,3477,695400000,695400100,1337,2229,695600000,695600000
3,3478,695600000,695600100,1337,2229,695800000,695800000
3,3479,695800000,695800100,1337,2229,696000000,696000000
3,3480,696000000,696000100,1337,2229,696200000,696200000
3,3481,696200000,696200100,1337,2229,696400000,696400000
3,3482,696400000,696400100,1337,2229,696600000,696600000
3,3483,696600000,696600100,1337,2229,696800000,696800000
3,3484,696800000,696800100,1337,2229,697000000,697000000
3,3485,697000000,697000100,1337,2229,697200000,697200000
3,3486,697200000,697200100,1337,2229,697400000,697400000
3,3487,697400000,697400100,1337,2229,697600000,697600000
3,3488,697600000,697600100,1337,2229,697800000,697800000
3,3489,697800000,697800100,1337,2229,698000000,698000000
3,3490,698000000,698000100,1337,2229,698200000,698200000
3,3491,698200000,698200100,1337,2229,698400000,698400000
3,3492,698400000,698400100,1337,2229,698600000,698600000
3,3493,698600000,698600100,1337,2229,698800000,698800000
3,3494,698800000,698800100,1337,2229,699000000,699000000
3,3495,699000000,699000100,1337,2229,699200000,699200000
3,3496,699200000,699200100,1337,2229,699400000,699400000
3,3497,699400000,699400100,1337,2229,699600000,699600000
3,3498,699600000,699600100,1337,2229,699800000,699800000
3,3499,699800000,699800100,1337,2229,700000000,700000000
3,3500,700000000,700000100,1337,2229,700200000,700200000
3,3501,700200000,700200100,1337,2229,700400000,700400000
3,3502,700400000,700400100,1337,2229,700600000,700600000
3,3503,700600000,700600100,1337,2229,700800000,700800000
3,3504,700800000,700800100,1337,2229,701000000,701000000
3,3505,701000000,701000100,1337,2229,701200000,701200000
3,3506,701200000,701200100,1337,2229,701400000,701400000
3,3507,701400000,701400100,1337,2229,701600000,701600000
3,3508,701600000,701600100,1337,2229,701800000,701800000
3,3509,701800000,701800100,1337,2229,702000000,702000000
3,3510,702000000,702000100,1337,2229,702200000,702200000
3,3511,702200000,702200100,1337,2229,702400000,702400000
3,3512,702400000,702400100,1337,2229,702600000,702600000
3,3513,702600000,702600100,1337,2229,702800000,702800000
3,3514,702800000,702800100,1337,2229,703000000,703000000
3,3515,703000000,703000100,1337,2229,703200000,703200000
3,3516,703200000,703200100,1337,2229,703400000,703400000
3,3517,703400000,703400100,1337,2229,703600000,703600000
3,3518,703600000,703600100,1337,2229,703800000,703800000
3,3519,703800000,703800100,1337,2229,704000000,704000000
3,3520,704000000,704000100,1337,2229,704200000,704200000
3,3521,704200000,704200100,1337,2229,704400000,704400000
3,3522,704400000,704400100,1337,2229,704600000,704600000
3,3523,704600000,704600100,1337,2229,704800000,704800000
3,3524,704800000,704800100,1337,2229,705000000,705000000
3,3525,705000000,705000100,1337,2229,705200000,705200000
3,3526,705200000,705200100,1337,2229,705400000,705400000
3,3527,705400000,705400100,1337,2229,705600000,705600000
3,3528,705600000,705600100,1337,2229,705800000,705800000
3,3529,705800000,705800100,1337,2229,706000000,706000000
3,3530,706000000,706000100,1337,2229,706200000,706200000
3,3531,706200000,706200100,1337,2229,706400000,706400000
3,3532,706400000,706400100,1337,2229,706600000,706600000
3,3533,706600000,706600100,1337,2229,706800000,706800000
3,3534,706800000,706800100,1337,2229,707000000,707000000
3,3535,707000000,707000100,1337,2229,707200000,707200000
3,3536,707200000,707200100,1337,2229,707400000,707400000
3,3537,707400000,707400100,1337,2229,707600000,707600000
3,3538,707600000,707600100,1337,2229,707800000,707800000
3,3539,707800000,707800100,1337,2229,708000000,708000000
3,3540,708000000,708000100,1337,2229,708200000,708200000
3,3541,708200000,708200100,1337,2229,708400000,708400000
3,3542,708400000,708400100,1337,2229,708600000,708600000
3,3543,708600000,708600100,1337,2229,708800000,708800000
3,3544,708800000,708800100,1337,2229,709000000,709000000
3,3545,709000000,709000100,1337,2229,709200000,709200000
3,3546,709200000,709200100,1337,2229,709400000,709400000
3,3547,709400000,709400100,1337,2229,709600000,709600000
3,3548,709600000,709600100,1337,2229,709800000,709800000
3,3549,709800000,709800100,1337,2229,710000000,710000000
3,3550,710000000,710000100,1337,2229,710200000,710200000
3,3551,710200000,710200100,1337,2229,710400000,710400000
3,3552,710400000,710400100,1337,2229,710600000,710600000
3,3553,710600000,710600100,1337,2229,710800000,710800000
3,3554,710800000,710800100,1337,2229,711000000,711000000
3,3555,711000000,711000100,1337,2229,711200000,711200000
3,3556,711200000,711200100,1337,2229,711400000,711400000
3,3557,711400000,711400100,1337,2229,711600000,711600000
3,3558,711600000,711600100,1337,2229,711800000,711800000
3,3559,711800000,711800100,1337,2229,712000000,712000000
3,3560,712000000,712000100,1337,2229,712200000,712200000
3,3561,712200000,712200100,1337,2229,712400000,712400000
3,3562,712400000,712400100,1337,2229,712600000,712600000
3,3563,712600000,712600100,1337,2229,712800000,712800000
3,3564,712800000,712800100,1337,2229,713000000,713000000
3,3565,713000000,713000100,1337,2229,713200000,713200000
3,3566,713200000,713200100,1337,2229,713400000,713400000
3,3567,713400000,713400100,1337,2229,713600000,713600000
3,3568,713600000,713600100,1337,2229,713800000,713800000
3,3569,713800000,713800100,1337,2229,714000000,714000000
3,3570,714000000,714000100,1337,2229,714200000,714200000
3,3571,714200000,714200100,1337,2229,714400000,714400000
3,3572,714400000,714400100,1337,2229,714600000,714600000
3,3573,714600000,714600100,1337,2229,714800000,714800000
3,3574,714800000,714800100,1337,2229,715000000,715000000
3,3575,715000000,715000100,1337,2229,715200000,715200000
3,3576,715200000,715200100,1337,2229,715400000,715400000
3,3577,715400000,715400100,1337,2229,715600000,715600000
3,3578,715600000,715600100,1337,2229,715800000,715800000
3,3579,715800000,715800100,1337,2229,716000000,716000000
3,3580,716000000,716000100,1337,2229,716200000,716200000
3,3581,716200000,716200100,1337,2229,716400000,716400000
3,3582,716400000,716400100,1337,2229,716600000,716600000
3,3583,716600000,716600100,1337,2229,716800000,716800000
3,3584,716800000,716800100,1337,2229,717000000,717000000
3,3585,717000000,717000100,1337,2229,717200000,717200000
3,3586,717200000,717200100,1337,2229,717400000,717400000
3,3587,717400000,717400100,1337,2229,717600000,717600000
3,3588,717600000,717600100,1337,2229,717800000,717800000
3,3589,717800000,717800100,1337,2229,718000000,718000000
3,3590,718000000,718000100,1337,2229,718200000,718200000
3,3591,718200000,718200100,1337,2229,718400000,718400000
3,3592,718400000,718400100,1337,2229,718600000,718600000
3,3593,718600000,718600100,1337,2229,718800000,718800000
3,3594,718800000,718800100,1337,2229,719000000,719000000
3,3595,719000000,719000100,1337,2229,719200000,719200000
3,3596,719200000,719200100,1337,2229,719400000,719400000
3,3597,719400000,719400100,1337,2229,719600000,719600000
3,3598,719600000,719600100,1337,2229,719800000,719800000
3,3599,719800000,719800100,1337,2229,720000000,720000000
3,3600,720000000,720000100,1337,2229,720200000,720200000
3,3601,720200000,720200100,1337,2229,720400000,720400000
3,3602,720400000,720400100,1337,2229,720600000,720600000
3,3603,720600000,720600100,1337,2229,720800000,720800000
3,3604,720800000,720800100,1337,2229,721000000,721000000
3,3605,721000000,721000100,1337,2229,721200000,721200000
3,3606,721200000,721200100,1337,2229,721400000,721400000
3,3607,721400000,721400100,1337,2229,721600000,721600000
3,3608,721600000,721600100,1337,2229,721800000,721800000
3,3609,721800000,721800100,1337,2229,722000000,722000000
3,3610,722000000,722000100,1337,2229,722200000,722200000
3,3611,722200000,722200100,1337,2229,722400000,722400000
3,3612,722400000,722400100,1337,2229,722600000,722600000
3,3613,722600000,722600100,1337,2229,722800000,722800000
3,3614,722800000,722800100,1337,2229,723000000,723000000
3,3615,723000000,723000100,1337,2229,723200000,723200000
3,3616,723200000,723200100,1337,2229,723400000,723400000
3,3617,723400000,723400100,1337,2229,723600000,723600000
3,3618,723600000,723600100,1337,2229,723800000,723800000
3,3619,723800000,723800100,1337,2229,724000000,724000000
3,3620,724000000,724000100,1337,2229,724200000,724200000
3,3621,724200000,724200100,1337,2229,724400000,724400000
3,3622,724400000,724400100,1337,2229,724600000,724600000
3,3623,724600000,724600100,1337,2229,724800000,724800000
3,3624,724800000,724800100,1337,2229,725000000,725000000
3,3625,725000000,725000100,1337,2229,725200000,725200000
3,3626,725200000,725200100,1337,2229,725400000,725400000
3,3627,725400000,725400100,1337,2229,725600000,725600000
3,3628,725600000,725600100,1337,2229,725800000,725800000
3,3629,725800000,725800100,1337,2229,726000000,726000000
3,3630,726000000,726000100,1337,2229,726200000,726200000
3,3631,726200000,726200100,1337,2229,726400000,726400000
3,3632,726400000,726400100,1337,2229,726600000,726600000
3,3633,726600000,726600100,1337,2229,726800000,726800000
3,3634,726800000,726800100,1337,2229,727000000,727000000
3,3635,727000000,727000100,1337,2229,727200000,727200000
3,3636,727200000,727200100,1337,2229,727400000,727400000
3,3637,727400000,727400100,1337,2229,727600000,727600000
3,3638,727600000,727600100,1337,2229,727800000,727800000
3,3639,727800000,727800100,1337,2229,728000000,728000000
3,3640,728000000,728000100,1337,2229,728200000,728200000
3,3641,728200000,728200100,1337,2229,728400000,728400000
3,3642,728400000,728400100,1337,2229,728600000,728600000
3,3643,728600000,728600100,1337,2229,728800000,728800000
3,3644,728800000,728800100,1337,2229,729000000,729000000
3,3645,729000000,729000100,1337,2229,729200000,729200000
3,3646,729200000,729200100,1337,2229,729400000,729400000
3,3647,729400000,729400100,1337,2229,729600000,729600000
3,3648,729600000,729600100,1337,2229,729800000,729800000
3,3649,729800000,729800100,1337,2229,730000000,730000000
3,3650,730000000,730000100,1337,2229,730200000,730200000
3,3651,730200000,730200100,1337,2229,730400000,730400000
3,3652,730400000,730400100,1337,2229,730600000,730600000
3,3653,730600000,730600100,1337,2229,730800000,730800000
3,3654,730800000,730800100,1337,2229,731000000,731000000
3,3655,731000000,731000100,1337,2229,731200000,731200000
3,3656,731200000,731200100,1337,2229,731400000,731400000
3,3657,731400000,731400100,1337,2229,731600000,731600000
3,3658,731600000,731600100,1337,2229,731800000,731800000
3,3659,731800000,731800100,1337,2229,732000000,732000000
3,3660,732000000,732000100,1337,2229,732200000,732200000
3,3661,732200000,732200100,1337,2229,732400000,732400000
3,3662,732400000,732400100,1337,2229,732600000,732600000
3,3663,732600000,732600100,1337,2229,732800000,732800000
3,3664,732800000,732800100,1337,2229,733000000,733000000
3,3665,733000000,733000100,1337,2229,733200000,733200000
3,3666,733200000,733200100,1337,2229,733400000,733400000
3,3667,733400000,733400100,1337,2229,733600000,733600000
3,3668,733600000,733600100,1337,2229,733800000,733800000
3,3669,733800000,733800100,1337,2229,734000000,734000000
3,3670,734000000,734000100,1337,2229,734200000,734200000
3,3671,734200000,734200100,1337,2229,734400000,734400000
3,3672,734400000,734400100,1337,2229,734600000,734600000
3,3673,734600000,734600100,1337,2229,734800000,734800000
3,3674,734800000,734800100,1337,2229,735000000,735000000
3,3675,735000000,735000100,1337,2229,735200000,735200000
3,3676,735200000,735200100,1337,2229,735400000,735400000
3,3677,735400000,735400100,1337,2229,735600000,735600000
3,3678,735600000,735600100,1337,2229,735800000,735800000
3,3679,735800000,735800100,1337,2229,736000000,736000000
3,3680,736000000,736000100,1337,2229,736200000,736200000
3,3681,736200000,736200100,1337,2229,736400000,736400000
3,3682,736400000,736400100,1337,2229,736600000,736600000
3,3683,736600000,736600100,1337,2229,736800000,736800000
3,3684,736800000,736800100,1337,2229,737000000,737000000
3,3685,737000000,737000100,1337,2229,737200000,737200000
3,3686,737200000,737200100,1337,2229,737400000,737400000
3,3687,737400000,737400100,1337,2229,737600000,737600000
3,3688,737600000,737600100,1337,2229,737800000,737800000
3,3689,737800000,737800100,1337,2229,738000000,738000000
3,3690,738000000,738000100,1337,2229,738200000,738200000
3,3691,738200000,738200100,1337,2229,738400000,738400000
3,3692,738400000,738400100,1337,2229,738600000,738600000
3,3693,738600000,738600100,1337,2229,738800000,738800000
3,3694,738800000,738800100,1337,2229,739000000,739000000
3,3695,739000000,739000100,1337,2229,739200000,739200000
3,3696,739200000,739200100,1337,2229,739400000,739400000
3,3697,739400000,739400100,1337,2229,739600000,739600000
3,3698,739600000,739600100,1337,2229,739800000,739800000
3,3699,739800000,739800100,1337,2229,740000000,740000000
3,3700,740000000,740000100,1337,2229,740200000,740200000
3,3701,740200000,740200100,1337,2229,740400000,740400000
3,3702,740400000,740400100,1337,2229,740600000,740600000
3,3703,740600000,740600100,1337,2229,740800000,740800000
3,3704,740800000,740800100,1337,2229,741000000,741000000
3,3705,741000000,741000100,1337,2229,741200000,741200000
3,3706,741200000,741200100,1337,2229,741400000,741400000
3,3707,741400000,741400100,1337,2229,741600000,741600000
3,3708,741600000,741600100,1337,2229,741800000,741800000
3,3709,741800000,741800100,1337,2229,742000000,742000000
3,3710,742000000,742000100,1337,2229,742200000,742200000
3,3711,742200000,742200100,1337,2229,742400000,742400000
3,3712,742400000,742400100,1337,2229,742600000,742600000
3,3713,742600000,742600100,1337,2229,742800000,742800000
3,3714,742800000,742800100,1337,2229,743000000,743000000
3,3715,743000000,743000100,1337,2229,743200000,743200000
3,3716,743200000,743200100,1337,2229,743400000,743400000
3,3717,743400000,743400100,1337,2229,743600000,743600000
3,3718,743600000,743600100,1337,2229,743800000,743800000
3,3719,743800000,743800100,1337,2229,744000000,744000000
3,3720,744000000,744000100,1337,2229,744200000,744200000
3,3721,744200000,744200100,1337,2229,744400000,744400000
3,3722,744400000,744400100,1337,2229,744600000,744600000
3,3723,744600000,744600100,1337,2229,744800000,744800000
3,3724,744800000,744800100,1337,2229,745000000,745000000
3,3725,745000000,745000100,1337,2229,745200000,745200000
3,3726,745200000,745200100,1337,2229,745400000,745400000
3,3727,745400000,745400100,1337,2229,745600000,745600000
3,3728,745600000,745600100,1337,2229,745800000,745800000
3,3729,745800000,745800100,1337,2229,746000000,746000000
3,3730,746000000,746000100,1337,2229,746200000,746200000
3,3731,746200000,746200100,1337,2229,746400000,746400000
3,3732,746400000,746400100,1337,2229,746600000,746600000
3,3733,746600000,746600100,1337,2229,746800000,746800000
3,3734,746800000,746800100,1337,2229,747000000,747000000
3,3735,747000000,747000100,1337,2229,747200000,747200000
3,3736,747200000,747200100,1337,2229,747400000,747400000
3,3737,747400000,747400100,1337,2229,747600000,747600000
3,3738,747600000,747600100,1337,2229,747800000,747800000
3,3739,747800000,747800100,1337,2229,748000000,748000000
3,3740,748000000,748000100,1337,2229,748200000,748200000
3,3741,748200000,748200100,1337,2229,748400000,748400000
3,3742,748400000,748400100,1337,2229,748600000,748600000
3,3743,748600000,748600100,1337,2229,748800000,748800000
3,3744,748800000,748800100,1337,2229,749000000,749000000
3,3745,749000000,749000100,1337,2229,749200000,749200000
3,3746,749200000,749200100,1337,2229,749400000,749400000
3,3747,749400000,749400100,1337,2229,749600000,749600000
3,3748,749600000,749600100,1337,2229,749800000,749800000
3,3749,749800000,749800100,1337,2229,750000000,750000000
3,3750,750000000,750000100,1337,2229,750200000,750200000
3,3751,750200000,750200100,1337,2229,750400000,750400000
3,3752,750400000,750400100,1337,2229,750600000,750600000
3,3753,750600000,750600100,1337,2229,750800000,750800000
3,3754,750800000,750800100,1337,2229,751000000,751000000
3,3755,751000000,751000100,1337,2229,751200000,751200000
3,3756,751200000,751200100,1337,2229,751400000,751400000
3,3757,751400000,751400100,1337,2229,751600000,751600000
3,3758,751600000,751600100,1337,2229,751800000,751800000
3,3759,751800000,751800100,1337,2229,752000000,752000000
3,3760,752000000,752000100,1337,2229,752200000,752200000
3,3761,752200000,752200100,1337,2229,752400000,752400000
3,3762,752400000,752400100,1337,2229,752600000,752600000
3,3763,752600000,752600100,1337,2229,752800000,752800000
3,3764,752800000,752800100,1337,2229,753000000,753000000
3,3765,753000000,753000100,1337,2229,753200000,753200000
3,3766,753200000,753200100,1337,2229,753400000,753400000
3,3767,753400000,753400100,1337,2229,753600000,753600000
3,3768,753600000,753600100,1337,2229,753800000,753800000
3,3769,753800000,753800100,1337,2229,754000000,754000000
3,3770,754000000,754000100,1337,2229,754200000,754200000
3,3771,754200000,754200100,1337,2229,754400000,754400000
3,3772,754400000,754400100,1337,2229,754600000,754600000
3,3773,754600000,754600100,1337,2229,754800000,754800000
3,3774,754800000,754800100,1337,2229,755000000,755000000
3,3775,755000000,755000100,1337,2229,755200000,755200000
3,3776,755200000,755200100,1337,2229,755400000,755400000
3,3777,755400000,755400100,1337,2229,755600000,755600000
3,3778,755600000,755600100,1337,2229,755800000,755800000
3,3779,755800000,755800100,1337,2229,756000000,756000000
3,3780,756000000,756000100,1337,2229,756200000,756200000
3,3781,756200000,756200100,1337,2229,756400000,756400000
3,3782,756400000,756400100,1337,2229,756600000,756600000
3,3783,756600000,756600100,1337,2229,756800000,756800000
3,3784,756800000,756800100,1337,2229,757000000,757000000
3,3785,757000000,757000100,1337,2229,757200000,757200000
3,3786,757200000,757200100,1337,2229,757400000,757400000
3,3787,757400000,757400100,1337,2229,757600000,757600000
3,3788,757600000,757600100,1337,2229,757800000,757800000
3,3789,757800000,757800100,1337,2229,758000000,758000000
3,3790,758000000,758000100,1337,2229,758200000,758200000
3,3791,758200000,758200100,1337,2229,758400000,758400000
3,3792,758400000,758400100,1337,2229,758600000,758600000
3,3793,758600000,758600100,1337,2229,758800000,758800000
3,3794,758800000,758800100,1337,2229,759000000,759000000
3,3795,759000000,759000100,1337,2229,759200000,759200000
3,3796,759200000,759200100,1337,2229,759400000,759400000
3,3797,759400000,759400100,1337,2229,759600000,759600000
3,3798,759600000,759600100,1337,2229,759800000,759800000
3,3799,759800000,759800100,1337,2229,760000000,760000000
3,3800,760000000,760000100,1337,2229,760200000,760200000
3,3801,760200000,760200100,1337,2229,760400000,760400000
3,3802,760400000,760400100,1337,2229,760600000,760600000
3,3803,760600000,760600100,1337,2229,760800000,760800000
3,3804,760800000,760800100,1337,2229,761000000,761000000
3,3805,761000000,761000100,1337,2229,761200000,761200000
3,3806,761200000,761200100,1337,2229,761400000,761400000
3,3807,761400000,761400100,1337,2229,761600000,761600000
3,3808,761600000,761600100,1337,2229,761800000,761800000
3,3809,761800000,761800100,1337,2229,762000000,762000000
3,3810,762000000,762000100,1337,2229,762200000,762200000
3,3811,762200000,762200100,1337,2229,762400000,762400000
3,3812,762400000,762400100,1337,2229,762600000,762600000
3,3813,762600000,762600100,1337,2229,762800000,762800000
3,3814,762800000,762800100,1337,2229,763000000,763000000
3,3815,763000000,763000100,1337,2229,763200000,763200000
3,3816,763200000,763200100,1337,2229,763400000,763400000
3,3817,763400000,763400100,1337,2229,763600000,763600000
3,3818,763600000,763600100,1337,2229,763800000,763800000
3,3819,763800000,763800100,1337,2229,764000000,764000000
3,3820,764000000,764000100,1337,2229,764200000,764200000
3,3821,764200000,764200100,1337,2229,764400000,764400000
3,3822,764400000,764400100,1337,2229,764600000,764600000
3,3823,764600000,764600100,1337,2229,764800000,764800000
3,3824,764800000,764800100,1337,2229,765000000,765000000
3,3825,765000000,765000100,1337,2229,765200000,765200000
3,3826,765200000,765200100,1337,2229,765400000,765400000
3,3827,765400000,765400100,1337,2229,765600000,765600000
3,3828,765600000,765600100,1337,2229,765800000,765800000
3,3829,765800000,765800100,1337,2229,766000000,766000000
3,3830,766000000,766000100,1337,2229,766200000,766200000
3,3831,766200000,766200100,1337,2229,766400000,766400000
3,3832,766400000,766400100,1337,2229,766600000,766600000
3,3833,766600000,766600100,1337,2229,766800000,766800000
3,3834,766800000,766800100,1337,2229,767000000,767000000
3,3835,767000000,767000100,1337,2229,767200000,767200000
3,3836,767200000,767200100,1337,2229,767400000,767400000
3,3837,767400000,767400100,1337,2229,767600000,767600000
3,3838,767600000,767600100,1337,2229,767800000,767800000
3,3839,767800000,767800100,1337,2229,768000000,768000000
3,3840,768000000,768000100,1337,2229,768200000,768200000
3,3841,768200000,768200100,1337,2229,768400000,768400000
3,3842,768400000,768400100,1337,2229,768600000,768600000
3,3843,768600000,768600100,1337,2229,768800000,768800000
3,3844,768800000,768800100,1337,2229,769000000,769000000
3,3845,769000000,769000100,1337,2229,769200000,769200000
3,3846,769200000,769200100,1337,2229,769400000,769400000
3,3847,769400000,769400100,1337,2229,769600000,769600000
3,3848,769600000,769600100,1337,2229,769800000,769800000
3,3849,769800000,769800100,1337,2229,770000000,770000000
3,3850,770000000,770000100,1337,2229,770200000,770200000
3,3851,770200000,770200100,1337,2229,770400000,770400000
3,3852,770400000,770400100,1337,2229,770600000,770600000
3,3853,770600000,770600100,1337,2229,770800000,770800000
3,3854,770800000,770800100,1337,2229,771000000,771000000
3,3855,771000000,771000100,1337,2229,771200000,771200000
3,3856,771200000,771200100,1337,2229,771400000,771400000
3,3857,771400000,771400100,1337,2229,771600000,771600000
3,3858,771600000,771600100,1337,2229,771800000,771800000
3,3859,771800000,771800100,1337,2229,772000000,772000000
3,3860,772000000,772000100,1337,2229,772200000,772200000
3,3861,772200000,772200100,1337,2229,772400000,772400000
3,3862,772400000,772400100,1337,2229,772600000,772600000
3,3863,772600000,772600100,1337,2229,772800000,772800000
3,3864,772800000,772800100,1337,2229,773000000,773000000
3,3865,773000000,773000100,1337,2229,773200000,773200000
3,3866,773200000,773200100,1337,2229,773400000,773400000
3,3867,773400000,773400100,1337,2229,773600000,773600000
3,3868,773600000,773600100,1337,2229,773800000,773800000
3,3869,773800000,773800100,1337,2229,774000000,774000000
3,3870,774000000,774000100,1337,2229,774200000,774200000
3,3871,774200000,774200100,1337,2229,774400000,774400000
3,3872,774400000,774400100,1337,2229,774600000,774600000
3,3873,774600000,774600100,1337,2229,774800000,774800000
3,3874,774800000,774800100,1337,2229,775000000,775000000
3,3875,775000000,775000100,1337,2229,775200000,775200000
3,3876,775200000,775200100,1337,2229,775400000,775400000
3,3877,775400000,775400100,1337,2229,775600000,775600000
3,3878,775600000,775600100,1337,2229,775800000,775800000
3,3879,775800000,775800100,1337,2229,776000000,776000000
3,3880,776000000,776000100,1337,2229,776200000,776200000
3,3881,776200000,776200100,1337,2229,776400000,776400000
3,3882,776400000,776400100,1337,2229,776600000,776600000
3,3883,776600000,776600100,1337,2229,776800000,776800000
3,3884,776800000,776800100,1337,2229,777000000,777000000
3,3885,777000000,777000100,1337,2229,777200000,777200000
3,3886,777200000,777200100,1337,2229,777400000,777400000
3,3887,777400000,777400100,1337,2229,777600000,777600000
3,3888,777600000,777600100,1337,2229,777800000,777800000
3,3889,777800000,777800100,1337,2229,778000000,778000000
3,3890,778000000,778000100,1337,2229,778200000,778200000
3,3891,778200000,778200100,1337,2229,778400000,778400000
3,3892,778400000,778400100,1337,2229,778600000,778600000
3,3893,778600000,778600100,1337,2229,778800000,778800000
3,3894,778800000,778800100,1337,2229,779000000,779000000
3,3895,779000000,779000100,1337,2229,779200000,779200000
3,3896,779200000,779200100,1337,2229,779400000,779400000
3,3897,779400000,779400100,1337,2229,779600000,779600000
3,3898,779600000,779600100,1337,2229,779800000,779800000
3,3899,779800000,779800100,1337,2229,780000000,780000000
3,3900,780000000,780000100,1337,2229,780200000,780200000
3,3901,780200000,780200100,1337,2229,780400000,780400000
3,3902,780400000,780400100,1337,2229,780600000,780600000
3,3903,780600000,780600100,1337,2229,780800000,780800000
3,3904,780800000,780800100,1337,2229,781000000,781000000
3,3905,781000000,781000100,1337,2229,781200000,781200000
3,3906,781200000,781200100,1337,2229,781400000,781400000
3,3907,781400000,781400100,1337,2229,781600000,781600000
3,3908,781600000,781600100,1337,2229,781800000,781800000
3,3909,781800000,781800100,1337,2229,782000000,782000000
3,3910,782000000,782000100,1337,2229,782200000,782200000
3,3911,782200000,782200100,1337,2229,782400000,782400000
3,3912,782400000,782400100,1337,2229,782600000,782600000
3,3913,782600000,782600100,1337,2229,782800000,782800000
3,3914,782800000,782800100,1337,2229,783000000,783000000
3,3915,783000000,783000100,1337,2229,783200000,783200000
3,3916,783200000,783200100,1337,2229,783400000,783400000
3,3917,783400000,783400100,1337,2229,783600000,783600000
3,3918,783600000,783600100,1337,2229,783800000,783800000
3,3919,783800000,783800100,1337,2229,784000000,784000000
3,3920,784000000,784000100,1337,2229,784200000,784200000
3,3921,784200000,784200100,1337,2229,784400000,784400000
3,3922,784400000,784400100,1337,2229,784600000,784600000
3,3923,784600000,784600100,1337,2229,784800000,784800000
3,3924,784800000,784800100,1337,2229,785000000,785000000
3,3925,785000000,785000100,1337,2229,785200000,785200000
3,3926,785200000,785200100,1337,2229,785400000,785400000
3,3927,785400000,785400100,1337,2229,785600000,785600000
3,3928,785600000,785600100,1337,2229,785800000,785800000
3,3929,785800000,785800100,1337,2229,786000000,786000000
3,3930,786000000,786000100,1337,2229,786200000,786200000
3,3931,786200000,786200100,1337,2229,786400000,786400000
3,3932,786400000,786400100,1337,2229,786600000,786600000
3,3933,786600000,786600100,1337,2229,786800000,786800000
3,3934,786800000,786800100,1337,2229,787000000,787000000
3,3935,787000000,787000100,1337,2229,787200000,787200000
3,3936,787200000,787200100,1337,2229,787400000,787400000
3,3937,787400000,787400100,1337,2229,787600000,787600000
3,3938,787600000,787600100,1337,2229,787800000,787800000
3,3939,787800000,787800100,1337,2229,788000000,788000000
3,3940,788000000,788000100,1337,2229,788200000,788200000
3,3941,788200000,788200100,1337,2229,788400000,788400000
3,3942,788400000,788400100,1337,2229,788600000,788600000
3,3943,788600000,788600100,1337,2229,788800000,788800000
3,3944,788800000,788800100,1337,2229,789000000,789000000
3,3945,789000000,789000100,1337,2229,789200000,789200000
3,3946,789200000,789200100,1337,2229,789400000,789400000
3,3947,789400000,789400100,1337,2229,789600000,789600000
3,3948,789600000,789600100,1337,2229,789800000,789800000
3,3949,789800000,789800100,1337,2229,790000000,790000000
3,3950,790000000,790000100,1337,2229,790200000,790200000
3,3951,790200000,790200100,1337,2229,790400000,790400000
3,3952,790400000,790400100,1337,2229,790600000,790600000
3,3953,790600000,790600100,1337,2229,790800000,790800000
3,3954,790800000,790800100,1337,2229,791000000,791000000
3,3955,791000000,791000100,1337,2229,791200000,791200000
3,3956,791200000,791200100,1337,2229,791400000,791400000
3,3957,791400000,791400100,1337,2229,791600000,791600000
3,3958,791600000,791600100,1337,2229,791800000,791800000
3,3959,791800000,791800100,1337,2229,792000000,792000000
3,3960,792000000,792000100,1337,2229,792200000,792200000
3,3961,792200000,792200100,1337,2229,792400000,792400000
3,3962,792400000,792400100,1337,2229,792600000,792600000
3,3963,792600000,792600100,1337,2229,792800000,792800000
3,3964,792800000,792800100,1337,2229,793000000,793000000
3,3965,793000000,793000100,1337,2229,793200000,793200000
3,3966,793200000,793200100,1337,2229,793400000,793400000
3,3967,793400000,793400100,1337,2229,793600000,793600000
3,3968,793600000,793600100,1337,2229,793800000,793800000
3,3969,793800000,793800100,1337,2229,794000000,794000000
3,3970,794000000,794000100,1337,2229,794200000,794200000
3,3971,794200000,794200100,1337,2229,794400000,794400000
3,3972,794400000,794400100,1337,2229,794600000,794600000
3,3973,794600000,794600100,1337,2229,794800000,794800000
3,3974,794800000,794800100,1337,2229,795000000,795000000
3,3975,795000000,795000100,1337,2229,795200000,795200000
3,3976,795200000,795200100,1337,2229,795400000,795400000
3,3977,795400000,795400100,1337,2229,795600000,795600000
3,3978,795600000,795600100,1337,2229,795800000,795800000
3,3979,795800000,795800100,1337,2229,796000000,796000000
3,3980,796000000,796000100,1337,2229,796200000,796200000
3,3981,796200000,796200100,1337,2229,796400000,796400000
3,3982,796400000,796400100,1337,2229,796600000,796600000
3,3983,796600000,796600100,1337,2229,796800000,796800000
3,3984,796800000,796800100,1337,2229,797000000,797000000
3,3985,797000000,797000100,1337,2229,797200000,797200000
3,3986,797200000,797200100,1337,2229,797400000,797400000
3,3987,797400000,797400100,1337,2229,797600000,797600000
3,3988,797600000,797600100,1337,2229,797800000,797800000
3,3989,797800000,797800100,1337,2229,798000000,798000000
3,3990,798000000,798000100,1337,2229,798200000,798200000
3,3991,798200000,798200100,1337,2229,798400000,798400000
3,3992,798400000,798400100,1337,2229,798600000,798600000
3,3993,798600000,798600100,1337,2229,798800000,798800000
3,3994,798800000,798800100,1337,2229,799000000,799000000
3,3995,799000000,799000100,1337,2229,799200000,799200000
3,3996,799200000,799200100,1337,2229,799400000,799400000
3,3997,799400000,799400100,1337,2229,799600000,799600000
3,3998,799600000,799600100,1337,2229,799800000,799800000
3,3999,799800000,799800100,1337,2229,800000000,800000000
3,4000,800000000,800000100,1337,2229,800200000,800200000
3,4001,800200000,800200100,1337,2229,800400000,800400000
3,4002,800400000,800400100,1337,2229,800600000,800600000
3,4003,800600000,800600100,1337,2229,800800000,800800000
3,4004,800800000,800800100,1337,2229,801000000,801000000
3,4005,801000000,801000100,1337,2229,801200000,801200000
3,4006,801200000,801200100,1337,2229,801400000,801400000
3,4007,801400000,801400100,1337,2229,801600000,801600000
3,4008,801600000,801600100,1337,2229,801800000,801800000
3,4009,801800000,801800100,1337,2229,802000000,802000000
3,4010,802000000,802000100,1337,2229,802200000,802200000
3,4011,802200000,802200100,1337,2229,802400000,802400000
3,4012,802400000,802400100,1337,2229,802600000,802600000
3,4013,802600000,802600100,1337,2229,802800000,802800000
3,4014,802800000,802800100,1337,2229,803000000,803000000
3,4015,803000000,803000100,1337,2229,803200000,803200000
3,4016,803200000,803200100,1337,2229,803400000,803400000
3,4017,803400000,803400100,1337,2229,803600000,803600000
3,4018,803600000,803600100,1337,2229,803800000,803800000
3,4019,803800000,803800100,1337,2229,804000000,804000000
3,4020,804000000,804000100,1337,2229,804200000,804200000
3,4021,804200000,804200100,1337,2229,804400000,804400000
3,4022,804400000,804400100,1337,2229,804600000,804600000
3,4023,804600000,804600100,1337,2229,804800000,804800000
3,4024,804800000,804800100,1337,2229,805000000,805000000
3,4025,805000000,805000100,1337,2229,805200000,805200000
3,4026,805200000,805200100,1337,2229,805400000,805400000
3,4027,805400000,805400100,1337,2229,805600000,805600000
3,4028,805600000,805600100,1337,2229,805800000,805800000
3,4029,805800000,805800100,1337,2229,806000000,806000000
3,4030,806000000,806000100,1337,2229,806200000,806200000
3,4031,806200000,806200100,1337,2229,806400000,806400000
3,4032,806400000,806400100,1337,2229,806600000,806600000
3,4033,806600000,806600100,1337,2229,806800000,806800000
3,4034,806800000,806800100,1337,2229,807000000,807000000
3,4035,807000000,807000100,1337,2229,807200000,807200000
3,4036,807200000,807200100,1337,2229,807400000,807400000
3,4037,807400000,807400100,1337,2229,807600000,807600000
3,4038,807600000,807600100,1337,2229,807800000,807800000
3,4039,807800000,807800100,1337,2229,808000000,808000000
3,4040,808000000,808000100,1337,2229,808200000,808200000
3,4041,808200000,808200100,1337,2229,808400000,808400000
3,4042,808400000,808400100,1337,2229,808600000,808600000
3,4043,808600000,808600100,1337,2229,808800000,808800000
3,4044,808800000,808800100,1337,2229,809000000,809000000
3,4045,809000000,809000100,1337,2229,809200000,809200000
3,4046,809200000,809200100,1337,2229,809400000,809400000
3,4047,809400000,809400100,1337,2229,809600000,809600000
3,4048,809600000,809600100,1337,2229,809800000,809800000
3,4049,809800000,809800100,1337,2229,810000000,810000000
3,4050,810000000,810000100,1337,2229,810200000,810200000
3,4051,810200000,810200100,1337,2229,810400000,810400000
3,4052,810400000,810400100,1337,2229,810600000,810600000
3,4053,810600000,810600100,1337,2229,810800000,810800000
3,4054,810800000,810800100,1337,2229,811000000,811000000
3,4055,811000000,811000100,1337,2229,811200000,811200000
3,4056,811200000,811200100,1337,2229,811400000,811400000
3,4057,811400000,811400100,1337,2229,811600000,811600000
3,4058,811600000,811600100,1337,2229,811800000,811800000
3,4059,811800000,811800100,1337,2229,812000000,812000000
3,4060,812000000,812000100,1337,2229,812200000,812200000
3,4061,812200000,812200100,1337,2229,812400000,812400000
3,4062,812400000,812400100,1337,2229,812600000,812600000
3,4063,812600000,812600100,1337,2229,812800000,812800000
3,4064,812800000,812800100,1337,2229,813000000,813000000
3,4065,813000000,813000100,1337,2229,813200000,813200000
3,4066,813200000,813200100,1337,2229,813400000,813400000
3,4067,813400000,813400100,1337,2229,813600000,813600000
3,4068,813600000,813600100,1337,2229,813800000,813800000
3,4069,813800000,813800100,1337,2229,814000000,814000000
3,4070,814000000,814000100,1337,2229,814200000,814200000
3,4071,814200000,814200100,1337,2229,814400000,814400000
3,4072,814400000,814400100,1337,2229,814600000,814600000
3,4073,814600000,814600100,1337,2229,814800000,814800000
3,4074,814800000,814800100,1337,2229,815000000,815000000
3,4075,815000000,815000100,1337,2229,815200000,815200000
3,4076,815200000,815200100,1337,2229,815400000,815400000
3,4077,815400000,815400100,1337,2229,815600000,815600000
3,4078,815600000,815600100,1337,2229,815800000,815800000
3,4079,815800000,815800100,1337,2229,816000000,816000000
3,4080,816000000,816000100,1337,2229,816200000,816200000
3,4081,816200000,816200100,1337,2229,816400000,816400000
3,4082,816400000,816400100,1337,2229,816600000,816600000
3,4083,816600000,816600100,1337,2229,816800000,816800000
3,4084,816800000,816800100,1337,2229,817000000,817000000
3,4085,817000000,817000100,1337,2229,817200000,817200000
3,4086,817200000,817200100,1337,2229,817400000,817400000
3,4087,817400000,817400100,1337,2229,817600000,817600000
3,4088,817600000,817600100,1337,2229,817800000,817800000
3,4089,817800000,817800100,1337,2229,818000000,818000000
3,4090,818000000,818000100,1337,2229,818200000,818200000
3,4091,818200000,818200100,1337,2229,818400000,818400000
3,4092,818400000,818400100,1337,2229,818600000,818600000
3,4093,818600000,818600100,1337,2229,818800000,818800000
3,4094,818800000,818800100,1337,2229,819000000,819000000
3,4095,819000000,819000100,1337,2229,819200000,819200000
3,4096,819200000,819200100,1337,2229,819400000,819400000
3,4097,819400000,819400100,1337,2229,819600000,819600000
3,4098,819600000,819600100,1337,2229,819800000,819800000
3,4099,819800000,819800100,1337,2229,820000000,820000000
3,4100,820000000,820000100,1337,2229,820200000,820200000
3,4101,820200000,820200100,1337,2229,820400000,820400000
3,4102,820400000,820400100,1337,2229,820600000,820600000
3,4103,820600000,820600100,1337,2229,820800000,820800000
3,4104,820800000,820800100,1337,2229,821000000,821000000
3,4105,821000000,821000100,1337,2229,821200000,821200000
3,4106,821200000,821200100,1337,2229,821400000,821400000
3,4107,821400000,821400100,1337,2229,821600000,821600000
3,4108,821600000,821600100,1337,2229,821800000,821800000
3,4109,821800000,821800100,1337,2229,822000000,822000000
3,4110,822000000,822000100,1337,2229,822200000,822200000
3,4111,822200000,822200100,1337,2229,822400000,822400000
3,4112,822400000,822400100,1337,2229,822600000,822600000
3,4113,822600000,822600100,1337,2229,822800000,822800000
3,4114,822800000,822800100,1337,2229,823000000,823000000
3,4115,823000000,823000100,1337,2229,823200000,823200000
3,4116,823200000,823200100,1337,2229,823400000,823400000
3,4117,823400000,823400100,1337,2229,823600000,823600000
3,4118,823600000,823600100,1337,2229,823800000,823800000
3,4119,823800000,823800100,1337,2229,824000000,824000000
3,4120,824000000,824000100,1337,2229,824200000,824200000
3,4121,824200000,824200100,1337,2229,824400000,824400000
3,4122,824400000,824400100,1337,2229,824600000,824600000
3,4123,824600000,824600100,1337,2229,824800000,824800000
3,4124,824800000,824800100,1337,2229,825000000,825000000
3,4125,825000000,825000100,1337,2229,825200000,825200000
3,4126,825200000,825200100,1337,2229,825400000,825400000
3,4127,825400000,825400100,1337,2229,825600000,825600000
3,4128,825600000,825600100,1337,2229,825800000,825800000
3,4129,825800000,825800100,1337,2229,826000000,826000000
3,4130,826000000,826000100,1337,2229,826200000,826200000
3,4131,826200000,826200100,1337,2229,826400000,826400000
3,4132,826400000,826400100,1337,2229,826600000,826600000
3,4133,826600000,826600100,1337,2229,826800000,826800000
3,4134,826800000,826800100,1337,2229,827000000,827000000
3,4135,827000000,827000100,1337,2229,827200000,827200000
3,4136,827200000,827200100,1337,2229,827400000,827400000
3,4137,827400000,827400100,1337,2229,827600000,827600000
3,4138,827600000,827600100,1337,2229,827800000,827800000
3,4139,827800000,827800100,1337,2229,828000000,828000000
3,4140,828000000,828000100,1337,2229,828200000,828200000
3,4141,828200000,828200100,1337,2229,828400000,828400000
3,4142,828400000,828400100,1337,2229,828600000,828600000
3,4143,828600000,828600100,1337,2229,828800000,828800000
3,4144,828800000,828800100,1337,2229,829000000,829000000
3,4145,829000000,829000100,1337,2229,829200000,829200000
3,4146,829200000,829200100,1337,2229,829400000,829400000
3,4147,829400000,829400100,1337,2229,829600000,829600000
3,4148,829600000,829600100,1337,2229,829800000,829800000
3,4149,829800000,829800100,1337,2229,830000000,830000000
3,4150,830000000,830000100,1337,2229,830200000,830200000
3,4151,830200000,830200100,1337,2229,830400000,830400000
3,4152,830400000,830400100,1337,2229,830600000,830600000
3,4153,830600000,830600100,1337,2229,830800000,830800000
3,4154,830800000,830800100,1337,2229,831000000,831000000
3,4155,831000000,831000100,1337,2229,831200000,831200000
3,4156,831200000,831200100,1337,2229,831400000,831400000
3,4157,831400000,831400100,1337,2229,831600000,831600000
3,4158,831600000,831600100,1337,2229,831800000,831800000
3,4159,831800000,831800100,1337,2229,832000000,832000000
3,4160,832000000,832000100,1337,2229,832200000,832200000
3,4161,832200000,832200100,1337,2229,832400000,832400000
3,4162,832400000,832400100,1337,2229,832600000,832600000
3,4163,832600000,832600100,1337,2229,832800000,832800000
3,4164,832800000,832800100,1337,2229,833000000,833000000
3,4165,833000000,833000100,1337,2229,833200000,833200000
3,4166,833200000,833200100,1337,2229,833400000,833400000
3,4167,833400000,833400100,1337,2229,833600000,833600000
3,4168,833600000,833600100,1337,2229,833800000,833800000
3,4169,833800000,833800100,1337,2229,834000000,834000000
3,4170,834000000,834000100,1337,2229,834200000,834200000
3,4171,834200000,834200100,1337,2229,834400000,834400000
3,4172,834400000,834400100,1337,2229,834600000,834600000
3,4173,834600000,834600100,1337,2229,834800000,834800000
3,4174,834800000,834800100,1337,2229,835000000,835000000
3,4175,835000000,835000100,1337,2229,835200000,835200000
3,4176,835200000,835200100,1337,2229,835400000,835400000
3,4177,835400000,835400100,1337,2229,835600000,835600000
3,4178,835600000,835600100,1337,2229,835800000,835800000
3,4179,835800000,835800100,1337,2229,836000000,836000000
3,4180,836000000,836000100,1337,2229,836200000,836200000
3,4181,836200000,836200100,1337,2229,836400000,836400000
3,4182,836400000,836400100,1337,2229,836600000,836600000
3,4183,836600000,836600100,1337,2229,836800000,836800000
3,4184,836800000,836800100,1337,2229,837000000,837000000
3,4185,837000000,837000100,1337,2229,837200000,837200000
3,4186,837200000,837200100,1337,2229,837400000,837400000
3,4187,837400000,837400100,1337,2229,837600000,837600000
3,4188,837600000,837600100,1337,2229,837800000,837800000
3,4189,837800000,837800100,1337,2229,838000000,838000000
3,4190,838000000,838000100,1337,2229,838200000,838200000
3,4191,838200000,838200100,1337,2229,838400000,838400000
3,4192,838400000,838400100,1337,2229,838600000,838600000
3,4193,838600000,838600100,1337,2229,838800000,838800000
3,4194,838800000,838800100,1337,2229,839000000,839000000
3,4195,839000000,839000100,1337,2229,839200000,839200000
3,4196,839200000,839200100,1337,2229,839400000,839400000
3,4197,839400000,839400100,1337,2229,839600000,839600000
3,4198,839600000,839600100,1337,2229,839800000,839800000
3,4199,839800000,839800100,1337,2229,840000000,840000000
3,4200,840000000,840000100,1337,2229,840200000,840200000
3,4201,840200000,840200100,1337,2229,840400000,840400000
3,4202,840400000,840400100,1337,2229,840600000,840600000
3,4203,840600000,840600100,1337,2229,840800000,840800000
3,4204,840800000,840800100,1337,2229,841000000,841000000
3,4205,841000000,841000100,1337,2229,841200000,841200000
3,4206,841200000,841200100,1337,2229,841400000,841400000
3,4207,841400000,841400100,1337,2229,841600000,841600000
3,4208,841600000,841600100,1337,2229,841800000,841800000
3,4209,841800000,841800100,1337,2229,842000000,842000000
3,4210,842000000,842000100,1337,2229,842200000,842200000
3,4211,842200000,842200100,1337,2229,842400000,842400000
3,4212,842400000,842400100,1337,2229,842600000,842600000
3,4213,842600000,842600100,1337,2229,842800000,842800000
3,4214,842800000,842800100,1337,2229,843000000,843000000
3,4215,843000000,843000100,1337,2229,843200000,843200000
3,4216,843200000,843200100,1337,2229,843400000,843400000
3,4217,843400000,843400100,1337,2229,843600000,843600000
3,4218,843600000,843600100,1337,2229,843800000,843800000
3,4219,843800000,843800100,1337,2229,844000000,844000000
3,4220,844000000,844000100,1337,2229,844200000,844200000
3,4221,844200000,844200100,1337,2229,844400000,844400000
3,4222,844400000,844400100,1337,2229,844600000,844600000
3,4223,844600000,844600100,1337,2229,844800000,844800000
3,4224,844800000,844800100,1337,2229,845000000,845000000
3,4225,845000000,845000100,1337,2229,845200000,845200000
3,4226,845200000,845200100,1337,2229,845400000,845400000
3,4227,845400000,845400100,1337,2229,845600000,845600000
3,4228,845600000,845600100,1337,2229,845800000,845800000
3,4229,845800000,845800100,1337,2229,846000000,846000000
3,4230,846000000,846000100,1337,2229,846200000,846200000
3,4231,846200000,846200100,1337,2229,846400000,846400000
3,4232,846400000,846400100,1337,2229,846600000,846600000
3,4233,846600000,846600100,1337,2229,846800000,846800000
3,4234,846800000,846800100,1337,2229,847000000,847000000
3,4235,847000000,847000100,1337,2229,847200000,847200000
3,4236,847200000,847200100,1337,2229,847400000,847400000
3,4237,847400000,847400100,1337,2229,847600000,847600000
3,4238,847600000,847600100,1337,2229,847800000,847800000
3,4239,847800000,847800100,1337,2229,848000000,848000000
3,4240,848000000,848000100,1337,2229,848200000,848200000
3,4241,848200000,848200100,1337,2229,848400000,848400000
3,4242,848400000,848400100,1337,2229,848600000,848600000
3,4243,848600000,848600100,1337,2229,848800000,848800000
3,4244,848800000,848800100,1337,2229,849000000,849000000
3,4245,849000000,849000100,1337,2229,849200000,849200000
3,4246,849200000,849200100,1337,2229,849400000,849400000
3,4247,849400000,849400100,1337,2229,849600000,849600000
3,4248,849600000,849600100,1337,2229,849800000,849800000
3,4249,849800000,849800100,1337,2229,850000000,850000000
3,4250,850000000,850000100,1337,2229,850200000,850200000
3,4251,850200000,850200100,1337,2229,850400000,850400000
3,4252,850400000,850400100,1337,2229,850600000,850600000
3,4253,850600000,850600100,1337,2229,850800000,850800000
3,4254,850800000,850800100,1337,2229,851000000,851000000
3,4255,851000000,851000100,1337,2229,851200000,851200000
3,4256,851200000,851200100,1337,2229,851400000,851400000
3,4257,851400000,851400100,1337,2229,851600000,851600000
3,4258,851600000,851600100,1337,2229,851800000,851800000
3,4259,851800000,851800100,1337,2229,852000000,852000000
3,4260,852000000,852000100,1337,2229,852200000,852200000
3,4261,852200000,852200100,1337,2229,852400000,852400000
3,4262,852400000,852400100,1337,2229,852600000,852600000
3,4263,852600000,852600100,1337,2229,852800000,852800000
3,4264,852800000,852800100,1337,2229,853000000,853000000
3,4265,853000000,853000100,1337,2229,853200000,853200000
3,4266,853200000,853200100,1337,2229,853400000,853400000
3,4267,853400000,853400100,1337,2229,853600000,853600000
3,4268,853600000,853600100,1337,2229,853800000,853800000
3,4269,853800000,853800100,1337,2229,854000000,854000000
3,4270,854000000,854000100,1337,2229,854200000,854200000
3,4271,854200000,854200100,1337,2229,854400000,854400000
3,4272,854400000,854400100,1337,2229,854600000,854600000
3,4273,854600000,854600100,1337,2229,854800000,854800000
3,4274,854800000,854800100,1337,2229,855000000,855000000
3,4275,855000000,855000100,1337,2229,855200000,855200000
3,4276,855200000,855200100,1337,2229,855400000,855400000
3,4277,855400000,855400100,1337,2229,855600000,855600000
3,4278,855600000,855600100,1337,2229,855800000,855800000
3,4279,855800000,855800100,1337,2229,856000000,856000000
3,4280,856000000,856000100,1337,2229,856200000,856200000
3,4281,856200000,856200100,1337,2229,856400000,856400000
3,4282,856400000,856400100,1337,2229,856600000,856600000
3,4283,856600000,856600100,1337,2229,856800000,856800000
3,4284,856800000,856800100,1337,2229,857000000,857000000
3,4285,857000000,857000100,1337,2229,857200000,857200000
3,4286,857200000,857200100,1337,2229,857400000,857400000
3,4287,857400000,857400100,1337,2229,857600000,857600000
3,4288,857600000,857600100,1337,2229,857800000,857800000
3,4289,857800000,857800100,1337,2229,858000000,858000000
3,4290,858000000,858000100,1337,2229,858200000,858200000
3,4291,858200000,858200100,1337,2229,858400000,858400000
3,4292,858400000,858400100,1337,2229,858600000,858600000
3,4293,858600000,858600100,1337,2229,858800000,858800000
3,4294,858800000,858800100,1337,2229,859000000,859000000
3,4295,859000000,859000100,1337,2229,859200000,859200000
3,4296,859200000,859200100,1337,2229,859400000,859400000
3,4297,859400000,859400100,1337,2229,859600000,859600000
3,4298,859600000,859600100,1337,2229,859800000,859800000
3,4299,859800000,859800100,1337,2229,860000000,860000000
3,4300,860000000,860000100,1337,2229,860200000,860200000
3,4301,860200000,860200100,1337,2229,860400000,860400000
3,4302,860400000,860400100,1337,2229,860600000,860600000
3,4303,860600000,860600100,1337,2229,860800000,860800000
3,4304,860800000,860800100,1337,2229,861000000,861000000
3,4305,861000000,861000100,1337,2229,861200000,861200000
3,4306,861200000,861200100,1337,2229,861400000,861400000
3,4307,861400000,861400100,1337,2229,861600000,861600000
3,4308,861600000,861600100,1337,2229,861800000,861800000
3,4309,861800000,861800100,1337,2229,862000000,862000000
3,4310,862000000,862000100,1337,2229,862200000,862200000
3,4311,862200000,862200100,1337,2229,862400000,862400000
3,4312,862400000,862400100,1337,2229,862600000,862600000
3,4313,862600000,862600100,1337,2229,862800000,862800000
3,4314,862800000,862800100,1337,2229,863000000,863000000
3,4315,863000000,863000100,1337,2229,863200000,863200000
3,4316,863200000,863200100,1337,2229,863400000,863400000
3,4317,863400000,863400100,1337,2229,863600000,863600000
3,4318,863600000,863600100,1337,2229,863800000,863800000
3,4319,863800000,863800100,1337,2229,864000000,864000000
3,4320,864000000,864000100,1337,2229,864200000,864200000
3,4321,864200000,864200100,1337,2229,864400000,864400000
3,4322,864400000,864400100,1337,2229,864600000,864600000
3,4323,864600000,864600100,1337,2229,864800000,864800000
3,4324,864800000,864800100,1337,2229,865000000,865000000
3,4325,865000000,865000100,1337,2229,865200000,865200000
3,4326,865200000,865200100,1337,2229,865400000,865400000
3,4327,865400000,865400100,1337,2229,865600000,865600000
3,4328,865600000,865600100,1337,2229,865800000,865800000
3,4329,865800000,865800100,1337,2229,866000000,866000000
3,4330,866000000,866000100,1337,2229,866200000,866200000
3,4331,866200000,866200100,1337,2229,866400000,866400000
3,4332,866400000,866400100,1337,2229,866600000,866600000
3,4333,866600000,866600100,1337,2229,866800000,866800000
3,4334,866800000,866800100,1337,2229,867000000,867000000
3,4335,867000000,867000100,1337,2229,867200000,867200000
3,4336,867200000,867200100,1337,2229,867400000,867400000
3,4337,867400000,867400100,1337,2229,867600000,867600000
3,4338,867600000,867600100,1337,2229,867800000,867800000
3,4339,867800000,867800100,1337,2229,868000000,868000000
3,4340,868000000,868000100,1337,2229,868200000,868200000
3,4341,868200000,868200100,1337,2229,868400000,868400000
3,4342,868400000,868400100,1337,2229,868600000,868600000
3,4343,868600000,868600100,1337,2229,868800000,868800000
3,4344,868800000,868800100,1337,2229,869000000,869000000
3,4345,869000000,869000100,1337,2229,869200000,869200000
3,4346,869200000,869200100,1337,2229,869400000,869400000
3,4347,869400000,869400100,1337,2229,869600000,869600000
3,4348,869600000,869600100,1337,2229,869800000,869800000
3,4349,869800000,869800100,1337,2229,870000000,870000000
3,4350,870000000,870000100,1337,2229,870200000,870200000
3,4351,870200000,870200100,1337,2229,870400000,870400000
3,4352,870400000,870400100,1337,2229,870600000,870600000
3,4353,870600000,870600100,1337,2229,870800000,870800000
3,4354,870800000,870800100,1337,2229,871000000,871000000
3,4355,871000000,871000100,1337,2229,871200000,871200000
3,4356,871200000,871200100,1337,2229,871400000,871400000
3,4357,871400000,871400100,1337,2229,871600000,871600000
3,4358,871600000,871600100,1337,2229,871800000,871800000
3,4359,871800000,871800100,1337,2229,872000000,872000000
3,4360,872000000,872000100,1337,2229,872200000,872200000
3,4361,872200000,872200100,1337,2229,872400000,872400000
3,4362,872400000,872400100,1337,2229,872600000,872600000
3,4363,872600000,872600100,1337,2229,872800000,872800000
3,4364,872800000,872800100,1337,2229,873000000,873000000
3,4365,873000000,873000100,1337,2229,873200000,873200000
3,4366,873200000,873200100,1337,2229,873400000,873400000
3,4367,873400000,873400100,1337,2229,873600000,873600000
3,4368,873600000,873600100,1337,2229,873800000,873800000
3,4369,873800000,873800100,1337,2229,874000000,874000000
3,4370,874000000,874000100,1337,2229,874200000,874200000
3,4371,874200000,874200100,1337,2229,874400000,874400000
3,4372,874400000,874400100,1337,2229,874600000,874600000
3,4373,874600000,874600100,1337,2229,874800000,874800000
3,4374,874800000,874800100,1337,2229,875000000,875000000
3,4375,875000000,875000100,1337,2229,875200000,875200000
3,4376,875200000,875200100,1337,2229,875400000,875400000
3,4377,875400000,875400100,1337,2229,875600000,875600000
3,4378,875600000,875600100,1337,2229,875800000,875800000
3,4379,875800000,875800100,1337,2229,876000000,876000000
3,4380,876000000,876000100,1337,2229,876200000,876200000
3,4381,876200000,876200100,1337,2229,876400000,876400000
3,4382,876400000,876400100,1337,2229,876600000,876600000
3,4383,876600000,876600100,1337,2229,876800000,876800000
3,4384,876800000,876800100,1337,2229,877000000,877000000
3,4385,877000000,877000100,1337,2229,877200000,877200000
3,4386,877200000,877200100,1337,2229,877400000,877400000
3,4387,877400000,877400100,1337,2229,877600000,877600000
3,4388,877600000,877600100,1337,2229,877800000,877800000
3,4389,877800000,877800100,1337,2229,878000000,878000000
3,4390,878000000,878000100,1337,2229,878200000,878200000
3,4391,878200000,878200100,1337,2229,878400000,878400000
3,4392,878400000,878400100,1337,2229,878600000,878600000
3,4393,878600000,878600100,1337,2229,878800000,878800000
3,4394,878800000,878800100,1337,2229,879000000,879000000
3,4395,879000000,879000100,1337,2229,879200000,879200000
3,4396,879200000,879200100,1337,2229,879400000,879400000
3,4397,879400000,879400100,1337,2229,879600000,879600000
3,4398,879600000,879600100,1337,2229,879800000,879800000
3,4399,879800000,879800100,1337,2229,880000000,880000000
3,4400,880000000,880000100,1337,2229,880200000,880200000
3,4401,880200000,880200100,1337,2229,880400000,880400000
3,4402,880400000,880400100,1337,2229,880600000,880600000
3,4403,880600000,880600100,1337,2229,880800000,880800000
3,4404,880800000,880800100,1337,2229,881000000,881000000
3,4405,881000000,881000100,1337,2229,881200000,881200000
3,4406,881200000,881200100,1337,2229,881400000,881400000
3,4407,881400000,881400100,1337,2229,881600000,881600000
3,4408,881600000,881600100,1337,2229,881800000,881800000
3,4409,881800000,881800100,1337,2229,882000000,882000000
3,4410,882000000,882000100,1337,2229,882200000,882200000
3,4411,882200000,882200100,1337,2229,882400000,882400000
3,4412,882400000,882400100,1337,2229,882600000,882600000
3,4413,882600000,882600100,1337,2229,882800000,882800000
3,4414,882800000,882800100,1337,2229,883000000,883000000
3,4415,883000000,883000100,1337,2229,883200000,883200000
3,4416,883200000,883200100,1337,2229,883400000,883400000
3,4417,883400000,883400100,1337,2229,883600000,883600000
3,4418,883600000,883600100,1337,2229,883800000,883800000
3,4419,883800000,883800100,1337,2229,884000000,884000000
3,4420,884000000,884000100,1337,2229,884200000,884200000
3,4421,884200000,884200100,1337,2229,884400000,884400000
3,4422,884400000,884400100,1337,2229,884600000,884600000
3,4423,884600000,884600100,1337,2229,884800000,884800000
3,4424,884800000,884800100,1337,2229,885000000,885000000
3,4425,885000000,885000100,1337,2229,885200000,885200000
3,4426,885200000,885200100,1337,2229,885400000,885400000
3,4427,885400000,885400100,1337,2229,885600000,885600000
3,4428,885600000,885600100,1337,2229,885800000,885800000
3,4429,885800000,885800100,1337,2229,886000000,886000000
3,4430,886000000,886000100,1337,2229,886200000,886200000
3,4431,886200000,886200100,1337,2229,886400000,886400000
3,4432,886400000,886400100,1337,2229,886600000,886600000
3,4433,886600000,886600100,1337,2229,886800000,886800000
3,4434,886800000,886800100,1337,2229,887000000,887000000
3,4435,887000000,887000100,1337,2229,887200000,887200000
3,4436,887200000,887200100,1337,2229,887400000,887400000
3,4437,887400000,887400100,1337,2229,887600000,887600000
3,4438,887600000,887600100,1337,2229,887800000,887800000
3,4439,887800000,887800100,1337,2229,888000000,888000000
3,4440,888000000,888000100,1337,2229,888200000,888200000
3,4441,888200000,888200100,1337,2229,888400000,888400000
3,4442,888400000,888400100,1337,2229,888600000,888600000
3,4443,888600000,888600100,1337,2229,888800000,888800000
3,4444,888800000,888800100,1337,2229,889000000,889000000
3,4445,889000000,889000100,1337,2229,889200000,889200000
3,4446,889200000,889200100,1337,2229,889400000,889400000
3,4447,889400000,889400100,1337,2229,889600000,889600000
3,4448,889600000,889600100,1337,2229,889800000,889800000
3,4449,889800000,889800100,1337,2229,890000000,890000000
3,4450,890000000,890000100,1337,2229,890200000,890200000
3,4451,890200000,890200100,1337,2229,890400000,890400000
3,4452,890400000,890400100,1337,2229,890600000,890600000
3,4453,890600000,890600100,1337,2229,890800000,890800000
3,4454,890800000,890800100,1337,2229,891000000,891000000
3,4455,891000000,891000100,1337,2229,891200000,891200000
3,4456,891200000,891200100,1337,2229,891400000,891400000
3,4457,891400000,891400100,1337,2229,891600000,891600000
3,4458,891600000,891600100,1337,2229,891800000,891800000
3,4459,891800000,891800100,1337,2229,892000000,892000000
3,4460,892000000,892000100,1337,2229,892200000,892200000
3,4461,892200000,892200100,1337,2229,892400000,892400000
3,4462,892400000,892400100,1337,2229,892600000,892600000
3,4463,892600000,892600100,1337,2229,892800000,892800000
3,4464,892800000,892800100,1337,2229,893000000,893000000
3,4465,893000000,893000100,1337,2229,893200000,893200000
3,4466,893200000,893200100,1337,2229,893400000,893400000
3,4467,893400000,893400100,1337,2229,893600000,893600000
3,4468,893600000,893600100,1337,2229,893800000,893800000
3,4469,893800000,893800100,1337,2229,894000000,894000000
3,4470,894000000,894000100,1337,2229,894200000,894200000
3,4471,894200000,894200100,1337,2229,894400000,894400000
3,4472,894400000,894400100,1337,2229,894600000,894600000
3,4473,894600000,894600100,1337,2229,894800000,894800000
3,4474,894800000,894800100,1337,2229,895000000,895000000
3,4475,895000000,895000100,1337,2229,895200000,895200000
3,4476,895200000,895200100,1337,2229,895400000,895400000
3,4477,895400000,895400100,1337,2229,895600000,895600000
3,4478,895600000,895600100,1337,2229,895800000,895800000
3,4479,895800000,895800100,1337,2229,896000000,896000000
3,4480,896000000,896000100,1337,2229,896200000,896200000
3,4481,896200000,896200100,1337,2229,896400000,896400000
3,4482,896400000,896400100,1337,2229,896600000,896600000
3,4483,896600000,896600100,1337,2229,896800000,896800000
3,4484,896800000,896800100,1337,2229,897000000,897000000
3,4485,897000000,897000100,1337,2229,897200000,897200000
3,4486,897200000,897200100,1337,2229,897400000,897400000
3,4487,897400000,897400100,1337,2229,897600000,897600000
3,4488,897600000,897600100,1337,2229,897800000,897800000
3,4489,897800000,897800100,1337,2229,898000000,898000000
3,4490,898000000,898000100,1337,2229,898200000,898200000
3,4491,898200000,898200100,1337,2229,898400000,898400000
3,4492,898400000,898400100,1337,2229,898600000,898600000
3,4493,898600000,898600100,1337,2229,898800000,898800000
3,4494,898800000,898800100,1337,2229,899000000,899000000
3,4495,899000000,899000100,1337,2229,899200000,899200000
3,4496,899200000,899200100,1337,2229,899400000,899400000
3,4497,899400000,899400100,1337,2229,899600000,899600000
3,4498,899600000,899600100,1337,2229,899800000,899800000
3,4499,899800000,899800100,1337,2229,900000000,900000000
3,4500,900000000,900000100,1337,2229,900200000,900200000
3,4501,900200000,900200100,1337,2229,900400000,900400000
3,4502,900400000,900400100,1337,2229,900600000,900600000
3,4503,900600000,900600100,1337,2229,900800000,900800000
3,4504,900800000,900800100,1337,2229,901000000,901000000
3,4505,901000000,901000100,1337,2229,901200000,901200000
3,4506,901200000,901200100,1337,2229,901400000,901400000
3,4507,901400000,901400100,1337,2229,901600000,901600000
3,4508,901600000,901600100,1337,2229,901800000,901800000
3,4509,901800000,901800100,1337,2229,902000000,902000000
3,4510,902000000,902000100,1337,2229,902200000,902200000
3,4511,902200000,902200100,1337,2229,902400000,902400000
3,4512,902400000,902400100,1337,2229,902600000,902600000
3,4513,902600000,902600100,1337,2229,902800000,902800000
3,4514,902800000,902800100,1337,2229,903000000,903000000
3,4515,903000000,903000100,1337,2229,903200000,903200000
3,4516,903200000,903200100,1337,2229,903400000,903400000
3,4517,903400000,903400100,1337,2229,903600000,903600000
3,4518,903600000,903600100,1337,2229,903800000,903800000
3,4519,903800000,903800100,1337,2229,904000000,904000000
3,4520,904000000,904000100,1337,2229,904200000,904200000
3,4521,904200000,904200100,1337,2229,904400000,904400000
3,4522,904400000,904400100,1337,2229,904600000,904600000
3,4523,904600000,904600100,1337,2229,904800000,904800000
3,4524,904800000,904800100,1337,2229,905000000,905000000
3,4525,905000000,905000100,1337,2229,905200000,905200000
3,4526,905200000,905200100,1337,2229,905400000,905400000
3,4527,905400000,905400100,1337,2229,905600000,905600000
3,4528,905600000,905600100,1337,2229,905800000,905800000
3,4529,905800000,905800100,1337,2229,906000000,906000000
3,4530,906000000,906000100,1337,2229,906200000,906200000
3,4531,906200000,906200100,1337,2229,906400000,906400000
3,4532,906400000,906400100,1337,2229,906600000,906600000
3,4533,906600000,906600100,1337,2229,906800000,906800000
3,4534,906800000,906800100,1337,2229,907000000,907000000
3,4535,907000000,907000100,1337,2229,907200000,907200000
3,4536,907200000,907200100,1337,2229,907400000,907400000
3,4537,907400000,907400100,1337,2229,907600000,907600000
3,4538,907600000,907600100,1337,2229,907800000,907800000
3,4539,907800000,907800100,1337,2229,908000000,908000000
3,4540,908000000,908000100,1337,2229,908200000,908200000
3,4541,908200000,908200100,1337,2229,908400000,908400000
3,4542,908400000,908400100,1337,2229,908600000,908600000
3,4543,908600000,908600100,1337,2229,908800000,908800000
3,4544,908800000,908800100,1337,2229,909000000,909000000
3,4545,909000000,909000100,1337,2229,909200000,909200000
3,4546,909200000,909200100,1337,2229,909400000,909400000
3,4547,909400000,909400100,1337,2229,909600000,909600000
3,4548,909600000,909600100,1337,2229,909800000,909800000
3,4549,909800000,909800100,1337,2229,910000000,910000000
3,4550,910000000,910000100,1337,2229,910200000,910200000
3,4551,910200000,910200100,1337,2229,910400000,910400000
3,4552,910400000,910400100,1337,2229,910600000,910600000
3,4553,910600000,910600100,1337,2229,910800000,910800000
3,4554,910800000,910800100,1337,2229,911000000,911000000
3,4555,911000000,911000100,1337,2229,911200000,911200000
3,4556,911200000,911200100,1337,2229,911400000,911400000
3,4557,911400000,911400100,1337,2229,911600000,911600000
3,4558,911600000,911600100,1337,2229,911800000,911800000
3,4559,911800000,911800100,1337,2229,912000000,912000000
3,4560,912000000,912000100,1337,2229,912200000,912200000
3,4561,912200000,912200100,1337,2229,912400000,912400000
3,4562,912400000,912400100,1337,2229,912600000,912600000
3,4563,912600000,912600100,1337,2229,912800000,912800000
3,4564,912800000,912800100,1337,2229,913000000,913000000
3,4565,913000000,913000100,1337,2229,913200000,913200000
3,4566,913200000,913200100,1337,2229,913400000,913400000
3,4567,913400000,913400100,1337,2229,913600000,913600000
3,4568,913600000,913600100,1337,2229,913800000,913800000
3,4569,913800000,913800100,1337,2229,914000000,914000000
3,4570,914000000,914000100,1337,2229,914200000,914200000
3,4571,914200000,914200100,1337,2229,914400000,914400000
3,4572,914400000,914400100,1337,2229,914600000,914600000
3,4573,914600000,914600100,1337,2229,914800000,914800000
3,4574,914800000,914800100,1337,2229,915000000,915000000
3,4575,915000000,915000100,1337,2229,915200000,915200000
3,4576,915200000,915200100,1337,2229,915400000,915400000
3,4577,915400000,915400100,1337,2229,915600000,915600000
3,4578,915600000,915600100,1337,2229,915800000,915800000
3,4579,915800000,915800100,1337,2229,916000000,916000000
3,4580,916000000,916000100,1337,2229,916200000,916200000
3,4581,916200000,916200100,1337,2229,916400000,916400000
3,4582,916400000,916400100,1337,2229,916600000,916600000
3,4583,916600000,916600100,1337,2229,916800000,916800000
3,4584,916800000,916800100,1337,2229,917000000,917000000
3,4585,917000000,917000100,1337,2229,917200000,917200000
3,4586,917200000,917200100,1337,2229,917400000,917400000
3,4587,917400000,917400100,1337,2229,917600000,917600000
3,4588,917600000,917600100,1337,2229,917800000,917800000
3,4589,917800000,917800100,1337,2229,918000000,918000000
3,4590,918000000,918000100,1337,2229,918200000,918200000
3,4591,918200000,918200100,1337,2229,918400000,918400000
3,4592,918400000,918400100,1337,2229,918600000,918600000
3,4593,918600000,918600100,1337,2229,918800000,918800000
3,4594,918800000,918800100,1337,2229,919000000,919000000
3,4595,919000000,919000100,1337,2229,919200000,919200000
3,4596,919200000,919200100,1337,2229,919400000,919400000
3,4597,919400000,919400100,1337,2229,919600000,919600000
3,4598,919600000,919600100,1337,2229,919800000,919800000
3,4599,919800000,919800100,1337,2229,920000000,920000000
3,4600,920000000,920000100,1337,2229,920200000,920200000
3,4601,920200000,920200100,1337,2229,920400000,920400000
3,4602,920400000,920400100,1337,2229,920600000,920600000
3,4603,920600000,920600100,1337,2229,920800000,920800000
3,4604,920800000,920800100,1337,2229,921000000,921000000
3,4605,921000000,921000100,1337,2229,921200000,921200000
3,4606,921200000,921200100,1337,2229,921400000,921400000
3,4607,921400000,921400100,1337,2229,921600000,921600000
3,4608,921600000,921600100,1337,2229,921800000,921800000
3,4609,921800000,921800100,1337,2229,922000000,922000000
3,4610,922000000,922000100,1337,2229,922200000,922200000
3,4611,922200000,922200100,1337,2229,922400000,922400000
3,4612,922400000,922400100,1337,2229,922600000,922600000
3,4613,922600000,922600100,1337,2229,922800000,922800000
3,4614,922800000,922800100,1337,2229,923000000,923000000
3,4615,923000000,923000100,1337,2229,923200000,923200000
3,4616,923200000,923200100,1337,2229,923400000,923400000
3,4617,923400000,923400100,1337,2229,923600000,923600000
3,4618,923600000,923600100,1337,2229,923800000,923800000
3,4619,923800000,923800100,1337,2229,924000000,924000000
3,4620,924000000,924000100,1337,2229,924200000,924200000
3,4621,924200000,924200100,1337,2229,924400000,924400000
3,4622,924400000,924400100,1337,2229,924600000,924600000
3,4623,924600000,924600100,1337,2229,924800000,924800000
3,4624,924800000,924800100,1337,2229,925000000,925000000
3,4625,925000000,925000100,1337,2229,925200000,925200000
3,4626,925200000,925200100,1337,2229,925400000,925400000
3,4627,925400000,925400100,1337,2229,925600000,925600000
3,4628,925600000,925600100,1337,2229,925800000,925800000
3,4629,925800000,925800100,1337,2229,926000000,926000000
3,4630,926000000,926000100,1337,2229,926200000,926200000
3,4631,926200000,926200100,1337,2229,926400000,926400000
3,4632,926400000,926400100,1337,2229,926600000,926600000
3,4633,926600000,926600100,1337,2229,926800000,926800000
3,4634,926800000,926800100,1337,2229,927000000,927000000
3,4635,927000000,927000100,1337,2229,927200000,927200000
3,4636,927200000,927200100,1337,2229,927400000,927400000
3,4637,927400000,927400100,1337,2229,927600000,927600000
3,4638,927600000,927600100,1337,2229,927800000,927800000
3,4639,927800000,927800100,1337,2229,928000000,928000000
3,4640,928000000,928000100,1337,2229,928200000,928200000
3,4641,928200000,928200100,1337,2229,928400000,928400000
3,4642,928400000,928400100,1337,2229,928600000,928600000
3,4643,928600000,928600100,1337,2229,928800000,928800000
3,4644,928800000,928800100,1337,2229,929000000,929000000
3,4645,929000000,929000100,1337,2229,929200000,929200000
3,4646,929200000,929200100,1337,2229,929400000,929400000
3,4647,929400000,929400100,1337,2229,929600000,929600000
3,4648,929600000,929600100,1337,2229,929800000,929800000
3,4649,929800000,929800100,1337,2229,930000000,930000000
3,4650,930000000,930000100,1337,2229,930200000,930200000
3,4651,930200000,930200100,1337,2229,930400000,930400000
3,4652,930400000,930400100,1337,2229,930600000,930600000
3,4653,930600000,930600100,1337,2229,930800000,930800000
3,4654,930800000,930800100,1337,2229,931000000,931000000
3,4655,931000000,931000100,1337,2229,931200000,931200000
3,4656,931200000,931200100,1337,2229,931400000,931400000
3,4657,931400000,931400100,1337,2229,931600000,931600000
3,4658,931600000,931600100,1337,2229,931800000,931800000
3,4659,931800000,931800100,1337,2229,932000000,932000000
3,4660,932000000,932000100,1337,2229,932200000,932200000
3,4661,932200000,932200100,1337,2229,932400000,932400000
3,4662,932400000,932400100,1337,2229,932600000,932600000
3,4663,932600000,932600100,1337,2229,932800000,932800000
3,4664,932800000,932800100,1337,2229,933000000,933000000
3,4665,933000000,933000100,1337,2229,933200000,933200000
3,4666,933200000,933200100,1337,2229,933400000,933400000
3,4667,933400000,933400100,1337,2229,933600000,933600000
3,4668,933600000,933600100,1337,2229,933800000,933800000
3,4669,933800000,933800100,1337,2229,934000000,934000000
3,4670,934000000,934000100,1337,2229,934200000,934200000
3,4671,934200000,934200100,1337,2229,934400000,934400000
3,4672,934400000,934400100,1337,2229,934600000,934600000
3,4673,934600000,934600100,1337,2229,934800000,934800000
3,4674,934800000,934800100,1337,2229,935000000,935000000
3,4675,935000000,935000100,1337,2229,935200000,935200000
3,4676,935200000,935200100,1337,2229,935400000,935400000
3,4677,935400000,935400100,1337,2229,935600000,935600000
3,4678,935600000,935600100,1337,2229,935800000,935800000
3,4679,935800000,935800100,1337,2229,936000000,936000000
3,4680,936000000,936000100,1337,2229,936200000,936200000
3,4681,936200000,936200100,1337,2229,936400000,936400000
3,4682,936400000,936400100,1337,2229,936600000,936600000
3,4683,936600000,936600100,1337,2229,936800000,936800000
3,4684,936800000,936800100,1337,2229,937000000,937000000
3,4685,937000000,937000100,1337,2229,937200000,937200000
3,4686,937200000,937200100,1337,2229,937400000,937400000
3,4687,937400000,937400100,1337,2229,937600000,937600000
3,4688,937600000,937600100,1337,2229,937800000,937800000
3,4689,937800000,937800100,1337,2229,938000000,938000000
3,4690,938000000,938000100,1337,2229,938200000,938200000
3,4691,938200000,938200100,1337,2229,938400000,938400000
3,4692,938400000,938400100,1337,2229,938600000,938600000
3,4693,938600000,938600100,1337,2229,938800000,938800000
3,4694,938800000,938800100,1337,2229,939000000,939000000
3,4695,939000000,939000100,1337,2229,939200000,939200000
3,4696,939200000,939200100,1337,2229,939400000,939400000
3,4697,939400000,939400100,1337,2229,939600000,939600000
3,4698,939600000,939600100,1337,2229,939800000,939800000
3,4699,939800000,939800100,1337,2229,940000000,940000000
3,4700,940000000,940000100,1337,2229,940200000,940200000
3,4701,940200000,940200100,1337,2229,940400000,940400000
3,4702,940400000,940400100,1337,2229,940600000,940600000
3,4703,940600000,940600100,1337,2229,940800000,940800000
3,4704,940800000,940800100,1337,2229,941000000,941000000
3,4705,941000000,941000100,1337,2229,941200000,941200000
3,4706,941200000,941200100,1337,2229,941400000,941400000
3,4707,941400000,941400100,1337,2229,941600000,941600000
3,4708,941600000,941600100,1337,2229,941800000,941800000
3,4709,941800000,941800100,1337,2229,942000000,942000000
3,4710,942000000,942000100,1337,2229,942200000,942200000
3,4711,942200000,942200100,1337,2229,942400000,942400000
3,4712,942400000,942400100,1337,2229,942600000,942600000
3,4713,942600000,942600100,1337,2229,942800000,942800000
3,4714,942800000,942800100,1337,2229,943000000,943000000
3,4715,943000000,943000100,1337,2229,943200000,943200000
3,4716,943200000,943200100,1337,2229,943400000,943400000
3,4717,943400000,943400100,1337,2229,943600000,943600000
3,4718,943600000,943600100,1337,2229,943800000,943800000
3,4719,943800000,943800100,1337,2229,944000000,944000000
3,4720,944000000,944000100,1337,2229,944200000,944200000
3,4721,944200000,944200100,1337,2229,944400000,944400000
3,4722,944400000,944400100,1337,2229,944600000,944600000
3,4723,944600000,944600100,1337,2229,944800000,944800000
3,4724,944800000,944800100,1337,2229,945000000,945000000
3,4725,945000000,945000100,1337,2229,945200000,945200000
3,4726,945200000,945200100,1337,2229,945400000,945400000
3,4727,945400000,945400100,1337,2229,945600000,945600000
3,4728,945600000,945600100,1337,2229,945800000,945800000
3,4729,945800000,945800100,1337,2229,946000000,946000000
3,4730,946000000,946000100,1337,2229,946200000,946200000
3,4731,946200000,946200100,1337,2229,946400000,946400000
3,4732,946400000,946400100,1337,2229,946600000,946600000
3,4733,946600000,946600100,1337,2229,946800000,946800000
3,4734,946800000,946800100,1337,2229,947000000,947000000
3,4735,947000000,947000100,1337,2229,947200000,947200000
3,4736,947200000,947200100,1337,2229,947400000,947400000
3,4737,947400000,947400100,1337,2229,947600000,947600000
3,4738,947600000,947600100,1337,2229,947800000,947800000
3,4739,947800000,947800100,1337,2229,948000000,948000000
3,4740,948000000,948000100,1337,2229,948200000,948200000
3,4741,948200000,948200100,1337,2229,948400000,948400000
3,4742,948400000,948400100,1337,2229,948600000,948600000
3,4743,948600000,948600100,1337,2229,948800000,948800000
3,4744,948800000,948800100,1337,2229,949000000,949000000
3,4745,949000000,949000100,1337,2229,949200000,949200000
3,4746,949200000,949200100,1337,2229,949400000,949400000
3,4747,949400000,949400100,1337,2229,949600000,949600000
3,4748,949600000,949600100,1337,2229,949800000,949800000
3,4749,949800000,949800100,1337,2229,950000000,950000000
3,4750,950000000,950000100,1337,2229,950200000,950200000
3,4751,950200000,950200100,1337,2229,950400000,950400000
3,4752,950400000,950400100,1337,2229,950600000,950600000
3,4753,950600000,950600100,1337,2229,950800000,950800000
3,4754,950800000,950800100,1337,2229,951000000,951000000
3,4755,951000000,951000100,1337,2229,951200000,951200000
3,4756,951200000,951200100,1337,2229,951400000,951400000
3,4757,951400000,951400100,1337,2229,951600000,951600000
3,4758,951600000,951600100,1337,2229,951800000,951800000
3,4759,951800000,951800100,1337,2229,952000000,952000000
3,4760,952000000,952000100,1337,2229,952200000,952200000
3,4761,952200000,952200100,1337,2229,952400000,952400000
3,4762,952400000,952400100,1337,2229,952600000,952600000
3,4763,952600000,952600100,1337,2229,952800000,952800000
3,4764,952800000,952800100,1337,2229,953000000,953000000
3,4765,953000000,953000100,1337,2229,953200000,953200000
3,4766,953200000,953200100,1337,2229,953400000,953400000
3,4767,953400000,953400100,1337,2229,953600000,953600000
3,4768,953600000,953600100,1337,2229,953800000,953800000
3,4769,953800000,953800100,1337,2229,954000000,954000000
3,4770,954000000,954000100,1337,2229,954200000,954200000
3,4771,954200000,954200100,1337,2229,954400000,954400000
3,4772,954400000,954400100,1337,2229,954600000,954600000
3,4773,954600000,954600100,1337,2229,954800000,954800000
3,4774,954800000,954800100,1337,2229,955000000,955000000
3,4775,955000000,955000100,1337,2229,955200000,955200000
3,4776,955200000,955200100,1337,2229,955400000,955400000
3,4777,955400000,955400100,1337,2229,955600000,955600000
3,4778,955600000,955600100,1337,2229,955800000,955800000
3,4779,955800000,955800100,1337,2229,956000000,956000000
3,4780,956000000,956000100,1337,2229,956200000,956200000
3,4781,956200000,956200100,1337,2229,956400000,956400000
3,4782,956400000,956400100,1337,2229,956600000,956600000
3,4783,956600000,956600100,1337,2229,956800000,956800000
3,4784,956800000,956800100,1337,2229,957000000,957000000
3,4785,957000000,957000100,1337,2229,957200000,957200000
3,4786,957200000,957200100,1337,2229,957400000,957400000
3,4787,957400000,957400100,1337,2229,957600000,957600000
3,4788,957600000,957600100,1337,2229,957800000,957800000
3,4789,957800000,957800100,1337,2229,958000000,958000000
3,4790,958000000,958000100,1337,2229,958200000,958200000
3,4791,958200000,958200100,1337,2229,958400000,958400000
3,4792,958400000,958400100,1337,2229,958600000,958600000
3,4793,958600000,958600100,1337,2229,958800000,958800000
3,4794,958800000,958800100,1337,2229,959000000,959000000
3,4795,959000000,959000100,1337,2229,959200000,959200000
3,4796,959200000,959200100,1337,2229,959400000,959400000
3,4797,959400000,959400100,1337,2229,959600000,959600000
3,4798,959600000,959600100,1337,2229,959800000,959800000
3,4799,959800000,959800100,1337,2229,960000000,960000000
3,4800,960000000,960000100,1337,2229,960200000,960200000
3,4801,960200000,960200100,1337,2229,960400000,960400000
3,4802,960400000,960400100,1337,2229,960600000,960600000
3,4803,960600000,960600100,1337,2229,960800000,960800000
3,4804,960800000,960800100,1337,2229,961000000,961000000
3,4805,961000000,961000100,1337,2229,961200000,961200000
3,4806,961200000,961200100,1337,2229,961400000,961400000
3,4807,961400000,961400100,1337,2229,961600000,961600000
3,4808,961600000,961600100,1337,2229,961800000,961800000
3,4809,961800000,961800100,1337,2229,962000000,962000000
3,4810,962000000,962000100,1337,2229,962200000,962200000
3,4811,962200000,962200100,1337,2229,962400000,962400000
3,4812,962400000,962400100,1337,2229,962600000,962600000
3,4813,962600000,962600100,1337,2229,962800000,962800000
3,4814,962800000,962800100,1337,2229,963000000,963000000
3,4815,963000000,963000100,1337,2229,963200000,963200000
3,4816,963200000,963200100,1337,2229,963400000,963400000
3,4817,963400000,963400100,1337,2229,963600000,963600000
3,4818,963600000,963600100,1337,2229,963800000,963800000
3,4819,963800000,963800100,1337,2229,964000000,964000000
3,4820,964000000,964000100,1337,2229,964200000,964200000
3,4821,964200000,964200100,1337,2229,964400000,964400000
3,4822,964400000,964400100,1337,2229,964600000,964600000
3,4823,964600000,964600100,1337,2229,964800000,964800000
3,4824,964800000,964800100,1337,2229,965000000,965000000
3,4825,965000000,965000100,1337,2229,965200000,965200000
3,4826,965200000,965200100,1337,2229,965400000,965400000
3,4827,965400000,965400100,1337,2229,965600000,965600000
3,4828,965600000,965600100,1337,2229,965800000,965800000
3,4829,965800000,965800100,1337,2229,966000000,966000000
3,4830,966000000,966000100,1337,2229,966200000,966200000
3,4831,966200000,966200100,1337,2229,966400000,966400000
3,4832,966400000,966400100,1337,2229,966600000,966600000
3,4833,966600000,966600100,1337,2229,966800000,966800000
3,4834,966800000,966800100,1337,2229,967000000,967000000
3,4835,967000000,967000100,1337,2229,967200000,967200000
3,4836,967200000,967200100,1337,2229,967400000,967400000
3,4837,967400000,967400100,1337,2229,967600000,967600000
3,4838,967600000,967600100,1337,2229,967800000,967800000
3,4839,967800000,967800100,1337,2229,968000000,968000000
3,4840,968000000,968000100,1337,2229,968200000,968200000
3,4841,968200000,968200100,1337,2229,968400000,968400000
3,4842,968400000,968400100,1337,2229,968600000,968600000
3,4843,968600000,968600100,1337,2229,968800000,968800000
3,4844,968800000,968800100,1337,2229,969000000,969000000
3,4845,969000000,969000100,1337,2229,969200000,969200000
3,4846,969200000,969200100,1337,2229,969400000,969400000
3,4847,969400000,969400100,1337,2229,969600000,969600000
3,4848,969600000,969600100,1337,2229,969800000,969800000
3,4849,969800000,969800100,1337,2229,970000000,970000000
3,4850,970000000,970000100,1337,2229,970200000,970200000
3,4851,970200000,970200100,1337,2229,970400000,970400000
3,4852,970400000,970400100,1337,2229,970600000,970600000
3,4853,970600000,970600100,1337,2229,970800000,970800000
3,4854,970800000,970800100,1337,2229,971000000,971000000
3,4855,971000000,971000100,1337,2229,971200000,971200000
3,4856,971200000,971200100,1337,2229,971400000,971400000
3,4857,971400000,971400100,1337,2229,971600000,971600000
3,4858,971600000,971600100,1337,2229,971800000,971800000
3,4859,971800000,971800100,1337,2229,972000000,972000000
3,4860,972000000,972000100,1337,2229,972200000,972200000
3,4861,972200000,972200100,1337,2229,972400000,972400000
3,4862,972400000,972400100,1337,2229,972600000,972600000
3,4863,972600000,972600100,1337,2229,972800000,972800000
3,4864,972800000,972800100,1337,2229,973000000,973000000
3,4865,973000000,973000100,1337,2229,973200000,973200000
3,4866,973200000,973200100,1337,2229,973400000,973400000
3,4867,973400000,973400100,1337,2229,973600000,973600000
3,4868,973600000,973600100,1337,2229,973800000,973800000
3,4869,973800000,973800100,1337,2229,974000000,974000000
3,4870,974000000,974000100,1337,2229,974200000,974200000
3,4871,974200000,974200100,1337,2229,974400000,974400000
3,4872,974400000,974400100,1337,2229,974600000,974600000
3,4873,974600000,974600100,1337,2229,974800000,974800000
3,4874,974800000,974800100,1337,2229,975000000,975000000
3,4875,975000000,975000100,1337,2229,975200000,975200000
3,4876,975200000,975200100,1337,2229,975400000,975400000
3,4877,975400000,975400100,1337,2229,975600000,975600000
3,4878,975600000,975600100,1337,2229,975800000,975800000
3,4879,975800000,975800100,1337,2229,976000000,976000000
3,4880,976000000,976000100,1337,2229,976200000,976200000
3,4881,976200000,976200100,1337,2229,976400000,976400000
3,4882,976400000,976400100,1337,2229,976600000,976600000
3,4883,976600000,976600100,1337,2229,976800000,976800000
3,4884,976800000,976800100,1337,2229,977000000,977000000
3,4885,977000000,977000100,1337,2229,977200000,977200000
3,4886,977200000,977200100,1337,2229,977400000,977400000
3,4887,977400000,977400100,1337,2229,977600000,977600000
3,4888,977600000,977600100,1337,2229,977800000,977800000
3,4889,977800000,977800100,1337,2229,978000000,978000000
3,4890,978000000,978000100,1337,2229,978200000,978200000
3,4891,978200000,978200100,1337,2229,978400000,978400000
3,4892,978400000,978400100,1337,2229,978600000,978600000
3,4893,978600000,978600100,1337,2229,978800000,978800000
3,4894,978800000,978800100,1337,2229,979000000,979000000
3,4895,979000000,979000100,1337,2229,979200000,979200000
3,4896,979200000,979200100,1337,2229,979400000,979400000
3,4897,979400000,979400100,1337,2229,979600000,979600000
3,4898,979600000,979600100,1337,2229,979800000,979800000
3,4899,979800000,979800100,1337,2229,980000000,980000000
3,4900,980000000,980000100,1337,2229,980200000,980200000
3,4901,980200000,980200100,1337,2229,980400000,980400000
3,4902,980400000,980400100,1337,2229,980600000,980600000
3,4903,980600000,980600100,1337,2229,980800000,980800000
3,4904,980800000,980800100,1337,2229,981000000,981000000
3,4905,981000000,981000100,1337,2229,981200000,981200000
3,4906,981200000,981200100,1337,2229,981400000,981400000
3,4907,981400000,981400100,1337,2229,981600000,981600000
3,4908,981600000,981600100,1337,2229,981800000,981800000
3,4909,981800000,981800100,1337,2229,982000000,982000000
3,4910,982000000,982000100,1337,2229,982200000,982200000
3,4911,982200000,982200100,1337,2229,982400000,982400000
3,4912,982400000,982400100,1337,2229,982600000,982600000
3,4913,982600000,982600100,1337,2229,982800000,982800000
3,4914,982800000,982800100,1337,2229,983000000,983000000
3,4915,983000000,983000100,1337,2229,983200000,983200000
3,4916,983200000,983200100,1337,2229,983400000,983400000
3,4917,983400000,983400100,1337,2229,983600000,983600000
3,4918,983600000,983600100,1337,2229,983800000,983800000
3,4919,983800000,983800100,1337,2229,984000000,984000000
3,4920,984000000,984000100,1337,2229,984200000,984200000
3,4921,984200000,984200100,1337,2229,984400000,984400000
3,4922,984400000,984400100,1337,2229,984600000,984600000
3,4923,984600000,984600100,1337,2229,984800000,984800000
3,4924,984800000,984800100,1337,2229,985000000,985000000
3,4925,985000000,985000100,1337,2229,985200000,985200000
3,4926,985200000,985200100,1337,2229,985400000,985400000
3,4927,985400000,985400100,1337,2229,985600000,985600000
3,4928,985600000,985600100,1337,2229,985800000,985800000
3,4929,985800000,985800100,1337,2229,986000000,986000000
3,4930,986000000,986000100,1337,2229,986200000,986200000
3,4931,986200000,986200100,1337,2229,986400000,986400000
3,4932,986400000,986400100,1337,2229,986600000,986600000
3,4933,986600000,986600100,1337,2229,986800000,986800000
3,4934,986800000,986800100,1337,2229,987000000,987000000
3,4935,987000000,987000100,1337,2229,987200000,987200000
3,4936,987200000,987200100,1337,2229,987400000,987400000
3,4937,987400000,987400100,1337,2229,987600000,987600000
3,4938,987600000,987600100,1337,2229,987800000,987800000
3,4939,987800000,987800100,1337,2229,988000000,988000000
3,4940,988000000,988000100,1337,2229,988200000,988200000
3,4941,988200000,988200100,1337,2229,988400000,988400000
3,4942,988400000,988400100,1337,2229,988600000,988600000
3,4943,988600000,988600100,1337,2229,988800000,988800000
3,4944,988800000,988800100,1337,2229,989000000,989000000
3,4945,989000000,989000100,1337,2229,989200000,989200000
3,4946,989200000,989200100,1337,2229,989400000,989400000
3,4947,989400000,989400100,1337,2229,989600000,989600000
3,4948,989600000,989600100,1337,2229,989800000,989800000
3,4949,989800000,989800100,1337,2229,990000000,990000000
3,4950,990000000,990000100,1337,2229,990200000,990200000
3,4951,990200000,990200100,1337,2229,990400000,990400000
3,4952,990400000,990400100,1337,2229,990600000,990600000
3,4953,990600000,990600100,1337,2229,990800000,990800000
3,4954,990800000,990800100,1337,2229,991000000,991000000
3,4955,991000000,991000100,1337,2229,991200000,991200000
3,4956,991200000,991200100,1337,2229,991400000,991400000
3,4957,991400000,991400100,1337,2229,991600000,991600000
3,4958,991600000,991600100,1337,2229,991800000,991800000
3,4959,991800000,991800100,1337,2229,992000000,992000000
3,4960,992000000,992000100,1337,2229,992200000,992200000
3,4961,992200000,992200100,1337,2229,992400000,992400000
3,4962,992400000,992400100,1337,2229,992600000,992600000
3,4963,992600000,992600100,1337,2229,992800000,992800000
3,4964,992800000,992800100,1337,2229,993000000,993000000
3,4965,993000000,993000100,1337,2229,993200000,993200000
3,4966,993200000,993200100,1337,2229,993400000,993400000
3,4967,993400000,993400100,1337,2229,993600000,993600000
3,4968,993600000,993600100,1337,2229,993800000,993800000
3,4969,993800000,993800100,1337,2229,994000000,994000000
3,4970,994000000,994000100,1337,2229,994200000,994200000
3,4971,994200000,994200100,1337,2229,994400000,994400000
3,4972,994400000,994400100,1337,2229,994600000,994600000
3,4973,994600000,994600100,1337,2229,994800000,994800000
3,4974,994800000,994800100,1337,2229,995000000,995000000
3,4975,995000000,995000100,1337,2229,995200000,995200000
3,4976,995200000,995200100,1337,2229,995400000,995400000
3,4977,995400000,995400100,1337,2229,995600000,995600000
3,4978,995600000,995600100,1337,2229,995800000,995800000
3,4979,995800000,995800100,1337,2229,996000000,996000000
3,4980,996000000,996000100,1337,2229,996200000,996200000
3,4981,996200000,996200100,1337,2229,996400000,996400000
3,4982,996400000,996400100,1337,2229,996600000,996600000
3,4983,996600000,996600100,1337,2229,996800000,996800000
3,4984,996800000,996800100,1337,2229,997000000,997000000
3,4985,997000000,997000100,1337,2229,997200000,997200000
3,4986,997200000,997200100,1337,2229,997400000,997400000
3,4987,997400000,997400100,1337,2229,997600000,997600000
3,4988,997600000,997600100,1337,2229,997800000,997800000
3,4989,997800000,997800100,1337,2229,998000000,998000000
3,4990,998000000,998000100,1337,2229,998200000,998200000
3,4991,998200000,998200100,1337,2229,998400000,998400000
3,4992,998400000,998400100,1337,2229,998600000,998600000
3,4993,998600000,998600100,1337,2229,998800000,998800000
3,4994,998800000,998800100,1337,2229,999000000,999000000
3,4995,999000000,999000100,1337,2229,999200000,999200000
3,4996,999200000,999200100,1337,2229,999400000,999400000
3,4997,999400000,999400100,1337,2229,999600000,999600000
3,4998,999600000,999600100,1337,2229,999800000,999800000
3,4999,999800000,999800100,1337,2229,1000000000,1000000000
3,5000,1000000000,1000000100,1337,2229,1000200000,1000200000
3,5001,1000200000,1000200100,1337,2229,1000400000,1000400000
3,5002,1000400000,1000400100,1337,2229,1000600000,1000600000
3,5003,1000600000,1000600100,1337,2229,1000800000,1000800000
3,5004,1000800000,1000800100,1337,2229,1001000000,1001000000
3,5005,1001000000,1001000100,1337,2229,1001200000,1001200000
3,5006,1001200000,1001200100,1337,2229,1001400000,1001400000
3,5007,1001400000,1001400100,1337,2229,1001600000,1001600000
3,5008,1001600000,1001600100,1337,2229,1001800000,1001800000
3,5009,1001800000,1001800100,1337,2229,1002000000,1002000000
3,5010,1002000000,1002000100,1337,2229,1002200000,1002200000
3,5011,1002200000,1002200100,1337,2229,1002400000,1002400000
3,5012,1002400000,1002400100,1337,2229,1002600000,1002600000
3,5013,1002600000,1002600100,1337,2229,1002800000,1002800000
3,5014,1002800000,1002800100,1337,2229,1003000000,1003000000
3,5015,1003000000,1003000100,1337,2229,1003200000,1003200000
3,5016,1003200000,1003200100,1337,2229,1003400000,1003400000
3,5017,1003400000,1003400100,1337,2229,1003600000,1003600000
3,5018,1003600000,1003600100,1337,2229,1003800000,1003800000
3,5019,1003800000,1003800100,1337,2229,1004000000,1004000000
3,5020,1004000000,1004000100,1337,2229,1004200000,1004200000
3,5021,1004200000,1004200100,1337,2229,1004400000,1004400000
3,5022,1004400000,1004400100,1337,2229,1004600000,1004600000
3,5023,1004600000,1004600100,1337,2229,1004800000,1004800000
3,5024,1004800000,1004800100,1337,2229,1005000000,1005000000
3,5025,1005000000,1005000100,1337,2229,1005200000,1005200000
3,5026,1005200000,1005200100,1337,2229,1005400000,1005400000
3,5027,1005400000,1005400100,1337,2229,1005600000,1005600000
3,5028,1005600000,1005600100,1337,2229,1005800000,1005800000
3,5029,1005800000,1005800100,1337,2229,1006000000,1006000000
3,5030,1006000000,1006000100,1337,2229,1006200000,1006200000
3,5031,1006200000,1006200100,1337,2229,1006400000,1006400000
3,5032,1006400000,1006400100,1337,2229,1006600000,1006600000
3,5033,1006600000,1006600100,1337,2229,1006800000,1006800000
3,5034,1006800000,1006800100,1337,2229,1007000000,1007000000
3,5035,1007000000,1007000100,1337,2229,1007200000,1007200000
3,5036,1007200000,1007200100,1337,2229,1007400000,1007400000
3,5037,1007400000,1007400100,1337,2229,1007600000,1007600000
3,5038,1007600000,1007600100,1337,2229,1007800000,1007800000
3,5039,1007800000,1007800100,1337,2229,1008000000,1008000000
3,5040,1008000000,1008000100,1337,2229,1008200000,1008200000
3,5041,1008200000,1008200100,1337,2229,1008400000,1008400000
3,5042,1008400000,1008400100,1337,2229,1008600000,1008600000
3,5043,1008600000,1008600100,1337,2229,1008800000,1008800000
3,5044,1008800000,1008800100,1337,2229,1009000000,1009000000
3,5045,1009000000,1009000100,1337,2229,1009200000,1009200000
3,5046,1009200000,1009200100,1337,2229,1009400000,1009400000
3,5047,1009400000,1009400100,1337,2229,1009600000,1009600000
3,5048,1009600000,1009600100,1337,2229,1009800000,1009800000
3,5049,1009800000,1009800100,1337,2229,1010000000,1010000000
3,5050,1010000000,1010000100,1337,2229,1010200000,1010200000
3,5051,1010200000,1010200100,1337,2229,1010400000,1010400000
3,5052,1010400000,1010400100,1337,2229,1010600000,1010600000
3,5053,1010600000,1010600100,1337,2229,1010800000,1010800000
3,5054,1010800000,1010800100,1337,2229,1011000000,1011000000
3,5055,1011000000,1011000100,1337,2229,1011200000,1011200000
3,5056,1011200000,1011200100,1337,2229,1011400000,1011400000
3,5057,1011400000,1011400100,1337,2229,1011600000,1011600000
3,5058,1011600000,1011600100,1337,2229,1011800000,1011800000
3,5059,1011800000,1011800100,1337,2229,1012000000,1012000000
3,5060,1012000000,1012000100,1337,2229,1012200000,1012200000
3,5061,1012200000,1012200100,1337,2229,1012400000,1012400000
3,5062,1012400000,1012400100,1337,2229,1012600000,1012600000
3,5063,1012600000,1012600100,1337,2229,1012800000,1012800000
3,5064,1012800000,1012800100,1337,2229,1013000000,1013000000
3,5065,1013000000,1013000100,1337,2229,1013200000,1013200000
3,5066,1013200000,1013200100,1337,2229,1013400000,1013400000
3,5067,1013400000,1013400100,1337,2229,1013600000,1013600000
3,5068,1013600000,1013600100,1337,2229,1013800000,1013800000
3,5069,1013800000,1013800100,1337,2229,1014000000,1014000000
3,5070,1014000000,1014000100,1337,2229,1014200000,1014200000
3,5071,1014200000,1014200100,1337,2229,1014400000,1014400000
3,5072,1014400000,1014400100,1337,2229,1014600000,1014600000
3,5073,1014600000,1014600100,1337,2229,1014800000,1014800000
3,5074,1014800000,1014800100,1337,2229,1015000000,1015000000
3,5075,1015000000,1015000100,1337,2229,1015200000,1015200000
3,5076,1015200000,1015200100,1337,2229,1015400000,1015400000
3,5077,1015400000,1015400100,1337,2229,1015600000,1015600000
3,5078,1015600000,1015600100,1337,2229,1015800000,1015800000
3,5079,1015800000,1015800100,1337,2229,1016000000,1016000000
3,5080,1016000000,1016000100,1337,2229,1016200000,1016200000
3,5081,1016200000,1016200100,1337,2229,1016400000,1016400000
3,5082,1016400000,1016400100,1337,2229,1016600000,1016600000
3,5083,1016600000,1016600100,1337,2229,1016800000,1016800000
3,5084,1016800000,1016800100,1337,2229,1017000000,1017000000
3,5085,1017000000,1017000100,1337,2229,1017200000,1017200000
3,5086,1017200000,1017200100,1337,2229,1017400000,1017400000
3,5087,1017400000,1017400100,1337,2229,1017600000,1017600000
3,5088,1017600000,1017600100,1337,2229,1017800000,1017800000
3,5089,1017800000,1017800100,1337,2229,1018000000,1018000000
3,5090,1018000000,1018000100,1337,2229,1018200000,1018200000
3,5091,1018200000,1018200100,1337,2229,1018400000,1018400000
3,5092,1018400000,1018400100,1337,2229,1018600000,1018600000
3,5093,1018600000,1018600100,1337,2229,1018800000,1018800000
3,5094,1018800000,1018800100,1337,2229,1019000000,1019000000
3,5095,1019000000,1019000100,1337,2229,1019200000,1019200000
3,5096,1019200000,1019200100,1337,2229,1019400000,1019400000
3,5097,1019400000,1019400100,1337,2229,1019600000,1019600000
3,5098,1019600000,1019600100,1337,2229,1019800000,1019800000
3,5099,1019800000,1019800100,1337,2229,1020000000,1020000000
3,5100,1020000000,1020000100,1337,2229,1020200000,1020200000
3,5101,1020200000,1020200100,1337,2229,1020400000,1020400000
3,5102,1020400000,1020400100,1337,2229,1020600000,1020600000
3,5103,1020600000,1020600100,1337,2229,1020800000,1020800000
3,5104,1020800000,1020800100,1337,2229,1021000000,1021000000
3,5105,1021000000,1021000100,1337,2229,1021200000,1021200000
3,5106,1021200000,1021200100,1337,2229,1021400000,1021400000
3,5107,1021400000,1021400100,1337,2229,1021600000,1021600000
3,5108,1021600000,1021600100,1337,2229,1021800000,1021800000
3,5109,1021800000,1021800100,1337,2229,1022000000,1022000000
3,5110,1022000000,1022000100,1337,2229,1022200000,1022200000
3,5111,1022200000,1022200100,1337,2229,1022400000,1022400000
3,5112,1022400000,1022400100,1337,2229,1022600000,1022600000
3,5113,1022600000,1022600100,1337,2229,1022800000,1022800000
3,5114,1022800000,1022800100,1337,2229,1023000000,1023000000
3,5115,1023000000,1023000100,1337,2229,1023200000,1023200000
3,5116,1023200000,1023200100,1337,2229,1023400000,1023400000
3,5117,1023400000,1023400100,1337,2229,1023600000,1023600000
3,5118,1023600000,1023600100,1337,2229,1023800000,1023800000
3,5119,1023800000,1023800100,1337,2229,1024000000,1024000000
3,5120,1024000000,1024000100,1337,2229,1024200000,1024200000
3,5121,1024200000,1024200100,1337,2229,1024400000,1024400000
3,5122,1024400000,1024400100,1337,2229,1024600000,1024600000
3,5123,1024600000,1024600100,1337,2229,1024800000,1024800000
3,5124,1024800000,1024800100,1337,2229,1025000000,1025000000
3,5125,1025000000,1025000100,1337,2229,1025200000,1025200000
3,5126,1025200000,1025200100,1337,2229,1025400000,1025400000
3,5127,1025400000,1025400100,1337,2229,1025600000,1025600000
3,5128,1025600000,1025600100,1337,2229,1025800000,1025800000
3,5129,1025800000,1025800100,1337,2229,1026000000,1026000000
3,5130,1026000000,1026000100,1337,2229,1026200000,1026200000
3,5131,1026200000,1026200100,1337,2229,1026400000,1026400000
3,5132,1026400000,1026400100,1337,2229,1026600000,1026600000
3,5133,1026600000,1026600100,1337,2229,1026800000,1026800000
3,5134,1026800000,1026800100,1337,2229,1027000000,1027000000
3,5135,1027000000,1027000100,1337,2229,1027200000,1027200000
3,5136,1027200000,1027200100,1337,2229,1027400000,1027400000
3,5137,1027400000,1027400100,1337,2229,1027600000,1027600000
3,5138,1027600000,1027600100,1337,2229,1027800000,1027800000
3,5139,1027800000,1027800100,1337,2229,1028000000,1028000000
3,5140,1028000000,1028000100,1337,2229,1028200000,1028200000
3,5141,1028200000,1028200100,1337,2229,1028400000,1028400000
3,5142,1028400000,1028400100,1337,2229,1028600000,1028600000
3,5143,1028600000,1028600100,1337,2229,1028800000,1028800000
3,5144,1028800000,1028800100,1337,2229,1029000000,1029000000
3,5145,1029000000,1029000100,1337,2229,1029200000,1029200000
3,5146,1029200000,1029200100,1337,2229,1029400000,1029400000
3,5147,1029400000,1029400100,1337,2229,1029600000,1029600000
3,5148,1029600000,1029600100,1337,2229,1029800000,1029800000
3,5149,1029800000,1029800100,1337,2229,1030000000,1030000000
3,5150,1030000000,1030000100,1337,2229,1030200000,1030200000
3,5151,1030200000,1030200100,1337,2229,1030400000,1030400000
3,5152,1030400000,1030400100,1337,2229,1030600000,1030600000
3,5153,1030600000,1030600100,1337,2229,1030800000,1030800000
3,5154,1030800000,1030800100,1337,2229,1031000000,1031000000
3,5155,1031000000,1031000100,1337,2229,1031200000,1031200000
3,5156,1031200000,1031200100,1337,2229,1031400000,1031400000
3,5157,1031400000,1031400100,1337,2229,1031600000,1031600000
3,5158,1031600000,1031600100,1337,2229,1031800000,1031800000
3,5159,1031800000,1031800100,1337,2229,1032000000,1032000000
3,5160,1032000000,1032000100,1337,2229,1032200000,1032200000
3,5161,1032200000,1032200100,1337,2229,1032400000,1032400000
3,5162,1032400000,1032400100,1337,2229,1032600000,1032600000
3,5163,1032600000,1032600100,1337,2229,1032800000,1032800000
3,5164,1032800000,1032800100,1337,2229,1033000000,1033000000
3,5165,1033000000,1033000100,1337,2229,1033200000,1033200000
3,5166,1033200000,1033200100,1337,2229,1033400000,1033400000
3,5167,1033400000,1033400100,1337,2229,1033600000,1033600000
3,5168,1033600000,1033600100,1337,2229,1033800000,1033800000
3,5169,1033800000,1033800100,1337,2229,1034000000,1034000000
3,5170,1034000000,1034000100,1337,2229,1034200000,1034200000
3,5171,1034200000,1034200100,1337,2229,1034400000,1034400000
3,5172,1034400000,1034400100,1337,2229,1034600000,1034600000
3,5173,1034600000,1034600100,1337,2229,1034800000,1034800000
3,5174,1034800000,1034800100,1337,2229,1035000000,1035000000
3,5175,1035000000,1035000100,1337,2229,1035200000,1035200000
3,5176,1035200000,1035200100,1337,2229,1035400000,1035400000
3,5177,1035400000,1035400100,1337,2229,1035600000,1035600000
3,5178,1035600000,1035600100,1337,2229,1035800000,1035800000
3,5179,1035800000,1035800100,1337,2229,1036000000,1036000000
3,5180,1036000000,1036000100,1337,2229,1036200000,1036200000
3,5181,1036200000,1036200100,1337,2229,1036400000,1036400000
3,5182,1036400000,1036400100,1337,2229,1036600000,1036600000
3,5183,1036600000,1036600100,1337,2229,1036800000,1036800000
3,5184,1036800000,1036800100,1337,2229,1037000000,1037000000
3,5185,1037000000,1037000100,1337,2229,1037200000,1037200000
3,5186,1037200000,1037200100,1337,2229,1037400000,1037400000
3,5187,1037400000,1037400100,1337,2229,1037600000,1037600000
3,5188,1037600000,1037600100,1337,2229,1037800000,1037800000
3,5189,1037800000,1037800100,1337,2229,1038000000,1038000000
3,5190,1038000000,1038000100,1337,2229,1038200000,1038200000
3,5191,1038200000,1038200100,1337,2229,1038400000,1038400000
3,5192,1038400000,1038400100,1337,2229,1038600000,1038600000
3,5193,1038600000,1038600100,1337,2229,1038800000,1038800000
3,5194,1038800000,1038800100,1337,2229,1039000000,1039000000
3,5195,1039000000,1039000100,1337,2229,1039200000,1039200000
3,5196,1039200000,1039200100,1337,2229,1039400000,1039400000
3,5197,1039400000,1039400100,1337,2229,1039600000,1039600000
3,5198,1039600000,1039600100,1337,2229,1039800000,1039800000
3,5199,1039800000,1039800100,1337,2229,1040000000,1040000000
3,5200,1040000000,1040000100,1337,2229,1040200000,1040200000
3,5201,1040200000,1040200100,1337,2229,1040400000,1040400000
3,5202,1040400000,1040400100,1337,2229,1040600000,1040600000
3,5203,1040600000,1040600100,1337,2229,1040800000,1040800000
3,5204,1040800000,1040800100,1337,2229,1041000000,1041000000
3,5205,1041000000,1041000100,1337,2229,1041200000,1041200000
3,5206,1041200000,1041200100,1337,2229,1041400000,1041400000
3,5207,1041400000,1041400100,1337,2229,1041600000,1041600000
3,5208,1041600000,1041600100,1337,2229,1041800000,1041800000
3,5209,1041800000,1041800100,1337,2229,1042000000,1042000000
3,5210,1042000000,1042000100,1337,2229,1042200000,1042200000
3,5211,1042200000,1042200100,1337,2229,1042400000,1042400000
3,5212,1042400000,1042400100,1337,2229,1042600000,1042600000
3,5213,1042600000,1042600100,1337,2229,1042800000,1042800000
3,5214,1042800000,1042800100,1337,2229,1043000000,1043000000
3,5215,1043000000,1043000100,1337,2229,1043200000,1043200000
3,5216,1043200000,1043200100,1337,2229,1043400000,1043400000
3,5217,1043400000,1043400100,1337,2229,1043600000,1043600000
3,5218,1043600000,1043600100,1337,2229,1043800000,1043800000
3,5219,1043800000,1043800100,1337,2229,1044000000,1044000000
3,5220,1044000000,1044000100,1337,2229,1044200000,1044200000
3,5221,1044200000,1044200100,1337,2229,1044400000,1044400000
3,5222,1044400000,1044400100,1337,2229,1044600000,1044600000
3,5223,1044600000,1044600100,1337,2229,1044800000,1044800000
3,5224,1044800000,1044800100,1337,2229,1045000000,1045000000
3,5225,1045000000,1045000100,1337,2229,1045200000,1045200000
3,5226,1045200000,1045200100,1337,2229,1045400000,1045400000
3,5227,1045400000,1045400100,1337,2229,1045600000,1045600000
3,5228,1045600000,1045600100,1337,2229,1045800000,1045800000
3,5229,1045800000,1045800100,1337,2229,1046000000,1046000000
3,5230,1046000000,1046000100,1337,2229,1046200000,1046200000
3,5231,1046200000,1046200100,1337,2229,1046400000,1046400000
3,5232,1046400000,1046400100,1337,2229,1046600000,1046600000
3,5233,1046600000,1046600100,1337,2229,1046800000,1046800000
3,5234,1046800000,1046800100,1337,2229,1047000000,1047000000
3,5235,1047000000,1047000100,1337,2229,1047200000,1047200000
3,5236,1047200000,1047200100,1337,2229,1047400000,1047400000
3,5237,1047400000,1047400100,1337,2229,1047600000,1047600000
3,5238,1047600000,1047600100,1337,2229,1047800000,1047800000
3,5239,1047800000,1047800100,1337,2229,1048000000,1048000000
3,5240,1048000000,1048000100,1337,2229,1048200000,1048200000
3,5241,1048200000,1048200100,1337,2229,1048400000,1048400000
3,5242,1048400000,1048400100,1337,2229,1048600000,1048600000
3,5243,1048600000,1048600100,1337,2229,1048800000,1048800000
3,5244,1048800000,1048800100,1337,2229,1049000000,1049000000
3,5245,1049000000,1049000100,1337,2229,1049200000,1049200000
3,5246,1049200000,1049200100,1337,2229,1049400000,1049400000
3,5247,1049400000,1049400100,1337,2229,1049600000,1049600000
3,5248,1049600000,1049600100,1337,2229,1049800000,1049800000
3,5249,1049800000,1049800100,1337,2229,1050000000,1050000000
3,5250,1050000000,1050000100,1337,2229,1050200000,1050200000
3,5251,1050200000,1050200100,1337,2229,1050400000,1050400000
3,5252,1050400000,1050400100,1337,2229,1050600000,1050600000
3,5253,1050600000,1050600100,1337,2229,1050800000,1050800000
3,5254,1050800000,1050800100,1337,2229,1051000000,1051000000
3,5255,1051000000,1051000100,1337,2229,1051200000,1051200000
3,5256,1051200000,1051200100,1337,2229,1051400000,1051400000
3,5257,1051400000,1051400100,1337,2229,1051600000,1051600000
3,5258,1051600000,1051600100,1337,2229,1051800000,1051800000
3,5259,1051800000,1051800100,1337,2229,1052000000,1052000000
3,5260,1052000000,1052000100,1337,2229,1052200000,1052200000
3,5261,1052200000,1052200100,1337,2229,1052400000,1052400000
3,5262,1052400000,1052400100,1337,2229,1052600000,1052600000
3,5263,1052600000,1052600100,1337,2229,1052800000,1052800000
3,5264,1052800000,1052800100,1337,2229,1053000000,1053000000
3,5265,1053000000,1053000100,1337,2229,1053200000,1053200000
3,5266,1053200000,1053200100,1337,2229,1053400000,1053400000
3,5267,1053400000,1053400100,1337,2229,1053600000,1053600000
3,5268,1053600000,1053600100,1337,2229,1053800000,1053800000
3,5269,1053800000,1053800100,1337,2229,1054000000,1054000000
3,5270,1054000000,1054000100,1337,2229,1054200000,1054200000
3,5271,1054200000,1054200100,1337,2229,1054400000,1054400000
3,5272,1054400000,1054400100,1337,2229,1054600000,1054600000
3,5273,1054600000,1054600100,1337,2229,1054800000,1054800000
3,5274,1054800000,1054800100,1337,2229,1055000000,1055000000
3,5275,1055000000,1055000100,1337,2229,1055200000,1055200000
3,5276,1055200000,1055200100,1337,2229,1055400000,1055400000
3,5277,1055400000,1055400100,1337,2229,1055600000,1055600000
3,5278,1055600000,1055600100,1337,2229,1055800000,1055800000
3,5279,1055800000,1055800100,1337,2229,1056000000,1056000000
3,5280,1056000000,1056000100,1337,2229,1056200000,1056200000
3,5281,1056200000,1056200100,1337,2229,1056400000,1056400000
3,5282,1056400000,1056400100,1337,2229,1056600000,1056600000
3,5283,1056600000,1056600100,1337,2229,1056800000,1056800000
3,5284,1056800000,1056800100,1337,2229,1057000000,1057000000
3,5285,1057000000,1057000100,1337,2229,1057200000,1057200000
3,5286,1057200000,1057200100,1337,2229,1057400000,1057400000
3,5287,1057400000,1057400100,1337,2229,1057600000,1057600000
3,5288,1057600000,1057600100,1337,2229,1057800000,1057800000
3,5289,1057800000,1057800100,1337,2229,1058000000,1058000000
3,5290,1058000000,1058000100,1337,2229,1058200000,1058200000
3,5291,1058200000,1058200100,1337,2229,1058400000,1058400000
3,5292,1058400000,1058400100,1337,2229,1058600000,1058600000
3,5293,1058600000,1058600100,1337,2229,1058800000,1058800000
3,5294,1058800000,1058800100,1337,2229,1059000000,1059000000
3,5295,1059000000,1059000100,1337,2229,1059200000,1059200000
3,5296,1059200000,1059200100,1337,2229,1059400000,1059400000
3,5297,1059400000,1059400100,1337,2229,1059600000,1059600000
3,5298,1059600000,1059600100,1337,2229,1059800000,1059800000
3,5299,1059800000,1059800100,1337,2229,1060000000,1060000000
3,5300,1060000000,1060000100,1337,2229,1060200000,1060200000
3,5301,1060200000,1060200100,1337,2229,1060400000,1060400000
3,5302,1060400000,1060400100,1337,2229,1060600000,1060600000
3,5303,1060600000,1060600100,1337,2229,1060800000,1060800000
3,5304,1060800000,1060800100,1337,2229,1061000000,1061000000
3,5305,1061000000,1061000100,1337,2229,1061200000,1061200000
3,5306,1061200000,1061200100,1337,2229,1061400000,1061400000
3,5307,1061400000,1061400100,1337,2229,1061600000,1061600000
3,5308,1061600000,1061600100,1337,2229,1061800000,1061800000
3,5309,1061800000,1061800100,1337,2229,1062000000,1062000000
3,5310,1062000000,1062000100,1337,2229,1062200000,1062200000
3,5311,1062200000,1062200100,1337,2229,1062400000,1062400000
3,5312,1062400000,1062400100,1337,2229,1062600000,1062600000
3,5313,1062600000,1062600100,1337,2229,1062800000,1062800000
3,5314,1062800000,1062800100,1337,2229,1063000000,1063000000
3,5315,1063000000,1063000100,1337,2229,1063200000,1063200000
3,5316,1063200000,1063200100,1337,2229,1063400000,1063400000
3,5317,1063400000,1063400100,1337,2229,1063600000,1063600000
3,5318,1063600000,1063600100,1337,2229,1063800000,1063800000
3,5319,1063800000,1063800100,1337,2229,1064000000,1064000000
3,5320,1064000000,1064000100,1337,2229,1064200000,1064200000
3,5321,1064200000,1064200100,1337,2229,1064400000,1064400000
3,5322,1064400000,1064400100,1337,2229,1064600000,1064600000
3,5323,1064600000,1064600100,1337,2229,1064800000,1064800000
3,5324,1064800000,1064800100,1337,2229,1065000000,1065000000
3,5325,1065000000,1065000100,1337,2229,1065200000,1065200000
3,5326,1065200000,1065200100,1337,2229,1065400000,1065400000
3,5327,1065400000,1065400100,1337,2229,1065600000,1065600000
3,5328,1065600000,1065600100,1337,2229,1065800000,1065800000
3,5329,1065800000,1065800100,1337,2229,1066000000,1066000000
3,5330,1066000000,1066000100,1337,2229,1066200000,1066200000
3,5331,1066200000,1066200100,1337,2229,1066400000,1066400000
3,5332,1066400000,1066400100,1337,2229,1066600000,1066600000
3,5333,1066600000,1066600100,1337,2229,1066800000,1066800000
3,5334,1066800000,1066800100,1337,2229,1067000000,1067000000
3,5335,1067000000,1067000100,1337,2229,1067200000,1067200000
3,5336,1067200000,1067200100,1337,2229,1067400000,1067400000
3,5337,1067400000,1067400100,1337,2229,1067600000,1067600000
3,5338,1067600000,1067600100,1337,2229,1067800000,1067800000
3,5339,1067800000,1067800100,1337,2229,1068000000,1068000000
3,5340,1068000000,1068000100,1337,2229,1068200000,1068200000
3,5341,1068200000,1068200100,1337,2229,1068400000,1068400000
3,5342,1068400000,1068400100,1337,2229,1068600000,1068600000
3,5343,1068600000,1068600100,1337,2229,1068800000,1068800000
3,5344,1068800000,1068800100,1337,2229,1069000000,1069000000
3,5345,1069000000,1069000100,1337,2229,1069200000,1069200000
3,5346,1069200000,1069200100,1337,2229,1069400000,1069400000
3,5347,1069400000,1069400100,1337,2229,1069600000,1069600000
3,5348,1069600000,1069600100,1337,2229,1069800000,1069800000
3,5349,1069800000,1069800100,1337,2229,1070000000,1070000000
3,5350,1070000000,1070000100,1337,2229,1070200000,1070200000
3,5351,1070200000,1070200100,1337,2229,1070400000,1070400000
3,5352,1070400000,1070400100,1337,2229,1070600000,1070600000
3,5353,1070600000,1070600100,1337,2229,1070800000,1070800000
3,5354,1070800000,1070800100,1337,2229,1071000000,1071000000
3,5355,1071000000,1071000100,1337,2229,1071200000,1071200000
3,5356,1071200000,1071200100,1337,2229,1071400000,1071400000
3,5357,1071400000,1071400100,1337,2229,1071600000,1071600000
3,5358,1071600000,1071600100,1337,2229,1071800000,1071800000
3,5359,1071800000,1071800100,1337,2229,1072000000,1072000000
3,5360,1072000000,1072000100,1337,2229,1072200000,1072200000
3,5361,1072200000,1072200100,1337,2229,1072400000,1072400000
3,5362,1072400000,1072400100,1337,2229,1072600000,1072600000
3,5363,1072600000,1072600100,1337,2229,1072800000,1072800000
3,5364,1072800000,1072800100,1337,2229,1073000000,1073000000
3,5365,1073000000,1073000100,1337,2229,1073200000,1073200000
3,5366,1073200000,1073200100,1337,2229,1073400000,1073400000
3,5367,1073400000,1073400100,1337,2229,1073600000,1073600000
3,5368,1073600000,1073600100,1337,2229,1073800000,1073800000
3,5369,1073800000,1073800100,1337,2229,1074000000,1074000000
3,5370,1074000000,1074000100,1337,2229,1074200000,1074200000
3,5371,1074200000,1074200100,1337,2229,1074400000,1074400000
3,5372,1074400000,1074400100,1337,2229,1074600000,1074600000
3,5373,1074600000,1074600100,1337,2229,1074800000,1074800000
3,5374,1074800000,1074800100,1337,2229,1075000000,1075000000
3,5375,1075000000,1075000100,1337,2229,1075200000,1075200000
3,5376,1075200000,1075200100,1337,2229,1075400000,1075400000
3,5377,1075400000,1075400100,1337,2229,1075600000,1075600000
3,5378,1075600000,1075600100,1337,2229,1075800000,1075800000
3,5379,1075800000,1075800100,1337,2229,1076000000,1076000000
3,5380,1076000000,1076000100,1337,2229,1076200000,1076200000
3,5381,1076200000,1076200100,1337,2229,1076400000,1076400000
3,5382,1076400000,1076400100,1337,2229,1076600000,1076600000
3,5383,1076600000,1076600100,1337,2229,1076800000,1076800000
3,5384,1076800000,1076800100,1337,2229,1077000000,1077000000
3,5385,1077000000,1077000100,1337,2229,1077200000,1077200000
3,5386,1077200000,1077200100,1337,2229,1077400000,1077400000
3,5387,1077400000,1077400100,1337,2229,1077600000,1077600000
3,5388,1077600000,1077600100,1337,2229,1077800000,1077800000
3,5389,1077800000,1077800100,1337,2229,1078000000,1078000000
3,5390,1078000000,1078000100,1337,2229,1078200000,1078200000
3,5391,1078200000,1078200100,1337,2229,1078400000,1078400000
3,5392,1078400000,1078400100,1337,2229,1078600000,1078600000
3,5393,1078600000,1078600100,1337,2229,1078800000,1078800000
3,5394,1078800000,1078800100,1337,2229,1079000000,1079000000
3,5395,1079000000,1079000100,1337,2229,1079200000,1079200000
3,5396,1079200000,1079200100,1337,2229,1079400000,1079400000
3,5397,1079400000,1079400100,1337,2229,1079600000,1079600000
3,5398,1079600000,1079600100,1337,2229,1079800000,1079800000
3,5399,1079800000,1079800100,1337,2229,1080000000,1080000000
3,5400,1080000000,1080000100,1337,2229,1080200000,1080200000
3,5401,1080200000,1080200100,1337,2229,1080400000,1080400000
3,5402,1080400000,1080400100,1337,2229,1080600000,1080600000
3,5403,1080600000,1080600100,1337,2229,1080800000,1080800000
3,5404,1080800000,1080800100,1337,2229,1081000000,1081000000
3,5405,1081000000,1081000100,1337,2229,1081200000,1081200000
3,5406,1081200000,1081200100,1337,2229,1081400000,1081400000
3,5407,1081400000,1081400100,1337,2229,1081600000,1081600000
3,5408,1081600000,1081600100,1337,2229,1081800000,1081800000
3,5409,1081800000,1081800100,1337,2229,1082000000,1082000000
3,5410,1082000000,1082000100,1337,2229,1082200000,1082200000
3,5411,1082200000,1082200100,1337,2229,1082400000,1082400000
3,5412,1082400000,1082400100,1337,2229,1082600000,1082600000
3,5413,1082600000,1082600100,1337,2229,1082800000,1082800000
3,5414,1082800000,1082800100,1337,2229,1083000000,1083000000
3,5415,1083000000,1083000100,1337,2229,1083200000,1083200000
3,5416,1083200000,1083200100,1337,2229,1083400000,1083400000
3,5417,1083400000,1083400100,1337,2229,1083600000,1083600000
3,5418,1083600000,1083600100,1337,2229,1083800000,1083800000
3,5419,1083800000,1083800100,1337,2229,1084000000,1084000000
3,5420,1084000000,1084000100,1337,2229,1084200000,1084200000
3,5421,1084200000,1084200100,1337,2229,1084400000,1084400000
3,5422,1084400000,1084400100,1337,2229,1084600000,1084600000
3,5423,1084600000,1084600100,1337,2229,1084800000,1084800000
3,5424,1084800000,1084800100,1337,2229,1085000000,1085000000
3,5425,1085000000,1085000100,1337,2229,1085200000,1085200000
3,5426,1085200000,1085200100,1337,2229,1085400000,1085400000
3,5427,1085400000,1085400100,1337,2229,1085600000,1085600000
3,5428,1085600000,1085600100,1337,2229,1085800000,1085800000
3,5429,1085800000,1085800100,1337,2229,1086000000,1086000000
3,5430,1086000000,1086000100,1337,2229,1086200000,1086200000
3,5431,1086200000,1086200100,1337,2229,1086400000,1086400000
3,5432,1086400000,1086400100,1337,2229,1086600000,1086600000
3,5433,1086600000,1086600100,1337,2229,1086800000,1086800000
3,5434,1086800000,1086800100,1337,2229,1087000000,1087000000
3,5435,1087000000,1087000100,1337,2229,1087200000,1087200000
3,5436,1087200000,1087200100,1337,2229,1087400000,1087400000
3,5437,1087400000,1087400100,1337,2229,1087600000,1087600000
3,5438,1087600000,1087600100,1337,2229,1087800000,1087800000
3,5439,1087800000,1087800100,1337,2229,1088000000,1088000000
3,5440,1088000000,1088000100,1337,2229,1088200000,1088200000
3,5441,1088200000,1088200100,1337,2229,1088400000,1088400000
3,5442,1088400000,1088400100,1337,2229,1088600000,1088600000
3,5443,1088600000,1088600100,1337,2229,1088800000,1088800000
3,5444,1088800000,1088800100,1337,2229,1089000000,1089000000
3,5445,1089000000,1089000100,1337,2229,1089200000,1089200000
3,5446,1089200000,1089200100,1337,2229,1089400000,1089400000
3,5447,1089400000,1089400100,1337,2229,1089600000,1089600000
3,5448,1089600000,1089600100,1337,2229,1089800000,1089800000
3,5449,1089800000,1089800100,1337,2229,1090000000,1090000000
3,5450,1090000000,1090000100,1337,2229,1090200000,1090200000
3,5451,1090200000,1090200100,1337,2229,1090400000,1090400000
3,5452,1090400000,1090400100,1337,2229,1090600000,1090600000
3,5453,1090600000,1090600100,1337,2229,1090800000,1090800000
3,5454,1090800000,1090800100,1337,2229,1091000000,1091000000
3,5455,1091000000,1091000100,1337,2229,1091200000,1091200000
3,5456,1091200000,1091200100,1337,2229,1091400000,1091400000
3,5457,1091400000,1091400100,1337,2229,1091600000,1091600000
3,5458,1091600000,1091600100,1337,2229,1091800000,1091800000
3,5459,1091800000,1091800100,1337,2229,1092000000,1092000000
3,5460,1092000000,1092000100,1337,2229,1092200000,1092200000
3,5461,1092200000,1092200100,1337,2229,1092400000,1092400000
3,5462,1092400000,1092400100,1337,2229,1092600000,1092600000
3,5463,1092600000,1092600100,1337,2229,1092800000,1092800000
3,5464,1092800000,1092800100,1337,2229,1093000000,1093000000
3,5465,1093000000,1093000100,1337,2229,1093200000,1093200000
3,5466,1093200000,1093200100,1337,2229,1093400000,1093400000
3,5467,1093400000,1093400100,1337,2229,1093600000,1093600000
3,5468,1093600000,1093600100,1337,2229,1093800000,1093800000
3,5469,1093800000,1093800100,1337,2229,1094000000,1094000000
3,5470,1094000000,1094000100,1337,2229,1094200000,1094200000
3,5471,1094200000,1094200100,1337,2229,1094400000,1094400000
3,5472,1094400000,1094400100,1337,2229,1094600000,1094600000
3,5473,1094600000,1094600100,1337,2229,1094800000,1094800000
3,5474,1094800000,1094800100,1337,2229,1095000000,1095000000
3,5475,1095000000,1095000100,1337,2229,1095200000,1095200000
3,5476,1095200000,1095200100,1337,2229,1095400000,1095400000
3,5477,1095400000,1095400100,1337,2229,1095600000,1095600000
3,5478,1095600000,1095600100,1337,2229,1095800000,1095800000
3,5479,1095800000,1095800100,1337,2229,1096000000,1096000000
3,5480,1096000000,1096000100,1337,2229,1096200000,1096200000
3,5481,1096200000,1096200100,1337,2229,1096400000,1096400000
3,5482,1096400000,1096400100,1337,2229,1096600000,1096600000
3,5483,1096600000,1096600100,1337,2229,1096800000,1096800000
3,5484,1096800000,1096800100,1337,2229,1097000000,1097000000
3,5485,1097000000,1097000100,1337,2229,1097200000,1097200000
3,5486,1097200000,1097200100,1337,2229,1097400000,1097400000
3,5487,1097400000,1097400100,1337,2229,1097600000,1097600000
3,5488,1097600000,1097600100,1337,2229,1097800000,1097800000
3,5489,1097800000,1097800100,1337,2229,1098000000,1098000000
3,5490,1098000000,1098000100,1337,2229,1098200000,1098200000
3,5491,1098200000,1098200100,1337,2229,1098400000,1098400000
3,5492,1098400000,1098400100,1337,2229,1098600000,1098600000
3,5493,1098600000,1098600100,1337,2229,1098800000,1098800000
3,5494,1098800000,1098800100,1337,2229,1099000000,1099000000
3,5495,1099000000,1099000100,1337,2229,1099200000,1099200000
3,5496,1099200000,1099200100,1337,2229,1099400000,1099400000
3,5497,1099400000,1099400100,1337,2229,1099600000,1099600000
3,5498,1099600000,1099600100,1337,2229,1099800000,1099800000
3,5499,1099800000,1099800100,1337,2229,1100000000,1100000000
3,5500,1100000000,1100000100,1337,2229,1100200000,1100200000
3,5501,1100200000,1100200100,1337,2229,1100400000,1100400000
3,5502,1100400000,1100400100,1337,2229,1100600000,1100600000
3,5503,1100600000,1100600100,1337,2229,1100800000,1100800000
3,5504,1100800000,1100800100,1337,2229,1101000000,1101000000
3,5505,1101000000,1101000100,1337,2229,1101200000,1101200000
3,5506,1101200000,1101200100,1337,2229,1101400000,1101400000
3,5507,1101400000,1101400100,1337,2229,1101600000,1101600000
3,5508,1101600000,1101600100,1337,2229,1101800000,1101800000
3,5509,1101800000,1101800100,1337,2229,1102000000,1102000000
3,5510,1102000000,1102000100,1337,2229,1102200000,1102200000
3,5511,1102200000,1102200100,1337,2229,1102400000,1102400000
3,5512,1102400000,1102400100,1337,2229,1102600000,1102600000
3,5513,1102600000,1102600100,1337,2229,1102800000,1102800000
3,5514,1102800000,1102800100,1337,2229,1103000000,1103000000
3,5515,1103000000,1103000100,1337,2229,1103200000,1103200000
3,5516,1103200000,1103200100,1337,2229,1103400000,1103400000
3,5517,1103400000,1103400100,1337,2229,1103600000,1103600000
3,5518,1103600000,1103600100,1337,2229,1103800000,1103800000
3,5519,1103800000,1103800100,1337,2229,1104000000,1104000000
3,5520,1104000000,1104000100,1337,2229,1104200000,1104200000
3,5521,1104200000,1104200100,1337,2229,1104400000,1104400000
3,5522,1104400000,1104400100,1337,2229,1104600000,1104600000
3,5523,1104600000,1104600100,1337,2229,1104800000,1104800000
3,5524,1104800000,1104800100,1337,2229,1105000000,1105000000
3,5525,1105000000,1105000100,1337,2229,1105200000,1105200000
3,5526,1105200000,1105200100,1337,2229,1105400000,1105400000
3,5527,1105400000,1105400100,1337,2229,1105600000,1105600000
3,5528,1105600000,1105600100,1337,2229,1105800000,1105800000
3,5529,1105800000,1105800100,1337,2229,1106000000,1106000000
3,5530,1106000000,1106000100,1337,2229,1106200000,1106200000
3,5531,1106200000,1106200100,1337,2229,1106400000,1106400000
3,5532,1106400000,1106400100,1337,2229,1106600000,1106600000
3,5533,1106600000,1106600100,1337,2229,1106800000,1106800000
3,5534,1106800000,1106800100,1337,2229,1107000000,1107000000
3,5535,1107000000,1107000100,1337,2229,1107200000,1107200000
3,5536,1107200000,1107200100,1337,2229,1107400000,1107400000
3,5537,1107400000,1107400100,1337,2229,1107600000,1107600000
3,5538,1107600000,1107600100,1337,2229,1107800000,1107800000
3,5539,1107800000,1107800100,1337,2229,1108000000,1108000000
3,5540,1108000000,1108000100,1337,2229,1108200000,1108200000
3,5541,1108200000,1108200100,1337,2229,1108400000,1108400000
3,5542,1108400000,1108400100,1337,2229,1108600000,1108600000
3,5543,1108600000,1108600100,1337,2229,1108800000,1108800000
3,5544,1108800000,1108800100,1337,2229,1109000000,1109000000
3,5545,1109000000,1109000100,1337,2229,1109200000,1109200000
3,5546,1109200000,1109200100,1337,2229,1109400000,1109400000
3,5547,1109400000,1109400100,1337,2229,1109600000,1109600000
3,5548,1109600000,1109600100,1337,2229,1109800000,1109800000
3,5549,1109800000,1109800100,1337,2229,1110000000,1110000000
3,5550,1110000000,1110000100,1337,2229,1110200000,1110200000
3,5551,1110200000,1110200100,1337,2229,1110400000,1110400000
3,5552,1110400000,1110400100,1337,2229,1110600000,1110600000
3,5553,1110600000,1110600100,1337,2229,1110800000,1110800000
3,5554,1110800000,1110800100,1337,2229,1111000000,1111000000
3,5555,1111000000,1111000100,1337,2229,1111200000,1111200000
3,5556,1111200000,1111200100,1337,2229,1111400000,1111400000
3,5557,1111400000,1111400100,1337,2229,1111600000,1111600000
3,5558,1111600000,1111600100,1337,2229,1111800000,1111800000
3,5559,1111800000,1111800100,1337,2229,1112000000,1112000000
3,5560,1112000000,1112000100,1337,2229,1112200000,1112200000
3,5561,1112200000,1112200100,1337,2229,1112400000,1112400000
3,5562,1112400000,1112400100,1337,2229,1112600000,1112600000
3,5563,1112600000,1112600100,1337,2229,1112800000,1112800000
3,5564,1112800000,1112800100,1337,2229,1113000000,1113000000
3,5565,1113000000,1113000100,1337,2229,1113200000,1113200000
3,5566,1113200000,1113200100,1337,2229,1113400000,1113400000
3,5567,1113400000,1113400100,1337,2229,1113600000,1113600000
3,5568,1113600000,1113600100,1337,2229,1113800000,1113800000
3,5569,1113800000,1113800100,1337,2229,1114000000,1114000000
3,5570,1114000000,1114000100,1337,2229,1114200000,1114200000
3,5571,1114200000,1114200100,1337,2229,1114400000,1114400000
3,5572,1114400000,1114400100,1337,2229,1114600000,1114600000
3,5573,1114600000,1114600100,1337,2229,1114800000,1114800000
3,5574,1114800000,1114800100,1337,2229,1115000000,1115000000
3,5575,1115000000,1115000100,1337,2229,1115200000,1115200000
3,5576,1115200000,1115200100,1337,2229,1115400000,1115400000
3,5577,1115400000,1115400100,1337,2229,1115600000,1115600000
3,5578,1115600000,1115600100,1337,2229,1115800000,1115800000
3,5579,1115800000,1115800100,1337,2229,1116000000,1116000000
3,5580,1116000000,1116000100,1337,2229,1116200000,1116200000
3,5581,1116200000,1116200100,1337,2229,1116400000,1116400000
3,5582,1116400000,1116400100,1337,2229,1116600000,1116600000
3,5583,1116600000,1116600100,1337,2229,1116800000,1116800000
3,5584,1116800000,1116800100,1337,2229,1117000000,1117000000
3,5585,1117000000,1117000100,1337,2229,1117200000,1117200000
3,5586,1117200000,1117200100,1337,2229,1117400000,1117400000
3,5587,1117400000,1117400100,1337,2229,1117600000,1117600000
3,5588,1117600000,1117600100,1337,2229,1117800000,1117800000
3,5589,1117800000,1117800100,1337,2229,1118000000,1118000000
3,5590,1118000000,1118000100,1337,2229,1118200000,1118200000
3,5591,1118200000,1118200100,1337,2229,1118400000,1118400000
3,5592,1118400000,1118400100,1337,2229,1118600000,1118600000
3,5593,1118600000,1118600100,1337,2229,1118800000,1118800000
3,5594,1118800000,1118800100,1337,2229,1119000000,1119000000
3,5595,1119000000,1119000100,1337,2229,1119200000,1119200000
3,5596,1119200000,1119200100,1337,2229,1119400000,1119400000
3,5597,1119400000,1119400100,1337,2229,1119600000,1119600000
3,5598,1119600000,1119600100,1337,2229,1119800000,1119800000
3,5599,1119800000,1119800100,1337,2229,1120000000,1120000000
3,5600,1120000000,1120000100,1337,2229,1120200000,1120200000
3,5601,1120200000,1120200100,1337,2229,1120400000,1120400000
3,5602,1120400000,1120400100,1337,2229,1120600000,1120600000
3,5603,1120600000,1120600100,1337,2229,1120800000,1120800000
3,5604,1120800000,1120800100,1337,2229,1121000000,1121000000
3,5605,1121000000,1121000100,1337,2229,1121200000,1121200000
3,5606,1121200000,1121200100,1337,2229,1121400000,1121400000
3,5607,1121400000,1121400100,1337,2229,1121600000,1121600000
3,5608,1121600000,1121600100,1337,2229,1121800000,1121800000
3,5609,1121800000,1121800100,1337,2229,1122000000,1122000000
3,5610,1122000000,1122000100,1337,2229,1122200000,1122200000
3,5611,1122200000,1122200100,1337,2229,1122400000,1122400000
3,5612,1122400000,1122400100,1337,2229,1122600000,1122600000
3,5613,1122600000,1122600100,1337,2229,1122800000,1122800000
3,5614,1122800000,1122800100,1337,2229,1123000000,1123000000
3,5615,1123000000,1123000100,1337,2229,1123200000,1123200000
3,5616,1123200000,1123200100,1337,2229,1123400000,1123400000
3,5617,1123400000,1123400100,1337,2229,1123600000,1123600000
3,5618,1123600000,1123600100,1337,2229,1123800000,1123800000
3,5619,1123800000,1123800100,1337,2229,1124000000,1124000000
3,5620,1124000000,1124000100,1337,2229,1124200000,1124200000
3,5621,1124200000,1124200100,1337,2229,1124400000,1124400000
3,5622,1124400000,1124400100,1337,2229,1124600000,1124600000
3,5623,1124600000,1124600100,1337,2229,1124800000,1124800000
3,5624,1124800000,1124800100,1337,2229,1125000000,1125000000
3,5625,1125000000,1125000100,1337,2229,1125200000,1125200000
3,5626,1125200000,1125200100,1337,2229,1125400000,1125400000
3,5627,1125400000,1125400100,1337,2229,1125600000,1125600000
3,5628,1125600000,1125600100,1337,2229,1125800000,1125800000
3,5629,1125800000,1125800100,1337,2229,1126000000,1126000000
3,5630,1126000000,1126000100,1337,2229,1126200000,1126200000
3,5631,1126200000,1126200100,1337,2229,1126400000,1126400000
3,5632,1126400000,1126400100,1337,2229,1126600000,1126600000
3,5633,1126600000,1126600100,1337,2229,1126800000,1126800000
3,5634,1126800000,1126800100,1337,2229,1127000000,1127000000
3,5635,1127000000,1127000100,1337,2229,1127200000,1127200000
3,5636,1127200000,1127200100,1337,2229,1127400000,1127400000
3,5637,1127400000,1127400100,1337,2229,1127600000,1127600000
3,5638,1127600000,1127600100,1337,2229,1127800000,1127800000
3,5639,1127800000,1127800100,1337,2229,1128000000,1128000000
3,5640,1128000000,1128000100,1337,2229,1128200000,1128200000
3,5641,1128200000,1128200100,1337,2229,1128400000,1128400000
3,5642,1128400000,1128400100,1337,2229,1128600000,1128600000
3,5643,1128600000,1128600100,1337,2229,1128800000,1128800000
3,5644,1128800000,1128800100,1337,2229,1129000000,1129000000
3,5645,1129000000,1129000100,1337,2229,1129200000,1129200000
3,5646,1129200000,1129200100,1337,2229,1129400000,1129400000
3,5647,1129400000,1129400100,1337,2229,1129600000,1129600000
3,5648,1129600000,1129600100,1337,2229,1129800000,1129800000
3,5649,1129800000,1129800100,1337,2229,1130000000,1130000000
3,5650,1130000000,1130000100,1337,2229,1130200000,1130200000
3,5651,1130200000,1130200100,1337,2229,1130400000,1130400000
3,5652,1130400000,1130400100,1337,2229,1130600000,1130600000
3,5653,1130600000,1130600100,1337,2229,1130800000,1130800000
3,5654,1130800000,1130800100,1337,2229,1131000000,1131000000
3,5655,1131000000,1131000100,1337,2229,1131200000,1131200000
3,5656,1131200000,1131200100,1337,2229,1131400000,1131400000
3,5657,1131400000,1131400100,1337,2229,1131600000,1131600000
3,5658,1131600000,1131600100,1337,2229,1131800000,1131800000
3,5659,1131800000,1131800100,1337,2229,1132000000,1132000000
3,5660,1132000000,1132000100,1337,2229,1132200000,1132200000
3,5661,1132200000,1132200100,1337,2229,1132400000,1132400000
3,5662,1132400000,1132400100,1337,2229,1132600000,1132600000
3,5663,1132600000,1132600100,1337,2229,1132800000,1132800000
3,5664,1132800000,1132800100,1337,2229,1133000000,1133000000
3,5665,1133000000,1133000100,1337,2229,1133200000,1133200000
3,5666,1133200000,1133200100,1337,2229,1133400000,1133400000
3,5667,1133400000,1133400100,1337,2229,1133600000,1133600000
3,5668,1133600000,1133600100,1337,2229,1133800000,1133800000
3,5669,1133800000,1133800100,1337,2229,1134000000,1134000000
3,5670,1134000000,1134000100,1337,2229,1134200000,1134200000
3,5671,1134200000,1134200100,1337,2229,1134400000,1134400000
3,5672,1134400000,1134400100,1337,2229,1134600000,1134600000
3,5673,1134600000,1134600100,1337,2229,1134800000,1134800000
3,5674,1134800000,1134800100,1337,2229,1135000000,1135000000
3,5675,1135000000,1135000100,1337,2229,1135200000,1135200000
3,5676,1135200000,1135200100,1337,2229,1135400000,1135400000
3,5677,1135400000,1135400100,1337,2229,1135600000,1135600000
3,5678,1135600000,1135600100,1337,2229,1135800000,1135800000
3,5679,1135800000,1135800100,1337,2229,1136000000,1136000000
3,5680,1136000000,1136000100,1337,2229,1136200000,1136200000
3,5681,1136200000,1136200100,1337,2229,1136400000,1136400000
3,5682,1136400000,1136400100,1337,2229,1136600000,1136600000
3,5683,1136600000,1136600100,1337,2229,1136800000,1136800000
3,5684,1136800000,1136800100,1337,2229,1137000000,1137000000
3,5685,1137000000,1137000100,1337,2229,1137200000,1137200000
3,5686,1137200000,1137200100,1337,2229,1137400000,1137400000
3,5687,1137400000,1137400100,1337,2229,1137600000,1137600000
3,5688,1137600000,1137600100,1337,2229,1137800000,1137800000
3,5689,1137800000,1137800100,1337,2229,1138000000,1138000000
3,5690,1138000000,1138000100,1337,2229,1138200000,1138200000
3,5691,1138200000,1138200100,1337,2229,1138400000,1138400000
3,5692,1138400000,1138400100,1337,2229,1138600000,1138600000
3,5693,1138600000,1138600100,1337,2229,1138800000,1138800000
3,5694,1138800000,1138800100,1337,2229,1139000000,1139000000
3,5695,1139000000,1139000100,1337,2229,1139200000,1139200000
3,5696,1139200000,1139200100,1337,2229,1139400000,1139400000
3,5697,1139400000,1139400100,1337,2229,1139600000,1139600000
3,5698,1139600000,1139600100,1337,2229,1139800000,1139800000
3,5699,1139800000,1139800100,1337,2229,1140000000,1140000000
3,5700,1140000000,1140000100,1337,2229,1140200000,1140200000
3,5701,1140200000,1140200100,1337,2229,1140400000,1140400000
3,5702,1140400000,1140400100,1337,2229,1140600000,1140600000
3,5703,1140600000,1140600100,1337,2229,1140800000,1140800000
3,5704,1140800000,1140800100,1337,2229,1141000000,1141000000
3,5705,1141000000,1141000100,1337,2229,1141200000,1141200000
3,5706,1141200000,1141200100,1337,2229,1141400000,1141400000
3,5707,1141400000,1141400100,1337,2229,1141600000,1141600000
3,5708,1141600000,1141600100,1337,2229,1141800000,1141800000
3,5709,1141800000,1141800100,1337,2229,1142000000,1142000000
3,5710,1142000000,1142000100,1337,2229,1142200000,1142200000
3,5711,1142200000,1142200100,1337,2229,1142400000,1142400000
3,5712,1142400000,1142400100,1337,2229,1142600000,1142600000
3,5713,1142600000,1142600100,1337,2229,1142800000,1142800000
3,5714,1142800000,1142800100,1337,2229,1143000000,1143000000
3,5715,1143000000,1143000100,1337,2229,1143200000,1143200000
3,5716,1143200000,1143200100,1337,2229,1143400000,1143400000
3,5717,1143400000,1143400100,1337,2229,1143600000,1143600000
3,5718,1143600000,1143600100,1337,2229,1143800000,1143800000
3,5719,1143800000,1143800100,1337,2229,1144000000,1144000000
3,5720,1144000000,1144000100,1337,2229,1144200000,1144200000
3,5721,1144200000,1144200100,1337,2229,1144400000,1144400000
3,5722,1144400000,1144400100,1337,2229,1144600000,1144600000
3,5723,1144600000,1144600100,1337,2229,1144800000,1144800000
3,5724,1144800000,1144800100,1337,2229,1145000000,1145000000
3,5725,1145000000,1145000100,1337,2229,1145200000,1145200000
3,5726,1145200000,1145200100,1337,2229,1145400000,1145400000
3,5727,1145400000,1145400100,1337,2229,1145600000,1145600000
3,5728,1145600000,1145600100,1337,2229,1145800000,1145800000
3,5729,1145800000,1145800100,1337,2229,1146000000,1146000000
3,5730,1146000000,1146000100,1337,2229,1146200000,1146200000
3,5731,1146200000,1146200100,1337,2229,1146400000,1146400000
3,5732,1146400000,1146400100,1337,2229,1146600000,1146600000
3,5733,1146600000,1146600100,1337,2229,1146800000,1146800000
3,5734,1146800000,1146800100,1337,2229,1147000000,1147000000
3,5735,1147000000,1147000100,1337,2229,1147200000,1147200000
3,5736,1147200000,1147200100,1337,2229,1147400000,1147400000
3,5737,1147400000,1147400100,1337,2229,1147600000,1147600000
3,5738,1147600000,1147600100,1337,2229,1147800000,1147800000
3,5739,1147800000,1147800100,1337,2229,1148000000,1148000000
3,5740,1148000000,1148000100,1337,2229,1148200000,1148200000
3,5741,1148200000,1148200100,1337,2229,1148400000,1148400000
3,5742,1148400000,1148400100,1337,2229,1148600000,1148600000
3,5743,1148600000,1148600100,1337,2229,1148800000,1148800000
3,5744,1148800000,1148800100,1337,2229,1149000000,1149000000
3,5745,1149000000,1149000100,1337,2229,1149200000,1149200000
3,5746,1149200000,1149200100,1337,2229,1149400000,1149400000
3,5747,1149400000,1149400100,1337,2229,1149600000,1149600000
3,5748,1149600000,1149600100,1337,2229,1149800000,1149800000
3,5749,1149800000,1149800100,1337,2229,1150000000,1150000000
3,5750,1150000000,1150000100,1337,2229,1150200000,1150200000
3,5751,1150200000,1150200100,1337,2229,1150400000,1150400000
3,5752,1150400000,1150400100,1337,2229,1150600000,1150600000
3,5753,1150600000,1150600100,1337,2229,1150800000,1150800000
3,5754,1150800000,1150800100,1337,2229,1151000000,1151000000
3,5755,1151000000,1151000100,1337,2229,1151200000,1151200000
3,5756,1151200000,1151200100,1337,2229,1151400000,1151400000
3,5757,1151400000,1151400100,1337,2229,1151600000,1151600000
3,5758,1151600000,1151600100,1337,2229,1151800000,1151800000
3,5759,1151800000,1151800100,1337,2229,1152000000,1152000000
3,5760,1152000000,1152000100,1337,2229,1152200000,1152200000
3,5761,1152200000,1152200100,1337,2229,1152400000,1152400000
3,5762,1152400000,1152400100,1337,2229,1152600000,1152600000
3,5763,1152600000,1152600100,1337,2229,1152800000,1152800000
3,5764,1152800000,1152800100,1337,2229,1153000000,1153000000
3,5765,1153000000,1153000100,1337,2229,1153200000,1153200000
3,5766,1153200000,1153200100,1337,2229,1153400000,1153400000
3,5767,1153400000,1153400100,1337,2229,1153600000,1153600000
3,5768,1153600000,1153600100,1337,2229,1153800000,1153800000
3,5769,1153800000,1153800100,1337,2229,1154000000,1154000000
3,5770,1154000000,1154000100,1337,2229,1154200000,1154200000
3,5771,1154200000,1154200100,1337,2229,1154400000,1154400000
3,5772,1154400000,1154400100,1337,2229,1154600000,1154600000
3,5773,1154600000,1154600100,1337,2229,1154800000,1154800000
3,5774,1154800000,1154800100,1337,2229,1155000000,1155000000
3,5775,1155000000,1155000100,1337,2229,1155200000,1155200000
3,5776,1155200000,1155200100,1337,2229,1155400000,1155400000
3,5777,1155400000,1155400100,1337,2229,1155600000,1155600000
3,5778,1155600000,1155600100,1337,2229,1155800000,1155800000
3,5779,1155800000,1155800100,1337,2229,1156000000,1156000000
3,5780,1156000000,1156000100,1337,2229,1156200000,1156200000
3,5781,1156200000,1156200100,1337,2229,1156400000,1156400000
3,5782,1156400000,1156400100,1337,2229,1156600000,1156600000
3,5783,1156600000,1156600100,1337,2229,1156800000,1156800000
3,5784,1156800000,1156800100,1337,2229,1157000000,1157000000
3,5785,1157000000,1157000100,1337,2229,1157200000,1157200000
3,5786,1157200000,1157200100,1337,2229,1157400000,1157400000
3,5787,1157400000,1157400100,1337,2229,1157600000,1157600000
3,5788,1157600000,1157600100,1337,2229,1157800000,1157800000
3,5789,1157800000,1157800100,1337,2229,1158000000,1158000000
3,5790,1158000000,1158000100,1337,2229,1158200000,1158200000
3,5791,1158200000,1158200100,1337,2229,1158400000,1158400000
3,5792,1158400000,1158400100,1337,2229,1158600000,1158600000
3,5793,1158600000,1158600100,1337,2229,1158800000,1158800000
3,5794,1158800000,1158800100,1337,2229,1159000000,1159000000
3,5795,1159000000,1159000100,1337,2229,1159200000,1159200000
3,5796,1159200000,1159200100,1337,2229,1159400000,1159400000
3,5797,1159400000,1159400100,1337,2229,1159600000,1159600000
3,5798,1159600000,1159600100,1337,2229,1159800000,1159800000
3,5799,1159800000,1159800100,1337,2229,1160000000,1160000000
3,5800,1160000000,1160000100,1337,2229,1160200000,1160200000
3,5801,1160200000,1160200100,1337,2229,1160400000,1160400000
3,5802,1160400000,1160400100,1337,2229,1160600000,1160600000
3,5803,1160600000,1160600100,1337,2229,1160800000,1160800000
3,5804,1160800000,1160800100,1337,2229,1161000000,1161000000
3,5805,1161000000,1161000100,1337,2229,1161200000,1161200000
3,5806,1161200000,1161200100,1337,2229,1161400000,1161400000
3,5807,1161400000,1161400100,1337,2229,1161600000,1161600000
3,5808,1161600000,1161600100,1337,2229,1161800000,1161800000
3,5809,1161800000,1161800100,1337,2229,1162000000,1162000000
3,5810,1162000000,1162000100,1337,2229,1162200000,1162200000
3,5811,1162200000,1162200100,1337,2229,1162400000,1162400000
3,5812,1162400000,1162400100,1337,2229,1162600000,1162600000
3,5813,1162600000,1162600100,1337,2229,1162800000,1162800000
3,5814,1162800000,1162800100,1337,2229,1163000000,1163000000
3,5815,1163000000,1163000100,1337,2229,1163200000,1163200000
3,5816,1163200000,1163200100,1337,2229,1163400000,1163400000
3,5817,1163400000,1163400100,1337,2229,1163600000,1163600000
3,5818,1163600000,1163600100,1337,2229,1163800000,1163800000
3,5819,1163800000,1163800100,1337,2229,1164000000,1164000000
3,5820,1164000000,1164000100,1337,2229,1164200000,1164200000
3,5821,1164200000,1164200100,1337,2229,1164400000,1164400000
3,5822,1164400000,1164400100,1337,2229,1164600000,1164600000
3,5823,1164600000,1164600100,1337,2229,1164800000,1164800000
3,5824,1164800000,1164800100,1337,2229,1165000000,1165000000
3,5825,1165000000,1165000100,1337,2229,1165200000,1165200000
3,5826,1165200000,1165200100,1337,2229,1165400000,1165400000
3,5827,1165400000,1165400100,1337,2229,1165600000,1165600000
3,5828,1165600000,1165600100,1337,2229,1165800000,1165800000
3,5829,1165800000,1165800100,1337,2229,1166000000,1166000000
3,5830,1166000000,1166000100,1337,2229,1166200000,1166200000
3,5831,1166200000,1166200100,1337,2229,1166400000,1166400000
3,5832,1166400000,1166400100,1337,2229,1166600000,1166600000
3,5833,1166600000,1166600100,1337,2229,1166800000,1166800000
3,5834,1166800000,1166800100,1337,2229,1167000000,1167000000
3,5835,1167000000,1167000100,1337,2229,1167200000,1167200000
3,5836,1167200000,1167200100,1337,2229,1167400000,1167400000
3,5837,1167400000,1167400100,1337,2229,1167600000,1167600000
3,5838,1167600000,1167600100,1337,2229,1167800000,1167800000
3,5839,1167800000,1167800100,1337,2229,1168000000,1168000000
3,5840,1168000000,1168000100,1337,2229,1168200000,1168200000
3,5841,1168200000,1168200100,1337,2229,1168400000,1168400000
3,5842,1168400000,1168400100,1337,2229,1168600000,1168600000
3,5843,1168600000,1168600100,1337,2229,1168800000,1168800000
3,5844,1168800000,1168800100,1337,2229,1169000000,1169000000
3,5845,1169000000,1169000100,1337,2229,1169200000,1169200000
3,5846,1169200000,1169200100,1337,2229,1169400000,1169400000
3,5847,1169400000,1169400100,1337,2229,1169600000,1169600000
3,5848,1169600000,1169600100,1337,2229,1169800000,1169800000
3,5849,1169800000,1169800100,1337,2229,1170000000,1170000000
3,5850,1170000000,1170000100,1337,2229,1170200000,1170200000
3,5851,1170200000,1170200100,1337,2229,1170400000,1170400000
3,5852,1170400000,1170400100,1337,2229,1170600000,1170600000
3,5853,1170600000,1170600100,1337,2229,1170800000,1170800000
3,5854,1170800000,1170800100,1337,2229,1171000000,1171000000
3,5855,1171000000,1171000100,1337,2229,1171200000,1171200000
3,5856,1171200000,1171200100,1337,2229,1171400000,1171400000
3,5857,1171400000,1171400100,1337,2229,1171600000,1171600000
3,5858,1171600000,1171600100,1337,2229,1171800000,1171800000
3,5859,1171800000,1171800100,1337,2229,1172000000,1172000000
3,5860,1172000000,1172000100,1337,2229,1172200000,1172200000
3,5861,1172200000,1172200100,1337,2229,1172400000,1172400000
3,5862,1172400000,1172400100,1337,2229,1172600000,1172600000
3,5863,1172600000,1172600100,1337,2229,1172800000,1172800000
3,5864,1172800000,1172800100,1337,2229,1173000000,1173000000
3,5865,1173000000,1173000100,1337,2229,1173200000,1173200000
3,5866,1173200000,1173200100,1337,2229,1173400000,1173400000
3,5867,1173400000,1173400100,1337,2229,1173600000,1173600000
3,5868,1173600000,1173600100,1337,2229,1173800000,1173800000
3,5869,1173800000,1173800100,1337,2229,1174000000,1174000000
3,5870,1174000000,1174000100,1337,2229,1174200000,1174200000
3,5871,1174200000,1174200100,1337,2229,1174400000,1174400000
3,5872,1174400000,1174400100,1337,2229,1174600000,1174600000
3,5873,1174600000,1174600100,1337,2229,1174800000,1174800000
3,5874,1174800000,1174800100,1337,2229,1175000000,1175000000
3,5875,1175000000,1175000100,1337,2229,1175200000,1175200000
3,5876,1175200000,1175200100,1337,2229,1175400000,1175400000
3,5877,1175400000,1175400100,1337,2229,1175600000,1175600000
3,5878,1175600000,1175600100,1337,2229,1175800000,1175800000
3,5879,1175800000,1175800100,1337,2229,1176000000,1176000000
3,5880,1176000000,1176000100,1337,2229,1176200000,1176200000
3,5881,1176200000,1176200100,1337,2229,1176400000,1176400000
3,5882,1176400000,1176400100,1337,2229,1176600000,1176600000
3,5883,1176600000,1176600100,1337,2229,1176800000,1176800000
3,5884,1176800000,1176800100,1337,2229,1177000000,1177000000
3,5885,1177000000,1177000100,1337,2229,1177200000,1177200000
3,5886,1177200000,1177200100,1337,2229,1177400000,1177400000
3,5887,1177400000,1177400100,1337,2229,1177600000,1177600000
3,5888,1177600000,1177600100,1337,2229,1177800000,1177800000
3,5889,1177800000,1177800100,1337,2229,1178000000,1178000000
3,5890,1178000000,1178000100,1337,2229,1178200000,1178200000
3,5891,1178200000,1178200100,1337,2229,1178400000,1178400000
3,5892,1178400000,1178400100,1337,2229,1178600000,1178600000
3,5893,1178600000,1178600100,1337,2229,1178800000,1178800000
3,5894,1178800000,1178800100,1337,2229,1179000000,1179000000
3,5895,1179000000,1179000100,1337,2229,1179200000,1179200000
3,5896,1179200000,1179200100,1337,2229,1179400000,1179400000
3,5897,1179400000,1179400100,1337,2229,1179600000,1179600000
3,5898,1179600000,1179600100,1337,2229,1179800000,1179800000
3,5899,1179800000,1179800100,1337,2229,1180000000,1180000000
3,5900,1180000000,1180000100,1337,2229,1180200000,1180200000
3,5901,1180200000,1180200100,1337,2229,1180400000,1180400000
3,5902,1180400000,1180400100,1337,2229,1180600000,1180600000
3,5903,1180600000,1180600100,1337,2229,1180800000,1180800000
3,5904,1180800000,1180800100,1337,2229,1181000000,1181000000
3,5905,1181000000,1181000100,1337,2229,1181200000,1181200000
3,5906,1181200000,1181200100,1337,2229,1181400000,1181400000
3,5907,1181400000,1181400100,1337,2229,1181600000,1181600000
3,5908,1181600000,1181600100,1337,2229,1181800000,1181800000
3,5909,1181800000,1181800100,1337,2229,1182000000,1182000000
3,5910,1182000000,1182000100,1337,2229,1182200000,1182200000
3,5911,1182200000,1182200100,1337,2229,1182400000,1182400000
3,5912,1182400000,1182400100,1337,2229,1182600000,1182600000
3,5913,1182600000,1182600100,1337,2229,1182800000,1182800000
3,5914,1182800000,1182800100,1337,2229,1183000000,1183000000
3,5915,1183000000,1183000100,1337,2229,1183200000,1183200000
3,5916,1183200000,1183200100,1337,2229,1183400000,1183400000
3,5917,1183400000,1183400100,1337,2229,1183600000,1183600000
3,5918,1183600000,1183600100,1337,2229,1183800000,1183800000
3,5919,1183800000,1183800100,1337,2229,1184000000,1184000000
3,5920,1184000000,1184000100,1337,2229,1184200000,1184200000
3,5921,1184200000,1184200100,1337,2229,1184400000,1184400000
3,5922,1184400000,1184400100,1337,2229,1184600000,1184600000
3,5923,1184600000,1184600100,1337,2229,1184800000,1184800000
3,5924,1184800000,1184800100,1337,2229,1185000000,1185000000
3,5925,1185000000,1185000100,1337,2229,1185200000,1185200000
3,5926,1185200000,1185200100,1337,2229,1185400000,1185400000
3,5927,1185400000,1185400100,1337,2229,1185600000,1185600000
3,5928,1185600000,1185600100,1337,2229,1185800000,1185800000
3,5929,1185800000,1185800100,1337,2229,1186000000,1186000000
3,5930,1186000000,1186000100,1337,2229,1186200000,1186200000
3,5931,1186200000,1186200100,1337,2229,1186400000,1186400000
3,5932,1186400000,1186400100,1337,2229,1186600000,1186600000
3,5933,1186600000,1186600100,1337,2229,1186800000,1186800000
3,5934,1186800000,1186800100,1337,2229,1187000000,1187000000
3,5935,1187000000,1187000100,1337,2229,1187200000,1187200000
3,5936,1187200000,1187200100,1337,2229,1187400000,1187400000
3,5937,1187400000,1187400100,1337,2229,1187600000,1187600000
3,5938,1187600000,1187600100,1337,2229,1187800000,1187800000
3,5939,1187800000,1187800100,1337,2229,1188000000,1188000000
3,5940,1188000000,1188000100,1337,2229,1188200000,1188200000
3,5941,1188200000,1188200100,1337,2229,1188400000,1188400000
3,5942,1188400000,1188400100,1337,2229,1188600000,1188600000
3,5943,1188600000,1188600100,1337,2229,1188800000,1188800000
3,5944,1188800000,1188800100,1337,2229,1189000000,1189000000
3,5945,1189000000,1189000100,1337,2229,1189200000,1189200000
3,5946,1189200000,1189200100,1337,2229,1189400000,1189400000
3,5947,1189400000,1189400100,1337,2229,1189600000,1189600000
3,5948,1189600000,1189600100,1337,2229,1189800000,1189800000
3,5949,1189800000,1189800100,1337,2229,1190000000,1190000000
3,5950,1190000000,1190000100,1337,2229,1190200000,1190200000
3,5951,1190200000,1190200100,1337,2229,1190400000,1190400000
3,5952,1190400000,1190400100,1337,2229,1190600000,1190600000
3,5953,1190600000,1190600100,1337,2229,1190800000,1190800000
3,5954,1190800000,1190800100,1337,2229,1191000000,1191000000
3,5955,1191000000,1191000100,1337,2229,1191200000,1191200000
3,5956,1191200000,1191200100,1337,2229,1191400000,1191400000
3,5957,1191400000,1191400100,1337,2229,1191600000,1191600000
3,5958,1191600000,1191600100,1337,2229,1191800000,1191800000
3,5959,1191800000,1191800100,1337,2229,1192000000,1192000000
3,5960,1192000000,1192000100,1337,2229,1192200000,1192200000
3,5961,1192200000,1192200100,1337,2229,1192400000,1192400000
3,5962,1192400000,1192400100,1337,2229,1192600000,1192600000
3,5963,1192600000,1192600100,1337,2229,1192800000,1192800000
3,5964,1192800000,1192800100,1337,2229,1193000000,1193000000
3,5965,1193000000,1193000100,1337,2229,1193200000,1193200000
3,5966,1193200000,1193200100,1337,2229,1193400000,1193400000
3,5967,1193400000,1193400100,1337,2229,1193600000,1193600000
3,5968,1193600000,1193600100,1337,2229,1193800000,1193800000
3,5969,1193800000,1193800100,1337,2229,1194000000,1194000000
3,5970,1194000000,1194000100,1337,2229,1194200000,1194200000
3,5971,1194200000,1194200100,1337,2229,1194400000,1194400000
3,5972,1194400000,1194400100,1337,2229,1194600000,1194600000
3,5973,1194600000,1194600100,1337,2229,1194800000,1194800000
3,5974,1194800000,1194800100,1337,2229,1195000000,1195000000
3,5975,1195000000,1195000100,1337,2229,1195200000,1195200000
3,5976,1195200000,1195200100,1337,2229,1195400000,1195400000
3,5977,1195400000,1195400100,1337,2229,1195600000,1195600000
3,5978,1195600000,1195600100,1337,2229,1195800000,1195800000
3,5979,1195800000,1195800100,1337,2229,1196000000,1196000000
3,5980,1196000000,1196000100,1337,2229,1196200000,1196200000
3,5981,1196200000,1196200100,1337,2229,1196400000,1196400000
3,5982,1196400000,1196400100,1337,2229,1196600000,1196600000
3,5983,1196600000,1196600100,1337,2229,1196800000,1196800000
3,5984,1196800000,1196800100,1337,2229,1197000000,1197000000
4,0,0,100,1087,1813,350000,350000
4,1,350000,350100,1087,1813,700000,700000
4,2,700000,700100,1087,1813,1050000,1050000
4,3,1050000,1050100,1087,1813,1400000,1400000
4,4,1400000,1400100,1087,1813,1750000,1750000
4,5,1750000,1750100,1087,1813,2100000,2100000
4,6,2100000,2100100,1087,1813,2450000,2450000
4,7,2450000,2450100,1087,1813,2800000,2800000
4,8,2800000,2800100,1087,1813,3150000,3150000
4,9,3150000,3150100,1087,1813,3500000,3500000
4,10,3500000,3500100,1087,1813,3850000,3850000
4,11,3850000,3850100,1087,1813,4200000,4200000
4,12,4200000,4200100,1087,1813,4550000,4550000
4,13,4550000,4550100,1087,1813,4900000,4900000
4,14,4900000,4900100,1087,1813,5250000,5250000
4,15,5250000,5250100,1087,1813,5600000,5600000
4,16,5600000,5600100,1087,1813,5950000,5950000
4,17,5950000,5950100,1087,1813,6300000,6300000
4,18,6300000,6300100,1087,1813,6650000,6650000
4,19,6650000,6650100,1087,1813,7000000,7000000
4,20,7000000,7000100,1087,1813,7350000,7350000
4,21,7350000,7350100,1087,1813,7700000,7700000
4,22,7700000,7700100,1087,1813,8050000,8050000
4,23,8050000,8050100,1087,1813,8400000,8400000
4,24,8400000,8400100,1087,1813,8750000,8750000
4,25,8750000,8750100,1087,1813,9100000,9100000
4,26,9100000,9100100,1087,1813,9450000,9450000
4,27,9450000,9450100,1087,1813,9800000,9800000
4,28,9800000,9800100,1087,1813,10150000,10150000
4,29,10150000,10150100,1087,1813,10500000,10500000
4,30,10500000,10500100,1087,1813,10850000,10850000
4,31,10850000,10850100,1087,1813,11200000,11200000
4,32,11200000,11200100,1087,1813,11550000,11550000
4,33,11550000,11550100,1087,1813,11900000,11900000
4,34,11900000,11900100,1087,1813,12250000,12250000
4,35,12250000,12250100,1087,1813,12600000,12600000
4,36,12600000,12600100,1087,1813,12950000,12950000
4,37,12950000,12950100,1087,1813,13300000,13300000
4,38,13300000,13300100,1087,1813,13650000,13650000
4,39,13650000,13650100,1087,1813,14000000,14000000
4,40,14000000,14000100,1087,1813,14350000,14350000
4,41,14350000,14350100,1087,1813,14700000,14700000
4,42,14700000,14700100,1087,1813,15050000,15050000
4,43,15050000,15050100,1087,1813,15400000,15400000
4,44,15400000,15400100,1087,1813,15750000,15750000
4,45,15750000,15750100,1087,1813,16100000,16100000
4,46,16100000,16100100,1087,1813,16450000,16450000
4,47,16450000,16450100,1087,1813,16800000,16800000
4,48,16800000,16800100,1087,1813,17150000,17150000
4,49,17150000,17150100,1087,1813,17500000,17500000
4,50,17500000,17500100,1087,1813,17850000,17850000
4,51,17850000,17850100,1087,1813,18200000,18200000
4,52,18200000,18200100,1087,1813,18550000,18550000
4,53,18550000,18550100,1087,1813,18900000,18900000
4,54,18900000,18900100,1087,1813,19250000,19250000
4,55,19250000,19250100,1087,1813,19600000,19600000
4,56,19600000,19600100,1087,1813,19950000,19950000
4,57,19950000,19950100,1087,1813,20300000,20300000
4,58,20300000,20300100,1087,1813,20650000,20650000
4,59,20650000,20650100,1087,1813,21000000,21000000
4,60,21000000,21000100,1087,1813,21350000,21350000
4,61,21350000,21350100,1087,1813,21700000,21700000
4,62,21700000,21700100,1087,1813,22050000,22050000
4,63,22050000,22050100,1087,1813,22400000,22400000
4,64,22400000,22400100,1087,1813,22750000,22750000
4,65,22750000,22750100,1087,1813,23100000,23100000
4,66,23100000,23100100,1087,1813,23450000,23450000
4,67,23450000,23450100,1087,1813,23800000,23800000
4,68,23800000,23800100,1087,1813,24150000,24150000
4,69,24150000,24150100,1087,1813,24500000,24500000
4,70,24500000,24500100,1087,1813,24850000,24850000
4,71,24850000,24850100,1087,1813,25200000,25200000
4,72,25200000,25200100,1087,1813,25550000,25550000
4,73,25550000,25550100,1087,1813,25900000,25900000
4,74,25900000,25900100,1087,1813,26250000,26250000
4,75,26250000,26250100,1087,1813,26600000,26600000
4,76,26600000,26600100,1087,1813,26950000,26950000
4,77,26950000,26950100,1087,1813,27300000,27300000
4,78,27300000,27300100,1087,1813,27650000,27650000
4,79,27650000,27650100,1087,1813,28000000,28000000
4,80,28000000,28000100,1087,1813,28350000,28350000
4,81,28350000,28350100,1087,1813,28700000,28700000
4,82,28700000,28700100,1087,1813,29050000,29050000
4,83,29050000,29050100,1087,1813,29400000,29400000
4,84,29400000,29400100,1087,1813,29750000,29750000
4,85,29750000,29750100,1087,1813,30100000,30100000
4,86,30100000,30100100,1087,1813,30450000,30450000
4,87,30450000,30450100,1087,1813,30800000,30800000
4,88,30800000,30800100,1087,1813,31150000,31150000
4,89,31150000,31150100,1087,1813,31500000,31500000
4,90,31500000,31500100,1087,1813,31850000,31850000
4,91,31850000,31850100,1087,1813,32200000,32200000
4,92,32200000,32200100,1087,1813,32550000,32550000
4,93,32550000,32550100,1087,1813,32900000,32900000
4,94,32900000,32900100,1087,1813,33250000,33250000
4,95,33250000,33250100,1087,1813,33600000,33600000
4,96,33600000,33600100,1087,1813,33950000,33950000
4,97,33950000,33950100,1087,1813,34300000,34300000
4,98,34300000,34300100,1087,1813,34650000,34650000
4,99,34650000,34650100,1087,1813,35000000,35000000
4,100,35000000,35000100,1087,1813,35350000,35350000
4,101,35350000,35350100,1087,1813,35700000,35700000
4,102,35700000,35700100,1087,1813,36050000,36050000
4,103,36050000,36050100,1087,1813,36400000,36400000
4,104,36400000,36400100,1087,1813,36750000,36750000
4,105,36750000,36750100,1087,1813,37100000,37100000
4,106,37100000,37100100,1087,1813,37450000,37450000
4,107,37450000,37450100,1087,1813,37800000,37800000
4,108,37800000,37800100,1087,1813,38150000,38150000
4,109,38150000,38150100,1087,1813,38500000,38500000
4,110,38500000,38500100,1087,1813,38850000,38850000
4,111,38850000,38850100,1087,1813,39200000,39200000
4,112,39200000,39200100,1087,1813,39550000,39550000
4,113,39550000,39550100,1087,1813,39900000,39900000
4,114,39900000,39900100,1087,1813,40250000,40250000
4,115,40250000,40250100,1087,1813,40600000,40600000
4,116,40600000,40600100,1087,1813,40950000,40950000
4,117,40950000,40950100,1087,1813,41300000,41300000
4,118,41300000,41300100,1087,1813,41650000,41650000
4,119,41650000,41650100,1087,1813,42000000,42000000
4,120,42000000,42000100,1087,1813,42350000,42350000
4,121,42350000,42350100,1087,1813,42700000,42700000
4,122,42700000,42700100,1087,1813,43050000,43050000
4,123,43050000,43050100,1087,1813,43400000,43400000
4,124,43400000,43400100,1087,1813,43750000,43750000
4,125,43750000,43750100,1087,1813,44100000,44100000
4,126,44100000,44100100,1087,1813,44450000,44450000
4,127,44450000,44450100,1087,1813,44800000,44800000
4,128,44800000,44800100,1087,1813,45150000,45150000
4,129,45150000,45150100,1087,1813,45500000,45500000
4,130,45500000,45500100,1087,1813,45850000,45850000
4,131,45850000,45850100,1087,1813,46200000,46200000
4,132,46200000,46200100,1087,1813,46550000,46550000
4,133,46550000,46550100,1087,1813,46900000,46900000
4,134,46900000,46900100,1087,1813,47250000,47250000
4,135,47250000,47250100,1087,1813,47600000,47600000
4,136,47600000,47600100,1087,1813,47950000,47950000
4,137,47950000,47950100,1087,1813,48300000,48300000
4,138,48300000,48300100,1087,1813,48650000,48650000
4,139,48650000,48650100,1087,1813,49000000,49000000
4,140,49000000,49000100,1087,1813,49350000,49350000
4,141,49350000,49350100,1087,1813,49700000,49700000
4,142,49700000,49700100,1087,1813,50050000,50050000
4,143,50050000,50050100,1087,1813,50400000,50400000
4,144,50400000,50400100,1087,1813,50750000,50750000
4,145,50750000,50750100,1087,1813,51100000,51100000
4,146,51100000,51100100,1087,1813,51450000,51450000
4,147,51450000,51450100,1087,1813,51800000,51800000
4,148,51800000,51800100,1087,1813,52150000,52150000
4,149,52150000,52150100,1087,1813,52500000,52500000
4,150,52500000,52500100,1087,1813,52850000,52850000
4,151,52850000,52850100,1087,1813,53200000,53200000
4,152,53200000,53200100,1087,1813,53550000,53550000
4,153,53550000,53550100,1087,1813,53900000,53900000
4,154,53900000,53900100,1087,1813,54250000,54250000
4,155,54250000,54250100,1087,1813,54600000,54600000
4,156,54600000,54600100,1087,1813,54950000,54950000
4,157,54950000,54950100,1087,1813,55300000,55300000
4,158,55300000,55300100,1087,1813,55650000,55650000
4,159,55650000,55650100,1087,1813,56000000,56000000
4,160,56000000,56000100,1087,1813,56350000,56350000
4,161,56350000,56350100,1087,1813,56700000,56700000
4,162,56700000,56700100,1087,1813,57050000,57050000
4,163,57050000,57050100,1087,1813,57400000,57400000
4,164,57400000,57400100,1087,1813,57750000,57750000
4,165,57750000,57750100,1087,1813,58100000,58100000
4,166,58100000,58100100,1087,1813,58450000,58450000
4,167,58450000,58450100,1087,1813,58800000,58800000
4,168,58800000,58800100,1087,1813,59150000,59150000
4,169,59150000,59150100,1087,1813,59500000,59500000
4,170,59500000,59500100,1087,1813,59850000,59850000
4,171,59850000,59850100,1087,1813,60200000,60200000
4,172,60200000,60200100,1087,1813,60550000,60550000
4,173,60550000,60550100,1087,1813,60900000,60900000
4,174,60900000,60900100,1087,1813,61250000,61250000
4,175,61250000,61250100,1087,1813,61600000,61600000
4,176,61600000,61600100,1087,1813,61950000,61950000
4,177,61950000,61950100,1087,1813,62300000,62300000
4,178,62300000,62300100,1087,1813,62650000,62650000
4,179,62650000,62650100,1087,1813,63000000,63000000
4,180,63000000,63000100,1087,1813,63350000,63350000
4,181,63350000,63350100,1087,1813,63700000,63700000
4,182,63700000,63700100,1087,1813,64050000,64050000
4,183,64050000,64050100,1087,1813,64400000,64400000
4,184,64400000,64400100,1087,1813,64750000,64750000
4,185,64750000,64750100,1087,1813,65100000,65100000
4,186,65100000,65100100,1087,1813,65450000,65450000
4,187,65450000,65450100,1087,1813,65800000,65800000
4,188,65800000,65800100,1087,1813,66150000,66150000
4,189,66150000,66150100,1087,1813,66500000,66500000
4,190,66500000,66500100,1087,1813,66850000,66850000
4,191,66850000,66850100,1087,1813,67200000,67200000
4,192,67200000,67200100,1087,1813,67550000,67550000
4,193,67550000,67550100,1087,1813,67900000,67900000
4,194,67900000,67900100,1087,1813,68250000,68250000
4,195,68250000,68250100,1087,1813,68600000,68600000
4,196,68600000,68600100,1087,1813,68950000,68950000
4,197,68950000,68950100,1087,1813,69300000,69300000
4,198,69300000,69300100,1087,1813,69650000,69650000
4,199,69650000,69650100,1087,1813,70000000,70000000
4,200,70000000,70000100,1087,1813,70350000,70350000
4,201,70350000,70350100,1087,1813,70700000,70700000
4,202,70700000,70700100,1087,1813,71050000,71050000
4,203,71050000,71050100,1087,1813,71400000,71400000
4,204,71400000,71400100,1087,1813,71750000,71750000
4,205,71750000,71750100,1087,1813,72100000,72100000
4,206,72100000,72100100,1087,1813,72450000,72450000
4,207,72450000,72450100,1087,1813,72800000,72800000
4,208,72800000,72800100,1087,1813,73150000,73150000
4,209,73150000,73150100,1087,1813,73500000,73500000
4,210,73500000,73500100,1087,1813,73850000,73850000
4,211,73850000,73850100,1087,1813,74200000,74200000
4,212,74200000,74200100,1087,1813,74550000,74550000
4,213,74550000,74550100,1087,1813,74900000,74900000
4,214,74900000,74900100,1087,1813,75250000,75250000
4,215,75250000,75250100,1087,1813,75600000,75600000
4,216,75600000,75600100,1087,1813,75950000,75950000
4,217,75950000,75950100,1087,1813,76300000,76300000
4,218,76300000,76300100,1087,1813,76650000,76650000
4,219,76650000,76650100,1087,1813,77000000,77000000
4,220,77000000,77000100,1087,1813,77350000,77350000
4,221,77350000,77350100,1087,1813,77700000,77700000
4,222,77700000,77700100,1087,1813,78050000,78050000
4,223,78050000,78050100,1087,1813,78400000,78400000
4,224,78400000,78400100,1087,1813,78750000,78750000
4,225,78750000,78750100,1087,1813,79100000,79100000
4,226,79100000,79100100,1087,1813,79450000,79450000
4,227,79450000,79450100,1087,1813,79800000,79800000
4,228,79800000,79800100,1087,1813,80150000,80150000
4,229,80150000,80150100,1087,1813,80500000,80500000
4,230,80500000,80500100,1087,1813,80850000,80850000
4,231,80850000,80850100,1087,1813,81200000,81200000
4,232,81200000,81200100,1087,1813,81550000,81550000
4,233,81550000,81550100,1087,1813,81900000,81900000
4,234,81900000,81900100,1087,1813,82250000,82250000
4,235,82250000,82250100,1087,1813,82600000,82600000
4,236,82600000,82600100,1087,1813,82950000,82950000
4,237,82950000,82950100,1087,1813,83300000,83300000
4,238,83300000,83300100,1087,1813,83650000,83650000
4,239,83650000,83650100,1087,1813,84000000,84000000
4,240,84000000,84000100,1087,1813,84350000,84350000
4,241,84350000,84350100,1087,1813,84700000,84700000
4,242,84700000,84700100,1087,1813,85050000,85050000
4,243,85050000,85050100,1087,1813,85400000,85400000
4,244,85400000,85400100,1087,1813,85750000,85750000
4,245,85750000,85750100,1087,1813,86100000,86100000
4,246,86100000,86100100,1087,1813,86450000,86450000
4,247,86450000,86450100,1087,1813,86800000,86800000
4,248,86800000,86800100,1087,1813,87150000,87150000
4,249,87150000,87150100,1087,1813,87500000,87500000
4,250,87500000,87500100,1087,1813,87850000,87850000
4,251,87850000,87850100,1087,1813,88200000,88200000
4,252,88200000,88200100,1087,1813,88550000,88550000
4,253,88550000,88550100,1087,1813,88900000,88900000
4,254,88900000,88900100,1087,1813,89250000,89250000
4,255,89250000,89250100,1087,1813,89600000,89600000
4,256,89600000,89600100,1087,1813,89950000,89950000
4,257,89950000,89950100,1087,1813,90300000,90300000
4,258,90300000,90300100,1087,1813,90650000,90650000
4,259,90650000,90650100,1087,1813,91000000,91000000
4,260,91000000,91000100,1087,1813,91350000,91350000
4,261,91350000,91350100,1087,1813,91700000,91700000
4,262,91700000,91700100,1087,1813,92050000,92050000
4,263,92050000,92050100,1087,1813,92400000,92400000
4,264,92400000,92400100,1087,1813,92750000,92750000
4,265,92750000,92750100,1087,1813,93100000,93100000
4,266,93100000,93100100,1087,1813,93450000,93450000
4,267,93450000,93450100,1087,1813,93800000,93800000
4,268,93800000,93800100,1087,1813,94150000,94150000
4,269,94150000,94150100,1087,1813,94500000,94500000
4,270,94500000,94500100,1087,1813,94850000,94850000
4,271,94850000,94850100,1087,1813,95200000,95200000
4,272,95200000,95200100,1087,1813,95550000,95550000
4,273,95550000,95550100,1087,1813,95900000,95900000
4,274,95900000,95900100,1087,1813,96250000,96250000
4,275,96250000,96250100,1087,1813,96600000,96600000
4,276,96600000,96600100,1087,1813,96950000,96950000
4,277,96950000,96950100,1087,1813,97300000,97300000
4,278,97300000,97300100,1087,1813,97650000,97650000
4,279,97650000,97650100,1087,1813,98000000,98000000
4,280,98000000,98000100,1087,1813,98350000,98350000
4,281,98350000,98350100,1087,1813,98700000,98700000
4,282,98700000,98700100,1087,1813,99050000,99050000
4,283,99050000,99050100,1087,1813,99400000,99400000
4,284,99400000,99400100,1087,1813,99750000,99750000
4,285,99750000,99750100,1087,1813,100100000,100100000
4,286,100100000,100100100,1087,1813,100450000,100450000
4,287,100450000,100450100,1087,1813,100800000,100800000
4,288,100800000,100800100,1087,1813,101150000,101150000
4,289,101150000,101150100,1087,1813,101500000,101500000
4,290,101500000,101500100,1087,1813,101850000,101850000
4,291,101850000,101850100,1087,1813,102200000,102200000
4,292,102200000,102200100,1087,1813,102550000,102550000
4,293,102550000,102550100,1087,1813,102900000,102900000
4,294,102900000,102900100,1087,1813,103250000,103250000
4,295,103250000,103250100,1087,1813,103600000,103600000
4,296,103600000,103600100,1087,1813,103950000,103950000
4,297,103950000,103950100,1087,1813,104300000,104300000
4,298,104300000,104300100,1087,1813,104650000,104650000
4,299,104650000,104650100,1087,1813,105000000,105000000
4,300,105000000,105000100,1087,1813,105350000,105350000
4,301,105350000,105350100,1087,1813,105700000,105700000
4,302,105700000,105700100,1087,1813,106050000,106050000
4,303,106050000,106050100,1087,1813,106400000,106400000
4,304,106400000,106400100,1087,1813,106750000,106750000
4,305,106750000,106750100,1087,1813,107100000,107100000
4,306,107100000,107100100,1087,1813,107450000,107450000
4,307,107450000,107450100,1087,1813,107800000,107800000
4,308,107800000,107800100,1087,1813,108150000,108150000
4,309,108150000,108150100,1087,1813,108500000,108500000
4,310,108500000,108500100,1087,1813,108850000,108850000
4,311,108850000,108850100,1087,1813,109200000,109200000
4,312,109200000,109200100,1087,1813,109550000,109550000
4,313,109550000,109550100,1087,1813,109900000,109900000
4,314,109900000,109900100,1087,1813,110250000,110250000
4,315,110250000,110250100,1087,1813,110600000,110600000
4,316,110600000,110600100,1087,1813,110950000,110950000
4,317,110950000,110950100,1087,1813,111300000,111300000
4,318,111300000,111300100,1087,1813,111650000,111650000
4,319,111650000,111650100,1087,1813,112000000,112000000
4,320,112000000,112000100,1087,1813,112350000,112350000
4,321,112350000,112350100,1087,1813,112700000,112700000
4,322,112700000,112700100,1087,1813,113050000,113050000
4,323,113050000,113050100,1087,1813,113400000,113400000
4,324,113400000,113400100,1087,1813,113750000,113750000
4,325,113750000,113750100,1087,1813,114100000,114100000
4,326,114100000,114100100,1087,1813,114450000,114450000
4,327,114450000,114450100,1087,1813,114800000,114800000
4,328,114800000,114800100,1087,1813,115150000,115150000
4,329,115150000,115150100,1087,1813,115500000,115500000
4,330,115500000,115500100,1087,1813,115850000,115850000
4,331,115850000,115850100,1087,1813,116200000,116200000
4,332,116200000,116200100,1087,1813,116550000,116550000
4,333,116550000,116550100,1087,1813,116900000,116900000
4,334,116900000,116900100,1087,1813,117250000,117250000
4,335,117250000,117250100,1087,1813,117600000,117600000
4,336,117600000,117600100,1087,1813,117950000,117950000
4,337,117950000,117950100,1087,1813,118300000,118300000
4,338,118300000,118300100,1087,1813,118650000,118650000
4,339,118650000,118650100,1087,1813,119000000,119000000
4,340,119000000,119000100,1087,1813,119350000,119350000
4,341,119350000,119350100,1087,1813,119700000,119700000
4,342,119700000,119700100,1087,1813,120050000,120050000
4,343,120050000,120050100,1087,1813,120400000,120400000
4,344,120400000,120400100,1087,1813,120750000,120750000
4,345,120750000,120750100,1087,1813,121100000,121100000
4,346,121100000,121100100,1087,1813,121450000,121450000
4,347,121450000,121450100,1087,1813,121800000,121800000
4,348,121800000,121800100,1087,1813,122150000,122150000
4,349,122150000,122150100,1087,1813,122500000,122500000
4,350,122500000,122500100,1087,1813,122850000,122850000
4,351,122850000,122850100,1087,1813,123200000,123200000
4,352,123200000,123200100,1087,1813,123550000,123550000
4,353,123550000,123550100,1087,1813,123900000,123900000
4,354,123900000,123900100,1087,1813,124250000,124250000
4,355,124250000,124250100,1087,1813,124600000,124600000
4,356,124600000,124600100,1087,1813,124950000,124950000
4,357,124950000,124950100,1087,1813,125300000,125300000
4,358,125300000,125300100,1087,1813,125650000,125650000
4,359,125650000,125650100,1087,1813,126000000,126000000
4,360,126000000,126000100,1087,1813,126350000,126350000
4,361,126350000,126350100,1087,1813,126700000,126700000
4,362,126700000,126700100,1087,1813,127050000,127050000
4,363,127050000,127050100,1087,1813,127400000,127400000
4,364,127400000,127400100,1087,1813,127750000,127750000
4,365,127750000,127750100,1087,1813,128100000,128100000
4,366,128100000,128100100,1087,1813,128450000,128450000
4,367,128450000,128450100,1087,1813,128800000,128800000
4,368,128800000,128800100,1087,1813,129150000,129150000
4,369,129150000,129150100,1087,1813,129500000,129500000
4,370,129500000,129500100,1087,1813,129850000,129850000
4,371,129850000,129850100,1087,1813,130200000,130200000
4,372,130200000,130200100,1087,1813,130550000,130550000
4,373,130550000,130550100,1087,1813,130900000,130900000
4,374,130900000,130900100,1087,1813,131250000,131250000
4,375,131250000,131250100,1087,1813,131600000,131600000
4,376,131600000,131600100,1087,1813,131950000,131950000
4,377,131950000,131950100,1087,1813,132300000,132300000
4,378,132300000,132300100,1087,1813,132650000,132650000
4,379,132650000,132650100,1087,1813,133000000,133000000
4,380,133000000,133000100,1087,1813,133350000,133350000
4,381,133350000,133350100,1087,1813,133700000,133700000
4,382,133700000,133700100,1087,1813,134050000,134050000
4,383,134050000,134050100,1087,1813,134400000,134400000
4,384,134400000,134400100,1087,1813,134750000,134750000
4,385,134750000,134750100,1087,1813,135100000,135100000
4,386,135100000,135100100,1087,1813,135450000,135450000
4,387,135450000,135450100,1087,1813,135800000,135800000
4,388,135800000,135800100,1087,1813,136150000,136150000
4,389,136150000,136150100,1087,1813,136500000,136500000
4,390,136500000,136500100,1087,1813,136850000,136850000
4,391,136850000,136850100,1087,1813,137200000,137200000
4,392,137200000,137200100,1087,1813,137550000,137550000
4,393,137550000,137550100,1087,1813,137900000,137900000
4,394,137900000,137900100,1087,1813,138250000,138250000
4,395,138250000,138250100,1087,1813,138600000,138600000
4,396,138600000,138600100,1087,1813,138950000,138950000
4,397,138950000,138950100,1087,1813,139300000,139300000
4,398,139300000,139300100,1087,1813,139650000,139650000
4,399,139650000,139650100,1087,1813,140000000,140000000
4,400,140000000,140000100,1087,1813,140350000,140350000
4,401,140350000,140350100,1087,1813,140700000,140700000
4,402,140700000,140700100,1087,1813,141050000,141050000
4,403,141050000,141050100,1087,1813,141400000,141400000
4,404,141400000,141400100,1087,1813,141750000,141750000
4,405,141750000,141750100,1087,1813,142100000,142100000
4,406,142100000,142100100,1087,1813,142450000,142450000
4,407,142450000,142450100,1087,1813,142800000,142800000
4,408,142800000,142800100,1087,1813,143150000,143150000
4,409,143150000,143150100,1087,1813,143500000,143500000
4,410,143500000,143500100,1087,1813,143850000,143850000
4,411,143850000,143850100,1087,1813,144200000,144200000
4,412,144200000,144200100,1087,1813,144550000,144550000
4,413,144550000,144550100,1087,1813,144900000,144900000
4,414,144900000,144900100,1087,1813,145250000,145250000
4,415,145250000,145250100,1087,1813,145600000,145600000
4,416,145600000,145600100,1087,1813,145950000,145950000
4,417,145950000,145950100,1087,1813,146300000,146300000
4,418,146300000,146300100,1087,1813,146650000,146650000
4,419,146650000,146650100,1087,1813,147000000,147000000
4,420,147000000,147000100,1087,1813,147350000,147350000
4,421,147350000,147350100,1087,1813,147700000,147700000
4,422,147700000,147700100,1087,1813,148050000,148050000
4,423,148050000,148050100,1087,1813,148400000,148400000
4,424,148400000,148400100,1087,1813,148750000,148750000
4,425,148750000,148750100,1087,1813,149100000,149100000
4,426,149100000,149100100,1087,1813,149450000,149450000
4,427,149450000,149450100,1087,1813,149800000,149800000
4,428,149800000,149800100,1087,1813,150150000,150150000
4,429,150150000,150150100,1087,1813,150500000,150500000
4,430,150500000,150500100,1087,1813,150850000,150850000
4,431,150850000,150850100,1087,1813,151200000,151200000
4,432,151200000,151200100,1087,1813,151550000,151550000
4,433,151550000,151550100,1087,1813,151900000,151900000
4,434,151900000,151900100,1087,1813,152250000,152250000
4,435,152250000,152250100,1087,1813,152600000,152600000
4,436,152600000,152600100,1087,1813,152950000,152950000
4,437,152950000,152950100,1087,1813,153300000,153300000
4,438,153300000,153300100,1087,1813,153650000,153650000
4,439,153650000,153650100,1087,1813,154000000,154000000
4,440,154000000,154000100,1087,1813,154350000,154350000
4,441,154350000,154350100,1087,1813,154700000,154700000
4,442,154700000,154700100,1087,1813,155050000,155050000
4,443,155050000,155050100,1087,1813,155400000,155400000
4,444,155400000,155400100,1087,1813,155750000,155750000
4,445,155750000,155750100,1087,1813,156100000,156100000
4,446,156100000,156100100,1087,1813,156450000,156450000
4,447,156450000,156450100,1087,1813,156800000,156800000
4,448,156800000,156800100,1087,1813,157150000,157150000
4,449,157150000,157150100,1087,1813,157500000,157500000
4,450,157500000,157500100,1087,1813,157850000,157850000
4,451,157850000,157850100,1087,1813,158200000,158200000
4,452,158200000,158200100,1087,1813,158550000,158550000
4,453,158550000,158550100,1087,1813,158900000,158900000
4,454,158900000,158900100,1087,1813,159250000,159250000
4,455,159250000,159250100,1087,1813,159600000,159600000
4,456,159600000,159600100,1087,1813,159950000,159950000
4,457,159950000,159950100,1087,1813,160300000,160300000
4,458,160300000,160300100,1087,1813,160650000,160650000
4,459,160650000,160650100,1087,1813,161000000,161000000
4,460,161000000,161000100,1087,1813,161350000,161350000
4,461,161350000,161350100,1087,1813,161700000,161700000
4,462,161700000,161700100,1087,1813,162050000,162050000
4,463,162050000,162050100,1087,1813,162400000,162400000
4,464,162400000,162400100,1087,1813,162750000,162750000
4,465,162750000,162750100,1087,1813,163100000,163100000
4,466,163100000,163100100,1087,1813,163450000,163450000
4,467,163450000,163450100,1087,1813,163800000,163800000
4,468,163800000,163800100,1087,1813,164150000,164150000
4,469,164150000,164150100,1087,1813,164500000,164500000
4,470,164500000,164500100,1087,1813,164850000,164850000
4,471,164850000,164850100,1087,1813,165200000,165200000
4,472,165200000,165200100,1087,1813,165550000,165550000
4,473,165550000,165550100,1087,1813,165900000,165900000
4,474,165900000,165900100,1087,1813,166250000,166250000
4,475,166250000,166250100,1087,1813,166600000,166600000
4,476,166600000,166600100,1087,1813,166950000,166950000
4,477,166950000,166950100,1087,1813,167300000,167300000
4,478,167300000,167300100,1087,1813,167650000,167650000
4,479,167650000,167650100,1087,1813,168000000,168000000
4,480,168000000,168000100,1087,1813,168350000,168350000
4,481,168350000,168350100,1087,1813,168700000,168700000
4,482,168700000,168700100,1087,1813,169050000,169050000
4,483,169050000,169050100,1087,1813,169400000,169400000
4,484,169400000,169400100,1087,1813,169750000,169750000
4,485,169750000,169750100,1087,1813,170100000,170100000
4,486,170100000,170100100,1087,1813,170450000,170450000
4,487,170450000,170450100,1087,1813,170800000,170800000
4,488,170800000,170800100,1087,1813,171150000,171150000
4,489,171150000,171150100,1087,1813,171500000,171500000
4,490,171500000,171500100,1087,1813,171850000,171850000
4,491,171850000,171850100,1087,1813,172200000,172200000
4,492,172200000,172200100,1087,1813,172550000,172550000
4,493,172550000,172550100,1087,1813,172900000,172900000
4,494,172900000,172900100,1087,1813,173250000,173250000
4,495,173250000,173250100,1087,1813,173600000,173600000
4,496,173600000,173600100,1087,1813,173950000,173950000
4,497,173950000,173950100,1087,1813,174300000,174300000
4,498,174300000,174300100,1087,1813,174650000,174650000
4,499,174650000,174650100,1087,1813,175000000,175000000
4,500,175000000,175000100,1087,1813,175350000,175350000
4,501,175350000,175350100,1087,1813,175700000,175700000
4,502,175700000,175700100,1087,1813,176050000,176050000
4,503,176050000,176050100,1087,1813,176400000,176400000
4,504,176400000,176400100,1087,1813,176750000,176750000
4,505,176750000,176750100,1087,1813,177100000,177100000
4,506,177100000,177100100,1087,1813,177450000,177450000
4,507,177450000,177450100,1087,1813,177800000,177800000
4,508,177800000,177800100,1087,1813,178150000,178150000
4,509,178150000,178150100,1087,1813,178500000,178500000
4,510,178500000,178500100,1087,1813,178850000,178850000
4,511,178850000,178850100,1087,1813,179200000,179200000
4,512,179200000,179200100,1087,1813,179550000,179550000
4,513,179550000,179550100,1087,1813,179900000,179900000
4,514,179900000,179900100,1087,1813,180250000,180250000
4,515,180250000,180250100,1087,1813,180600000,180600000
4,516,180600000,180600100,1087,1813,180950000,180950000
4,517,180950000,180950100,1087,1813,181300000,181300000
4,518,181300000,181300100,1087,1813,181650000,181650000
4,519,181650000,181650100,1087,1813,182000000,182000000
4,520,182000000,182000100,1087,1813,182350000,182350000
4,521,182350000,182350100,1087,1813,182700000,182700000
4,522,182700000,182700100,1087,1813,183050000,183050000
4,523,183050000,183050100,1087,1813,183400000,183400000
4,524,183400000,183400100,1087,1813,183750000,183750000
4,525,183750000,183750100,1087,1813,184100000,184100000
4,526,184100000,184100100,1087,1813,184450000,184450000
4,527,184450000,184450100,1087,1813,184800000,184800000
4,528,184800000,184800100,1087,1813,185150000,185150000
4,529,185150000,185150100,1087,1813,185500000,185500000
4,530,185500000,185500100,1087,1813,185850000,185850000
4,531,185850000,185850100,1087,1813,186200000,186200000
4,532,186200000,186200100,1087,1813,186550000,186550000
4,533,186550000,186550100,1087,1813,186900000,186900000
4,534,186900000,186900100,1087,1813,187250000,187250000
4,535,187250000,187250100,1087,1813,187600000,187600000
4,536,187600000,187600100,1087,1813,187950000,187950000
4,537,187950000,187950100,1087,1813,188300000,188300000
4,538,188300000,188300100,1087,1813,188650000,188650000
4,539,188650000,188650100,1087,1813,189000000,189000000
4,540,189000000,189000100,1087,1813,189350000,189350000
4,541,189350000,189350100,1087,1813,189700000,189700000
4,542,189700000,189700100,1087,1813,190050000,190050000
4,543,190050000,190050100,1087,1813,190400000,190400000
4,544,190400000,190400100,1087,1813,190750000,190750000
4,545,190750000,190750100,1087,1813,191100000,191100000
4,546,191100000,191100100,1087,1813,191450000,191450000
4,547,191450000,191450100,1087,1813,191800000,191800000
4,548,191800000,191800100,1087,1813,192150000,192150000
4,549,192150000,192150100,1087,1813,192500000,192500000
4,550,192500000,192500100,1087,1813,192850000,192850000
4,551,192850000,192850100,1087,1813,193200000,193200000
4,552,193200000,193200100,1087,1813,193550000,193550000
4,553,193550000,193550100,1087,1813,193900000,193900000
4,554,193900000,193900100,1087,1813,194250000,194250000
4,555,194250000,194250100,1087,1813,194600000,194600000
4,556,194600000,194600100,1087,1813,194950000,194950000
4,557,194950000,194950100,1087,1813,195300000,195300000
4,558,195300000,195300100,1087,1813,195650000,195650000
4,559,195650000,195650100,1087,1813,196000000,196000000
4,560,196000000,196000100,1087,1813,196350000,196350000
4,561,196350000,196350100,1087,1813,196700000,196700000
4,562,196700000,196700100,1087,1813,197050000,197050000
4,563,197050000,197050100,1087,1813,197400000,197400000
4,564,197400000,197400100,1087,1813,197750000,197750000
4,565,197750000,197750100,1087,1813,198100000,198100000
4,566,198100000,198100100,1087,1813,198450000,198450000
4,567,198450000,198450100,1087,1813,198800000,198800000
4,568,198800000,198800100,1087,1813,199150000,199150000
4,569,199150000,199150100,1087,1813,199500000,199500000
4,570,199500000,199500100,1087,1813,199850000,199850000
4,571,199850000,199850100,1087,1813,200200000,200200000
4,572,200200000,200200100,1087,1813,200550000,200550000
4,573,200550000,200550100,1087,1813,200900000,200900000
4,574,200900000,200900100,1087,1813,201250000,201250000
4,575,201250000,201250100,1087,1813,201600000,201600000
4,576,201600000,201600100,1087,1813,201950000,201950000
4,577,201950000,201950100,1087,1813,202300000,202300000
4,578,202300000,202300100,1087,1813,202650000,202650000
4,579,202650000,202650100,1087,1813,203000000,203000000
4,580,203000000,203000100,1087,1813,203350000,203350000
4,581,203350000,203350100,1087,1813,203700000,203700000
4,582,203700000,203700100,1087,1813,204050000,204050000
4,583,204050000,204050100,1087,1813,204400000,204400000
4,584,204400000,204400100,1087,1813,204750000,204750000
4,585,204750000,204750100,1087,1813,205100000,205100000
4,586,205100000,205100100,1087,1813,205450000,205450000
4,587,205450000,205450100,1087,1813,205800000,205800000
4,588,205800000,205800100,1087,1813,206150000,206150000
4,589,206150000,206150100,1087,1813,206500000,206500000
4,590,206500000,206500100,1087,1813,206850000,206850000
4,591,206850000,206850100,1087,1813,207200000,207200000
4,592,207200000,207200100,1087,1813,207550000,207550000
4,593,207550000,207550100,1087,1813,207900000,207900000
4,594,207900000,207900100,1087,1813,208250000,208250000
4,595,208250000,208250100,1087,1813,208600000,208600000
4,596,208600000,208600100,1087,1813,208950000,208950000
4,597,208950000,208950100,1087,1813,209300000,209300000
4,598,209300000,209300100,1087,1813,209650000,209650000
4,599,209650000,209650100,1087,1813,210000000,210000000
4,600,210000000,210000100,1087,1813,210350000,210350000
4,601,210350000,210350100,1087,1813,210700000,210700000
4,602,210700000,210700100,1087,1813,211050000,211050000
4,603,211050000,211050100,1087,1813,211400000,211400000
4,604,211400000,211400100,1087,1813,211750000,211750000
4,605,211750000,211750100,1087,1813,212100000,212100000
4,606,212100000,212100100,1087,1813,212450000,212450000
4,607,212450000,212450100,1087,1813,212800000,212800000
4,608,212800000,212800100,1087,1813,213150000,213150000
4,609,213150000,213150100,1087,1813,213500000,213500000
4,610,213500000,213500100,1087,1813,213850000,213850000
4,611,213850000,213850100,1087,1813,214200000,214200000
4,612,214200000,214200100,1087,1813,214550000,214550000
4,613,214550000,214550100,1087,1813,214900000,214900000
4,614,214900000,214900100,1087,1813,215250000,215250000
4,615,215250000,215250100,1087,1813,215600000,215600000
4,616,215600000,215600100,1087,1813,215950000,215950000
4,617,215950000,215950100,1087,1813,216300000,216300000
4,618,216300000,216300100,1087,1813,216650000,216650000
4,619,216650000,216650100,1087,1813,217000000,217000000
4,620,217000000,217000100,1087,1813,217350000,217350000
4,621,217350000,217350100,1087,1813,217700000,217700000
4,622,217700000,217700100,1087,1813,218050000,218050000
4,623,218050000,218050100,1087,1813,218400000,218400000
4,624,218400000,218400100,1087,1813,218750000,218750000
4,625,218750000,218750100,1087,1813,219100000,219100000
4,626,219100000,219100100,1087,1813,219450000,219450000
4,627,219450000,219450100,1087,1813,219800000,219800000
4,628,219800000,219800100,1087,1813,220150000,220150000
4,629,220150000,220150100,1087,1813,220500000,220500000
4,630,220500000,220500100,1087,1813,220850000,220850000
4,631,220850000,220850100,1087,1813,221200000,221200000
4,632,221200000,221200100,1087,1813,221550000,221550000
4,633,221550000,221550100,1087,1813,221900000,221900000
4,634,221900000,221900100,1087,1813,222250000,222250000
4,635,222250000,222250100,1087,1813,222600000,222600000
4,636,222600000,222600100,1087,1813,222950000,222950000
4,637,222950000,222950100,1087,1813,223300000,223300000
4,638,223300000,223300100,1087,1813,223650000,223650000
4,639,223650000,223650100,1087,1813,224000000,224000000
4,640,224000000,224000100,1087,1813,224350000,224350000
4,641,224350000,224350100,1087,1813,224700000,224700000
4,642,224700000,224700100,1087,1813,225050000,225050000
4,643,225050000,225050100,1087,1813,225400000,225400000
4,644,225400000,225400100,1087,1813,225750000,225750000
4,645,225750000,225750100,1087,1813,226100000,226100000
4,646,226100000,226100100,1087,1813,226450000,226450000
4,647,226450000,226450100,1087,1813,226800000,226800000
4,648,226800000,226800100,1087,1813,227150000,227150000
4,649,227150000,227150100,1087,1813,227500000,227500000
4,650,227500000,227500100,1087,1813,227850000,227850000
4,651,227850000,227850100,1087,1813,228200000,228200000
4,652,228200000,228200100,1087,1813,228550000,228550000
4,653,228550000,228550100,1087,1813,228900000,228900000
4,654,228900000,228900100,1087,1813,229250000,229250000
4,655,229250000,229250100,1087,1813,229600000,229600000
4,656,229600000,229600100,1087,1813,229950000,229950000
4,657,229950000,229950100,1087,1813,230300000,230300000
4,658,230300000,230300100,1087,1813,230650000,230650000
4,659,230650000,230650100,1087,1813,231000000,231000000
4,660,231000000,231000100,1087,1813,231350000,231350000
4,661,231350000,231350100,1087,1813,231700000,231700000
4,662,231700000,231700100,1087,1813,232050000,232050000
4,663,232050000,232050100,1087,1813,232400000,232400000
4,664,232400000,232400100,1087,1813,232750000,232750000
4,665,232750000,232750100,1087,1813,233100000,233100000
4,666,233100000,233100100,1087,1813,233450000,233450000
4,667,233450000,233450100,1087,1813,233800000,233800000
4,668,233800000,233800100,1087,1813,234150000,234150000
4,669,234150000,234150100,1087,1813,234500000,234500000
4,670,234500000,234500100,1087,1813,234850000,234850000
4,671,234850000,234850100,1087,1813,235200000,235200000
4,672,235200000,235200100,1087,1813,235550000,235550000
4,673,235550000,235550100,1087,1813,235900000,235900000
4,674,235900000,235900100,1087,1813,236250000,236250000
4,675,236250000,236250100,1087,1813,236600000,236600000
4,676,236600000,236600100,1087,1813,236950000,236950000
4,677,236950000,236950100,1087,1813,237300000,237300000
4,678,237300000,237300100,1087,1813,237650000,237650000
4,679,237650000,237650100,1087,1813,238000000,238000000
4,680,238000000,238000100,1087,1813,238350000,238350000
4,681,238350000,238350100,1087,1813,238700000,238700000
4,682,238700000,238700100,1087,1813,239050000,239050000
4,683,239050000,239050100,1087,1813,239400000,239400000
4,684,239400000,239400100,1087,1813,239750000,239750000
4,685,239750000,239750100,1087,1813,240100000,240100000
4,686,240100000,240100100,1087,1813,240450000,240450000
4,687,240450000,240450100,1087,1813,240800000,240800000
4,688,240800000,240800100,1087,1813,241150000,241150000
4,689,241150000,241150100,1087,1813,241500000,241500000
4,690,241500000,241500100,1087,1813,241850000,241850000
4,691,241850000,241850100,1087,1813,242200000,242200000
4,692,242200000,242200100,1087,1813,242550000,242550000
4,693,242550000,242550100,1087,1813,242900000,242900000
4,694,242900000,242900100,1087,1813,243250000,243250000
4,695,243250000,243250100,1087,1813,243600000,243600000
4,696,243600000,243600100,1087,1813,243950000,243950000
4,697,243950000,243950100,1087,1813,244300000,244300000
4,698,244300000,244300100,1087,1813,244650000,244650000
4,699,244650000,244650100,1087,1813,245000000,245000000
4,700,245000000,245000100,1087,1813,245350000,245350000
4,701,245350000,245350100,1087,1813,245700000,245700000
4,702,245700000,245700100,1087,1813,246050000,246050000
4,703,246050000,246050100,1087,1813,246400000,246400000
4,704,246400000,246400100,1087,1813,246750000,246750000
4,705,246750000,246750100,1087,1813,247100000,247100000
4,706,247100000,247100100,1087,1813,247450000,247450000
4,707,247450000,247450100,1087,1813,247800000,247800000
4,708,247800000,247800100,1087,1813,248150000,248150000
4,709,248150000,248150100,1087,1813,248500000,248500000
4,710,248500000,248500100,1087,1813,248850000,248850000
4,711,248850000,248850100,1087,1813,249200000,249200000
4,712,249200000,249200100,1087,1813,249550000,249550000
4,713,249550000,249550100,1087,1813,249900000,249900000
4,714,249900000,249900100,1087,1813,250250000,250250000
4,715,250250000,250250100,1087,1813,250600000,250600000
4,716,250600000,250600100,1087,1813,250950000,250950000
4,717,250950000,250950100,1087,1813,251300000,251300000
4,718,251300000,251300100,1087,1813,251650000,251650000
4,719,251650000,251650100,1087,1813,252000000,252000000
4,720,252000000,252000100,1087,1813,252350000,252350000
4,721,252350000,252350100,1087,1813,252700000,252700000
4,722,252700000,252700100,1087,1813,253050000,253050000
4,723,253050000,253050100,1087,1813,253400000,253400000
4,724,253400000,253400100,1087,1813,253750000,253750000
4,725,253750000,253750100,1087,1813,254100000,254100000
4,726,254100000,254100100,1087,1813,254450000,254450000
4,727,254450000,254450100,1087,1813,254800000,254800000
4,728,254800000,254800100,1087,1813,255150000,255150000
4,729,255150000,255150100,1087,1813,255500000,255500000
4,730,255500000,255500100,1087,1813,255850000,255850000
4,731,255850000,255850100,1087,1813,256200000,256200000
4,732,256200000,256200100,1087,1813,256550000,256550000
4,733,256550000,256550100,1087,1813,256900000,256900000
4,734,256900000,256900100,1087,1813,257250000,257250000
4,735,257250000,257250100,1087,1813,257600000,257600000
4,736,257600000,257600100,1087,1813,257950000,257950000
4,737,257950000,257950100,1087,1813,258300000,258300000
4,738,258300000,258300100,1087,1813,258650000,258650000
4,739,258650000,258650100,1087,1813,259000000,259000000
4,740,259000000,259000100,1087,1813,259350000,259350000
4,741,259350000,259350100,1087,1813,259700000,259700000
4,742,259700000,259700100,1087,1813,260050000,260050000
4,743,260050000,260050100,1087,1813,260400000,260400000
4,744,260400000,260400100,1087,1813,260750000,260750000
4,745,260750000,260750100,1087,1813,261100000,261100000
4,746,261100000,261100100,1087,1813,261450000,261450000
4,747,261450000,261450100,1087,1813,261800000,261800000
4,748,261800000,261800100,1087,1813,262150000,262150000
4,749,262150000,262150100,1087,1813,262500000,262500000
4,750,262500000,262500100,1087,1813,262850000,262850000
4,751,262850000,262850100,1087,1813,263200000,263200000
4,752,263200000,263200100,1087,1813,263550000,263550000
4,753,263550000,263550100,1087,1813,263900000,263900000
4,754,263900000,263900100,1087,1813,264250000,264250000
4,755,264250000,264250100,1087,1813,264600000,264600000
4,756,264600000,264600100,1087,1813,264950000,264950000
4,757,264950000,264950100,1087,1813,265300000,265300000
4,758,265300000,265300100,1087,1813,265650000,265650000
4,759,265650000,265650100,1087,1813,266000000,266000000
4,760,266000000,266000100,1087,1813,266350000,266350000
4,761,266350000,266350100,1087,1813,266700000,266700000
4,762,266700000,266700100,1087,1813,267050000,267050000
4,763,267050000,267050100,1087,1813,267400000,267400000
4,764,267400000,267400100,1087,1813,267750000,267750000
4,765,267750000,267750100,1087,1813,268100000,268100000
4,766,268100000,268100100,1087,1813,268450000,268450000
4,767,268450000,268450100,1087,1813,268800000,268800000
4,768,268800000,268800100,1087,1813,269150000,269150000
4,769,269150000,269150100,1087,1813,269500000,269500000
4,770,269500000,269500100,1087,1813,269850000,269850000
4,771,269850000,269850100,1087,1813,270200000,270200000
4,772,270200000,270200100,1087,1813,270550000,270550000
4,773,270550000,270550100,1087,1813,270900000,270900000
4,774,270900000,270900100,1087,1813,271250000,271250000
4,775,271250000,271250100,1087,1813,271600000,271600000
4,776,271600000,271600100,1087,1813,271950000,271950000
4,777,271950000,271950100,1087,1813,272300000,272300000
4,778,272300000,272300100,1087,1813,272650000,272650000
4,779,272650000,272650100,1087,1813,273000000,273000000
4,780,273000000,273000100,1087,1813,273350000,273350000
4,781,273350000,273350100,1087,1813,273700000,273700000
4,782,273700000,273700100,1087,1813,274050000,274050000
4,783,274050000,274050100,1087,1813,274400000,274400000
4,784,274400000,274400100,1087,1813,274750000,274750000
4,785,274750000,274750100,1087,1813,275100000,275100000
4,786,275100000,275100100,1087,1813,275450000,275450000
4,787,275450000,275450100,1087,1813,275800000,275800000
4,788,275800000,275800100,1087,1813,276150000,276150000
4,789,276150000,276150100,1087,1813,276500000,276500000
4,790,276500000,276500100,1087,1813,276850000,276850000
4,791,276850000,276850100,1087,1813,277200000,277200000
4,792,277200000,277200100,1087,1813,277550000,277550000
4,793,277550000,277550100,1087,1813,277900000,277900000
4,794,277900000,277900100,1087,1813,278250000,278250000
4,795,278250000,278250100,1087,1813,278600000,278600000
4,796,278600000,278600100,1087,1813,278950000,278950000
4,797,278950000,278950100,1087,1813,279300000,279300000
4,798,279300000,279300100,1087,1813,279650000,279650000
4,799,279650000,279650100,1087,1813,280000000,280000000
4,800,280000000,280000100,1087,1813,280350000,280350000
4,801,280350000,280350100,1087,1813,280700000,280700000
4,802,280700000,280700100,1087,1813,281050000,281050000
4,803,281050000,281050100,1087,1813,281400000,281400000
4,804,281400000,281400100,1087,1813,281750000,281750000
4,805,281750000,281750100,1087,1813,282100000,282100000
4,806,282100000,282100100,1087,1813,282450000,282450000
4,807,282450000,282450100,1087,1813,282800000,282800000
4,808,282800000,282800100,1087,1813,283150000,283150000
4,809,283150000,283150100,1087,1813,283500000,283500000
4,810,283500000,283500100,1087,1813,283850000,283850000
4,811,283850000,283850100,1087,1813,284200000,284200000
4,812,284200000,284200100,1087,1813,284550000,284550000
4,813,284550000,284550100,1087,1813,284900000,284900000
4,814,284900000,284900100,1087,1813,285250000,285250000
4,815,285250000,285250100,1087,1813,285600000,285600000
4,816,285600000,285600100,1087,1813,285950000,285950000
4,817,285950000,285950100,1087,1813,286300000,286300000
4,818,286300000,286300100,1087,1813,286650000,286650000
4,819,286650000,286650100,1087,1813,287000000,287000000
4,820,287000000,287000100,1087,1813,287350000,287350000
4,821,287350000,287350100,1087,1813,287700000,287700000
4,822,287700000,287700100,1087,1813,288050000,288050000
4,823,288050000,288050100,1087,1813,288400000,288400000
4,824,288400000,288400100,1087,1813,288750000,288750000
4,825,288750000,288750100,1087,1813,289100000,289100000
4,826,289100000,289100100,1087,1813,289450000,289450000
4,827,289450000,289450100,1087,1813,289800000,289800000
4,828,289800000,289800100,1087,1813,290150000,290150000
4,829,290150000,290150100,1087,1813,290500000,290500000
4,830,290500000,290500100,1087,1813,290850000,290850000
4,831,290850000,290850100,1087,1813,291200000,291200000
4,832,291200000,291200100,1087,1813,291550000,291550000
4,833,291550000,291550100,1087,1813,291900000,291900000
4,834,291900000,291900100,1087,1813,292250000,292250000
4,835,292250000,292250100,1087,1813,292600000,292600000
4,836,292600000,292600100,1087,1813,292950000,292950000
4,837,292950000,292950100,1087,1813,293300000,293300000
4,838,293300000,293300100,1087,1813,293650000,293650000
4,839,293650000,293650100,1087,1813,294000000,294000000
4,840,294000000,294000100,1087,1813,294350000,294350000
4,841,294350000,294350100,1087,1813,294700000,294700000
4,842,294700000,294700100,1087,1813,295050000,295050000
4,843,295050000,295050100,1087,1813,295400000,295400000
4,844,295400000,295400100,1087,1813,295750000,295750000
4,845,295750000,295750100,1087,1813,296100000,296100000
4,846,296100000,296100100,1087,1813,296450000,296450000
4,847,296450000,296450100,1087,1813,296800000,296800000
4,848,296800000,296800100,1087,1813,297150000,297150000
4,849,297150000,297150100,1087,1813,297500000,297500000
4,850,297500000,297500100,1087,1813,297850000,297850000
4,851,297850000,297850100,1087,1813,298200000,298200000
4,852,298200000,298200100,1087,1813,298550000,298550000
4,853,298550000,298550100,1087,1813,298900000,298900000
4,854,298900000,298900100,1087,1813,299250000,299250000
4,855,299250000,299250100,1087,1813,299600000,299600000
4,856,299600000,299600100,1087,1813,299950000,299950000
4,857,299950000,299950100,1087,1813,300300000,300300000
4,858,300300000,300300100,1087,1813,300650000,300650000
4,859,300650000,300650100,1087,1813,301000000,301000000
4,860,301000000,301000100,1087,1813,301350000,301350000
4,861,301350000,301350100,1087,1813,301700000,301700000
4,862,301700000,301700100,1087,1813,302050000,302050000
4,863,302050000,302050100,1087,1813,302400000,302400000
4,864,302400000,302400100,1087,1813,302750000,302750000
4,865,302750000,302750100,1087,1813,303100000,303100000
4,866,303100000,303100100,1087,1813,303450000,303450000
4,867,303450000,303450100,1087,1813,303800000,303800000
4,868,303800000,303800100,1087,1813,304150000,304150000
4,869,304150000,304150100,1087,1813,304500000,304500000
4,870,304500000,304500100,1087,1813,304850000,304850000
4,871,304850000,304850100,1087,1813,305200000,305200000
4,872,305200000,305200100,1087,1813,305550000,305550000
4,873,305550000,305550100,1087,1813,305900000,305900000
4,874,305900000,305900100,1087,1813,306250000,306250000
4,875,306250000,306250100,1087,1813,306600000,306600000
4,876,306600000,306600100,1087,1813,306950000,306950000
4,877,306950000,306950100,1087,1813,307300000,307300000
4,878,307300000,307300100,1087,1813,307650000,307650000
4,879,307650000,307650100,1087,1813,308000000,308000000
4,880,308000000,308000100,1087,1813,308350000,308350000
4,881,308350000,308350100,1087,1813,308700000,308700000
4,882,308700000,308700100,1087,1813,309050000,309050000
4,883,309050000,309050100,1087,1813,309400000,309400000
4,884,309400000,309400100,1087,1813,309750000,309750000
4,885,309750000,309750100,1087,1813,310100000,310100000
4,886,310100000,310100100,1087,1813,310450000,310450000
4,887,310450000,310450100,1087,1813,310800000,310800000
4,888,310800000,310800100,1087,1813,311150000,311150000
4,889,311150000,311150100,1087,1813,311500000,311500000
4,890,311500000,311500100,1087,1813,311850000,311850000
4,891,311850000,311850100,1087,1813,312200000,312200000
4,892,312200000,312200100,1087,1813,312550000,312550000
4,893,312550000,312550100,1087,1813,312900000,312900000
4,894,312900000,312900100,1087,1813,313250000,313250000
4,895,313250000,313250100,1087,1813,313600000,313600000
4,896,313600000,313600100,1087,1813,313950000,313950000
4,897,313950000,313950100,1087,1813,314300000,314300000
4,898,314300000,314300100,1087,1813,314650000,314650000
4,899,314650000,314650100,1087,1813,315000000,315000000
4,900,315000000,315000100,1087,1813,315350000,315350000
4,901,315350000,315350100,1087,1813,315700000,315700000
4,902,315700000,315700100,1087,1813,316050000,316050000
4,903,316050000,316050100,1087,1813,316400000,316400000
4,904,316400000,316400100,1087,1813,316750000,316750000
4,905,316750000,316750100,1087,1813,317100000,317100000
4,906,317100000,317100100,1087,1813,317450000,317450000
4,907,317450000,317450100,1087,1813,317800000,317800000
4,908,317800000,317800100,1087,1813,318150000,318150000
4,909,318150000,318150100,1087,1813,318500000,318500000
4,910,318500000,318500100,1087,1813,318850000,318850000
4,911,318850000,318850100,1087,1813,319200000,319200000
4,912,319200000,319200100,1087,1813,319550000,319550000
4,913,319550000,319550100,1087,1813,319900000,319900000
4,914,319900000,319900100,1087,1813,320250000,320250000
4,915,320250000,320250100,1087,1813,320600000,320600000
4,916,320600000,320600100,1087,1813,320950000,320950000
4,917,320950000,320950100,1087,1813,321300000,321300000
4,918,321300000,321300100,1087,1813,321650000,321650000
4,919,321650000,321650100,1087,1813,322000000,322000000
4,920,322000000,322000100,1087,1813,322350000,322350000
4,921,322350000,322350100,1087,1813,322700000,322700000
4,922,322700000,322700100,1087,1813,323050000,323050000
4,923,323050000,323050100,1087,1813,323400000,323400000
4,924,323400000,323400100,1087,1813,323750000,323750000
4,925,323750000,323750100,1087,1813,324100000,324100000
4,926,324100000,324100100,1087,1813,324450000,324450000
4,927,324450000,324450100,1087,1813,324800000,324800000
4,928,324800000,324800100,1087,1813,325150000,325150000
4,929,325150000,325150100,1087,1813,325500000,325500000
4,930,325500000,325500100,1087,1813,325850000,325850000
4,931,325850000,325850100,1087,1813,326200000,326200000
4,932,326200000,326200100,1087,1813,326550000,326550000
4,933,326550000,326550100,1087,1813,326900000,326900000
4,934,326900000,326900100,1087,1813,327250000,327250000
4,935,327250000,327250100,1087,1813,327600000,327600000
4,936,327600000,327600100,1087,1813,327950000,327950000
4,937,327950000,327950100,1087,1813,328300000,328300000
4,938,328300000,328300100,1087,1813,328650000,328650000
4,939,328650000,328650100,1087,1813,329000000,329000000
4,940,329000000,329000100,1087,1813,329350000,329350000
4,941,329350000,329350100,1087,1813,329700000,329700000
4,942,329700000,329700100,1087,1813,330050000,330050000
4,943,330050000,330050100,1087,1813,330400000,330400000
4,944,330400000,330400100,1087,1813,330750000,330750000
4,945,330750000,330750100,1087,1813,331100000,331100000
4,946,331100000,331100100,1087,1813,331450000,331450000
4,947,331450000,331450100,1087,1813,331800000,331800000
4,948,331800000,331800100,1087,1813,332150000,332150000
4,949,332150000,332150100,1087,1813,332500000,332500000
4,950,332500000,332500100,1087,1813,332850000,332850000
4,951,332850000,332850100,1087,1813,333200000,333200000
4,952,333200000,333200100,1087,1813,333550000,333550000
4,953,333550000,333550100,1087,1813,333900000,333900000
4,954,333900000,333900100,1087,1813,334250000,334250000
4,955,334250000,334250100,1087,1813,334600000,334600000
4,956,334600000,334600100,1087,1813,334950000,334950000
4,957,334950000,334950100,1087,1813,335300000,335300000
4,958,335300000,335300100,1087,1813,335650000,335650000
4,959,335650000,335650100,1087,1813,336000000,336000000
4,960,336000000,336000100,1087,1813,336350000,336350000
4,961,336350000,336350100,1087,1813,336700000,336700000
4,962,336700000,336700100,1087,1813,337050000,337050000
4,963,337050000,337050100,1087,1813,337400000,337400000
4,964,337400000,337400100,1087,1813,337750000,337750000
4,965,337750000,337750100,1087,1813,338100000,338100000
4,966,338100000,338100100,1087,1813,338450000,338450000
4,967,338450000,338450100,1087,1813,338800000,338800000
4,968,338800000,338800100,1087,1813,339150000,339150000
4,969,339150000,339150100,1087,1813,339500000,339500000
4,970,339500000,339500100,1087,1813,339850000,339850000
4,971,339850000,339850100,1087,1813,340200000,340200000
4,972,340200000,340200100,1087,1813,340550000,340550000
4,973,340550000,340550100,1087,1813,340900000,340900000
4,974,340900000,340900100,1087,1813,341250000,341250000
4,975,341250000,341250100,1087,1813,341600000,341600000
4,976,341600000,341600100,1087,1813,341950000,341950000
4,977,341950000,341950100,1087,1813,342300000,342300000
4,978,342300000,342300100,1087,1813,342650000,342650000
4,979,342650000,342650100,1087,1813,343000000,343000000
4,980,343000000,343000100,1087,1813,343350000,343350000
4,981,343350000,343350100,1087,1813,343700000,343700000
4,982,343700000,343700100,1087,1813,344050000,344050000
4,983,344050000,344050100,1087,1813,344400000,344400000
4,984,344400000,344400100,1087,1813,344750000,344750000
4,985,344750000,344750100,1087,1813,345100000,345100000
4,986,345100000,345100100,1087,1813,345450000,345450000
4,987,345450000,345450100,1087,1813,345800000,345800000
4,988,345800000,345800100,1087,1813,346150000,346150000
4,989,346150000,346150100,1087,1813,346500000,346500000
4,990,346500000,346500100,1087,1813,346850000,346850000
4,991,346850000,346850100,1087,1813,347200000,347200000
4,992,347200000,347200100,1087,1813,347550000,347550000
4,993,347550000,347550100,1087,1813,347900000,347900000
4,994,347900000,347900100,1087,1813,348250000,348250000
4,995,348250000,348250100,1087,1813,348600000,348600000
4,996,348600000,348600100,1087,1813,348950000,348950000
4,997,348950000,348950100,1087,1813,349300000,349300000
4,998,349300000,349300100,1087,1813,349650000,349650000
4,999,349650000,349650100,1087,1813,350000000,350000000
4,1000,350000000,350000100,1087,1813,350350000,350350000
4,1001,350350000,350350100,1087,1813,350700000,350700000
4,1002,350700000,350700100,1087,1813,351050000,351050000
4,1003,351050000,351050100,1087,1813,351400000,351400000
4,1004,351400000,351400100,1087,1813,351750000,351750000
4,1005,351750000,351750100,1087,1813,352100000,352100000
4,1006,352100000,352100100,1087,1813,352450000,352450000
4,1007,352450000,352450100,1087,1813,352800000,352800000
4,1008,352800000,352800100,1087,1813,353150000,353150000
4,1009,353150000,353150100,1087,1813,353500000,353500000
4,1010,353500000,353500100,1087,1813,353850000,353850000
4,1011,353850000,353850100,1087,1813,354200000,354200000
4,1012,354200000,354200100,1087,1813,354550000,354550000
4,1013,354550000,354550100,1087,1813,354900000,354900000
4,1014,354900000,354900100,1087,1813,355250000,355250000
4,1015,355250000,355250100,1087,1813,355600000,355600000
4,1016,355600000,355600100,1087,1813,355950000,355950000
4,1017,355950000,355950100,1087,1813,356300000,356300000
4,1018,356300000,356300100,1087,1813,356650000,356650000
4,1019,356650000,356650100,1087,1813,357000000,357000000
4,1020,357000000,357000100,1087,1813,357350000,357350000
4,1021,357350000,357350100,1087,1813,357700000,357700000
4,1022,357700000,357700100,1087,1813,358050000,358050000
4,1023,358050000,358050100,1087,1813,358400000,358400000
4,1024,358400000,358400100,1087,1813,358750000,358750000
4,1025,358750000,358750100,1087,1813,359100000,359100000
4,1026,359100000,359100100,1087,1813,359450000,359450000
4,1027,359450000,359450100,1087,1813,359800000,359800000
4,1028,359800000,359800100,1087,1813,360150000,360150000
4,1029,360150000,360150100,1087,1813,360500000,360500000
4,1030,360500000,360500100,1087,1813,360850000,360850000
4,1031,360850000,360850100,1087,1813,361200000,361200000
4,1032,361200000,361200100,1087,1813,361550000,361550000
4,1033,361550000,361550100,1087,1813,361900000,361900000
4,1034,361900000,361900100,1087,1813,362250000,362250000
4,1035,362250000,362250100,1087,1813,362600000,362600000
4,1036,362600000,362600100,1087,1813,362950000,362950000
4,1037,362950000,362950100,1087,1813,363300000,363300000
4,1038,363300000,363300100,1087,1813,363650000,363650000
4,1039,363650000,363650100,1087,1813,364000000,364000000
4,1040,364000000,364000100,1087,1813,364350000,364350000
4,1041,364350000,364350100,1087,1813,364700000,364700000
4,1042,364700000,364700100,1087,1813,365050000,365050000
4,1043,365050000,365050100,1087,1813,365400000,365400000
4,1044,365400000,365400100,1087,1813,365750000,365750000
4,1045,365750000,365750100,1087,1813,366100000,366100000
4,1046,366100000,366100100,1087,1813,366450000,366450000
4,1047,366450000,366450100,1087,1813,366800000,366800000
4,1048,366800000,366800100,1087,1813,367150000,367150000
4,1049,367150000,367150100,1087,1813,367500000,367500000
4,1050,367500000,367500100,1087,1813,367850000,367850000
4,1051,367850000,367850100,1087,1813,368200000,368200000
4,1052,368200000,368200100,1087,1813,368550000,368550000
4,1053,368550000,368550100,1087,1813,368900000,368900000
4,1054,368900000,368900100,1087,1813,369250000,369250000
4,1055,369250000,369250100,1087,1813,369600000,369600000
4,1056,369600000,369600100,1087,1813,369950000,369950000
4,1057,369950000,369950100,1087,1813,370300000,370300000
4,1058,370300000,370300100,1087,1813,370650000,370650000
4,1059,370650000,370650100,1087,1813,371000000,371000000
4,1060,371000000,371000100,1087,1813,371350000,371350000
4,1061,371350000,371350100,1087,1813,371700000,371700000
4,1062,371700000,371700100,1087,1813,372050000,372050000
4,1063,372050000,372050100,1087,1813,372400000,372400000
4,1064,372400000,372400100,1087,1813,372750000,372750000
4,1065,372750000,372750100,1087,1813,373100000,373100000
4,1066,373100000,373100100,1087,1813,373450000,373450000
4,1067,373450000,373450100,1087,1813,373800000,373800000
4,1068,373800000,373800100,1087,1813,374150000,374150000
4,1069,374150000,374150100,1087,1813,374500000,374500000
4,1070,374500000,374500100,1087,1813,374850000,374850000
4,1071,374850000,374850100,1087,1813,375200000,375200000
4,1072,375200000,375200100,1087,1813,375550000,375550000
4,1073,375550000,375550100,1087,1813,375900000,375900000
4,1074,375900000,375900100,1087,1813,376250000,376250000
4,1075,376250000,376250100,1087,1813,376600000,376600000
4,1076,376600000,376600100,1087,1813,376950000,376950000
4,1077,376950000,376950100,1087,1813,377300000,377300000
4,1078,377300000,377300100,1087,1813,377650000,377650000
4,1079,377650000,377650100,1087,1813,378000000,378000000
4,1080,378000000,378000100,1087,1813,378350000,378350000
4,1081,378350000,378350100,1087,1813,378700000,378700000
4,1082,378700000,378700100,1087,1813,379050000,379050000
4,1083,379050000,379050100,1087,1813,379400000,379400000
4,1084,379400000,379400100,1087,1813,379750000,379750000
4,1085,379750000,379750100,1087,1813,380100000,380100000
4,1086,380100000,380100100,1087,1813,380450000,380450000
4,1087,380450000,380450100,1087,1813,380800000,380800000
4,1088,380800000,380800100,1087,1813,381150000,381150000
4,1089,381150000,381150100,1087,1813,381500000,381500000
4,1090,381500000,381500100,1087,1813,381850000,381850000
4,1091,381850000,381850100,1087,1813,382200000,382200000
4,1092,382200000,382200100,1087,1813,382550000,382550000
4,1093,382550000,382550100,1087,1813,382900000,382900000
4,1094,382900000,382900100,1087,1813,383250000,383250000
4,1095,383250000,383250100,1087,1813,383600000,383600000
4,1096,383600000,383600100,1087,1813,383950000,383950000
4,1097,383950000,383950100,1087,1813,384300000,384300000
4,1098,384300000,384300100,1087,1813,384650000,384650000
4,1099,384650000,384650100,1087,1813,385000000,385000000
4,1100,385000000,385000100,1087,1813,385350000,385350000
4,1101,385350000,385350100,1087,1813,385700000,385700000
4,1102,385700000,385700100,1087,1813,386050000,386050000
4,1103,386050000,386050100,1087,1813,386400000,386400000
4,1104,386400000,386400100,1087,1813,386750000,386750000
4,1105,386750000,386750100,1087,1813,387100000,387100000
4,1106,387100000,387100100,1087,1813,387450000,387450000
4,1107,387450000,387450100,1087,1813,387800000,387800000
4,1108,387800000,387800100,1087,1813,388150000,388150000
4,1109,388150000,388150100,1087,1813,388500000,388500000
4,1110,388500000,388500100,1087,1813,388850000,388850000
4,1111,388850000,388850100,1087,1813,389200000,389200000
4,1112,389200000,389200100,1087,1813,389550000,389550000
4,1113,389550000,389550100,1087,1813,389900000,389900000
4,1114,389900000,389900100,1087,1813,390250000,390250000
4,1115,390250000,390250100,1087,1813,390600000,390600000
4,1116,390600000,390600100,1087,1813,390950000,390950000
4,1117,390950000,390950100,1087,1813,391300000,391300000
4,1118,391300000,391300100,1087,1813,391650000,391650000
4,1119,391650000,391650100,1087,1813,392000000,392000000
4,1120,392000000,392000100,1087,1813,392350000,392350000
4,1121,392350000,392350100,1087,1813,392700000,392700000
4,1122,392700000,392700100,1087,1813,393050000,393050000
4,1123,393050000,393050100,1087,1813,393400000,393400000
4,1124,393400000,393400100,1087,1813,393750000,393750000
4,1125,393750000,393750100,1087,1813,394100000,394100000
4,1126,394100000,394100100,1087,1813,394450000,394450000
4,1127,394450000,394450100,1087,1813,394800000,394800000
4,1128,394800000,394800100,1087,1813,395150000,395150000
4,1129,395150000,395150100,1087,1813,395500000,395500000
4,1130,395500000,395500100,1087,1813,395850000,395850000
4,1131,395850000,395850100,1087,1813,396200000,396200000
4,1132,396200000,396200100,1087,1813,396550000,396550000
4,1133,396550000,396550100,1087,1813,396900000,396900000
4,1134,396900000,396900100,1087,1813,397250000,397250000
4,1135,397250000,397250100,1087,1813,397600000,397600000
4,1136,397600000,397600100,1087,1813,397950000,397950000
4,1137,397950000,397950100,1087,1813,398300000,398300000
4,1138,398300000,398300100,1087,1813,398650000,398650000
4,1139,398650000,398650100,1087,1813,399000000,399000000
4,1140,399000000,399000100,1087,1813,399350000,399350000
4,1141,399350000,399350100,1087,1813,399700000,399700000
4,1142,399700000,399700100,1087,1813,400050000,400050000
4,1143,400050000,400050100,1087,1813,400400000,400400000
4,1144,400400000,400400100,1087,1813,400750000,400750000
4,1145,400750000,400750100,1087,1813,401100000,401100000
4,1146,401100000,401100100,1087,1813,401450000,401450000
4,1147,401450000,401450100,1087,1813,401800000,401800000
4,1148,401800000,401800100,1087,1813,402150000,402150000
4,1149,402150000,402150100,1087,1813,402500000,402500000
4,1150,402500000,402500100,1087,1813,402850000,402850000
4,1151,402850000,402850100,1087,1813,403200000,403200000
4,1152,403200000,403200100,1087,1813,403550000,403550000
4,1153,403550000,403550100,1087,1813,403900000,403900000
4,1154,403900000,403900100,1087,1813,404250000,404250000
4,1155,404250000,404250100,1087,1813,404600000,404600000
4,1156,404600000,404600100,1087,1813,404950000,404950000
4,1157,404950000,404950100,1087,1813,405300000,405300000
4,1158,405300000,405300100,1087,1813,405650000,405650000
4,1159,405650000,405650100,1087,1813,406000000,406000000
4,1160,406000000,406000100,1087,1813,406350000,406350000
4,1161,406350000,406350100,1087,1813,406700000,406700000
4,1162,406700000,406700100,1087,1813,407050000,407050000
4,1163,407050000,407050100,1087,1813,407400000,407400000
4,1164,407400000,407400100,1087,1813,407750000,407750000
4,1165,407750000,407750100,1087,1813,408100000,408100000
4,1166,408100000,408100100,1087,1813,408450000,408450000
4,1167,408450000,408450100,1087,1813,408800000,408800000
4,1168,408800000,408800100,1087,1813,409150000,409150000
4,1169,409150000,409150100,1087,1813,409500000,409500000
4,1170,409500000,409500100,1087,1813,409850000,409850000
4,1171,409850000,409850100,1087,1813,410200000,410200000
4,1172,410200000,410200100,1087,1813,410550000,410550000
4,1173,410550000,410550100,1087,1813,410900000,410900000
4,1174,410900000,410900100,1087,1813,411250000,411250000
4,1175,411250000,411250100,1087,1813,411600000,411600000
4,1176,411600000,411600100,1087,1813,411950000,411950000
4,1177,411950000,411950100,1087,1813,412300000,412300000
4,1178,412300000,412300100,1087,1813,412650000,412650000
4,1179,412650000,412650100,1087,1813,413000000,413000000
4,1180,413000000,413000100,1087,1813,413350000,413350000
4,1181,413350000,413350100,1087,1813,413700000,413700000
4,1182,413700000,413700100,1087,1813,414050000,414050000
4,1183,414050000,414050100,1087,1813,414400000,414400000
4,1184,414400000,414400100,1087,1813,414750000,414750000
4,1185,414750000,414750100,1087,1813,415100000,415100000
4,1186,415100000,415100100,1087,1813,415450000,415450000
4,1187,415450000,415450100,1087,1813,415800000,415800000
4,1188,415800000,415800100,1087,1813,416150000,416150000
4,1189,416150000,416150100,1087,1813,416500000,416500000
4,1190,416500000,416500100,1087,1813,416850000,416850000
4,1191,416850000,416850100,1087,1813,417200000,417200000
4,1192,417200000,417200100,1087,1813,417550000,417550000
4,1193,417550000,417550100,1087,1813,417900000,417900000
4,1194,417900000,417900100,1087,1813,418250000,418250000
4,1195,418250000,418250100,1087,1813,418600000,418600000
4,1196,418600000,418600100,1087,1813,418950000,418950000
4,1197,418950000,418950100,1087,1813,419300000,419300000
4,1198,419300000,419300100,1087,1813,419650000,419650000
4,1199,419650000,419650100,1087,1813,420000000,420000000
4,1200,420000000,420000100,1087,1813,420350000,420350000
4,1201,420350000,420350100,1087,1813,420700000,420700000
4,1202,420700000,420700100,1087,1813,421050000,421050000
4,1203,421050000,421050100,1087,1813,421400000,421400000
4,1204,421400000,421400100,1087,1813,421750000,421750000
4,1205,421750000,421750100,1087,1813,422100000,422100000
4,1206,422100000,422100100,1087,1813,422450000,422450000
4,1207,422450000,422450100,1087,1813,422800000,422800000
4,1208,422800000,422800100,1087,1813,423150000,423150000
4,1209,423150000,423150100,1087,1813,423500000,423500000
4,1210,423500000,423500100,1087,1813,423850000,423850000
4,1211,423850000,423850100,1087,1813,424200000,424200000
4,1212,424200000,424200100,1087,1813,424550000,424550000
4,1213,424550000,424550100,1087,1813,424900000,424900000
4,1214,424900000,424900100,1087,1813,425250000,425250000
4,1215,425250000,425250100,1087,1813,425600000,425600000
4,1216,425600000,425600100,1087,1813,425950000,425950000
4,1217,425950000,425950100,1087,1813,426300000,426300000
4,1218,426300000,426300100,1087,1813,426650000,426650000
4,1219,426650000,426650100,1087,1813,427000000,427000000
4,1220,427000000,427000100,1087,1813,427350000,427350000
4,1221,427350000,427350100,1087,1813,427700000,427700000
4,1222,427700000,427700100,1087,1813,428050000,428050000
4,1223,428050000,428050100,1087,1813,428400000,428400000
4,1224,428400000,428400100,1087,1813,428750000,428750000
4,1225,428750000,428750100,1087,1813,429100000,429100000
4,1226,429100000,429100100,1087,1813,429450000,429450000
4,1227,429450000,429450100,1087,1813,429800000,429800000
4,1228,429800000,429800100,1087,1813,430150000,430150000
4,1229,430150000,430150100,1087,1813,430500000,430500000
4,1230,430500000,430500100,1087,1813,430850000,430850000
4,1231,430850000,430850100,1087,1813,431200000,431200000
4,1232,431200000,431200100,1087,1813,431550000,431550000
4,1233,431550000,431550100,1087,1813,431900000,431900000
4,1234,431900000,431900100,1087,1813,432250000,432250000
4,1235,432250000,432250100,1087,1813,432600000,432600000
4,1236,432600000,432600100,1087,1813,432950000,432950000
4,1237,432950000,432950100,1087,1813,433300000,433300000
4,1238,433300000,433300100,1087,1813,433650000,433650000
4,1239,433650000,433650100,1087,1813,434000000,434000000
4,1240,434000000,434000100,1087,1813,434350000,434350000
4,1241,434350000,434350100,1087,1813,434700000,434700000
4,1242,434700000,434700100,1087,1813,435050000,435050000
4,1243,435050000,435050100,1087,1813,435400000,435400000
4,1244,435400000,435400100,1087,1813,435750000,435750000
4,1245,435750000,435750100,1087,1813,436100000,436100000
4,1246,436100000,436100100,1087,1813,436450000,436450000
4,1247,436450000,436450100,1087,1813,436800000,436800000
4,1248,436800000,436800100,1087,1813,437150000,437150000
4,1249,437150000,437150100,1087,1813,437500000,437500000
4,1250,437500000,437500100,1087,1813,437850000,437850000
4,1251,437850000,437850100,1087,1813,438200000,438200000
4,1252,438200000,438200100,1087,1813,438550000,438550000
4,1253,438550000,438550100,1087,1813,438900000,438900000
4,1254,438900000,438900100,1087,1813,439250000,439250000
4,1255,439250000,439250100,1087,1813,439600000,439600000
4,1256,439600000,439600100,1087,1813,439950000,439950000
4,1257,439950000,439950100,1087,1813,440300000,440300000
4,1258,440300000,440300100,1087,1813,440650000,440650000
4,1259,440650000,440650100,1087,1813,441000000,441000000
4,1260,441000000,441000100,1087,1813,441350000,441350000
4,1261,441350000,441350100,1087,1813,441700000,441700000
4,1262,441700000,441700100,1087,1813,442050000,442050000
4,1263,442050000,442050100,1087,1813,442400000,442400000
4,1264,442400000,442400100,1087,1813,442750000,442750000
4,1265,442750000,442750100,1087,1813,443100000,443100000
4,1266,443100000,443100100,1087,1813,443450000,443450000
4,1267,443450000,443450100,1087,1813,443800000,443800000
4,1268,443800000,443800100,1087,1813,444150000,444150000
4,1269,444150000,444150100,1087,1813,444500000,444500000
4,1270,444500000,444500100,1087,1813,444850000,444850000
4,1271,444850000,444850100,1087,1813,445200000,445200000
4,1272,445200000,445200100,1087,1813,445550000,445550000
4,1273,445550000,445550100,1087,1813,445900000,445900000
4,1274,445900000,445900100,1087,1813,446250000,446250000
4,1275,446250000,446250100,1087,1813,446600000,446600000
4,1276,446600000,446600100,1087,1813,446950000,446950000
4,1277,446950000,446950100,1087,1813,447300000,447300000
4,1278,447300000,447300100,1087,1813,447650000,447650000
4,1279,447650000,447650100,1087,1813,448000000,448000000
4,1280,448000000,448000100,1087,1813,448350000,448350000
4,1281,448350000,448350100,1087,1813,448700000,448700000
4,1282,448700000,448700100,1087,1813,449050000,449050000
4,1283,449050000,449050100,1087,1813,449400000,449400000
4,1284,449400000,449400100,1087,1813,449750000,449750000
4,1285,449750000,449750100,1087,1813,450100000,450100000
4,1286,450100000,450100100,1087,1813,450450000,450450000
4,1287,450450000,450450100,1087,1813,450800000,450800000
4,1288,450800000,450800100,1087,1813,451150000,451150000
4,1289,451150000,451150100,1087,1813,451500000,451500000
4,1290,451500000,451500100,1087,1813,451850000,451850000
4,1291,451850000,451850100,1087,1813,452200000,452200000
4,1292,452200000,452200100,1087,1813,452550000,452550000
4,1293,452550000,452550100,1087,1813,452900000,452900000
4,1294,452900000,452900100,1087,1813,453250000,453250000
4,1295,453250000,453250100,1087,1813,453600000,453600000
4,1296,453600000,453600100,1087,1813,453950000,453950000
4,1297,453950000,453950100,1087,1813,454300000,454300000
4,1298,454300000,454300100,1087,1813,454650000,454650000
4,1299,454650000,454650100,1087,1813,455000000,455000000
4,1300,455000000,455000100,1087,1813,455350000,455350000
4,1301,455350000,455350100,1087,1813,455700000,455700000
4,1302,455700000,455700100,1087,1813,456050000,456050000
4,1303,456050000,456050100,1087,1813,456400000,456400000
4,1304,456400000,456400100,1087,1813,456750000,456750000
4,1305,456750000,456750100,1087,1813,457100000,457100000
4,1306,457100000,457100100,1087,1813,457450000,457450000
4,1307,457450000,457450100,1087,1813,457800000,457800000
4,1308,457800000,457800100,1087,1813,458150000,458150000
4,1309,458150000,458150100,1087,1813,458500000,458500000
4,1310,458500000,458500100,1087,1813,458850000,458850000
4,1311,458850000,458850100,1087,1813,459200000,459200000
4,1312,459200000,459200100,1087,1813,459550000,459550000
4,1313,459550000,459550100,1087,1813,459900000,459900000
4,1314,459900000,459900100,1087,1813,460250000,460250000
4,1315,460250000,460250100,1087,1813,460600000,460600000
4,1316,460600000,460600100,1087,1813,460950000,460950000
4,1317,460950000,460950100,1087,1813,461300000,461300000
4,1318,461300000,461300100,1087,1813,461650000,461650000
4,1319,461650000,461650100,1087,1813,462000000,462000000
4,1320,462000000,462000100,1087,1813,462350000,462350000
4,1321,462350000,462350100,1087,1813,462700000,462700000
4,1322,462700000,462700100,1087,1813,463050000,463050000
4,1323,463050000,463050100,1087,1813,463400000,463400000
4,1324,463400000,463400100,1087,1813,463750000,463750000
4,1325,463750000,463750100,1087,1813,464100000,464100000
4,1326,464100000,464100100,1087,1813,464450000,464450000
4,1327,464450000,464450100,1087,1813,464800000,464800000
4,1328,464800000,464800100,1087,1813,465150000,465150000
4,1329,465150000,465150100,1087,1813,465500000,465500000
4,1330,465500000,465500100,1087,1813,465850000,465850000
4,1331,465850000,465850100,1087,1813,466200000,466200000
4,1332,466200000,466200100,1087,1813,466550000,466550000
4,1333,466550000,466550100,1087,1813,466900000,466900000
4,1334,466900000,466900100,1087,1813,467250000,467250000
4,1335,467250000,467250100,1087,1813,467600000,467600000
4,1336,467600000,467600100,1087,1813,467950000,467950000
4,1337,467950000,467950100,1087,1813,468300000,468300000
4,1338,468300000,468300100,1087,1813,468650000,468650000
4,1339,468650000,468650100,1087,1813,469000000,469000000
4,1340,469000000,469000100,1087,1813,469350000,469350000
4,1341,469350000,469350100,1087,1813,469700000,469700000
4,1342,469700000,469700100,1087,1813,470050000,470050000
4,1343,470050000,470050100,1087,1813,470400000,470400000
4,1344,470400000,470400100,1087,1813,470750000,470750000
4,1345,470750000,470750100,1087,1813,471100000,471100000
4,1346,471100000,471100100,1087,1813,471450000,471450000
4,1347,471450000,471450100,1087,1813,471800000,471800000
4,1348,471800000,471800100,1087,1813,472150000,472150000
4,1349,472150000,472150100,1087,1813,472500000,472500000
4,1350,472500000,472500100,1087,1813,472850000,472850000
4,1351,472850000,472850100,1087,1813,473200000,473200000
4,1352,473200000,473200100,1087,1813,473550000,473550000
4,1353,473550000,473550100,1087,1813,473900000,473900000
4,1354,473900000,473900100,1087,1813,474250000,474250000
4,1355,474250000,474250100,1087,1813,474600000,474600000
4,1356,474600000,474600100,1087,1813,474950000,474950000
4,1357,474950000,474950100,1087,1813,475300000,475300000
4,1358,475300000,475300100,1087,1813,475650000,475650000
4,1359,475650000,475650100,1087,1813,476000000,476000000
4,1360,476000000,476000100,1087,1813,476350000,476350000
4,1361,476350000,476350100,1087,1813,476700000,476700000
4,1362,476700000,476700100,1087,1813,477050000,477050000
4,1363,477050000,477050100,1087,1813,477400000,477400000
4,1364,477400000,477400100,1087,1813,477750000,477750000
4,1365,477750000,477750100,1087,1813,478100000,478100000
4,1366,478100000,478100100,1087,1813,478450000,478450000
4,1367,478450000,478450100,1087,1813,478800000,478800000
4,1368,478800000,478800100,1087,1813,479150000,479150000
4,1369,479150000,479150100,1087,1813,479500000,479500000
4,1370,479500000,479500100,1087,1813,479850000,479850000
4,1371,479850000,479850100,1087,1813,480200000,480200000
4,1372,480200000,480200100,1087,1813,480550000,480550000
4,1373,480550000,480550100,1087,1813,480900000,480900000
4,1374,480900000,480900100,1087,1813,481250000,481250000
4,1375,481250000,481250100,1087,1813,481600000,481600000
4,1376,481600000,481600100,1087,1813,481950000,481950000
4,1377,481950000,481950100,1087,1813,482300000,482300000
4,1378,482300000,482300100,1087,1813,482650000,482650000
4,1379,482650000,482650100,1087,1813,483000000,483000000
4,1380,483000000,483000100,1087,1813,483350000,483350000
4,1381,483350000,483350100,1087,1813,483700000,483700000
4,1382,483700000,483700100,1087,1813,484050000,484050000
4,1383,484050000,484050100,1087,1813,484400000,484400000
4,1384,484400000,484400100,1087,1813,484750000,484750000
4,1385,484750000,484750100,1087,1813,485100000,485100000
4,1386,485100000,485100100,1087,1813,485450000,485450000
4,1387,485450000,485450100,1087,1813,485800000,485800000
4,1388,485800000,485800100,1087,1813,486150000,486150000
4,1389,486150000,486150100,1087,1813,486500000,486500000
4,1390,486500000,486500100,1087,1813,486850000,486850000
4,1391,486850000,486850100,1087,1813,487200000,487200000
4,1392,487200000,487200100,1087,1813,487550000,487550000
4,1393,487550000,487550100,1087,1813,487900000,487900000
4,1394,487900000,487900100,1087,1813,488250000,488250000
4,1395,488250000,488250100,1087,1813,488600000,488600000
4,1396,488600000,488600100,1087,1813,488950000,488950000
4,1397,488950000,488950100,1087,1813,489300000,489300000
4,1398,489300000,489300100,1087,1813,489650000,489650000
4,1399,489650000,489650100,1087,1813,490000000,490000000
4,1400,490000000,490000100,1087,1813,490350000,490350000
4,1401,490350000,490350100,1087,1813,490700000,490700000
4,1402,490700000,490700100,1087,1813,491050000,491050000
4,1403,491050000,491050100,1087,1813,491400000,491400000
4,1404,491400000,491400100,1087,1813,491750000,491750000
4,1405,491750000,491750100,1087,1813,492100000,492100000
4,1406,492100000,492100100,1087,1813,492450000,492450000
4,1407,492450000,492450100,1087,1813,492800000,492800000
4,1408,492800000,492800100,1087,1813,493150000,493150000
4,1409,493150000,493150100,1087,1813,493500000,493500000
4,1410,493500000,493500100,1087,1813,493850000,493850000
4,1411,493850000,493850100,1087,1813,494200000,494200000
4,1412,494200000,494200100,1087,1813,494550000,494550000
4,1413,494550000,494550100,1087,1813,494900000,494900000
4,1414,494900000,494900100,1087,1813,495250000,495250000
4,1415,495250000,495250100,1087,1813,495600000,495600000
4,1416,495600000,495600100,1087,1813,495950000,495950000
4,1417,495950000,495950100,1087,1813,496300000,496300000
4,1418,496300000,496300100,1087,1813,496650000,496650000
4,1419,496650000,496650100,1087,1813,497000000,497000000
4,1420,497000000,497000100,1087,1813,497350000,497350000
4,1421,497350000,497350100,1087,1813,497700000,497700000
4,1422,497700000,497700100,1087,1813,498050000,498050000
4,1423,498050000,498050100,1087,1813,498400000,498400000
4,1424,498400000,498400100,1087,1813,498750000,498750000
4,1425,498750000,498750100,1087,1813,499100000,499100000
4,1426,499100000,499100100,1087,1813,499450000,499450000
4,1427,499450000,499450100,1087,1813,499800000,499800000
4,1428,499800000,499800100,1087,1813,500150000,500150000
4,1429,500150000,500150100,1087,1813,500500000,500500000
4,1430,500500000,500500100,1087,1813,500850000,500850000
4,1431,500850000,500850100,1087,1813,501200000,501200000
4,1432,501200000,501200100,1087,1813,501550000,501550000
4,1433,501550000,501550100,1087,1813,501900000,501900000
4,1434,501900000,501900100,1087,1813,502250000,502250000
4,1435,502250000,502250100,1087,1813,502600000,502600000
4,1436,502600000,502600100,1087,1813,502950000,502950000
4,1437,502950000,502950100,1087,1813,503300000,503300000
4,1438,503300000,503300100,1087,1813,503650000,503650000
4,1439,503650000,503650100,1087,1813,504000000,504000000
4,1440,504000000,504000100,1087,1813,504350000,504350000
4,1441,504350000,504350100,1087,1813,504700000,504700000
4,1442,504700000,504700100,1087,1813,505050000,505050000
4,1443,505050000,505050100,1087,1813,505400000,505400000
4,1444,505400000,505400100,1087,1813,505750000,505750000
4,1445,505750000,505750100,1087,1813,506100000,506100000
4,1446,506100000,506100100,1087,1813,506450000,506450000
4,1447,506450000,506450100,1087,1813,506800000,506800000
4,1448,506800000,506800100,1087,1813,507150000,507150000
4,1449,507150000,507150100,1087,1813,507500000,507500000
4,1450,507500000,507500100,1087,1813,507850000,507850000
4,1451,507850000,507850100,1087,1813,508200000,508200000
4,1452,508200000,508200100,1087,1813,508550000,508550000
4,1453,508550000,508550100,1087,1813,508900000,508900000
4,1454,508900000,508900100,1087,1813,509250000,509250000
4,1455,509250000,509250100,1087,1813,509600000,509600000
4,1456,509600000,509600100,1087,1813,509950000,509950000
4,1457,509950000,509950100,1087,1813,510300000,510300000
4,1458,510300000,510300100,1087,1813,510650000,510650000
4,1459,510650000,510650100,1087,1813,511000000,511000000
4,1460,511000000,511000100,1087,1813,511350000,511350000
4,1461,511350000,511350100,1087,1813,511700000,511700000
4,1462,511700000,511700100,1087,1813,512050000,512050000
4,1463,512050000,512050100,1087,1813,512400000,512400000
4,1464,512400000,512400100,1087,1813,512750000,512750000
4,1465,512750000,512750100,1087,1813,513100000,513100000
4,1466,513100000,513100100,1087,1813,513450000,513450000
4,1467,513450000,513450100,1087,1813,513800000,513800000
4,1468,513800000,513800100,1087,1813,514150000,514150000
4,1469,514150000,514150100,1087,1813,514500000,514500000
4,1470,514500000,514500100,1087,1813,514850000,514850000
4,1471,514850000,514850100,1087,1813,515200000,515200000
4,1472,515200000,515200100,1087,1813,515550000,515550000
4,1473,515550000,515550100,1087,1813,515900000,515900000
4,1474,515900000,515900100,1087,1813,516250000,516250000
4,1475,516250000,516250100,1087,1813,516600000,516600000
4,1476,516600000,516600100,1087,1813,516950000,516950000
4,1477,516950000,516950100,1087,1813,517300000,517300000
4,1478,517300000,517300100,1087,1813,517650000,517650000
4,1479,517650000,517650100,1087,1813,518000000,518000000
4,1480,518000000,518000100,1087,1813,518350000,518350000
4,1481,518350000,518350100,1087,1813,518700000,518700000
4,1482,518700000,518700100,1087,1813,519050000,519050000
4,1483,519050000,519050100,1087,1813,519400000,519400000
4,1484,519400000,519400100,1087,1813,519750000,519750000
4,1485,519750000,519750100,1087,1813,520100000,520100000
4,1486,520100000,520100100,1087,1813,520450000,520450000
4,1487,520450000,520450100,1087,1813,520800000,520800000
4,1488,520800000,520800100,1087,1813,521150000,521150000
4,1489,521150000,521150100,1087,1813,521500000,521500000
4,1490,521500000,521500100,1087,1813,521850000,521850000
4,1491,521850000,521850100,1087,1813,522200000,522200000
4,1492,522200000,522200100,1087,1813,522550000,522550000
4,1493,522550000,522550100,1087,1813,522900000,522900000
4,1494,522900000,522900100,1087,1813,523250000,523250000
4,1495,523250000,523250100,1087,1813,523600000,523600000
4,1496,523600000,523600100,1087,1813,523950000,523950000
4,1497,523950000,523950100,1087,1813,524300000,524300000
4,1498,524300000,524300100,1087,1813,524650000,524650000
4,1499,524650000,524650100,1087,1813,525000000,525000000
4,1500,525000000,525000100,1087,1813,525350000,525350000
4,1501,525350000,525350100,1087,1813,525700000,525700000
4,1502,525700000,525700100,1087,1813,526050000,526050000
4,1503,526050000,526050100,1087,1813,526400000,526400000
4,1504,526400000,526400100,1087,1813,526750000,526750000
4,1505,526750000,526750100,1087,1813,527100000,527100000
4,1506,527100000,527100100,1087,1813,527450000,527450000
4,1507,527450000,527450100,1087,1813,527800000,527800000
4,1508,527800000,527800100,1087,1813,528150000,528150000
4,1509,528150000,528150100,1087,1813,528500000,528500000
4,1510,528500000,528500100,1087,1813,528850000,528850000
4,1511,528850000,528850100,1087,1813,529200000,529200000
4,1512,529200000,529200100,1087,1813,529550000,529550000
4,1513,529550000,529550100,1087,1813,529900000,529900000
4,1514,529900000,529900100,1087,1813,530250000,530250000
4,1515,530250000,530250100,1087,1813,530600000,530600000
4,1516,530600000,530600100,1087,1813,530950000,530950000
4,1517,530950000,530950100,1087,1813,531300000,531300000
4,1518,531300000,531300100,1087,1813,531650000,531650000
4,1519,531650000,531650100,1087,1813,532000000,532000000
4,1520,532000000,532000100,1087,1813,532350000,532350000
4,1521,532350000,532350100,1087,1813,532700000,532700000
4,1522,532700000,532700100,1087,1813,533050000,533050000
4,1523,533050000,533050100,1087,1813,533400000,533400000
4,1524,533400000,533400100,1087,1813,533750000,533750000
4,1525,533750000,533750100,1087,1813,534100000,534100000
4,1526,534100000,534100100,1087,1813,534450000,534450000
4,1527,534450000,534450100,1087,1813,534800000,534800000
4,1528,534800000,534800100,1087,1813,535150000,535150000
4,1529,535150000,535150100,1087,1813,535500000,535500000
4,1530,535500000,535500100,1087,1813,535850000,535850000
4,1531,535850000,535850100,1087,1813,536200000,536200000
4,1532,536200000,536200100,1087,1813,536550000,536550000
4,1533,536550000,536550100,1087,1813,536900000,536900000
4,1534,536900000,536900100,1087,1813,537250000,537250000
4,1535,537250000,537250100,1087,1813,537600000,537600000
4,1536,537600000,537600100,1087,1813,537950000,537950000
4,1537,537950000,537950100,1087,1813,538300000,538300000
4,1538,538300000,538300100,1087,1813,538650000,538650000
4,1539,538650000,538650100,1087,1813,539000000,539000000
4,1540,539000000,539000100,1087,1813,539350000,539350000
4,1541,539350000,539350100,1087,1813,539700000,539700000
4,1542,539700000,539700100,1087,1813,540050000,540050000
4,1543,540050000,540050100,1087,1813,540400000,540400000
4,1544,540400000,540400100,1087,1813,540750000,540750000
4,1545,540750000,540750100,1087,1813,541100000,541100000
4,1546,541100000,541100100,1087,1813,541450000,541450000
4,1547,541450000,541450100,1087,1813,541800000,541800000
4,1548,541800000,541800100,1087,1813,542150000,542150000
4,1549,542150000,542150100,1087,1813,542500000,542500000
4,1550,542500000,542500100,1087,1813,542850000,542850000
4,1551,542850000,542850100,1087,1813,543200000,543200000
4,1552,543200000,543200100,1087,1813,543550000,543550000
4,1553,543550000,543550100,1087,1813,543900000,543900000
4,1554,543900000,543900100,1087,1813,544250000,544250000
4,1555,544250000,544250100,1087,1813,544600000,544600000
4,1556,544600000,544600100,1087,1813,544950000,544950000
4,1557,544950000,544950100,1087,1813,545300000,545300000
4,1558,545300000,545300100,1087,1813,545650000,545650000
4,1559,545650000,545650100,1087,1813,546000000,546000000
4,1560,546000000,546000100,1087,1813,546350000,546350000
4,1561,546350000,546350100,1087,1813,546700000,546700000
4,1562,546700000,546700100,1087,1813,547050000,547050000
4,1563,547050000,547050100,1087,1813,547400000,547400000
4,1564,547400000,547400100,1087,1813,547750000,547750000
4,1565,547750000,547750100,1087,1813,548100000,548100000
4,1566,548100000,548100100,1087,1813,548450000,548450000
4,1567,548450000,548450100,1087,1813,548800000,548800000
4,1568,548800000,548800100,1087,1813,549150000,549150000
4,1569,549150000,549150100,1087,1813,549500000,549500000
4,1570,549500000,549500100,1087,1813,549850000,549850000
4,1571,549850000,549850100,1087,1813,550200000,550200000
4,1572,550200000,550200100,1087,1813,550550000,550550000
4,1573,550550000,550550100,1087,1813,550900000,550900000
4,1574,550900000,550900100,1087,1813,551250000,551250000
4,1575,551250000,551250100,1087,1813,551600000,551600000
4,1576,551600000,551600100,1087,1813,551950000,551950000
4,1577,551950000,551950100,1087,1813,552300000,552300000
4,1578,552300000,552300100,1087,1813,552650000,552650000
4,1579,552650000,552650100,1087,1813,553000000,553000000
4,1580,553000000,553000100,1087,1813,553350000,553350000
4,1581,553350000,553350100,1087,1813,553700000,553700000
4,1582,553700000,553700100,1087,1813,554050000,554050000
4,1583,554050000,554050100,1087,1813,554400000,554400000
4,1584,554400000,554400100,1087,1813,554750000,554750000
4,1585,554750000,554750100,1087,1813,555100000,555100000
4,1586,555100000,555100100,1087,1813,555450000,555450000
4,1587,555450000,555450100,1087,1813,555800000,555800000
4,1588,555800000,555800100,1087,1813,556150000,556150000
4,1589,556150000,556150100,1087,1813,556500000,556500000
4,1590,556500000,556500100,1087,1813,556850000,556850000
4,1591,556850000,556850100,1087,1813,557200000,557200000
4,1592,557200000,557200100,1087,1813,557550000,557550000
4,1593,557550000,557550100,1087,1813,557900000,557900000
4,1594,557900000,557900100,1087,1813,558250000,558250000
4,1595,558250000,558250100,1087,1813,558600000,558600000
4,1596,558600000,558600100,1087,1813,558950000,558950000
4,1597,558950000,558950100,1087,1813,559300000,559300000
4,1598,559300000,559300100,1087,1813,559650000,559650000
4,1599,559650000,559650100,1087,1813,560000000,560000000
4,1600,560000000,560000100,1087,1813,560350000,560350000
4,1601,560350000,560350100,1087,1813,560700000,560700000
4,1602,560700000,560700100,1087,1813,561050000,561050000
4,1603,561050000,561050100,1087,1813,561400000,561400000
4,1604,561400000,561400100,1087,1813,561750000,561750000
4,1605,561750000,561750100,1087,1813,562100000,562100000
4,1606,562100000,562100100,1087,1813,562450000,562450000
4,1607,562450000,562450100,1087,1813,562800000,562800000
4,1608,562800000,562800100,1087,1813,563150000,563150000
4,1609,563150000,563150100,1087,1813,563500000,563500000
4,1610,563500000,563500100,1087,1813,563850000,563850000
4,1611,563850000,563850100,1087,1813,564200000,564200000
4,1612,564200000,564200100,1087,1813,564550000,564550000
4,1613,564550000,564550100,1087,1813,564900000,564900000
4,1614,564900000,564900100,1087,1813,565250000,565250000
4,1615,565250000,565250100,1087,1813,565600000,565600000
4,1616,565600000,565600100,1087,1813,565950000,565950000
4,1617,565950000,565950100,1087,1813,566300000,566300000
4,1618,566300000,566300100,1087,1813,566650000,566650000
4,1619,566650000,566650100,1087,1813,567000000,567000000
4,1620,567000000,567000100,1087,1813,567350000,567350000
4,1621,567350000,567350100,1087,1813,567700000,567700000
4,1622,567700000,567700100,1087,1813,568050000,568050000
4,1623,568050000,568050100,1087,1813,568400000,568400000
4,1624,568400000,568400100,1087,1813,568750000,568750000
4,1625,568750000,568750100,1087,1813,569100000,569100000
4,1626,569100000,569100100,1087,1813,569450000,569450000
4,1627,569450000,569450100,1087,1813,569800000,569800000
4,1628,569800000,569800100,1087,1813,570150000,570150000
4,1629,570150000,570150100,1087,1813,570500000,570500000
4,1630,570500000,570500100,1087,1813,570850000,570850000
4,1631,570850000,570850100,1087,1813,571200000,571200000
4,1632,571200000,571200100,1087,1813,571550000,571550000
4,1633,571550000,571550100,1087,1813,571900000,571900000
4,1634,571900000,571900100,1087,1813,572250000,572250000
4,1635,572250000,572250100,1087,1813,572600000,572600000
4,1636,572600000,572600100,1087,1813,572950000,572950000
4,1637,572950000,572950100,1087,1813,573300000,573300000
4,1638,573300000,573300100,1087,1813,573650000,573650000
4,1639,573650000,573650100,1087,1813,574000000,574000000
4,1640,574000000,574000100,1087,1813,574350000,574350000
4,1641,574350000,574350100,1087,1813,574700000,574700000
4,1642,574700000,574700100,1087,1813,575050000,575050000
4,1643,575050000,575050100,1087,1813,575400000,575400000
4,1644,575400000,575400100,1087,1813,575750000,575750000
4,1645,575750000,575750100,1087,1813,576100000,576100000
4,1646,576100000,576100100,1087,1813,576450000,576450000
4,1647,576450000,576450100,1087,1813,576800000,576800000
4,1648,576800000,576800100,1087,1813,577150000,577150000
4,1649,577150000,577150100,1087,1813,577500000,577500000
4,1650,577500000,577500100,1087,1813,577850000,577850000
4,1651,577850000,577850100,1087,1813,578200000,578200000
4,1652,578200000,578200100,1087,1813,578550000,578550000
4,1653,578550000,578550100,1087,1813,578900000,578900000
4,1654,578900000,578900100,1087,1813,579250000,579250000
4,1655,579250000,579250100,1087,1813,579600000,579600000
4,1656,579600000,579600100,1087,1813,579950000,579950000
4,1657,579950000,579950100,1087,1813,580300000,580300000
4,1658,580300000,580300100,1087,1813,580650000,580650000
4,1659,580650000,580650100,1087,1813,581000000,581000000
4,1660,581000000,581000100,1087,1813,581350000,581350000
4,1661,581350000,581350100,1087,1813,581700000,581700000
4,1662,581700000,581700100,1087,1813,582050000,582050000
4,1663,582050000,582050100,1087,1813,582400000,582400000
4,1664,582400000,582400100,1087,1813,582750000,582750000
4,1665,582750000,582750100,1087,1813,583100000,583100000
4,1666,583100000,583100100,1087,1813,583450000,583450000
4,1667,583450000,583450100,1087,1813,583800000,583800000
4,1668,583800000,583800100,1087,1813,584150000,584150000
4,1669,584150000,584150100,1087,1813,584500000,584500000
4,1670,584500000,584500100,1087,1813,584850000,584850000
4,1671,584850000,584850100,1087,1813,585200000,585200000
4,1672,585200000,585200100,1087,1813,585550000,585550000
4,1673,585550000,585550100,1087,1813,585900000,585900000
4,1674,585900000,585900100,1087,1813,586250000,586250000
4,1675,586250000,586250100,1087,1813,586600000,586600000
4,1676,586600000,586600100,1087,1813,586950000,586950000
4,1677,586950000,586950100,1087,1813,587300000,587300000
4,1678,587300000,587300100,1087,1813,587650000,587650000
4,1679,587650000,587650100,1087,1813,588000000,588000000
4,1680,588000000,588000100,1087,1813,588350000,588350000
4,1681,588350000,588350100,1087,1813,588700000,588700000
4,1682,588700000,588700100,1087,1813,589050000,589050000
4,1683,589050000,589050100,1087,1813,589400000,589400000
4,1684,589400000,589400100,1087,1813,589750000,589750000
4,1685,589750000,589750100,1087,1813,590100000,590100000
4,1686,590100000,590100100,1087,1813,590450000,590450000
4,1687,590450000,590450100,1087,1813,590800000,590800000
4,1688,590800000,590800100,1087,1813,591150000,591150000
4,1689,591150000,591150100,1087,1813,591500000,591500000
4,1690,591500000,591500100,1087,1813,591850000,591850000
4,1691,591850000,591850100,1087,1813,592200000,592200000
4,1692,592200000,592200100,1087,1813,592550000,592550000
4,1693,592550000,592550100,1087,1813,592900000,592900000
4,1694,592900000,592900100,1087,1813,593250000,593250000
4,1695,593250000,593250100,1087,1813,593600000,593600000
4,1696,593600000,593600100,1087,1813,593950000,593950000
4,1697,593950000,593950100,1087,1813,594300000,594300000
4,1698,594300000,594300100,1087,1813,594650000,594650000
4,1699,594650000,594650100,1087,1813,595000000,595000000
4,1700,595000000,595000100,1087,1813,595350000,595350000
4,1701,595350000,595350100,1087,1813,595700000,595700000
4,1702,595700000,595700100,1087,1813,596050000,596050000
4,1703,596050000,596050100,1087,1813,596400000,596400000
4,1704,596400000,596400100,1087,1813,596750000,596750000
4,1705,596750000,596750100,1087,1813,597100000,597100000
4,1706,597100000,597100100,1087,1813,597450000,597450000
4,1707,597450000,597450100,1087,1813,597800000,597800000
4,1708,597800000,597800100,1087,1813,598150000,598150000
4,1709,598150000,598150100,1087,1813,598500000,598500000
4,1710,598500000,598500100,1087,1813,598850000,598850000
4,1711,598850000,598850100,1087,1813,599200000,599200000
4,1712,599200000,599200100,1087,1813,599550000,599550000
4,1713,599550000,599550100,1087,1813,599900000,599900000
4,1714,599900000,599900100,1087,1813,600250000,600250000
4,1715,600250000,600250100,1087,1813,600600000,600600000
4,1716,600600000,600600100,1087,1813,600950000,600950000
4,1717,600950000,600950100,1087,1813,601300000,601300000
4,1718,601300000,601300100,1087,1813,601650000,601650000
4,1719,601650000,601650100,1087,1813,602000000,602000000
4,1720,602000000,602000100,1087,1813,602350000,602350000
4,1721,602350000,602350100,1087,1813,602700000,602700000
4,1722,602700000,602700100,1087,1813,603050000,603050000
4,1723,603050000,603050100,1087,1813,603400000,603400000
4,1724,603400000,603400100,1087,1813,603750000,603750000
4,1725,603750000,603750100,1087,1813,604100000,604100000
4,1726,604100000,604100100,1087,1813,604450000,604450000
4,1727,604450000,604450100,1087,1813,604800000,604800000
4,1728,604800000,604800100,1087,1813,605150000,605150000
4,1729,605150000,605150100,1087,1813,605500000,605500000
4,1730,605500000,605500100,1087,1813,605850000,605850000
4,1731,605850000,605850100,1087,1813,606200000,606200000
4,1732,606200000,606200100,1087,1813,606550000,606550000
4,1733,606550000,606550100,1087,1813,606900000,606900000
4,1734,606900000,606900100,1087,1813,607250000,607250000
4,1735,607250000,607250100,1087,1813,607600000,607600000
4,1736,607600000,607600100,1087,1813,607950000,607950000
4,1737,607950000,607950100,1087,1813,608300000,608300000
4,1738,608300000,608300100,1087,1813,608650000,608650000
4,1739,608650000,608650100,1087,1813,609000000,609000000
4,1740,609000000,609000100,1087,1813,609350000,609350000
4,1741,609350000,609350100,1087,1813,609700000,609700000
4,1742,609700000,609700100,1087,1813,610050000,610050000
4,1743,610050000,610050100,1087,1813,610400000,610400000
4,1744,610400000,610400100,1087,1813,610750000,610750000
4,1745,610750000,610750100,1087,1813,611100000,611100000
4,1746,611100000,611100100,1087,1813,611450000,611450000
4,1747,611450000,611450100,1087,1813,611800000,611800000
4,1748,611800000,611800100,1087,1813,612150000,612150000
4,1749,612150000,612150100,1087,1813,612500000,612500000
4,1750,612500000,612500100,1087,1813,612850000,612850000
4,1751,612850000,612850100,1087,1813,613200000,613200000
4,1752,613200000,613200100,1087,1813,613550000,613550000
4,1753,613550000,613550100,1087,1813,613900000,613900000
4,1754,613900000,613900100,1087,1813,614250000,614250000
4,1755,614250000,614250100,1087,1813,614600000,614600000
4,1756,614600000,614600100,1087,1813,614950000,614950000
4,1757,614950000,614950100,1087,1813,615300000,615300000
4,1758,615300000,615300100,1087,1813,615650000,615650000
4,1759,615650000,615650100,1087,1813,616000000,616000000
4,1760,616000000,616000100,1087,1813,616350000,616350000
4,1761,616350000,616350100,1087,1813,616700000,616700000
4,1762,616700000,616700100,1087,1813,617050000,617050000
4,1763,617050000,617050100,1087,1813,617400000,617400000
4,1764,617400000,617400100,1087,1813,617750000,617750000
4,1765,617750000,617750100,1087,1813,618100000,618100000
4,1766,618100000,618100100,1087,1813,618450000,618450000
4,1767,618450000,618450100,1087,1813,618800000,618800000
4,1768,618800000,618800100,1087,1813,619150000,619150000
4,1769,619150000,619150100,1087,1813,619500000,619500000
4,1770,619500000,619500100,1087,1813,619850000,619850000
4,1771,619850000,619850100,1087,1813,620200000,620200000
4,1772,620200000,620200100,1087,1813,620550000,620550000
4,1773,620550000,620550100,1087,1813,620900000,620900000
4,1774,620900000,620900100,1087,1813,621250000,621250000
4,1775,621250000,621250100,1087,1813,621600000,621600000
4,1776,621600000,621600100,1087,1813,621950000,621950000
4,1777,621950000,621950100,1087,1813,622300000,622300000
4,1778,622300000,622300100,1087,1813,622650000,622650000
4,1779,622650000,622650100,1087,1813,623000000,623000000
4,1780,623000000,623000100,1087,1813,623350000,623350000
4,1781,623350000,623350100,1087,1813,623700000,623700000
4,1782,623700000,623700100,1087,1813,624050000,624050000
4,1783,624050000,624050100,1087,1813,624400000,624400000
4,1784,624400000,624400100,1087,1813,624750000,624750000
4,1785,624750000,624750100,1087,1813,625100000,625100000
4,1786,625100000,625100100,1087,1813,625450000,625450000
4,1787,625450000,625450100,1087,1813,625800000,625800000
4,1788,625800000,625800100,1087,1813,626150000,626150000
4,1789,626150000,626150100,1087,1813,626500000,626500000
4,1790,626500000,626500100,1087,1813,626850000,626850000
4,1791,626850000,626850100,1087,1813,627200000,627200000
4,1792,627200000,627200100,1087,1813,627550000,627550000
4,1793,627550000,627550100,1087,1813,627900000,627900000
4,1794,627900000,627900100,1087,1813,628250000,628250000
4,1795,628250000,628250100,1087,1813,628600000,628600000
4,1796,628600000,628600100,1087,1813,628950000,628950000
4,1797,628950000,628950100,1087,1813,629300000,629300000
4,1798,629300000,629300100,1087,1813,629650000,629650000
4,1799,629650000,629650100,1087,1813,630000000,630000000
4,1800,630000000,630000100,1087,1813,630350000,630350000
4,1801,630350000,630350100,1087,1813,630700000,630700000
4,1802,630700000,630700100,1087,1813,631050000,631050000
4,1803,631050000,631050100,1087,1813,631400000,631400000
4,1804,631400000,631400100,1087,1813,631750000,631750000
4,1805,631750000,631750100,1087,1813,632100000,632100000
4,1806,632100000,632100100,1087,1813,632450000,632450000
4,1807,632450000,632450100,1087,1813,632800000,632800000
4,1808,632800000,632800100,1087,1813,633150000,633150000
4,1809,633150000,633150100,1087,1813,633500000,633500000
4,1810,633500000,633500100,1087,1813,633850000,633850000
4,1811,633850000,633850100,1087,1813,634200000,634200000
4,1812,634200000,634200100,1087,1813,634550000,634550000
4,1813,634550000,634550100,1087,1813,634900000,634900000
4,1814,634900000,634900100,1087,1813,635250000,635250000
4,1815,635250000,635250100,1087,1813,635600000,635600000
4,1816,635600000,635600100,1087,1813,635950000,635950000
4,1817,635950000,635950100,1087,1813,636300000,636300000
4,1818,636300000,636300100,1087,1813,636650000,636650000
4,1819,636650000,636650100,1087,1813,637000000,637000000
4,1820,637000000,637000100,1087,1813,637350000,637350000
4,1821,637350000,637350100,1087,1813,637700000,637700000
4,1822,637700000,637700100,1087,1813,638050000,638050000
4,1823,638050000,638050100,1087,1813,638400000,638400000
4,1824,638400000,638400100,1087,1813,638750000,638750000
4,1825,638750000,638750100,1087,1813,639100000,639100000
4,1826,639100000,639100100,1087,1813,639450000,639450000
4,1827,639450000,639450100,1087,1813,639800000,639800000
4,1828,639800000,639800100,1087,1813,640150000,640150000
4,1829,640150000,640150100,1087,1813,640500000,640500000
4,1830,640500000,640500100,1087,1813,640850000,640850000
4,1831,640850000,640850100,1087,1813,641200000,641200000
4,1832,641200000,641200100,1087,1813,641550000,641550000
4,1833,641550000,641550100,1087,1813,641900000,641900000
4,1834,641900000,641900100,1087,1813,642250000,642250000
4,1835,642250000,642250100,1087,1813,642600000,642600000
4,1836,642600000,642600100,1087,1813,642950000,642950000
4,1837,642950000,642950100,1087,1813,643300000,643300000
4,1838,643300000,643300100,1087,1813,643650000,643650000
4,1839,643650000,643650100,1087,1813,644000000,644000000
4,1840,644000000,644000100,1087,1813,644350000,644350000
4,1841,644350000,644350100,1087,1813,644700000,644700000
4,1842,644700000,644700100,1087,1813,645050000,645050000
4,1843,645050000,645050100,1087,1813,645400000,645400000
4,1844,645400000,645400100,1087,1813,645750000,645750000
4,1845,645750000,645750100,1087,1813,646100000,646100000
4,1846,646100000,646100100,1087,1813,646450000,646450000
4,1847,646450000,646450100,1087,1813,646800000,646800000
4,1848,646800000,646800100,1087,1813,647150000,647150000
4,1849,647150000,647150100,1087,1813,647500000,647500000
4,1850,647500000,647500100,1087,1813,647850000,647850000
4,1851,647850000,647850100,1087,1813,648200000,648200000
4,1852,648200000,648200100,1087,1813,648550000,648550000
4,1853,648550000,648550100,1087,1813,648900000,648900000
4,1854,648900000,648900100,1087,1813,649250000,649250000
4,1855,649250000,649250100,1087,1813,649600000,649600000
4,1856,649600000,649600100,1087,1813,649950000,649950000
4,1857,649950000,649950100,1087,1813,650300000,650300000
4,1858,650300000,650300100,1087,1813,650650000,650650000
4,1859,650650000,650650100,1087,1813,651000000,651000000
4,1860,651000000,651000100,1087,1813,651350000,651350000
4,1861,651350000,651350100,1087,1813,651700000,651700000
4,1862,651700000,651700100,1087,1813,652050000,652050000
4,1863,652050000,652050100,1087,1813,652400000,652400000
4,1864,652400000,652400100,1087,1813,652750000,652750000
4,1865,652750000,652750100,1087,1813,653100000,653100000
4,1866,653100000,653100100,1087,1813,653450000,653450000
4,1867,653450000,653450100,1087,1813,653800000,653800000
4,1868,653800000,653800100,1087,1813,654150000,654150000
4,1869,654150000,654150100,1087,1813,654500000,654500000
4,1870,654500000,654500100,1087,1813,654850000,654850000
4,1871,654850000,654850100,1087,1813,655200000,655200000
4,1872,655200000,655200100,1087,1813,655550000,655550000
4,1873,655550000,655550100,1087,1813,655900000,655900000
4,1874,655900000,655900100,1087,1813,656250000,656250000
4,1875,656250000,656250100,1087,1813,656600000,656600000
4,1876,656600000,656600100,1087,1813,656950000,656950000
4,1877,656950000,656950100,1087,1813,657300000,657300000
4,1878,657300000,657300100,1087,1813,657650000,657650000
4,1879,657650000,657650100,1087,1813,658000000,658000000
4,1880,658000000,658000100,1087,1813,658350000,658350000
4,1881,658350000,658350100,1087,1813,658700000,658700000
4,1882,658700000,658700100,1087,1813,659050000,659050000
4,1883,659050000,659050100,1087,1813,659400000,659400000
4,1884,659400000,659400100,1087,1813,659750000,659750000
4,1885,659750000,659750100,1087,1813,660100000,660100000
4,1886,660100000,660100100,1087,1813,660450000,660450000
4,1887,660450000,660450100,1087,1813,660800000,660800000
4,1888,660800000,660800100,1087,1813,661150000,661150000
4,1889,661150000,661150100,1087,1813,661500000,661500000
4,1890,661500000,661500100,1087,1813,661850000,661850000
4,1891,661850000,661850100,1087,1813,662200000,662200000
4,1892,662200000,662200100,1087,1813,662550000,662550000
4,1893,662550000,662550100,1087,1813,662900000,662900000
4,1894,662900000,662900100,1087,1813,663250000,663250000
4,1895,663250000,663250100,1087,1813,663600000,663600000
4,1896,663600000,663600100,1087,1813,663950000,663950000
4,1897,663950000,663950100,1087,1813,664300000,664300000
4,1898,664300000,664300100,1087,1813,664650000,664650000
4,1899,664650000,664650100,1087,1813,665000000,665000000
4,1900,665000000,665000100,1087,1813,665350000,665350000
4,1901,665350000,665350100,1087,1813,665700000,665700000
4,1902,665700000,665700100,1087,1813,666050000,666050000
4,1903,666050000,666050100,1087,1813,666400000,666400000
4,1904,666400000,666400100,1087,1813,666750000,666750000
4,1905,666750000,666750100,1087,1813,667100000,667100000
4,1906,667100000,667100100,1087,1813,667450000,667450000
4,1907,667450000,667450100,1087,1813,667800000,667800000
4,1908,667800000,667800100,1087,1813,668150000,668150000
4,1909,668150000,668150100,1087,1813,668500000,668500000
4,1910,668500000,668500100,1087,1813,668850000,668850000
4,1911,668850000,668850100,1087,1813,669200000,669200000
4,1912,669200000,669200100,1087,1813,669550000,669550000
4,1913,669550000,669550100,1087,1813,669900000,669900000
4,1914,669900000,669900100,1087,1813,670250000,670250000
4,1915,670250000,670250100,1087,1813,670600000,670600000
4,1916,670600000,670600100,1087,1813,670950000,670950000
4,1917,670950000,670950100,1087,1813,671300000,671300000
4,1918,671300000,671300100,1087,1813,671650000,671650000
4,1919,671650000,671650100,1087,1813,672000000,672000000
4,1920,672000000,672000100,1087,1813,672350000,672350000
4,1921,672350000,672350100,1087,1813,672700000,672700000
4,1922,672700000,672700100,1087,1813,673050000,673050000
4,1923,673050000,673050100,1087,1813,673400000,673400000
4,1924,673400000,673400100,1087,1813,673750000,673750000
4,1925,673750000,673750100,1087,1813,674100000,674100000
4,1926,674100000,674100100,1087,1813,674450000,674450000
4,1927,674450000,674450100,1087,1813,674800000,674800000
4,1928,674800000,674800100,1087,1813,675150000,675150000
4,1929,675150000,675150100,1087,1813,675500000,675500000
4,1930,675500000,675500100,1087,1813,675850000,675850000
4,1931,675850000,675850100,1087,1813,676200000,676200000
4,1932,676200000,676200100,1087,1813,676550000,676550000
4,1933,676550000,676550100,1087,1813,676900000,676900000
4,1934,676900000,676900100,1087,1813,677250000,677250000
4,1935,677250000,677250100,1087,1813,677600000,677600000
4,1936,677600000,677600100,1087,1813,677950000,677950000
4,1937,677950000,677950100,1087,1813,678300000,678300000
4,1938,678300000,678300100,1087,1813,678650000,678650000
4,1939,678650000,678650100,1087,1813,679000000,679000000
4,1940,679000000,679000100,1087,1813,679350000,679350000
4,1941,679350000,679350100,1087,1813,679700000,679700000
4,1942,679700000,679700100,1087,1813,680050000,680050000
4,1943,680050000,680050100,1087,1813,680400000,680400000
4,1944,680400000,680400100,1087,1813,680750000,680750000
4,1945,680750000,680750100,1087,1813,681100000,681100000
4,1946,681100000,681100100,1087,1813,681450000,681450000
4,1947,681450000,681450100,1087,1813,681800000,681800000
4,1948,681800000,681800100,1087,1813,682150000,682150000
4,1949,682150000,682150100,1087,1813,682500000,682500000
4,1950,682500000,682500100,1087,1813,682850000,682850000
4,1951,682850000,682850100,1087,1813,683200000,683200000
4,1952,683200000,683200100,1087,1813,683550000,683550000
4,1953,683550000,683550100,1087,1813,683900000,683900000
4,1954,683900000,683900100,1087,1813,684250000,684250000
4,1955,684250000,684250100,1087,1813,684600000,684600000
4,1956,684600000,684600100,1087,1813,684950000,684950000
4,1957,684950000,684950100,1087,1813,685300000,685300000
4,1958,685300000,685300100,1087,1813,685650000,685650000
4,1959,685650000,685650100,1087,1813,686000000,686000000
4,1960,686000000,686000100,1087,1813,686350000,686350000
4,1961,686350000,686350100,1087,1813,686700000,686700000
4,1962,686700000,686700100,1087,1813,687050000,687050000
4,1963,687050000,687050100,1087,1813,687400000,687400000
4,1964,687400000,687400100,1087,1813,687750000,687750000
4,1965,687750000,687750100,1087,1813,688100000,688100000
4,1966,688100000,688100100,1087,1813,688450000,688450000
4,1967,688450000,688450100,1087,1813,688800000,688800000
4,1968,688800000,688800100,1087,1813,689150000,689150000
4,1969,689150000,689150100,1087,1813,689500000,689500000
4,1970,689500000,689500100,1087,1813,689850000,689850000
4,1971,689850000,689850100,1087,1813,690200000,690200000
4,1972,690200000,690200100,1087,1813,690550000,690550000
4,1973,690550000,690550100,1087,1813,690900000,690900000
4,1974,690900000,690900100,1087,1813,691250000,691250000
4,1975,691250000,691250100,1087,1813,691600000,691600000
4,1976,691600000,691600100,1087,1813,691950000,691950000
4,1977,691950000,691950100,1087,1813,692300000,692300000
4,1978,692300000,692300100,1087,1813,692650000,692650000
4,1979,692650000,692650100,1087,1813,693000000,693000000
4,1980,693000000,693000100,1087,1813,693350000,693350000
4,1981,693350000,693350100,1087,1813,693700000,693700000
4,1982,693700000,693700100,1087,1813,694050000,694050000
4,1983,694050000,694050100,1087,1813,694400000,694400000
4,1984,694400000,694400100,1087,1813,694750000,694750000
4,1985,694750000,694750100,1087,1813,695100000,695100000
4,1986,695100000,695100100,1087,1813,695450000,695450000
4,1987,695450000,695450100,1087,1813,695800000,695800000
4,1988,695800000,695800100,1087,1813,696150000,696150000
4,1989,696150000,696150100,1087,1813,696500000,696500000
4,1990,696500000,696500100,1087,1813,696850000,696850000
4,1991,696850000,696850100,1087,1813,697200000,697200000
4,1992,697200000,697200100,1087,1813,697550000,697550000
4,1993,697550000,697550100,1087,1813,697900000,697900000
4,1994,697900000,697900100,1087,1813,698250000,698250000
4,1995,698250000,698250100,1087,1813,698600000,698600000
4,1996,698600000,698600100,1087,1813,698950000,698950000
4,1997,698950000,698950100,1087,1813,699300000,699300000
4,1998,699300000,699300100,1087,1813,699650000,699650000
4,1999,699650000,699650100,1087,1813,700000000,700000000
4,2000,700000000,700000100,1087,1813,700350000,700350000
4,2001,700350000,700350100,1087,1813,700700000,700700000
4,2002,700700000,700700100,1087,1813,701050000,701050000
4,2003,701050000,701050100,1087,1813,701400000,701400000
4,2004,701400000,701400100,1087,1813,701750000,701750000
4,2005,701750000,701750100,1087,1813,702100000,702100000
4,2006,702100000,702100100,1087,1813,702450000,702450000
4,2007,702450000,702450100,1087,1813,702800000,702800000
4,2008,702800000,702800100,1087,1813,703150000,703150000
4,2009,703150000,703150100,1087,1813,703500000,703500000
4,2010,703500000,703500100,1087,1813,703850000,703850000
4,2011,703850000,703850100,1087,1813,704200000,704200000
4,2012,704200000,704200100,1087,1813,704550000,704550000
4,2013,704550000,704550100,1087,1813,704900000,704900000
4,2014,704900000,704900100,1087,1813,705250000,705250000
4,2015,705250000,705250100,1087,1813,705600000,705600000
4,2016,705600000,705600100,1087,1813,705950000,705950000
4,2017,705950000,705950100,1087,1813,706300000,706300000
4,2018,706300000,706300100,1087,1813,706650000,706650000
4,2019,706650000,706650100,1087,1813,707000000,707000000
4,2020,707000000,707000100,1087,1813,707350000,707350000
4,2021,707350000,707350100,1087,1813,707700000,707700000
4,2022,707700000,707700100,1087,1813,708050000,708050000
4,2023,708050000,708050100,1087,1813,708400000,708400000
4,2024,708400000,708400100,1087,1813,708750000,708750000
4,2025,708750000,708750100,1087,1813,709100000,709100000
4,2026,709100000,709100100,1087,1813,709450000,709450000
4,2027,709450000,709450100,1087,1813,709800000,709800000
4,2028,709800000,709800100,1087,1813,710150000,710150000
4,2029,710150000,710150100,1087,1813,710500000,710500000
4,2030,710500000,710500100,1087,1813,710850000,710850000
4,2031,710850000,710850100,1087,1813,711200000,711200000
4,2032,711200000,711200100,1087,1813,711550000,711550000
4,2033,711550000,711550100,1087,1813,711900000,711900000
4,2034,711900000,711900100,1087,1813,712250000,712250000
4,2035,712250000,712250100,1087,1813,712600000,712600000
4,2036,712600000,712600100,1087,1813,712950000,712950000
4,2037,712950000,712950100,1087,1813,713300000,713300000
4,2038,713300000,713300100,1087,1813,713650000,713650000
4,2039,713650000,713650100,1087,1813,714000000,714000000
4,2040,714000000,714000100,1087,1813,714350000,714350000
4,2041,714350000,714350100,1087,1813,714700000,714700000
4,2042,714700000,714700100,1087,1813,715050000,715050000
4,2043,715050000,715050100,1087,1813,715400000,715400000
4,2044,715400000,715400100,1087,1813,715750000,715750000
4,2045,715750000,715750100,1087,1813,716100000,716100000
4,2046,716100000,716100100,1087,1813,716450000,716450000
4,2047,716450000,716450100,1087,1813,716800000,716800000
4,2048,716800000,716800100,1087,1813,717150000,717150000
4,2049,717150000,717150100,1087,1813,717500000,717500000
4,2050,717500000,717500100,1087,1813,717850000,717850000
4,2051,717850000,717850100,1087,1813,718200000,718200000
4,2052,718200000,718200100,1087,1813,718550000,718550000
4,2053,718550000,718550100,1087,1813,718900000,718900000
4,2054,718900000,718900100,1087,1813,719250000,719250000
4,2055,719250000,719250100,1087,1813,719600000,719600000
4,2056,719600000,719600100,1087,1813,719950000,719950000
4,2057,719950000,719950100,1087,1813,720300000,720300000
4,2058,720300000,720300100,1087,1813,720650000,720650000
4,2059,720650000,720650100,1087,1813,721000000,721000000
4,2060,721000000,721000100,1087,1813,721350000,721350000
4,2061,721350000,721350100,1087,1813,721700000,721700000
4,2062,721700000,721700100,1087,1813,722050000,722050000
4,2063,722050000,722050100,1087,1813,722400000,722400000
4,2064,722400000,722400100,1087,1813,722750000,722750000
4,2065,722750000,722750100,1087,1813,723100000,723100000
4,2066,723100000,723100100,1087,1813,723450000,723450000
4,2067,723450000,723450100,1087,1813,723800000,723800000
4,2068,723800000,723800100,1087,1813,724150000,724150000
4,2069,724150000,724150100,1087,1813,724500000,724500000
4,2070,724500000,724500100,1087,1813,724850000,724850000
4,2071,724850000,724850100,1087,1813,725200000,725200000
4,2072,725200000,725200100,1087,1813,725550000,725550000
4,2073,725550000,725550100,1087,1813,725900000,725900000
4,2074,725900000,725900100,1087,1813,726250000,726250000
4,2075,726250000,726250100,1087,1813,726600000,726600000
4,2076,726600000,726600100,1087,1813,726950000,726950000
4,2077,726950000,726950100,1087,1813,727300000,727300000
4,2078,727300000,727300100,1087,1813,727650000,727650000
4,2079,727650000,727650100,1087,1813,728000000,728000000
4,2080,728000000,728000100,1087,1813,728350000,728350000
4,2081,728350000,728350100,1087,1813,728700000,728700000
4,2082,728700000,728700100,1087,1813,729050000,729050000
4,2083,729050000,729050100,1087,1813,729400000,729400000
4,2084,729400000,729400100,1087,1813,729750000,729750000
4,2085,729750000,729750100,1087,1813,730100000,730100000
4,2086,730100000,730100100,1087,1813,730450000,730450000
4,2087,730450000,730450100,1087,1813,730800000,730800000
4,2088,730800000,730800100,1087,1813,731150000,731150000
4,2089,731150000,731150100,1087,1813,731500000,731500000
4,2090,731500000,731500100,1087,1813,731850000,731850000
4,2091,731850000,731850100,1087,1813,732200000,732200000
4,2092,732200000,732200100,1087,1813,732550000,732550000
4,2093,732550000,732550100,1087,1813,732900000,732900000
4,2094,732900000,732900100,1087,1813,733250000,733250000
4,2095,733250000,733250100,1087,1813,733600000,733600000
4,2096,733600000,733600100,1087,1813,733950000,733950000
4,2097,733950000,733950100,1087,1813,734300000,734300000
4,2098,734300000,734300100,1087,1813,734650000,734650000
4,2099,734650000,734650100,1087,1813,735000000,735000000
4,2100,735000000,735000100,1087,1813,735350000,735350000
4,2101,735350000,735350100,1087,1813,735700000,735700000
4,2102,735700000,735700100,1087,1813,736050000,736050000
4,2103,736050000,736050100,1087,1813,736400000,736400000
4,2104,736400000,736400100,1087,1813,736750000,736750000
4,2105,736750000,736750100,1087,1813,737100000,737100000
4,2106,737100000,737100100,1087,1813,737450000,737450000
4,2107,737450000,737450100,1087,1813,737800000,737800000
4,2108,737800000,737800100,1087,1813,738150000,738150000
4,2109,738150000,738150100,1087,1813,738500000,738500000
4,2110,738500000,738500100,1087,1813,738850000,738850000
4,2111,738850000,738850100,1087,1813,739200000,739200000
4,2112,739200000,739200100,1087,1813,739550000,739550000
4,2113,739550000,739550100,1087,1813,739900000,739900000
4,2114,739900000,739900100,1087,1813,740250000,740250000
4,2115,740250000,740250100,1087,1813,740600000,740600000
4,2116,740600000,740600100,1087,1813,740950000,740950000
4,2117,740950000,740950100,1087,1813,741300000,741300000
4,2118,741300000,741300100,1087,1813,741650000,741650000
4,2119,741650000,741650100,1087,1813,742000000,742000000
4,2120,742000000,742000100,1087,1813,742350000,742350000
4,2121,742350000,742350100,1087,1813,742700000,742700000
4,2122,742700000,742700100,1087,1813,743050000,743050000
4,2123,743050000,743050100,1087,1813,743400000,743400000
4,2124,743400000,743400100,1087,1813,743750000,743750000
4,2125,743750000,743750100,1087,1813,744100000,744100000
4,2126,744100000,744100100,1087,1813,744450000,744450000
4,2127,744450000,744450100,1087,1813,744800000,744800000
4,2128,744800000,744800100,1087,1813,745150000,745150000
4,2129,745150000,745150100,1087,1813,745500000,745500000
4,2130,745500000,745500100,1087,1813,745850000,745850000
4,2131,745850000,745850100,1087,1813,746200000,746200000
4,2132,746200000,746200100,1087,1813,746550000,746550000
4,2133,746550000,746550100,1087,1813,746900000,746900000
4,2134,746900000,746900100,1087,1813,747250000,747250000
4,2135,747250000,747250100,1087,1813,747600000,747600000
4,2136,747600000,747600100,1087,1813,747950000,747950000
4,2137,747950000,747950100,1087,1813,748300000,748300000
4,2138,748300000,748300100,1087,1813,748650000,748650000
4,2139,748650000,748650100,1087,1813,749000000,749000000
4,2140,749000000,749000100,1087,1813,749350000,749350000
4,2141,749350000,749350100,1087,1813,749700000,749700000
4,2142,749700000,749700100,1087,1813,750050000,750050000
4,2143,750050000,750050100,1087,1813,750400000,750400000
4,2144,750400000,750400100,1087,1813,750750000,750750000
4,2145,750750000,750750100,1087,1813,751100000,751100000
4,2146,751100000,751100100,1087,1813,751450000,751450000
4,2147,751450000,751450100,1087,1813,751800000,751800000
4,2148,751800000,751800100,1087,1813,752150000,752150000
4,2149,752150000,752150100,1087,1813,752500000,752500000
4,2150,752500000,752500100,1087,1813,752850000,752850000
4,2151,752850000,752850100,1087,1813,753200000,753200000
4,2152,753200000,753200100,1087,1813,753550000,753550000
4,2153,753550000,753550100,1087,1813,753900000,753900000
4,2154,753900000,753900100,1087,1813,754250000,754250000
4,2155,754250000,754250100,1087,1813,754600000,754600000
4,2156,754600000,754600100,1087,1813,754950000,754950000
4,2157,754950000,754950100,1087,1813,755300000,755300000
4,2158,755300000,755300100,1087,1813,755650000,755650000
4,2159,755650000,755650100,1087,1813,756000000,756000000
4,2160,756000000,756000100,1087,1813,756350000,756350000
4,2161,756350000,756350100,1087,1813,756700000,756700000
4,2162,756700000,756700100,1087,1813,757050000,757050000
4,2163,757050000,757050100,1087,1813,757400000,757400000
4,2164,757400000,757400100,1087,1813,757750000,757750000
4,2165,757750000,757750100,1087,1813,758100000,758100000
4,2166,758100000,758100100,1087,1813,758450000,758450000
4,2167,758450000,758450100,1087,1813,758800000,758800000
4,2168,758800000,758800100,1087,1813,759150000,759150000
4,2169,759150000,759150100,1087,1813,759500000,759500000
4,2170,759500000,759500100,1087,1813,759850000,759850000
4,2171,759850000,759850100,1087,1813,760200000,760200000
4,2172,760200000,760200100,1087,1813,760550000,760550000
4,2173,760550000,760550100,1087,1813,760900000,760900000
4,2174,760900000,760900100,1087,1813,761250000,761250000
4,2175,761250000,761250100,1087,1813,761600000,761600000
4,2176,761600000,761600100,1087,1813,761950000,761950000
4,2177,761950000,761950100,1087,1813,762300000,762300000
4,2178,762300000,762300100,1087,1813,762650000,762650000
4,2179,762650000,762650100,1087,1813,763000000,763000000
4,2180,763000000,763000100,1087,1813,763350000,763350000
4,2181,763350000,763350100,1087,1813,763700000,763700000
4,2182,763700000,763700100,1087,1813,764050000,764050000
4,2183,764050000,764050100,1087,1813,764400000,764400000
4,2184,764400000,764400100,1087,1813,764750000,764750000
4,2185,764750000,764750100,1087,1813,765100000,765100000
4,2186,765100000,765100100,1087,1813,765450000,765450000
4,2187,765450000,765450100,1087,1813,765800000,765800000
4,2188,765800000,765800100,1087,1813,766150000,766150000
4,2189,766150000,766150100,1087,1813,766500000,766500000
4,2190,766500000,766500100,1087,1813,766850000,766850000
4,2191,766850000,766850100,1087,1813,767200000,767200000
4,2192,767200000,767200100,1087,1813,767550000,767550000
4,2193,767550000,767550100,1087,1813,767900000,767900000
4,2194,767900000,767900100,1087,1813,768250000,768250000
4,2195,768250000,768250100,1087,1813,768600000,768600000
4,2196,768600000,768600100,1087,1813,768950000,768950000
4,2197,768950000,768950100,1087,1813,769300000,769300000
4,2198,769300000,769300100,1087,1813,769650000,769650000
4,2199,769650000,769650100,1087,1813,770000000,770000000
4,2200,770000000,770000100,1087,1813,770350000,770350000
4,2201,770350000,770350100,1087,1813,770700000,770700000
4,2202,770700000,770700100,1087,1813,771050000,771050000
4,2203,771050000,771050100,1087,1813,771400000,771400000
4,2204,771400000,771400100,1087,1813,771750000,771750000
4,2205,771750000,771750100,1087,1813,772100000,772100000
4,2206,772100000,772100100,1087,1813,772450000,772450000
4,2207,772450000,772450100,1087,1813,772800000,772800000
4,2208,772800000,772800100,1087,1813,773150000,773150000
4,2209,773150000,773150100,1087,1813,773500000,773500000
4,2210,773500000,773500100,1087,1813,773850000,773850000
4,2211,773850000,773850100,1087,1813,774200000,774200000
4,2212,774200000,774200100,1087,1813,774550000,774550000
4,2213,774550000,774550100,1087,1813,774900000,774900000
4,2214,774900000,774900100,1087,1813,775250000,775250000
4,2215,775250000,775250100,1087,1813,775600000,775600000
4,2216,775600000,775600100,1087,1813,775950000,775950000
4,2217,775950000,775950100,1087,1813,776300000,776300000
4,2218,776300000,776300100,1087,1813,776650000,776650000
4,2219,776650000,776650100,1087,1813,777000000,777000000
4,2220,777000000,777000100,1087,1813,777350000,777350000
4,2221,777350000,777350100,1087,1813,777700000,777700000
4,2222,777700000,777700100,1087,1813,778050000,778050000
4,2223,778050000,778050100,1087,1813,778400000,778400000
4,2224,778400000,778400100,1087,1813,778750000,778750000
4,2225,778750000,778750100,1087,1813,779100000,779100000
4,2226,779100000,779100100,1087,1813,779450000,779450000
4,2227,779450000,779450100,1087,1813,779800000,779800000
4,2228,779800000,779800100,1087,1813,780150000,780150000
4,2229,780150000,780150100,1087,1813,780500000,780500000
4,2230,780500000,780500100,1087,1813,780850000,780850000
4,2231,780850000,780850100,1087,1813,781200000,781200000
4,2232,781200000,781200100,1087,1813,781550000,781550000
4,2233,781550000,781550100,1087,1813,781900000,781900000
4,2234,781900000,781900100,1087,1813,782250000,782250000
4,2235,782250000,782250100,1087,1813,782600000,782600000
4,2236,782600000,782600100,1087,1813,782950000,782950000
4,2237,782950000,782950100,1087,1813,783300000,783300000
4,2238,783300000,783300100,1087,1813,783650000,783650000
4,2239,783650000,783650100,1087,1813,784000000,784000000
4,2240,784000000,784000100,1087,1813,784350000,784350000
4,2241,784350000,784350100,1087,1813,784700000,784700000
4,2242,784700000,784700100,1087,1813,785050000,785050000
4,2243,785050000,785050100,1087,1813,785400000,785400000
4,2244,785400000,785400100,1087,1813,785750000,785750000
4,2245,785750000,785750100,1087,1813,786100000,786100000
4,2246,786100000,786100100,1087,1813,786450000,786450000
4,2247,786450000,786450100,1087,1813,786800000,786800000
4,2248,786800000,786800100,1087,1813,787150000,787150000
4,2249,787150000,787150100,1087,1813,787500000,787500000
4,2250,787500000,787500100,1087,1813,787850000,787850000
4,2251,787850000,787850100,1087,1813,788200000,788200000
4,2252,788200000,788200100,1087,1813,788550000,788550000
4,2253,788550000,788550100,1087,1813,788900000,788900000
4,2254,788900000,788900100,1087,1813,789250000,789250000
4,2255,789250000,789250100,1087,1813,789600000,789600000
4,2256,789600000,789600100,1087,1813,789950000,789950000
4,2257,789950000,789950100,1087,1813,790300000,790300000
4,2258,790300000,790300100,1087,1813,790650000,790650000
4,2259,790650000,790650100,1087,1813,791000000,791000000
4,2260,791000000,791000100,1087,1813,791350000,791350000
4,2261,791350000,791350100,1087,1813,791700000,791700000
4,2262,791700000,791700100,1087,1813,792050000,792050000
4,2263,792050000,792050100,1087,1813,792400000,792400000
4,2264,792400000,792400100,1087,1813,792750000,792750000
4,2265,792750000,792750100,1087,1813,793100000,793100000
4,2266,793100000,793100100,1087,1813,793450000,793450000
4,2267,793450000,793450100,1087,1813,793800000,793800000
4,2268,793800000,793800100,1087,1813,794150000,794150000
4,2269,794150000,794150100,1087,1813,794500000,794500000
4,2270,794500000,794500100,1087,1813,794850000,794850000
4,2271,794850000,794850100,1087,1813,795200000,795200000
4,2272,795200000,795200100,1087,1813,795550000,795550000
4,2273,795550000,795550100,1087,1813,795900000,795900000
4,2274,795900000,795900100,1087,1813,796250000,796250000
4,2275,796250000,796250100,1087,1813,796600000,796600000
4,2276,796600000,796600100,1087,1813,796950000,796950000
4,2277,796950000,796950100,1087,1813,797300000,797300000
4,2278,797300000,797300100,1087,1813,797650000,797650000
4,2279,797650000,797650100,1087,1813,798000000,798000000
4,2280,798000000,798000100,1087,1813,798350000,798350000
4,2281,798350000,798350100,1087,1813,798700000,798700000
4,2282,798700000,798700100,1087,1813,799050000,799050000
4,2283,799050000,799050100,1087,1813,799400000,799400000
4,2284,799400000,799400100,1087,1813,799750000,799750000
4,2285,799750000,799750100,1087,1813,800100000,800100000
4,2286,800100000,800100100,1087,1813,800450000,800450000
4,2287,800450000,800450100,1087,1813,800800000,800800000
4,2288,800800000,800800100,1087,1813,801150000,801150000
4,2289,801150000,801150100,1087,1813,801500000,801500000
4,2290,801500000,801500100,1087,1813,801850000,801850000
4,2291,801850000,801850100,1087,1813,802200000,802200000
4,2292,802200000,802200100,1087,1813,802550000,802550000
4,2293,802550000,802550100,1087,1813,802900000,802900000
4,2294,802900000,802900100,1087,1813,803250000,803250000
4,2295,803250000,803250100,1087,1813,803600000,803600000
4,2296,803600000,803600100,1087,1813,803950000,803950000
4,2297,803950000,803950100,1087,1813,804300000,804300000
4,2298,804300000,804300100,1087,1813,804650000,804650000
4,2299,804650000,804650100,1087,1813,805000000,805000000
4,2300,805000000,805000100,1087,1813,805350000,805350000
4,2301,805350000,805350100,1087,1813,805700000,805700000
4,2302,805700000,805700100,1087,1813,806050000,806050000
4,2303,806050000,806050100,1087,1813,806400000,806400000
4,2304,806400000,806400100,1087,1813,806750000,806750000
4,2305,806750000,806750100,1087,1813,807100000,807100000
4,2306,807100000,807100100,1087,1813,807450000,807450000
4,2307,807450000,807450100,1087,1813,807800000,807800000
4,2308,807800000,807800100,1087,1813,808150000,808150000
4,2309,808150000,808150100,1087,1813,808500000,808500000
4,2310,808500000,808500100,1087,1813,808850000,808850000
4,2311,808850000,808850100,1087,1813,809200000,809200000
4,2312,809200000,809200100,1087,1813,809550000,809550000
4,2313,809550000,809550100,1087,1813,809900000,809900000
4,2314,809900000,809900100,1087,1813,810250000,810250000
4,2315,810250000,810250100,1087,1813,810600000,810600000
4,2316,810600000,810600100,1087,1813,810950000,810950000
4,2317,810950000,810950100,1087,1813,811300000,811300000
4,2318,811300000,811300100,1087,1813,811650000,811650000
4,2319,811650000,811650100,1087,1813,812000000,812000000
4,2320,812000000,812000100,1087,1813,812350000,812350000
4,2321,812350000,812350100,1087,1813,812700000,812700000
4,2322,812700000,812700100,1087,1813,813050000,813050000
4,2323,813050000,813050100,1087,1813,813400000,813400000
4,2324,813400000,813400100,1087,1813,813750000,813750000
4,2325,813750000,813750100,1087,1813,814100000,814100000
4,2326,814100000,814100100,1087,1813,814450000,814450000
4,2327,814450000,814450100,1087,1813,814800000,814800000
4,2328,814800000,814800100,1087,1813,815150000,815150000
4,2329,815150000,815150100,1087,1813,815500000,815500000
4,2330,815500000,815500100,1087,1813,815850000,815850000
4,2331,815850000,815850100,1087,1813,816200000,816200000
4,2332,816200000,816200100,1087,1813,816550000,816550000
4,2333,816550000,816550100,1087,1813,816900000,816900000
4,2334,816900000,816900100,1087,1813,817250000,817250000
4,2335,817250000,817250100,1087,1813,817600000,817600000
4,2336,817600000,817600100,1087,1813,817950000,817950000
4,2337,817950000,817950100,1087,1813,818300000,818300000
4,2338,818300000,818300100,1087,1813,818650000,818650000
4,2339,818650000,818650100,1087,1813,819000000,819000000
4,2340,819000000,819000100,1087,1813,819350000,819350000
4,2341,819350000,819350100,1087,1813,819700000,819700000
4,2342,819700000,819700100,1087,1813,820050000,820050000
4,2343,820050000,820050100,1087,1813,820400000,820400000
4,2344,820400000,820400100,1087,1813,820750000,820750000
4,2345,820750000,820750100,1087,1813,821100000,821100000
4,2346,821100000,821100100,1087,1813,821450000,821450000
4,2347,821450000,821450100,1087,1813,821800000,821800000
4,2348,821800000,821800100,1087,1813,822150000,822150000
4,2349,822150000,822150100,1087,1813,822500000,822500000
4,2350,822500000,822500100,1087,1813,822850000,822850000
4,2351,822850000,822850100,1087,1813,823200000,823200000
4,2352,823200000,823200100,1087,1813,823550000,823550000
4,2353,823550000,823550100,1087,1813,823900000,823900000
4,2354,823900000,823900100,1087,1813,824250000,824250000
4,2355,824250000,824250100,1087,1813,824600000,824600000
4,2356,824600000,824600100,1087,1813,824950000,824950000
4,2357,824950000,824950100,1087,1813,825300000,825300000
4,2358,825300000,825300100,1087,1813,825650000,825650000
4,2359,825650000,825650100,1087,1813,826000000,826000000
4,2360,826000000,826000100,1087,1813,826350000,826350000
4,2361,826350000,826350100,1087,1813,826700000,826700000
4,2362,826700000,826700100,1087,1813,827050000,827050000
4,2363,827050000,827050100,1087,1813,827400000,827400000
4,2364,827400000,827400100,1087,1813,827750000,827750000
4,2365,827750000,827750100,1087,1813,828100000,828100000
4,2366,828100000,828100100,1087,1813,828450000,828450000
4,2367,828450000,828450100,1087,1813,828800000,828800000
4,2368,828800000,828800100,1087,1813,829150000,829150000
4,2369,829150000,829150100,1087,1813,829500000,829500000
4,2370,829500000,829500100,1087,1813,829850000,829850000
4,2371,829850000,829850100,1087,1813,830200000,830200000
4,2372,830200000,830200100,1087,1813,830550000,830550000
4,2373,830550000,830550100,1087,1813,830900000,830900000
4,2374,830900000,830900100,1087,1813,831250000,831250000
4,2375,831250000,831250100,1087,1813,831600000,831600000
4,2376,831600000,831600100,1087,1813,831950000,831950000
4,2377,831950000,831950100,1087,1813,832300000,832300000
4,2378,832300000,832300100,1087,1813,832650000,832650000
4,2379,832650000,832650100,1087,1813,833000000,833000000
4,2380,833000000,833000100,1087,1813,833350000,833350000
4,2381,833350000,833350100,1087,1813,833700000,833700000
4,2382,833700000,833700100,1087,1813,834050000,834050000
4,2383,834050000,834050100,1087,1813,834400000,834400000
4,2384,834400000,834400100,1087,1813,834750000,834750000
4,2385,834750000,834750100,1087,1813,835100000,835100000
4,2386,835100000,835100100,1087,1813,835450000,835450000
4,2387,835450000,835450100,1087,1813,835800000,835800000
4,2388,835800000,835800100,1087,1813,836150000,836150000
4,2389,836150000,836150100,1087,1813,836500000,836500000
4,2390,836500000,836500100,1087,1813,836850000,836850000
4,2391,836850000,836850100,1087,1813,837200000,837200000
4,2392,837200000,837200100,1087,1813,837550000,837550000
4,2393,837550000,837550100,1087,1813,837900000,837900000
4,2394,837900000,837900100,1087,1813,838250000,838250000
4,2395,838250000,838250100,1087,1813,838600000,838600000
4,2396,838600000,838600100,1087,1813,838950000,838950000
4,2397,838950000,838950100,1087,1813,839300000,839300000
4,2398,839300000,839300100,1087,1813,839650000,839650000
4,2399,839650000,839650100,1087,1813,840000000,840000000
4,2400,840000000,840000100,1087,1813,840350000,840350000
4,2401,840350000,840350100,1087,1813,840700000,840700000
4,2402,840700000,840700100,1087,1813,841050000,841050000
4,2403,841050000,841050100,1087,1813,841400000,841400000
4,2404,841400000,841400100,1087,1813,841750000,841750000
4,2405,841750000,841750100,1087,1813,842100000,842100000
4,2406,842100000,842100100,1087,1813,842450000,842450000
4,2407,842450000,842450100,1087,1813,842800000,842800000
4,2408,842800000,842800100,1087,1813,843150000,843150000
4,2409,843150000,843150100,1087,1813,843500000,843500000
4,2410,843500000,843500100,1087,1813,843850000,843850000
4,2411,843850000,843850100,1087,1813,844200000,844200000
4,2412,844200000,844200100,1087,1813,844550000,844550000
4,2413,844550000,844550100,1087,1813,844900000,844900000
4,2414,844900000,844900100,1087,1813,845250000,845250000
4,2415,845250000,845250100,1087,1813,845600000,845600000
4,2416,845600000,845600100,1087,1813,845950000,845950000
4,2417,845950000,845950100,1087,1813,846300000,846300000
4,2418,846300000,846300100,1087,1813,846650000,846650000
4,2419,846650000,846650100,1087,1813,847000000,847000000
4,2420,847000000,847000100,1087,1813,847350000,847350000
4,2421,847350000,847350100,1087,1813,847700000,847700000
4,2422,847700000,847700100,1087,1813,848050000,848050000
4,2423,848050000,848050100,1087,1813,848400000,848400000
4,2424,848400000,848400100,1087,1813,848750000,848750000
4,2425,848750000,848750100,1087,1813,849100000,849100000
4,2426,849100000,849100100,1087,1813,849450000,849450000
4,2427,849450000,849450100,1087,1813,849800000,849800000
4,2428,849800000,849800100,1087,1813,850150000,850150000
4,2429,850150000,850150100,1087,1813,850500000,850500000
4,2430,850500000,850500100,1087,1813,850850000,850850000
4,2431,850850000,850850100,1087,1813,851200000,851200000
4,2432,851200000,851200100,1087,1813,851550000,851550000
4,2433,851550000,851550100,1087,1813,851900000,851900000
4,2434,851900000,851900100,1087,1813,852250000,852250000
4,2435,852250000,852250100,1087,1813,852600000,852600000
4,2436,852600000,852600100,1087,1813,852950000,852950000
4,2437,852950000,852950100,1087,1813,853300000,853300000
4,2438,853300000,853300100,1087,1813,853650000,853650000
4,2439,853650000,853650100,1087,1813,854000000,854000000
4,2440,854000000,854000100,1087,1813,854350000,854350000
4,2441,854350000,854350100,1087,1813,854700000,854700000
4,2442,854700000,854700100,1087,1813,855050000,855050000
4,2443,855050000,855050100,1087,1813,855400000,855400000
4,2444,855400000,855400100,1087,1813,855750000,855750000
4,2445,855750000,855750100,1087,1813,856100000,856100000
4,2446,856100000,856100100,1087,1813,856450000,856450000
4,2447,856450000,856450100,1087,1813,856800000,856800000
4,2448,856800000,856800100,1087,1813,857150000,857150000
4,2449,857150000,857150100,1087,1813,857500000,857500000
4,2450,857500000,857500100,1087,1813,857850000,857850000
4,2451,857850000,857850100,1087,1813,858200000,858200000
4,2452,858200000,858200100,1087,1813,858550000,858550000
4,2453,858550000,858550100,1087,1813,858900000,858900000
4,2454,858900000,858900100,1087,1813,859250000,859250000
4,2455,859250000,859250100,1087,1813,859600000,859600000
4,2456,859600000,859600100,1087,1813,859950000,859950000
4,2457,859950000,859950100,1087,1813,860300000,860300000
4,2458,860300000,860300100,1087,1813,860650000,860650000
4,2459,860650000,860650100,1087,1813,861000000,861000000
4,2460,861000000,861000100,1087,1813,861350000,861350000
4,2461,861350000,861350100,1087,1813,861700000,861700000
4,2462,861700000,861700100,1087,1813,862050000,862050000
4,2463,862050000,862050100,1087,1813,862400000,862400000
4,2464,862400000,862400100,1087,1813,862750000,862750000
4,2465,862750000,862750100,1087,1813,863100000,863100000
4,2466,863100000,863100100,1087,1813,863450000,863450000
4,2467,863450000,863450100,1087,1813,863800000,863800000
4,2468,863800000,863800100,1087,1813,864150000,864150000
4,2469,864150000,864150100,1087,1813,864500000,864500000
4,2470,864500000,864500100,1087,1813,864850000,864850000
4,2471,864850000,864850100,1087,1813,865200000,865200000
4,2472,865200000,865200100,1087,1813,865550000,865550000
4,2473,865550000,865550100,1087,1813,865900000,865900000
4,2474,865900000,865900100,1087,1813,866250000,866250000
4,2475,866250000,866250100,1087,1813,866600000,866600000
4,2476,866600000,866600100,1087,1813,866950000,866950000
4,2477,866950000,866950100,1087,1813,867300000,867300000
4,2478,867300000,867300100,1087,1813,867650000,867650000
4,2479,867650000,867650100,1087,1813,868000000,868000000
4,2480,868000000,868000100,1087,1813,868350000,868350000
4,2481,868350000,868350100,1087,1813,868700000,868700000
4,2482,868700000,868700100,1087,1813,869050000,869050000
4,2483,869050000,869050100,1087,1813,869400000,869400000
4,2484,869400000,869400100,1087,1813,869750000,869750000
4,2485,869750000,869750100,1087,1813,870100000,870100000
4,2486,870100000,870100100,1087,1813,870450000,870450000
4,2487,870450000,870450100,1087,1813,870800000,870800000
4,2488,870800000,870800100,1087,1813,871150000,871150000
4,2489,871150000,871150100,1087,1813,871500000,871500000
4,2490,871500000,871500100,1087,1813,871850000,871850000
4,2491,871850000,871850100,1087,1813,872200000,872200000
4,2492,872200000,872200100,1087,1813,872550000,872550000
4,2493,872550000,872550100,1087,1813,872900000,872900000
4,2494,872900000,872900100,1087,1813,873250000,873250000
4,2495,873250000,873250100,1087,1813,873600000,873600000
4,2496,873600000,873600100,1087,1813,873950000,873950000
4,2497,873950000,873950100,1087,1813,874300000,874300000
4,2498,874300000,874300100,1087,1813,874650000,874650000
4,2499,874650000,874650100,1087,1813,875000000,875000000
4,2500,875000000,875000100,1087,1813,875350000,875350000
4,2501,875350000,875350100,1087,1813,875700000,875700000
4,2502,875700000,875700100,1087,1813,876050000,876050000
4,2503,876050000,876050100,1087,1813,876400000,876400000
4,2504,876400000,876400100,1087,1813,876750000,876750000
4,2505,876750000,876750100,1087,1813,877100000,877100000
4,2506,877100000,877100100,1087,1813,877450000,877450000
4,2507,877450000,877450100,1087,1813,877800000,877800000
4,2508,877800000,877800100,1087,1813,878150000,878150000
4,2509,878150000,878150100,1087,1813,878500000,878500000
4,2510,878500000,878500100,1087,1813,878850000,878850000
4,2511,878850000,878850100,1087,1813,879200000,879200000
4,2512,879200000,879200100,1087,1813,879550000,879550000
4,2513,879550000,879550100,1087,1813,879900000,879900000
4,2514,879900000,879900100,1087,1813,880250000,880250000
4,2515,880250000,880250100,1087,1813,880600000,880600000
4,2516,880600000,880600100,1087,1813,880950000,880950000
4,2517,880950000,880950100,1087,1813,881300000,881300000
4,2518,881300000,881300100,1087,1813,881650000,881650000
4,2519,881650000,881650100,1087,1813,882000000,882000000
4,2520,882000000,882000100,1087,1813,882350000,882350000
4,2521,882350000,882350100,1087,1813,882700000,882700000
4,2522,882700000,882700100,1087,1813,883050000,883050000
4,2523,883050000,883050100,1087,1813,883400000,883400000
4,2524,883400000,883400100,1087,1813,883750000,883750000
4,2525,883750000,883750100,1087,1813,884100000,884100000
4,2526,884100000,884100100,1087,1813,884450000,884450000
4,2527,884450000,884450100,1087,1813,884800000,884800000
4,2528,884800000,884800100,1087,1813,885150000,885150000
4,2529,885150000,885150100,1087,1813,885500000,885500000
4,2530,885500000,885500100,1087,1813,885850000,885850000
4,2531,885850000,885850100,1087,1813,886200000,886200000
4,2532,886200000,886200100,1087,1813,886550000,886550000
4,2533,886550000,886550100,1087,1813,886900000,886900000
4,2534,886900000,886900100,1087,1813,887250000,887250000
4,2535,887250000,887250100,1087,1813,887600000,887600000
4,2536,887600000,887600100,1087,1813,887950000,887950000
4,2537,887950000,887950100,1087,1813,888300000,888300000
4,2538,888300000,888300100,1087,1813,888650000,888650000
4,2539,888650000,888650100,1087,1813,889000000,889000000
4,2540,889000000,889000100,1087,1813,889350000,889350000
4,2541,889350000,889350100,1087,1813,889700000,889700000
4,2542,889700000,889700100,1087,1813,890050000,890050000
4,2543,890050000,890050100,1087,1813,890400000,890400000
4,2544,890400000,890400100,1087,1813,890750000,890750000
4,2545,890750000,890750100,1087,1813,891100000,891100000
4,2546,891100000,891100100,1087,1813,891450000,891450000
4,2547,891450000,891450100,1087,1813,891800000,891800000
4,2548,891800000,891800100,1087,1813,892150000,892150000
4,2549,892150000,892150100,1087,1813,892500000,892500000
4,2550,892500000,892500100,1087,1813,892850000,892850000
4,2551,892850000,892850100,1087,1813,893200000,893200000
4,2552,893200000,893200100,1087,1813,893550000,893550000
4,2553,893550000,893550100,1087,1813,893900000,893900000
4,2554,893900000,893900100,1087,1813,894250000,894250000
4,2555,894250000,894250100,1087,1813,894600000,894600000
4,2556,894600000,894600100,1087,1813,894950000,894950000
4,2557,894950000,894950100,1087,1813,895300000,895300000
4,2558,895300000,895300100,1087,1813,895650000,895650000
4,2559,895650000,895650100,1087,1813,896000000,896000000
4,2560,896000000,896000100,1087,1813,896350000,896350000
4,2561,896350000,896350100,1087,1813,896700000,896700000
4,2562,896700000,896700100,1087,1813,897050000,897050000
4,2563,897050000,897050100,1087,1813,897400000,897400000
4,2564,897400000,897400100,1087,1813,897750000,897750000
4,2565,897750000,897750100,1087,1813,898100000,898100000
4,2566,898100000,898100100,1087,1813,898450000,898450000
4,2567,898450000,898450100,1087,1813,898800000,898800000
4,2568,898800000,898800100,1087,1813,899150000,899150000
4,2569,899150000,899150100,1087,1813,899500000,899500000
4,2570,899500000,899500100,1087,1813,899850000,899850000
4,2571,899850000,899850100,1087,1813,900200000,900200000
4,2572,900200000,900200100,1087,1813,900550000,900550000
4,2573,900550000,900550100,1087,1813,900900000,900900000
4,2574,900900000,900900100,1087,1813,901250000,901250000
4,2575,901250000,901250100,1087,1813,901600000,901600000
4,2576,901600000,901600100,1087,1813,901950000,901950000
4,2577,901950000,901950100,1087,1813,902300000,902300000
4,2578,902300000,902300100,1087,1813,902650000,902650000
4,2579,902650000,902650100,1087,1813,903000000,903000000
4,2580,903000000,903000100,1087,1813,903350000,903350000
4,2581,903350000,903350100,1087,1813,903700000,903700000
4,2582,903700000,903700100,1087,1813,904050000,904050000
4,2583,904050000,904050100,1087,1813,904400000,904400000
4,2584,904400000,904400100,1087,1813,904750000,904750000
4,2585,904750000,904750100,1087,1813,905100000,905100000
4,2586,905100000,905100100,1087,1813,905450000,905450000
4,2587,905450000,905450100,1087,1813,905800000,905800000
4,2588,905800000,905800100,1087,1813,906150000,906150000
4,2589,906150000,906150100,1087,1813,906500000,906500000
4,2590,906500000,906500100,1087,1813,906850000,906850000
4,2591,906850000,906850100,1087,1813,907200000,907200000
4,2592,907200000,907200100,1087,1813,907550000,907550000
4,2593,907550000,907550100,1087,1813,907900000,907900000
4,2594,907900000,907900100,1087,1813,908250000,908250000
4,2595,908250000,908250100,1087,1813,908600000,908600000
4,2596,908600000,908600100,1087,1813,908950000,908950000
4,2597,908950000,908950100,1087,1813,909300000,909300000
4,2598,909300000,909300100,1087,1813,909650000,909650000
4,2599,909650000,909650100,1087,1813,910000000,910000000
4,2600,910000000,910000100,1087,1813,910350000,910350000
4,2601,910350000,910350100,1087,1813,910700000,910700000
4,2602,910700000,910700100,1087,1813,911050000,911050000
4,2603,911050000,911050100,1087,1813,911400000,911400000
4,2604,911400000,911400100,1087,1813,911750000,911750000
4,2605,911750000,911750100,1087,1813,912100000,912100000
4,2606,912100000,912100100,1087,1813,912450000,912450000
4,2607,912450000,912450100,1087,1813,912800000,912800000
4,2608,912800000,912800100,1087,1813,913150000,913150000
4,2609,913150000,913150100,1087,1813,913500000,913500000
4,2610,913500000,913500100,1087,1813,913850000,913850000
4,2611,913850000,913850100,1087,1813,914200000,914200000
4,2612,914200000,914200100,1087,1813,914550000,914550000
4,2613,914550000,914550100,1087,1813,914900000,914900000
4,2614,914900000,914900100,1087,1813,915250000,915250000
4,2615,915250000,915250100,1087,1813,915600000,915600000
4,2616,915600000,915600100,1087,1813,915950000,915950000
4,2617,915950000,915950100,1087,1813,916300000,916300000
4,2618,916300000,916300100,1087,1813,916650000,916650000
4,2619,916650000,916650100,1087,1813,917000000,917000000
4,2620,917000000,917000100,1087,1813,917350000,917350000
4,2621,917350000,917350100,1087,1813,917700000,917700000
4,2622,917700000,917700100,1087,1813,918050000,918050000
4,2623,918050000,918050100,1087,1813,918400000,918400000
4,2624,918400000,918400100,1087,1813,918750000,918750000
4,2625,918750000,918750100,1087,1813,919100000,919100000
4,2626,919100000,919100100,1087,1813,919450000,919450000
4,2627,919450000,919450100,1087,1813,919800000,919800000
4,2628,919800000,919800100,1087,1813,920150000,920150000
4,2629,920150000,920150100,1087,1813,920500000,920500000
4,2630,920500000,920500100,1087,1813,920850000,920850000
4,2631,920850000,920850100,1087,1813,921200000,921200000
4,2632,921200000,921200100,1087,1813,921550000,921550000
4,2633,921550000,921550100,1087,1813,921900000,921900000
4,2634,921900000,921900100,1087,1813,922250000,922250000
4,2635,922250000,922250100,1087,1813,922600000,922600000
4,2636,922600000,922600100,1087,1813,922950000,922950000
4,2637,922950000,922950100,1087,1813,923300000,923300000
4,2638,923300000,923300100,1087,1813,923650000,923650000
4,2639,923650000,923650100,1087,1813,924000000,924000000
4,2640,924000000,924000100,1087,1813,924350000,924350000
4,2641,924350000,924350100,1087,1813,924700000,924700000
4,2642,924700000,924700100,1087,1813,925050000,925050000
4,2643,925050000,925050100,1087,1813,925400000,925400000
4,2644,925400000,925400100,1087,1813,925750000,925750000
4,2645,925750000,925750100,1087,1813,926100000,926100000
4,2646,926100000,926100100,1087,1813,926450000,926450000
4,2647,926450000,926450100,1087,1813,926800000,926800000
4,2648,926800000,926800100,1087,1813,927150000,927150000
4,2649,927150000,927150100,1087,1813,927500000,927500000
4,2650,927500000,927500100,1087,1813,927850000,927850000
4,2651,927850000,927850100,1087,1813,928200000,928200000
4,2652,928200000,928200100,1087,1813,928550000,928550000
4,2653,928550000,928550100,1087,1813,928900000,928900000
4,2654,928900000,928900100,1087,1813,929250000,929250000
4,2655,929250000,929250100,1087,1813,929600000,929600000
4,2656,929600000,929600100,1087,1813,929950000,929950000
4,2657,929950000,929950100,1087,1813,930300000,930300000
4,2658,930300000,930300100,1087,1813,930650000,930650000
4,2659,930650000,930650100,1087,1813,931000000,931000000
4,2660,931000000,931000100,1087,1813,931350000,931350000
4,2661,931350000,931350100,1087,1813,931700000,931700000
4,2662,931700000,931700100,1087,1813,932050000,932050000
4,2663,932050000,932050100,1087,1813,932400000,932400000
4,2664,932400000,932400100,1087,1813,932750000,932750000
4,2665,932750000,932750100,1087,1813,933100000,933100000
4,2666,933100000,933100100,1087,1813,933450000,933450000
4,2667,933450000,933450100,1087,1813,933800000,933800000
4,2668,933800000,933800100,1087,1813,934150000,934150000
4,2669,934150000,934150100,1087,1813,934500000,934500000
4,2670,934500000,934500100,1087,1813,934850000,934850000
4,2671,934850000,934850100,1087,1813,935200000,935200000
4,2672,935200000,935200100,1087,1813,935550000,935550000
4,2673,935550000,935550100,1087,1813,935900000,935900000
4,2674,935900000,935900100,1087,1813,936250000,936250000
4,2675,936250000,936250100,1087,1813,936600000,936600000
4,2676,936600000,936600100,1087,1813,936950000,936950000
4,2677,936950000,936950100,1087,1813,937300000,937300000
4,2678,937300000,937300100,1087,1813,937650000,937650000
4,2679,937650000,937650100,1087,1813,938000000,938000000
4,2680,938000000,938000100,1087,1813,938350000,938350000
4,2681,938350000,938350100,1087,1813,938700000,938700000
4,2682,938700000,938700100,1087,1813,939050000,939050000
4,2683,939050000,939050100,1087,1813,939400000,939400000
4,2684,939400000,939400100,1087,1813,939750000,939750000
4,2685,939750000,939750100,1087,1813,940100000,940100000
4,2686,940100000,940100100,1087,1813,940450000,940450000
4,2687,940450000,940450100,1087,1813,940800000,940800000
4,2688,940800000,940800100,1087,1813,941150000,941150000
4,2689,941150000,941150100,1087,1813,941500000,941500000
4,2690,941500000,941500100,1087,1813,941850000,941850000
4,2691,941850000,941850100,1087,1813,942200000,942200000
4,2692,942200000,942200100,1087,1813,942550000,942550000
4,2693,942550000,942550100,1087,1813,942900000,942900000
4,2694,942900000,942900100,1087,1813,943250000,943250000
4,2695,943250000,943250100,1087,1813,943600000,943600000
4,2696,943600000,943600100,1087,1813,943950000,943950000
4,2697,943950000,943950100,1087,1813,944300000,944300000
4,2698,944300000,944300100,1087,1813,944650000,944650000
4,2699,944650000,944650100,1087,1813,945000000,945000000
4,2700,945000000,945000100,1087,1813,945350000,945350000
4,2701,945350000,945350100,1087,1813,945700000,945700000
4,2702,945700000,945700100,1087,1813,946050000,946050000
4,2703,946050000,946050100,1087,1813,946400000,946400000
4,2704,946400000,946400100,1087,1813,946750000,946750000
4,2705,946750000,946750100,1087,1813,947100000,947100000
4,2706,947100000,947100100,1087,1813,947450000,947450000
4,2707,947450000,947450100,1087,1813,947800000,947800000
4,2708,947800000,947800100,1087,1813,948150000,948150000
4,2709,948150000,948150100,1087,1813,948500000,948500000
4,2710,948500000,948500100,1087,1813,948850000,948850000
4,2711,948850000,948850100,1087,1813,949200000,949200000
4,2712,949200000,949200100,1087,1813,949550000,949550000
4,2713,949550000,949550100,1087,1813,949900000,949900000
4,2714,949900000,949900100,1087,1813,950250000,950250000
4,2715,950250000,950250100,1087,1813,950600000,950600000
4,2716,950600000,950600100,1087,1813,950950000,950950000
4,2717,950950000,950950100,1087,1813,951300000,951300000
4,2718,951300000,951300100,1087,1813,951650000,951650000
4,2719,951650000,951650100,1087,1813,952000000,952000000
4,2720,952000000,952000100,1087,1813,952350000,952350000
4,2721,952350000,952350100,1087,1813,952700000,952700000
4,2722,952700000,952700100,1087,1813,953050000,953050000
4,2723,953050000,953050100,1087,1813,953400000,953400000
4,2724,953400000,953400100,1087,1813,953750000,953750000
4,2725,953750000,953750100,1087,1813,954100000,954100000
4,2726,954100000,954100100,1087,1813,954450000,954450000
4,2727,954450000,954450100,1087,1813,954800000,954800000
4,2728,954800000,954800100,1087,1813,955150000,955150000
4,2729,955150000,955150100,1087,1813,955500000,955500000
4,2730,955500000,955500100,1087,1813,955850000,955850000
4,2731,955850000,955850100,1087,1813,956200000,956200000
4,2732,956200000,956200100,1087,1813,956550000,956550000
4,2733,956550000,956550100,1087,1813,956900000,956900000
4,2734,956900000,956900100,1087,1813,957250000,957250000
4,2735,957250000,957250100,1087,1813,957600000,957600000
4,2736,957600000,957600100,1087,1813,957950000,957950000
4,2737,957950000,957950100,1087,1813,958300000,958300000
4,2738,958300000,958300100,1087,1813,958650000,958650000
4,2739,958650000,958650100,1087,1813,959000000,959000000
4,2740,959000000,959000100,1087,1813,959350000,959350000
4,2741,959350000,959350100,1087,1813,959700000,959700000
4,2742,959700000,959700100,1087,1813,960050000,960050000
4,2743,960050000,960050100,1087,1813,960400000,960400000
4,2744,960400000,960400100,1087,1813,960750000,960750000
4,2745,960750000,960750100,1087,1813,961100000,961100000
4,2746,961100000,961100100,1087,1813,961450000,961450000
4,2747,961450000,961450100,1087,1813,961800000,961800000
4,2748,961800000,961800100,1087,1813,962150000,962150000
4,2749,962150000,962150100,1087,1813,962500000,962500000
4,2750,962500000,962500100,1087,1813,962850000,962850000
4,2751,962850000,962850100,1087,1813,963200000,963200000
4,2752,963200000,963200100,1087,1813,963550000,963550000
4,2753,963550000,963550100,1087,1813,963900000,963900000
4,2754,963900000,963900100,1087,1813,964250000,964250000
4,2755,964250000,964250100,1087,1813,964600000,964600000
4,2756,964600000,964600100,1087,1813,964950000,964950000
4,2757,964950000,964950100,1087,1813,965300000,965300000
4,2758,965300000,965300100,1087,1813,965650000,965650000
4,2759,965650000,965650100,1087,1813,966000000,966000000
4,2760,966000000,966000100,1087,1813,966350000,966350000
4,2761,966350000,966350100,1087,1813,966700000,966700000
4,2762,966700000,966700100,1087,1813,967050000,967050000
4,2763,967050000,967050100,1087,1813,967400000,967400000
4,2764,967400000,967400100,1087,1813,967750000,967750000
4,2765,967750000,967750100,1087,1813,968100000,968100000
4,2766,968100000,968100100,1087,1813,968450000,968450000
4,2767,968450000,968450100,1087,1813,968800000,968800000
4,2768,968800000,968800100,1087,1813,969150000,969150000
4,2769,969150000,969150100,1087,1813,969500000,969500000
4,2770,969500000,969500100,1087,1813,969850000,969850000
4,2771,969850000,969850100,1087,1813,970200000,970200000
4,2772,970200000,970200100,1087,1813,970550000,970550000
4,2773,970550000,970550100,1087,1813,970900000,970900000
4,2774,970900000,970900100,1087,1813,971250000,971250000
4,2775,971250000,971250100,1087,1813,971600000,971600000
4,2776,971600000,971600100,1087,1813,971950000,971950000
4,2777,971950000,971950100,1087,1813,972300000,972300000
4,2778,972300000,972300100,1087,1813,972650000,972650000
4,2779,972650000,972650100,1087,1813,973000000,973000000
4,2780,973000000,973000100,1087,1813,973350000,973350000
4,2781,973350000,973350100,1087,1813,973700000,973700000
4,2782,973700000,973700100,1087,1813,974050000,974050000
4,2783,974050000,974050100,1087,1813,974400000,974400000
4,2784,974400000,974400100,1087,1813,974750000,974750000
4,2785,974750000,974750100,1087,1813,975100000,975100000
4,2786,975100000,975100100,1087,1813,975450000,975450000
4,2787,975450000,975450100,1087,1813,975800000,975800000
4,2788,975800000,975800100,1087,1813,976150000,976150000
4,2789,976150000,976150100,1087,1813,976500000,976500000
4,2790,976500000,976500100,1087,1813,976850000,976850000
4,2791,976850000,976850100,1087,1813,977200000,977200000
4,2792,977200000,977200100,1087,1813,977550000,977550000
4,2793,977550000,977550100,1087,1813,977900000,977900000
4,2794,977900000,977900100,1087,1813,978250000,978250000
4,2795,978250000,978250100,1087,1813,978600000,978600000
4,2796,978600000,978600100,1087,1813,978950000,978950000
4,2797,978950000,978950100,1087,1813,979300000,979300000
4,2798,979300000,979300100,1087,1813,979650000,979650000
4,2799,979650000,979650100,1087,1813,980000000,980000000
4,2800,980000000,980000100,1087,1813,980350000,980350000
4,2801,980350000,980350100,1087,1813,980700000,980700000
4,2802,980700000,980700100,1087,1813,981050000,981050000
4,2803,981050000,981050100,1087,1813,981400000,981400000
4,2804,981400000,981400100,1087,1813,981750000,981750000
4,2805,981750000,981750100,1087,1813,982100000,982100000
4,2806,982100000,982100100,1087,1813,982450000,982450000
4,2807,982450000,982450100,1087,1813,982800000,982800000
4,2808,982800000,982800100,1087,1813,983150000,983150000
4,2809,983150000,983150100,1087,1813,983500000,983500000
4,2810,983500000,983500100,1087,1813,983850000,983850000
4,2811,983850000,983850100,1087,1813,984200000,984200000
4,2812,984200000,984200100,1087,1813,984550000,984550000
4,2813,984550000,984550100,1087,1813,984900000,984900000
4,2814,984900000,984900100,1087,1813,985250000,985250000
4,2815,985250000,985250100,1087,1813,985600000,985600000
4,2816,985600000,985600100,1087,1813,985950000,985950000
4,2817,985950000,985950100,1087,1813,986300000,986300000
4,2818,986300000,986300100,1087,1813,986650000,986650000
4,2819,986650000,986650100,1087,1813,987000000,987000000
4,2820,987000000,987000100,1087,1813,987350000,987350000
4,2821,987350000,987350100,1087,1813,987700000,987700000
4,2822,987700000,987700100,1087,1813,988050000,988050000
4,2823,988050000,988050100,1087,1813,988400000,988400000
4,2824,988400000,988400100,1087,1813,988750000,988750000
4,2825,988750000,988750100,1087,1813,989100000,989100000
4,2826,989100000,989100100,1087,1813,989450000,989450000
4,2827,989450000,989450100,1087,1813,989800000,989800000
4,2828,989800000,989800100,1087,1813,990150000,990150000
4,2829,990150000,990150100,1087,1813,990500000,990500000
4,2830,990500000,990500100,1087,1813,990850000,990850000
4,2831,990850000,990850100,1087,1813,991200000,991200000
4,2832,991200000,991200100,1087,1813,991550000,991550000
4,2833,991550000,991550100,1087,1813,991900000,991900000
4,2834,991900000,991900100,1087,1813,992250000,992250000
4,2835,992250000,992250100,1087,1813,992600000,992600000
4,2836,992600000,992600100,1087,1813,992950000,992950000
4,2837,992950000,992950100,1087,1813,993300000,993300000
4,2838,993300000,993300100,1087,1813,993650000,993650000
4,2839,993650000,993650100,1087,1813,994000000,994000000
4,2840,994000000,994000100,1087,1813,994350000,994350000
4,2841,994350000,994350100,1087,1813,994700000,994700000
4,2842,994700000,994700100,1087,1813,995050000,995050000
4,2843,995050000,995050100,1087,1813,995400000,995400000
4,2844,995400000,995400100,1087,1813,995750000,995750000
4,2845,995750000,995750100,1087,1813,996100000,996100000
4,2846,996100000,996100100,1087,1813,996450000,996450000
4,2847,996450000,996450100,1087,1813,996800000,996800000
4,2848,996800000,996800100,1087,1813,997150000,997150000
4,2849,997150000,997150100,1087,1813,997500000,997500000
4,2850,997500000,997500100,1087,1813,997850000,997850000
4,2851,997850000,997850100,1087,1813,998200000,998200000
4,2852,998200000,998200100,1087,1813,998550000,998550000
4,2853,998550000,998550100,1087,1813,998900000,998900000
4,2854,998900000,998900100,1087,1813,999250000,999250000
4,2855,999250000,999250100,1087,1813,999600000,999600000
4,2856,999600000,999600100,1087,1813,999950000,999950000
4,2857,999950000,999950100,1087,1813,1000300000,1000300000
4,2858,1000300000,1000300100,1087,1813,1000650000,1000650000
4,2859,1000650000,1000650100,1087,1813,1001000000,1001000000
4,2860,1001000000,1001000100,1087,1813,1001350000,1001350000
4,2861,1001350000,1001350100,1087,1813,1001700000,1001700000
4,2862,1001700000,1001700100,1087,1813,1002050000,1002050000
4,2863,1002050000,1002050100,1087,1813,1002400000,1002400000
4,2864,1002400000,1002400100,1087,1813,1002750000,1002750000
4,2865,1002750000,1002750100,1087,1813,1003100000,1003100000
4,2866,1003100000,1003100100,1087,1813,1003450000,1003450000
4,2867,1003450000,1003450100,1087,1813,1003800000,1003800000
4,2868,1003800000,1003800100,1087,1813,1004150000,1004150000
4,2869,1004150000,1004150100,1087,1813,1004500000,1004500000
4,2870,1004500000,1004500100,1087,1813,1004850000,1004850000
4,2871,1004850000,1004850100,1087,1813,1005200000,1005200000
4,2872,1005200000,1005200100,1087,1813,1005550000,1005550000
4,2873,1005550000,1005550100,1087,1813,1005900000,1005900000
4,2874,1005900000,1005900100,1087,1813,1006250000,1006250000
4,2875,1006250000,1006250100,1087,1813,1006600000,1006600000
4,2876,1006600000,1006600100,1087,1813,1006950000,1006950000
4,2877,1006950000,1006950100,1087,1813,1007300000,1007300000
4,2878,1007300000,1007300100,1087,1813,1007650000,1007650000
4,2879,1007650000,1007650100,1087,1813,1008000000,1008000000
4,2880,1008000000,1008000100,1087,1813,1008350000,1008350000
4,2881,1008350000,1008350100,1087,1813,1008700000,1008700000
4,2882,1008700000,1008700100,1087,1813,1009050000,1009050000
4,2883,1009050000,1009050100,1087,1813,1009400000,1009400000
4,2884,1009400000,1009400100,1087,1813,1009750000,1009750000
4,2885,1009750000,1009750100,1087,1813,1010100000,1010100000
4,2886,1010100000,1010100100,1087,1813,1010450000,1010450000
4,2887,1010450000,1010450100,1087,1813,1010800000,1010800000
4,2888,1010800000,1010800100,1087,1813,1011150000,1011150000
4,2889,1011150000,1011150100,1087,1813,1011500000,1011500000
4,2890,1011500000,1011500100,1087,1813,1011850000,1011850000
4,2891,1011850000,1011850100,1087,1813,1012200000,1012200000
4,2892,1012200000,1012200100,1087,1813,1012550000,1012550000
4,2893,1012550000,1012550100,1087,1813,1012900000,1012900000
4,2894,1012900000,1012900100,1087,1813,1013250000,1013250000
4,2895,1013250000,1013250100,1087,1813,1013600000,1013600000
4,2896,1013600000,1013600100,1087,1813,1013950000,1013950000
4,2897,1013950000,1013950100,1087,1813,1014300000,1014300000
4,2898,1014300000,1014300100,1087,1813,1014650000,1014650000
4,2899,1014650000,1014650100,1087,1813,1015000000,1015000000
4,2900,1015000000,1015000100,1087,1813,1015350000,1015350000
4,2901,1015350000,1015350100,1087,1813,1015700000,1015700000
4,2902,1015700000,1015700100,1087,1813,1016050000,1016050000
4,2903,1016050000,1016050100,1087,1813,1016400000,1016400000
4,2904,1016400000,1016400100,1087,1813,1016750000,1016750000
4,2905,1016750000,1016750100,1087,1813,1017100000,1017100000
4,2906,1017100000,1017100100,1087,1813,1017450000,1017450000
4,2907,1017450000,1017450100,1087,1813,1017800000,1017800000
4,2908,1017800000,1017800100,1087,1813,1018150000,1018150000
4,2909,1018150000,1018150100,1087,1813,1018500000,1018500000
4,2910,1018500000,1018500100,1087,1813,1018850000,1018850000
4,2911,1018850000,1018850100,1087,1813,1019200000,1019200000
4,2912,1019200000,1019200100,1087,1813,1019550000,1019550000
4,2913,1019550000,1019550100,1087,1813,1019900000,1019900000
4,2914,1019900000,1019900100,1087,1813,1020250000,1020250000
4,2915,1020250000,1020250100,1087,1813,1020600000,1020600000
4,2916,1020600000,1020600100,1087,1813,1020950000,1020950000
4,2917,1020950000,1020950100,1087,1813,1021300000,1021300000
4,2918,1021300000,1021300100,1087,1813,1021650000,1021650000
4,2919,1021650000,1021650100,1087,1813,1022000000,1022000000
4,2920,1022000000,1022000100,1087,1813,1022350000,1022350000
4,2921,1022350000,1022350100,1087,1813,1022700000,1022700000
4,2922,1022700000,1022700100,1087,1813,1023050000,1023050000
4,2923,1023050000,1023050100,1087,1813,1023400000,1023400000
4,2924,1023400000,1023400100,1087,1813,1023750000,1023750000
4,2925,1023750000,1023750100,1087,1813,1024100000,1024100000
4,2926,1024100000,1024100100,1087,1813,1024450000,1024450000
4,2927,1024450000,1024450100,1087,1813,1024800000,1024800000
4,2928,1024800000,1024800100,1087,1813,1025150000,1025150000
4,2929,1025150000,1025150100,1087,1813,1025500000,1025500000
4,2930,1025500000,1025500100,1087,1813,1025850000,1025850000
4,2931,1025850000,1025850100,1087,1813,1026200000,1026200000
4,2932,1026200000,1026200100,1087,1813,1026550000,1026550000
4,2933,1026550000,1026550100,1087,1813,1026900000,1026900000
4,2934,1026900000,1026900100,1087,1813,1027250000,1027250000
4,2935,1027250000,1027250100,1087,1813,1027600000,1027600000
4,2936,1027600000,1027600100,1087,1813,1027950000,1027950000
4,2937,1027950000,1027950100,1087,1813,1028300000,1028300000
4,2938,1028300000,1028300100,1087,1813,1028650000,1028650000
4,2939,1028650000,1028650100,1087,1813,1029000000,1029000000
4,2940,1029000000,1029000100,1087,1813,1029350000,1029350000
4,2941,1029350000,1029350100,1087,1813,1029700000,1029700000
4,2942,1029700000,1029700100,1087,1813,1030050000,1030050000
4,2943,1030050000,1030050100,1087,1813,1030400000,1030400000
4,2944,1030400000,1030400100,1087,1813,1030750000,1030750000
4,2945,1030750000,1030750100,1087,1813,1031100000,1031100000
4,2946,1031100000,1031100100,1087,1813,1031450000,1031450000
4,2947,1031450000,1031450100,1087,1813,1031800000,1031800000
4,2948,1031800000,1031800100,1087,1813,1032150000,1032150000
4,2949,1032150000,1032150100,1087,1813,1032500000,1032500000
4,2950,1032500000,1032500100,1087,1813,1032850000,1032850000
4,2951,1032850000,1032850100,1087,1813,1033200000,1033200000
4,2952,1033200000,1033200100,1087,1813,1033550000,1033550000
4,2953,1033550000,1033550100,1087,1813,1033900000,1033900000
4,2954,1033900000,1033900100,1087,1813,1034250000,1034250000
4,2955,1034250000,1034250100,1087,1813,1034600000,1034600000
4,2956,1034600000,1034600100,1087,1813,1034950000,1034950000
4,2957,1034950000,1034950100,1087,1813,1035300000,1035300000
4,2958,1035300000,1035300100,1087,1813,1035650000,1035650000
4,2959,1035650000,1035650100,1087,1813,1036000000,1036000000
4,2960,1036000000,1036000100,1087,1813,1036350000,1036350000
4,2961,1036350000,1036350100,1087,1813,1036700000,1036700000
4,2962,1036700000,1036700100,1087,1813,1037050000,1037050000
4,2963,1037050000,1037050100,1087,1813,1037400000,1037400000
4,2964,1037400000,1037400100,1087,1813,1037750000,1037750000
4,2965,1037750000,1037750100,1087,1813,1038100000,1038100000
4,2966,1038100000,1038100100,1087,1813,1038450000,1038450000
4,2967,1038450000,1038450100,1087,1813,1038800000,1038800000
4,2968,1038800000,1038800100,1087,1813,1039150000,1039150000
4,2969,1039150000,1039150100,1087,1813,1039500000,1039500000
4,2970,1039500000,1039500100,1087,1813,1039850000,1039850000
4,2971,1039850000,1039850100,1087,1813,1040200000,1040200000
4,2972,1040200000,1040200100,1087,1813,1040550000,1040550000
4,2973,1040550000,1040550100,1087,1813,1040900000,1040900000
4,2974,1040900000,1040900100,1087,1813,1041250000,1041250000
4,2975,1041250000,1041250100,1087,1813,1041600000,1041600000
4,2976,1041600000,1041600100,1087,1813,1041950000,1041950000
4,2977,1041950000,1041950100,1087,1813,1042300000,1042300000
4,2978,1042300000,1042300100,1087,1813,1042650000,1042650000
4,2979,1042650000,1042650100,1087,1813,1043000000,1043000000
4,2980,1043000000,1043000100,1087,1813,1043350000,1043350000
4,2981,1043350000,1043350100,1087,1813,1043700000,1043700000
4,2982,1043700000,1043700100,1087,1813,1044050000,1044050000
4,2983,1044050000,1044050100,1087,1813,1044400000,1044400000
4,2984,1044400000,1044400100,1087,1813,1044750000,1044750000
4,2985,1044750000,1044750100,1087,1813,1045100000,1045100000
4,2986,1045100000,1045100100,1087,1813,1045450000,1045450000
4,2987,1045450000,1045450100,1087,1813,1045800000,1045800000
4,2988,1045800000,1045800100,1087,1813,1046150000,1046150000
4,2989,1046150000,1046150100,1087,1813,1046500000,1046500000
4,2990,1046500000,1046500100,1087,1813,1046850000,1046850000
4,2991,1046850000,1046850100,1087,1813,1047200000,1047200000
4,2992,1047200000,1047200100,1087,1813,1047550000,1047550000
4,2993,1047550000,1047550100,1087,1813,1047900000,1047900000
4,2994,1047900000,1047900100,1087,1813,1048250000,1048250000
4,2995,1048250000,1048250100,1087,1813,1048600000,1048600000
4,2996,1048600000,1048600100,1087,1813,1048950000,1048950000
4,2997,1048950000,1048950100,1087,1813,1049300000,1049300000
4,2998,1049300000,1049300100,1087,1813,1049650000,1049650000
4,2999,1049650000,1049650100,1087,1813,1050000000,1050000000
4,3000,1050000000,1050000100,1087,1813,1050350000,1050350000
4,3001,1050350000,1050350100,1087,1813,1050700000,1050700000
4,3002,1050700000,1050700100,1087,1813,1051050000,1051050000
4,3003,1051050000,1051050100,1087,1813,1051400000,1051400000
4,3004,1051400000,1051400100,1087,1813,1051750000,1051750000
4,3005,1051750000,1051750100,1087,1813,1052100000,1052100000
4,3006,1052100000,1052100100,1087,1813,1052450000,1052450000
4,3007,1052450000,1052450100,1087,1813,1052800000,1052800000
4,3008,1052800000,1052800100,1087,1813,1053150000,1053150000
4,3009,1053150000,1053150100,1087,1813,1053500000,1053500000
4,3010,1053500000,1053500100,1087,1813,1053850000,1053850000
4,3011,1053850000,1053850100,1087,1813,1054200000,1054200000
4,3012,1054200000,1054200100,1087,1813,1054550000,1054550000
4,3013,1054550000,1054550100,1087,1813,1054900000,1054900000
4,3014,1054900000,1054900100,1087,1813,1055250000,1055250000
4,3015,1055250000,1055250100,1087,1813,1055600000,1055600000
4,3016,1055600000,1055600100,1087,1813,1055950000,1055950000
4,3017,1055950000,1055950100,1087,1813,1056300000,1056300000
4,3018,1056300000,1056300100,1087,1813,1056650000,1056650000
4,3019,1056650000,1056650100,1087,1813,1057000000,1057000000
4,3020,1057000000,1057000100,1087,1813,1057350000,1057350000
4,3021,1057350000,1057350100,1087,1813,1057700000,1057700000
4,3022,1057700000,1057700100,1087,1813,1058050000,1058050000
4,3023,1058050000,1058050100,1087,1813,1058400000,1058400000
4,3024,1058400000,1058400100,1087,1813,1058750000,1058750000
4,3025,1058750000,1058750100,1087,1813,1059100000,1059100000
4,3026,1059100000,1059100100,1087,1813,1059450000,1059450000
4,3027,1059450000,1059450100,1087,1813,1059800000,1059800000
4,3028,1059800000,1059800100,1087,1813,1060150000,1060150000
4,3029,1060150000,1060150100,1087,1813,1060500000,1060500000
4,3030,1060500000,1060500100,1087,1813,1060850000,1060850000
4,3031,1060850000,1060850100,1087,1813,1061200000,1061200000
4,3032,1061200000,1061200100,1087,1813,1061550000,1061550000
4,3033,1061550000,1061550100,1087,1813,1061900000,1061900000
4,3034,1061900000,1061900100,1087,1813,1062250000,1062250000
4,3035,1062250000,1062250100,1087,1813,1062600000,1062600000
4,3036,1062600000,1062600100,1087,1813,1062950000,1062950000
4,3037,1062950000,1062950100,1087,1813,1063300000,1063300000
4,3038,1063300000,1063300100,1087,1813,1063650000,1063650000
4,3039,1063650000,1063650100,1087,1813,1064000000,1064000000
4,3040,1064000000,1064000100,1087,1813,1064350000,1064350000
4,3041,1064350000,1064350100,1087,1813,1064700000,1064700000
4,3042,1064700000,1064700100,1087,1813,1065050000,1065050000
4,3043,1065050000,1065050100,1087,1813,1065400000,1065400000
4,3044,1065400000,1065400100,1087,1813,1065750000,1065750000
4,3045,1065750000,1065750100,1087,1813,1066100000,1066100000
4,3046,1066100000,1066100100,1087,1813,1066450000,1066450000
4,3047,1066450000,1066450100,1087,1813,1066800000,1066800000
4,3048,1066800000,1066800100,1087,1813,1067150000,1067150000
4,3049,1067150000,1067150100,1087,1813,1067500000,1067500000
4,3050,1067500000,1067500100,1087,1813,1067850000,1067850000
4,3051,1067850000,1067850100,1087,1813,1068200000,1068200000
4,3052,1068200000,1068200100,1087,1813,1068550000,1068550000
4,3053,1068550000,1068550100,1087,1813,1068900000,1068900000
4,3054,1068900000,1068900100,1087,1813,1069250000,1069250000
4,3055,1069250000,1069250100,1087,1813,1069600000,1069600000
4,3056,1069600000,1069600100,1087,1813,1069950000,1069950000
4,3057,1069950000,1069950100,1087,1813,1070300000,1070300000
4,3058,1070300000,1070300100,1087,1813,1070650000,1070650000
4,3059,1070650000,1070650100,1087,1813,1071000000,1071000000
4,3060,1071000000,1071000100,1087,1813,1071350000,1071350000
4,3061,1071350000,1071350100,1087,1813,1071700000,1071700000
4,3062,1071700000,1071700100,1087,1813,1072050000,1072050000
4,3063,1072050000,1072050100,1087,1813,1072400000,1072400000
4,3064,1072400000,1072400100,1087,1813,1072750000,1072750000
4,3065,1072750000,1072750100,1087,1813,1073100000,1073100000
4,3066,1073100000,1073100100,1087,1813,1073450000,1073450000
4,3067,1073450000,1073450100,1087,1813,1073800000,1073800000
4,3068,1073800000,1073800100,1087,1813,1074150000,1074150000
4,3069,1074150000,1074150100,1087,1813,1074500000,1074500000
4,3070,1074500000,1074500100,1087,1813,1074850000,1074850000
4,3071,1074850000,1074850100,1087,1813,1075200000,1075200000
4,3072,1075200000,1075200100,1087,1813,1075550000,1075550000
4,3073,1075550000,1075550100,1087,1813,1075900000,1075900000
4,3074,1075900000,1075900100,1087,1813,1076250000,1076250000
4,3075,1076250000,1076250100,1087,1813,1076600000,1076600000
4,3076,1076600000,1076600100,1087,1813,1076950000,1076950000
4,3077,1076950000,1076950100,1087,1813,1077300000,1077300000
4,3078,1077300000,1077300100,1087,1813,1077650000,1077650000
4,3079,1077650000,1077650100,1087,1813,1078000000,1078000000
4,3080,1078000000,1078000100,1087,1813,1078350000,1078350000
4,3081,1078350000,1078350100,1087,1813,1078700000,1078700000
4,3082,1078700000,1078700100,1087,1813,1079050000,1079050000
4,3083,1079050000,1079050100,1087,1813,1079400000,1079400000
4,3084,1079400000,1079400100,1087,1813,1079750000,1079750000
4,3085,1079750000,1079750100,1087,1813,1080100000,1080100000
4,3086,1080100000,1080100100,1087,1813,1080450000,1080450000
4,3087,1080450000,1080450100,1087,1813,1080800000,1080800000
4,3088,1080800000,1080800100,1087,1813,1081150000,1081150000
4,3089,1081150000,1081150100,1087,1813,1081500000,1081500000
4,3090,1081500000,1081500100,1087,1813,1081850000,1081850000
4,3091,1081850000,1081850100,1087,1813,1082200000,1082200000
4,3092,1082200000,1082200100,1087,1813,1082550000,1082550000
4,3093,1082550000,1082550100,1087,1813,1082900000,1082900000
4,3094,1082900000,1082900100,1087,1813,1083250000,1083250000
4,3095,1083250000,1083250100,1087,1813,1083600000,1083600000
4,3096,1083600000,1083600100,1087,1813,1083950000,1083950000
4,3097,1083950000,1083950100,1087,1813,1084300000,1084300000
4,3098,1084300000,1084300100,1087,1813,1084650000,1084650000
4,3099,1084650000,1084650100,1087,1813,1085000000,1085000000
4,3100,1085000000,1085000100,1087,1813,1085350000,1085350000
4,3101,1085350000,1085350100,1087,1813,1085700000,1085700000
4,3102,1085700000,1085700100,1087,1813,1086050000,1086050000
4,3103,1086050000,1086050100,1087,1813,1086400000,1086400000
4,3104,1086400000,1086400100,1087,1813,1086750000,1086750000
4,3105,1086750000,1086750100,1087,1813,1087100000,1087100000
4,3106,1087100000,1087100100,1087,1813,1087450000,1087450000
4,3107,1087450000,1087450100,1087,1813,1087800000,1087800000
4,3108,1087800000,1087800100,1087,1813,1088150000,1088150000
4,3109,1088150000,1088150100,1087,1813,1088500000,1088500000
4,3110,1088500000,1088500100,1087,1813,1088850000,1088850000
4,3111,1088850000,1088850100,1087,1813,1089200000,1089200000
4,3112,1089200000,1089200100,1087,1813,1089550000,1089550000
4,3113,1089550000,1089550100,1087,1813,1089900000,1089900000
4,3114,1089900000,1089900100,1087,1813,1090250000,1090250000
4,3115,1090250000,1090250100,1087,1813,1090600000,1090600000
4,3116,1090600000,1090600100,1087,1813,1090950000,1090950000
4,3117,1090950000,1090950100,1087,1813,1091300000,1091300000
4,3118,1091300000,1091300100,1087,1813,1091650000,1091650000
4,3119,1091650000,1091650100,1087,1813,1092000000,1092000000
4,3120,1092000000,1092000100,1087,1813,1092350000,1092350000
4,3121,1092350000,1092350100,1087,1813,1092700000,1092700000
4,3122,1092700000,1092700100,1087,1813,1093050000,1093050000
4,3123,1093050000,1093050100,1087,1813,1093400000,1093400000
4,3124,1093400000,1093400100,1087,1813,1093750000,1093750000
4,3125,1093750000,1093750100,1087,1813,1094100000,1094100000
4,3126,1094100000,1094100100,1087,1813,1094450000,1094450000
4,3127,1094450000,1094450100,1087,1813,1094800000,1094800000
4,3128,1094800000,1094800100,1087,1813,1095150000,1095150000
4,3129,1095150000,1095150100,1087,1813,1095500000,1095500000
4,3130,1095500000,1095500100,1087,1813,1095850000,1095850000
4,3131,1095850000,1095850100,1087,1813,1096200000,1096200000
4,3132,1096200000,1096200100,1087,1813,1096550000,1096550000
4,3133,1096550000,1096550100,1087,1813,1096900000,1096900000
4,3134,1096900000,1096900100,1087,1813,1097250000,1097250000
4,3135,1097250000,1097250100,1087,1813,1097600000,1097600000
4,3136,1097600000,1097600100,1087,1813,1097950000,1097950000
4,3137,1097950000,1097950100,1087,1813,1098300000,1098300000
4,3138,1098300000,1098300100,1087,1813,1098650000,1098650000
4,3139,1098650000,1098650100,1087,1813,1099000000,1099000000
4,3140,1099000000,1099000100,1087,1813,1099350000,1099350000
4,3141,1099350000,1099350100,1087,1813,1099700000,1099700000
4,3142,1099700000,1099700100,1087,1813,1100050000,1100050000
4,3143,1100050000,1100050100,1087,1813,1100400000,1100400000
4,3144,1100400000,1100400100,1087,1813,1100750000,1100750000
4,3145,1100750000,1100750100,1087,1813,1101100000,1101100000
4,3146,1101100000,1101100100,1087,1813,1101450000,1101450000
4,3147,1101450000,1101450100,1087,1813,1101800000,1101800000
4,3148,1101800000,1101800100,1087,1813,1102150000,1102150000
4,3149,1102150000,1102150100,1087,1813,1102500000,1102500000
4,3150,1102500000,1102500100,1087,1813,1102850000,1102850000
4,3151,1102850000,1102850100,1087,1813,1103200000,1103200000
4,3152,1103200000,1103200100,1087,1813,1103550000,1103550000
4,3153,1103550000,1103550100,1087,1813,1103900000,1103900000
4,3154,1103900000,1103900100,1087,1813,1104250000,1104250000
4,3155,1104250000,1104250100,1087,1813,1104600000,1104600000
4,3156,1104600000,1104600100,1087,1813,1104950000,1104950000
4,3157,1104950000,1104950100,1087,1813,1105300000,1105300000
4,3158,1105300000,1105300100,1087,1813,1105650000,1105650000
4,3159,1105650000,1105650100,1087,1813,1106000000,1106000000
4,3160,1106000000,1106000100,1087,1813,1106350000,1106350000
4,3161,1106350000,1106350100,1087,1813,1106700000,1106700000
4,3162,1106700000,1106700100,1087,1813,1107050000,1107050000
4,3163,1107050000,1107050100,1087,1813,1107400000,1107400000
4,3164,1107400000,1107400100,1087,1813,1107750000,1107750000
4,3165,1107750000,1107750100,1087,1813,1108100000,1108100000
4,3166,1108100000,1108100100,1087,1813,1108450000,1108450000
4,3167,1108450000,1108450100,1087,1813,1108800000,1108800000
4,3168,1108800000,1108800100,1087,1813,1109150000,1109150000
4,3169,1109150000,1109150100,1087,1813,1109500000,1109500000
4,3170,1109500000,1109500100,1087,1813,1109850000,1109850000
4,3171,1109850000,1109850100,1087,1813,1110200000,1110200000
4,3172,1110200000,1110200100,1087,1813,1110550000,1110550000
4,3173,1110550000,1110550100,1087,1813,1110900000,1110900000
4,3174,1110900000,1110900100,1087,1813,1111250000,1111250000
4,3175,1111250000,1111250100,1087,1813,1111600000,1111600000
4,3176,1111600000,1111600100,1087,1813,1111950000,1111950000
4,3177,1111950000,1111950100,1087,1813,1112300000,1112300000
4,3178,1112300000,1112300100,1087,1813,1112650000,1112650000
4,3179,1112650000,1112650100,1087,1813,1113000000,1113000000
4,3180,1113000000,1113000100,1087,1813,1113350000,1113350000
4,3181,1113350000,1113350100,1087,1813,1113700000,1113700000
4,3182,1113700000,1113700100,1087,1813,1114050000,1114050000
4,3183,1114050000,1114050100,1087,1813,1114400000,1114400000
4,3184,1114400000,1114400100,1087,1813,1114750000,1114750000
4,3185,1114750000,1114750100,1087,1813,1115100000,1115100000
4,3186,1115100000,1115100100,1087,1813,1115450000,1115450000
4,3187,1115450000,1115450100,1087,1813,1115800000,1115800000
4,3188,1115800000,1115800100,1087,1813,1116150000,1116150000
4,3189,1116150000,1116150100,1087,1813,1116500000,1116500000
4,3190,1116500000,1116500100,1087,1813,1116850000,1116850000
4,3191,1116850000,1116850100,1087,1813,1117200000,1117200000
4,3192,1117200000,1117200100,1087,1813,1117550000,1117550000
4,3193,1117550000,1117550100,1087,1813,1117900000,1117900000
4,3194,1117900000,1117900100,1087,1813,1118250000,1118250000
4,3195,1118250000,1118250100,1087,1813,1118600000,1118600000
4,3196,1118600000,1118600100,1087,1813,1118950000,1118950000
4,3197,1118950000,1118950100,1087,1813,1119300000,1119300000
4,3198,1119300000,1119300100,1087,1813,1119650000,1119650000
4,3199,1119650000,1119650100,1087,1813,1120000000,1120000000
4,3200,1120000000,1120000100,1087,1813,1120350000,1120350000
4,3201,1120350000,1120350100,1087,1813,1120700000,1120700000
4,3202,1120700000,1120700100,1087,1813,1121050000,1121050000
4,3203,1121050000,1121050100,1087,1813,1121400000,1121400000
4,3204,1121400000,1121400100,1087,1813,1121750000,1121750000
4,3205,1121750000,1121750100,1087,1813,1122100000,1122100000
4,3206,1122100000,1122100100,1087,1813,1122450000,1122450000
4,3207,1122450000,1122450100,1087,1813,1122800000,1122800000
4,3208,1122800000,1122800100,1087,1813,1123150000,1123150000
4,3209,1123150000,1123150100,1087,1813,1123500000,1123500000
4,3210,1123500000,1123500100,1087,1813,1123850000,1123850000
4,3211,1123850000,1123850100,1087,1813,1124200000,1124200000
4,3212,1124200000,1124200100,1087,1813,1124550000,1124550000
4,3213,1124550000,1124550100,1087,1813,1124900000,1124900000
4,3214,1124900000,1124900100,1087,1813,1125250000,1125250000
4,3215,1125250000,1125250100,1087,1813,1125600000,1125600000
4,3216,1125600000,1125600100,1087,1813,1125950000,1125950000
4,3217,1125950000,1125950100,1087,1813,1126300000,1126300000
4,3218,1126300000,1126300100,1087,1813,1126650000,1126650000
4,3219,1126650000,1126650100,1087,1813,1127000000,1127000000
4,3220,1127000000,1127000100,1087,1813,1127350000,1127350000
4,3221,1127350000,1127350100,1087,1813,1127700000,1127700000
4,3222,1127700000,1127700100,1087,1813,1128050000,1128050000
4,3223,1128050000,1128050100,1087,1813,1128400000,1128400000
4,3224,1128400000,1128400100,1087,1813,1128750000,1128750000
4,3225,1128750000,1128750100,1087,1813,1129100000,1129100000
4,3226,1129100000,1129100100,1087,1813,1129450000,1129450000
4,3227,1129450000,1129450100,1087,1813,1129800000,1129800000
4,3228,1129800000,1129800100,1087,1813,1130150000,1130150000
4,3229,1130150000,1130150100,1087,1813,1130500000,1130500000
4,3230,1130500000,1130500100,1087,1813,1130850000,1130850000
4,3231,1130850000,1130850100,1087,1813,1131200000,1131200000
4,3232,1131200000,1131200100,1087,1813,1131550000,1131550000
4,3233,1131550000,1131550100,1087,1813,1131900000,1131900000
4,3234,1131900000,1131900100,1087,1813,1132250000,1132250000
4,3235,1132250000,1132250100,1087,1813,1132600000,1132600000
4,3236,1132600000,1132600100,1087,1813,1132950000,1132950000
4,3237,1132950000,1132950100,1087,1813,1133300000,1133300000
4,3238,1133300000,1133300100,1087,1813,1133650000,1133650000
4,3239,1133650000,1133650100,1087,1813,1134000000,1134000000
4,3240,1134000000,1134000100,1087,1813,1134350000,1134350000
4,3241,1134350000,1134350100,1087,1813,1134700000,1134700000
4,3242,1134700000,1134700100,1087,1813,1135050000,1135050000
4,3243,1135050000,1135050100,1087,1813,1135400000,1135400000
4,3244,1135400000,1135400100,1087,1813,1135750000,1135750000
4,3245,1135750000,1135750100,1087,1813,1136100000,1136100000
4,3246,1136100000,1136100100,1087,1813,1136450000,1136450000
4,3247,1136450000,1136450100,1087,1813,1136800000,1136800000
4,3248,1136800000,1136800100,1087,1813,1137150000,1137150000
4,3249,1137150000,1137150100,1087,1813,1137500000,1137500000
4,3250,1137500000,1137500100,1087,1813,1137850000,1137850000
4,3251,1137850000,1137850100,1087,1813,1138200000,1138200000
4,3252,1138200000,1138200100,1087,1813,1138550000,1138550000
4,3253,1138550000,1138550100,1087,1813,1138900000,1138900000
4,3254,1138900000,1138900100,1087,1813,1139250000,1139250000
4,3255,1139250000,1139250100,1087,1813,1139600000,1139600000
4,3256,1139600000,1139600100,1087,1813,1139950000,1139950000
4,3257,1139950000,1139950100,1087,1813,1140300000,1140300000
4,3258,1140300000,1140300100,1087,1813,1140650000,1140650000
4,3259,1140650000,1140650100,1087,1813,1141000000,1141000000
4,3260,1141000000,1141000100,1087,1813,1141350000,1141350000
4,3261,1141350000,1141350100,1087,1813,1141700000,1141700000
4,3262,1141700000,1141700100,1087,1813,1142050000,1142050000
4,3263,1142050000,1142050100,1087,1813,1142400000,1142400000
4,3264,1142400000,1142400100,1087,1813,1142750000,1142750000
4,3265,1142750000,1142750100,1087,1813,1143100000,1143100000
4,3266,1143100000,1143100100,1087,1813,1143450000,1143450000
4,3267,1143450000,1143450100,1087,1813,1143800000,1143800000
4,3268,1143800000,1143800100,1087,1813,1144150000,1144150000
4,3269,1144150000,1144150100,1087,1813,1144500000,1144500000
4,3270,1144500000,1144500100,1087,1813,1144850000,1144850000
4,3271,1144850000,1144850100,1087,1813,1145200000,1145200000
4,3272,1145200000,1145200100,1087,1813,1145550000,1145550000
4,3273,1145550000,1145550100,1087,1813,1145900000,1145900000
4,3274,1145900000,1145900100,1087,1813,1146250000,1146250000
4,3275,1146250000,1146250100,1087,1813,1146600000,1146600000
4,3276,1146600000,1146600100,1087,1813,1146950000,1146950000
4,3277,1146950000,1146950100,1087,1813,1147300000,1147300000
4,3278,1147300000,1147300100,1087,1813,1147650000,1147650000
4,3279,1147650000,1147650100,1087,1813,1148000000,1148000000
4,3280,1148000000,1148000100,1087,1813,1148350000,1148350000
4,3281,1148350000,1148350100,1087,1813,1148700000,1148700000
4,3282,1148700000,1148700100,1087,1813,1149050000,1149050000
4,3283,1149050000,1149050100,1087,1813,1149400000,1149400000
4,3284,1149400000,1149400100,1087,1813,1149750000,1149750000
4,3285,1149750000,1149750100,1087,1813,1150100000,1150100000
4,3286,1150100000,1150100100,1087,1813,1150450000,1150450000
4,3287,1150450000,1150450100,1087,1813,1150800000,1150800000
4,3288,1150800000,1150800100,1087,1813,1151150000,1151150000
4,3289,1151150000,1151150100,1087,1813,1151500000,1151500000
4,3290,1151500000,1151500100,1087,1813,1151850000,1151850000
4,3291,1151850000,1151850100,1087,1813,1152200000,1152200000
4,3292,1152200000,1152200100,1087,1813,1152550000,1152550000
4,3293,1152550000,1152550100,1087,1813,1152900000,1152900000
4,3294,1152900000,1152900100,1087,1813,1153250000,1153250000
4,3295,1153250000,1153250100,1087,1813,1153600000,1153600000
4,3296,1153600000,1153600100,1087,1813,1153950000,1153950000
4,3297,1153950000,1153950100,1087,1813,1154300000,1154300000
4,3298,1154300000,1154300100,1087,1813,1154650000,1154650000
4,3299,1154650000,1154650100,1087,1813,1155000000,1155000000
4,3300,1155000000,1155000100,1087,1813,1155350000,1155350000
4,3301,1155350000,1155350100,1087,1813,1155700000,1155700000
4,3302,1155700000,1155700100,1087,1813,1156050000,1156050000
4,3303,1156050000,1156050100,1087,1813,1156400000,1156400000
4,3304,1156400000,1156400100,1087,1813,1156750000,1156750000
4,3305,1156750000,1156750100,1087,1813,1157100000,1157100000
4,3306,1157100000,1157100100,1087,1813,1157450000,1157450000
4,3307,1157450000,1157450100,1087,1813,1157800000,1157800000
4,3308,1157800000,1157800100,1087,1813,1158150000,1158150000
4,3309,1158150000,1158150100,1087,1813,1158500000,1158500000
4,3310,1158500000,1158500100,1087,1813,1158850000,1158850000
4,3311,1158850000,1158850100,1087,1813,1159200000,1159200000
4,3312,1159200000,1159200100,1087,1813,1159550000,1159550000
4,3313,1159550000,1159550100,1087,1813,1159900000,1159900000
4,3314,1159900000,1159900100,1087,1813,1160250000,1160250000
4,3315,1160250000,1160250100,1087,1813,1160600000,1160600000
4,3316,1160600000,1160600100,1087,1813,1160950000,1160950000
4,3317,1160950000,1160950100,1087,1813,1161300000,1161300000
4,3318,1161300000,1161300100,1087,1813,1161650000,1161650000
4,3319,1161650000,1161650100,1087,1813,1162000000,1162000000
4,3320,1162000000,1162000100,1087,1813,1162350000,1162350000
4,3321,1162350000,1162350100,1087,1813,1162700000,1162700000
4,3322,1162700000,1162700100,1087,1813,1163050000,1163050000
4,3323,1163050000,1163050100,1087,1813,1163400000,1163400000
4,3324,1163400000,1163400100,1087,1813,1163750000,1163750000
4,3325,1163750000,1163750100,1087,1813,1164100000,1164100000
4,3326,1164100000,1164100100,1087,1813,1164450000,1164450000
4,3327,1164450000,1164450100,1087,1813,1164800000,1164800000
4,3328,1164800000,1164800100,1087,1813,1165150000,1165150000
4,3329,1165150000,1165150100,1087,1813,1165500000,1165500000
4,3330,1165500000,1165500100,1087,1813,1165850000,1165850000
4,3331,1165850000,1165850100,1087,1813,1166200000,1166200000
4,3332,1166200000,1166200100,1087,1813,1166550000,1166550000
4,3333,1166550000,1166550100,1087,1813,1166900000,1166900000
4,3334,1166900000,1166900100,1087,1813,1167250000,1167250000
4,3335,1167250000,1167250100,1087,1813,1167600000,1167600000
4,3336,1167600000,1167600100,1087,1813,1167950000,1167950000
4,3337,1167950000,1167950100,1087,1813,1168300000,1168300000
4,3338,1168300000,1168300100,1087,1813,1168650000,1168650000
4,3339,1168650000,1168650100,1087,1813,1169000000,1169000000
4,3340,1169000000,1169000100,1087,1813,1169350000,1169350000
4,3341,1169350000,1169350100,1087,1813,1169700000,1169700000
4,3342,1169700000,1169700100,1087,1813,1170050000,1170050000
4,3343,1170050000,1170050100,1087,1813,1170400000,1170400000
4,3344,1170400000,1170400100,1087,1813,1170750000,1170750000
4,3345,1170750000,1170750100,1087,1813,1171100000,1171100000
4,3346,1171100000,1171100100,1087,1813,1171450000,1171450000
4,3347,1171450000,1171450100,1087,1813,1171800000,1171800000
4,3348,1171800000,1171800100,1087,1813,1172150000,1172150000
4,3349,1172150000,1172150100,1087,1813,1172500000,1172500000
4,3350,1172500000,1172500100,1087,1813,1172850000,1172850000
4,3351,1172850000,1172850100,1087,1813,1173200000,1173200000
4,3352,1173200000,1173200100,1087,1813,1173550000,1173550000
4,3353,1173550000,1173550100,1087,1813,1173900000,1173900000
4,3354,1173900000,1173900100,1087,1813,1174250000,1174250000
4,3355,1174250000,1174250100,1087,1813,1174600000,1174600000
4,3356,1174600000,1174600100,1087,1813,1174950000,1174950000
4,3357,1174950000,1174950100,1087,1813,1175300000,1175300000
4,3358,1175300000,1175300100,1087,1813,1175650000,1175650000
4,3359,1175650000,1175650100,1087,1813,1176000000,1176000000
4,3360,1176000000,1176000100,1087,1813,1176350000,1176350000
4,3361,1176350000,1176350100,1087,1813,1176700000,1176700000
4,3362,1176700000,1176700100,1087,1813,1177050000,1177050000
4,3363,1177050000,1177050100,1087,1813,1177400000,1177400000
4,3364,1177400000,1177400100,1087,1813,1177750000,1177750000
4,3365,1177750000,1177750100,1087,1813,1178100000,1178100000
4,3366,1178100000,1178100100,1087,1813,1178450000,1178450000
4,3367,1178450000,1178450100,1087,1813,1178800000,1178800000
4,3368,1178800000,1178800100,1087,1813,1179150000,1179150000
4,3369,1179150000,1179150100,1087,1813,1179500000,1179500000
4,3370,1179500000,1179500100,1087,1813,1179850000,1179850000
4,3371,1179850000,1179850100,1087,1813,1180200000,1180200000
4,3372,1180200000,1180200100,1087,1813,1180550000,1180550000
4,3373,1180550000,1180550100,1087,1813,1180900000,1180900000
4,3374,1180900000,1180900100,1087,1813,1181250000,1181250000
4,3375,1181250000,1181250100,1087,1813,1181600000,1181600000
4,3376,1181600000,1181600100,1087,1813,1181950000,1181950000
4,3377,1181950000,1181950100,1087,1813,1182300000,1182300000
4,3378,1182300000,1182300100,1087,1813,1182650000,1182650000
4,3379,1182650000,1182650100,1087,1813,1183000000,1183000000
4,3380,1183000000,1183000100,1087,1813,1183350000,1183350000
4,3381,1183350000,1183350100,1087,1813,1183700000,1183700000
4,3382,1183700000,1183700100,1087,1813,1184050000,1184050000
4,3383,1184050000,1184050100,1087,1813,1184400000,1184400000
4,3384,1184400000,1184400100,1087,1813,1184750000,1184750000
4,3385,1184750000,1184750100,1087,1813,1185100000,1185100000
4,3386,1185100000,1185100100,1087,1813,1185450000,1185450000
4,3387,1185450000,1185450100,1087,1813,1185800000,1185800000
4,3388,1185800000,1185800100,1087,1813,1186150000,1186150000
4,3389,1186150000,1186150100,1087,1813,1186500000,1186500000
4,3390,1186500000,1186500100,1087,1813,1186850000,1186850000
4,3391,1186850000,1186850100,1087,1813,1187200000,1187200000
4,3392,1187200000,1187200100,1087,1813,1187550000,1187550000
4,3393,1187550000,1187550100,1087,1813,1187900000,1187900000
4,3394,1187900000,1187900100,1087,1813,1188250000,1188250000
4,3395,1188250000,1188250100,1087,1813,1188600000,1188600000
4,3396,1188600000,1188600100,1087,1813,1188950000,1188950000
4,3397,1188950000,1188950100,1087,1813,1189300000,1189300000
4,3398,1189300000,1189300100,1087,1813,1189650000,1189650000
4,3399,1189650000,1189650100,1087,1813,1190000000,1190000000
4,3400,1190000000,1190000100,1087,1813,1190350000,1190350000
4,3401,1190350000,1190350100,1087,1813,1190700000,1190700000
4,3402,1190700000,1190700100,1087,1813,1191050000,1191050000
4,3403,1191050000,1191050100,1087,1813,1191400000,1191400000
4,3404,1191400000,1191400100,1087,1813,1191750000,1191750000
4,3405,1191750000,1191750100,1087,1813,1192100000,1192100000
4,3406,1192100000,1192100100,1087,1813,1192450000,1192450000
4,3407,1192450000,1192450100,1087,1813,1192800000,1192800000
4,3408,1192800000,1192800100,1087,1813,1193150000,1193150000
4,3409,1193150000,1193150100,1087,1813,1193500000,1193500000
4,3410,1193500000,1193500100,1087,1813,1193850000,1193850000
4,3411,1193850000,1193850100,1087,1813,1194200000,1194200000
4,3412,1194200000,1194200100,1087,1813,1194550000,1194550000
4,3413,1194550000,1194550100,1087,1813,1194900000,1194900000
4,3414,1194900000,1194900100,1087,1813,1195250000,1195250000
4,3415,1195250000,1195250100,1087,1813,1195600000,1195600000
4,3416,1195600000,1195600100,1087,1813,1195950000,1195950000
4,3417,1195950000,1195950100,1087,1813,1196300000,1196300000
4,3418,1196300000,1196300100,1087,1813,1196650000,1196650000
4,3419,1196650000,1196650100,1087,1813,1197000000,1197000000
5,0,0,100,3802,6338,350000,350000
5,1,350000,350100,3802,6338,700000,700000
5,2,700000,700100,3802,6338,1050000,1050000
5,3,1050000,1050100,3802,6338,1400000,1400000
5,4,1400000,1400100,3802,6338,1750000,1750000
5,5,1750000,1750100,3802,6338,2100000,2100000
5,6,2100000,2100100,3802,6338,2450000,2450000
5,7,2450000,2450100,3802,6338,2800000,2800000
5,8,2800000,2800100,3802,6338,3150000,3150000
5,9,3150000,3150100,3802,6338,3500000,3500000
5,10,3500000,3500100,3802,6338,3850000,3850000
5,11,3850000,3850100,3802,6338,4200000,4200000
5,12,4200000,4200100,3802,6338,4550000,4550000
5,13,4550000,4550100,3802,6338,4900000,4900000
5,14,4900000,4900100,3802,6338,5250000,5250000
5,15,5250000,5250100,3802,6338,5600000,5600000
5,16,5600000,5600100,3802,6338,5950000,5950000
5,17,5950000,5950100,3802,6338,6300000,6300000
5,18,6300000,6300100,3802,6338,6650000,6650000
5,19,6650000,6650100,3802,6338,7000000,7000000
5,20,7000000,7000100,3802,6338,7350000,7350000
5,21,7350000,7350100,3802,6338,7700000,7700000
5,22,7700000,7700100,3802,6338,8050000,8050000
5,23,8050000,8050100,3802,6338,8400000,8400000
5,24,8400000,8400100,3802,6338,8750000,8750000
5,25,8750000,8750100,3802,6338,9100000,9100000
5,26,9100000,9100100,3802,6338,9450000,9450000
5,27,9450000,9450100,3802,6338,9800000,9800000
5,28,9800000,9800100,3802,6338,10150000,10150000
5,29,10150000,10150100,3802,6338,10500000,10500000
5,30,10500000,10500100,3802,6338,10850000,10850000
5,31,10850000,10850100,3802,6338,11200000,11200000
5,32,11200000,11200100,3802,6338,11550000,11550000
5,33,11550000,11550100,3802,6338,11900000,11900000
5,34,11900000,11900100,3802,6338,12250000,12250000
5,35,12250000,12250100,3802,6338,12600000,12600000
5,36,12600000,12600100,3802,6338,12950000,12950000
5,37,12950000,12950100,3802,6338,13300000,13300000
5,38,13300000,13300100,3802,6338,13650000,13650000
5,39,13650000,13650100,3802,6338,14000000,14000000
5,40,14000000,14000100,3802,6338,14350000,14350000
5,41,14350000,14350100,3802,6338,14700000,14700000
5,42,14700000,14700100,3802,6338,15050000,15050000
5,43,15050000,15050100,3802,6338,15400000,15400000
5,44,15400000,15400100,3802,6338,15750000,15750000
5,45,15750000,15750100,3802,6338,16100000,16100000
5,46,16100000,16100100,3802,6338,16450000,16450000
5,47,16450000,16450100,3802,6338,16800000,16800000
5,48,16800000,16800100,3802,6338,17150000,17150000
5,49,17150000,17150100,3802,6338,17500000,17500000
5,50,17500000,17500100,3802,6338,17850000,17850000
5,51,17850000,17850100,3802,6338,18200000,18200000
5,52,18200000,18200100,3802,6338,18550000,18550000
5,53,18550000,18550100,3802,6338,18900000,18900000
5,54,18900000,18900100,3802,6338,19250000,19250000
5,55,19250000,19250100,3802,6338,19600000,19600000
5,56,19600000,19600100,3802,6338,19950000,19950000
5,57,19950000,19950100,3802,6338,20300000,20300000
5,58,20300000,20300100,3802,6338,20650000,20650000
5,59,20650000,20650100,3802,6338,21000000,21000000
5,60,21000000,21000100,3802,6338,21350000,21350000
5,61,21350000,21350100,3802,6338,21700000,21700000
5,62,21700000,21700100,3802,6338,22050000,22050000
5,63,22050000,22050100,3802,6338,22400000,22400000
5,64,22400000,22400100,3802,6338,22750000,22750000
5,65,22750000,22750100,3802,6338,23100000,23100000
5,66,23100000,23100100,3802,6338,23450000,23450000
5,67,23450000,23450100,3802,6338,23800000,23800000
5,68,23800000,23800100,3802,6338,24150000,24150000
5,69,24150000,24150100,3802,6338,24500000,24500000
5,70,24500000,24500100,3802,6338,24850000,24850000
5,71,24850000,24850100,3802,6338,25200000,25200000
5,72,25200000,25200100,3802,6338,25550000,25550000
5,73,25550000,25550100,3802,6338,25900000,25900000
5,74,25900000,25900100,3802,6338,26250000,26250000
5,75,26250000,26250100,3802,6338,26600000,26600000
5,76,26600000,26600100,3802,6338,26950000,26950000
5,77,26950000,26950100,3802,6338,27300000,27300000
5,78,27300000,27300100,3802,6338,27650000,27650000
5,79,27650000,27650100,3802,6338,28000000,28000000
5,80,28000000,28000100,3802,6338,28350000,28350000
5,81,28350000,28350100,3802,6338,28700000,28700000
5,82,28700000,28700100,3802,6338,29050000,29050000
5,83,29050000,29050100,3802,6338,29400000,29400000
5,84,29400000,29400100,3802,6338,29750000,29750000
5,85,29750000,29750100,3802,6338,30100000,30100000
5,86,30100000,30100100,3802,6338,30450000,30450000
5,87,30450000,30450100,3802,6338,30800000,30800000
5,88,30800000,30800100,3802,6338,31150000,31150000
5,89,31150000,31150100,3802,6338,31500000,31500000
5,90,31500000,31500100,3802,6338,31850000,31850000
5,91,31850000,31850100,3802,6338,32200000,32200000
5,92,32200000,32200100,3802,6338,32550000,32550000
5,93,32550000,32550100,3802,6338,32900000,32900000
5,94,32900000,32900100,3802,6338,33250000,33250000
5,95,33250000,33250100,3802,6338,33600000,33600000
5,96,33600000,33600100,3802,6338,33950000,33950000
5,97,33950000,33950100,3802,6338,34300000,34300000
5,98,34300000,34300100,3802,6338,34650000,34650000
5,99,34650000,34650100,3802,6338,35000000,35000000
5,100,35000000,35000100,3802,6338,35350000,35350000
5,101,35350000,35350100,3802,6338,35700000,35700000
5,102,35700000,35700100,3802,6338,36050000,36050000
5,103,36050000,36050100,3802,6338,36400000,36400000
5,104,36400000,36400100,3802,6338,36750000,36750000
5,105,36750000,36750100,3802,6338,37100000,37100000
5,106,37100000,37100100,3802,6338,37450000,37450000
5,107,37450000,37450100,3802,6338,37800000,37800000
5,108,37800000,37800100,3802,6338,38150000,38150000
5,109,38150000,38150100,3802,6338,38500000,38500000
5,110,38500000,38500100,3802,6338,38850000,38850000
5,111,38850000,38850100,3802,6338,39200000,39200000
5,112,39200000,39200100,3802,6338,39550000,39550000
5,113,39550000,39550100,3802,6338,39900000,39900000
5,114,39900000,39900100,3802,6338,40250000,40250000
5,115,40250000,40250100,3802,6338,40600000,40600000
5,116,40600000,40600100,3802,6338,40950000,40950000
5,117,40950000,40950100,3802,6338,41300000,41300000
5,118,41300000,41300100,3802,6338,41650000,41650000
5,119,41650000,41650100,3802,6338,42000000,42000000
5,120,42000000,42000100,3802,6338,42350000,42350000
5,121,42350000,42350100,3802,6338,42700000,42700000
5,122,42700000,42700100,3802,6338,43050000,43050000
5,123,43050000,43050100,3802,6338,43400000,43400000
5,124,43400000,43400100,3802,6338,43750000,43750000
5,125,43750000,43750100,3802,6338,44100000,44100000
5,126,44100000,44100100,3802,6338,44450000,44450000
5,127,44450000,44450100,3802,6338,44800000,44800000
5,128,44800000,44800100,3802,6338,45150000,45150000
5,129,45150000,45150100,3802,6338,45500000,45500000
5,130,45500000,45500100,3802,6338,45850000,45850000
5,131,45850000,45850100,3802,6338,46200000,46200000
5,132,46200000,46200100,3802,6338,46550000,46550000
5,133,46550000,46550100,3802,6338,46900000,46900000
5,134,46900000,46900100,3802,6338,47250000,47250000
5,135,47250000,47250100,3802,6338,47600000,47600000
5,136,47600000,47600100,3802,6338,47950000,47950000
5,137,47950000,47950100,3802,6338,48300000,48300000
5,138,48300000,48300100,3802,6338,48650000,48650000
5,139,48650000,48650100,3802,6338,49000000,49000000
5,140,49000000,49000100,3802,6338,49350000,49350000
5,141,49350000,49350100,3802,6338,49700000,49700000
5,142,49700000,49700100,3802,6338,50050000,50050000
5,143,50050000,50050100,3802,6338,50400000,50400000
5,144,50400000,50400100,3802,6338,50750000,50750000
5,145,50750000,50750100,3802,6338,51100000,51100000
5,146,51100000,51100100,3802,6338,51450000,51450000
5,147,51450000,51450100,3802,6338,51800000,51800000
5,148,51800000,51800100,3802,6338,52150000,52150000
5,149,52150000,52150100,3802,6338,52500000,52500000
5,150,52500000,52500100,3802,6338,52850000,52850000
5,151,52850000,52850100,3802,6338,53200000,53200000
5,152,53200000,53200100,3802,6338,53550000,53550000
5,153,53550000,53550100,3802,6338,53900000,53900000
5,154,53900000,53900100,3802,6338,54250000,54250000
5,155,54250000,54250100,3802,6338,54600000,54600000
5,156,54600000,54600100,3802,6338,54950000,54950000
5,157,54950000,54950100,3802,6338,55300000,55300000
5,158,55300000,55300100,3802,6338,55650000,55650000
5,159,55650000,55650100,3802,6338,56000000,56000000
5,160,56000000,56000100,3802,6338,56350000,56350000
5,161,56350000,56350100,3802,6338,56700000,56700000
5,162,56700000,56700100,3802,6338,57050000,57050000
5,163,57050000,57050100,3802,6338,57400000,57400000
5,164,57400000,57400100,3802,6338,57750000,57750000
5,165,57750000,57750100,3802,6338,58100000,58100000
5,166,58100000,58100100,3802,6338,58450000,58450000
5,167,58450000,58450100,3802,6338,58800000,58800000
5,168,58800000,58800100,3802,6338,59150000,59150000
5,169,59150000,59150100,3802,6338,59500000,59500000
5,170,59500000,59500100,3802,6338,59850000,59850000
5,171,59850000,59850100,3802,6338,60200000,60200000
5,172,60200000,60200100,3802,6338,60550000,60550000
5,173,60550000,60550100,3802,6338,60900000,60900000
5,174,60900000,60900100,3802,6338,61250000,61250000
5,175,61250000,61250100,3802,6338,61600000,61600000
5,176,61600000,61600100,3802,6338,61950000,61950000
5,177,61950000,61950100,3802,6338,62300000,62300000
5,178,62300000,62300100,3802,6338,62650000,62650000
5,179,62650000,62650100,3802,6338,63000000,63000000
5,180,63000000,63000100,3802,6338,63350000,63350000
5,181,63350000,63350100,3802,6338,63700000,63700000
5,182,63700000,63700100,3802,6338,64050000,64050000
5,183,64050000,64050100,3802,6338,64400000,64400000
5,184,64400000,64400100,3802,6338,64750000,64750000
5,185,64750000,64750100,3802,6338,65100000,65100000
5,186,65100000,65100100,3802,6338,65450000,65450000
5,187,65450000,65450100,3802,6338,65800000,65800000
5,188,65800000,65800100,3802,6338,66150000,66150000
5,189,66150000,66150100,3802,6338,66500000,66500000
5,190,66500000,66500100,3802,6338,66850000,66850000
5,191,66850000,66850100,3802,6338,67200000,67200000
5,192,67200000,67200100,3802,6338,67550000,67550000
5,193,67550000,67550100,3802,6338,67900000,67900000
5,194,67900000,67900100,3802,6338,68250000,68250000
5,195,68250000,68250100,3802,6338,68600000,68600000
5,196,68600000,68600100,3802,6338,68950000,68950000
5,197,68950000,68950100,3802,6338,69300000,69300000
5,198,69300000,69300100,3802,6338,69650000,69650000
5,199,69650000,69650100,3802,6338,70000000,70000000
5,200,70000000,70000100,3802,6338,70350000,70350000
5,201,70350000,70350100,3802,6338,70700000,70700000
5,202,70700000,70700100,3802,6338,71050000,71050000
5,203,71050000,71050100,3802,6338,71400000,71400000
5,204,71400000,71400100,3802,6338,71750000,71750000
5,205,71750000,71750100,3802,6338,72100000,72100000
5,206,72100000,72100100,3802,6338,72450000,72450000
5,207,72450000,72450100,3802,6338,72800000,72800000
5,208,72800000,72800100,3802,6338,73150000,73150000
5,209,73150000,73150100,3802,6338,73500000,73500000
5,210,73500000,73500100,3802,6338,73850000,73850000
5,211,73850000,73850100,3802,6338,74200000,74200000
5,212,74200000,74200100,3802,6338,74550000,74550000
5,213,74550000,74550100,3802,6338,74900000,74900000
5,214,74900000,74900100,3802,6338,75250000,75250000
5,215,75250000,75250100,3802,6338,75600000,75600000
5,216,75600000,75600100,3802,6338,75950000,75950000
5,217,75950000,75950100,3802,6338,76300000,76300000
5,218,76300000,76300100,3802,6338,76650000,76650000
5,219,76650000,76650100,3802,6338,77000000,77000000
5,220,77000000,77000100,3802,6338,77350000,77350000
5,221,77350000,77350100,3802,6338,77700000,77700000
5,222,77700000,77700100,3802,6338,78050000,78050000
5,223,78050000,78050100,3802,6338,78400000,78400000
5,224,78400000,78400100,3802,6338,78750000,78750000
5,225,78750000,78750100,3802,6338,79100000,79100000
5,226,79100000,79100100,3802,6338,79450000,79450000
5,227,79450000,79450100,3802,6338,79800000,79800000
5,228,79800000,79800100,3802,6338,80150000,80150000
5,229,80150000,80150100,3802,6338,80500000,80500000
5,230,80500000,80500100,3802,6338,80850000,80850000
5,231,80850000,80850100,3802,6338,81200000,81200000
5,232,81200000,81200100,3802,6338,81550000,81550000
5,233,81550000,81550100,3802,6338,81900000,81900000
5,234,81900000,81900100,3802,6338,82250000,82250000
5,235,82250000,82250100,3802,6338,82600000,82600000
5,236,82600000,82600100,3802,6338,82950000,82950000
5,237,82950000,82950100,3802,6338,83300000,83300000
5,238,83300000,83300100,3802,6338,83650000,83650000
5,239,83650000,83650100,3802,6338,84000000,84000000
5,240,84000000,84000100,3802,6338,84350000,84350000
5,241,84350000,84350100,3802,6338,84700000,84700000
5,242,84700000,84700100,3802,6338,85050000,85050000
5,243,85050000,85050100,3802,6338,85400000,85400000
5,244,85400000,85400100,3802,6338,85750000,85750000
5,245,85750000,85750100,3802,6338,86100000,86100000
5,246,86100000,86100100,3802,6338,86450000,86450000
5,247,86450000,86450100,3802,6338,86800000,86800000
5,248,86800000,86800100,3802,6338,87150000,87150000
5,249,87150000,87150100,3802,6338,87500000,87500000
5,250,87500000,87500100,3802,6338,87850000,87850000
5,251,87850000,87850100,3802,6338,88200000,88200000
5,252,88200000,88200100,3802,6338,88550000,88550000
5,253,88550000,88550100,3802,6338,88900000,88900000
5,254,88900000,88900100,3802,6338,89250000,89250000
5,255,89250000,89250100,3802,6338,89600000,89600000
5,256,89600000,89600100,3802,6338,89950000,89950000
5,257,89950000,89950100,3802,6338,90300000,90300000
5,258,90300000,90300100,3802,6338,90650000,90650000
5,259,90650000,90650100,3802,6338,91000000,91000000
5,260,91000000,91000100,3802,6338,91350000,91350000
5,261,91350000,91350100,3802,6338,91700000,91700000
5,262,91700000,91700100,3802,6338,92050000,92050000
5,263,92050000,92050100,3802,6338,92400000,92400000
5,264,92400000,92400100,3802,6338,92750000,92750000
5,265,92750000,92750100,3802,6338,93100000,93100000
5,266,93100000,93100100,3802,6338,93450000,93450000
5,267,93450000,93450100,3802,6338,93800000,93800000
5,268,93800000,93800100,3802,6338,94150000,94150000
5,269,94150000,94150100,3802,6338,94500000,94500000
5,270,94500000,94500100,3802,6338,94850000,94850000
5,271,94850000,94850100,3802,6338,95200000,95200000
5,272,95200000,95200100,3802,6338,95550000,95550000
5,273,95550000,95550100,3802,6338,95900000,95900000
5,274,95900000,95900100,3802,6338,96250000,96250000
5,275,96250000,96250100,3802,6338,96600000,96600000
5,276,96600000,96600100,3802,6338,96950000,96950000
5,277,96950000,96950100,3802,6338,97300000,97300000
5,278,97300000,97300100,3802,6338,97650000,97650000
5,279,97650000,97650100,3802,6338,98000000,98000000
5,280,98000000,98000100,3802,6338,98350000,98350000
5,281,98350000,98350100,3802,6338,98700000,98700000
5,282,98700000,98700100,3802,6338,99050000,99050000
5,283,99050000,99050100,3802,6338,99400000,99400000
5,284,99400000,99400100,3802,6338,99750000,99750000
5,285,99750000,99750100,3802,6338,100100000,100100000
5,286,100100000,100100100,3802,6338,100450000,100450000
5,287,100450000,100450100,3802,6338,100800000,100800000
5,288,100800000,100800100,3802,6338,101150000,101150000
5,289,101150000,101150100,3802,6338,101500000,101500000
5,290,101500000,101500100,3802,6338,101850000,101850000
5,291,101850000,101850100,3802,6338,102200000,102200000
5,292,102200000,102200100,3802,6338,102550000,102550000
5,293,102550000,102550100,3802,6338,102900000,102900000
5,294,102900000,102900100,3802,6338,103250000,103250000
5,295,103250000,103250100,3802,6338,103600000,103600000
5,296,103600000,103600100,3802,6338,103950000,103950000
5,297,103950000,103950100,3802,6338,104300000,104300000
5,298,104300000,104300100,3802,6338,104650000,104650000
5,299,104650000,104650100,3802,6338,105000000,105000000
5,300,105000000,105000100,3802,6338,105350000,105350000
5,301,105350000,105350100,3802,6338,105700000,105700000
5,302,105700000,105700100,3802,6338,106050000,106050000
5,303,106050000,106050100,3802,6338,106400000,106400000
5,304,106400000,106400100,3802,6338,106750000,106750000
5,305,106750000,106750100,3802,6338,107100000,107100000
5,306,107100000,107100100,3802,6338,107450000,107450000
5,307,107450000,107450100,3802,6338,107800000,107800000
5,308,107800000,107800100,3802,6338,108150000,108150000
5,309,108150000,108150100,3802,6338,108500000,108500000
5,310,108500000,108500100,3802,6338,108850000,108850000
5,311,108850000,108850100,3802,6338,109200000,109200000
5,312,109200000,109200100,3802,6338,109550000,109550000
5,313,109550000,109550100,3802,6338,109900000,109900000
5,314,109900000,109900100,3802,6338,110250000,110250000
5,315,110250000,110250100,3802,6338,110600000,110600000
5,316,110600000,110600100,3802,6338,110950000,110950000
5,317,110950000,110950100,3802,6338,111300000,111300000
5,318,111300000,111300100,3802,6338,111650000,111650000
5,319,111650000,111650100,3802,6338,112000000,112000000
5,320,112000000,112000100,3802,6338,112350000,112350000
5,321,112350000,112350100,3802,6338,112700000,112700000
5,322,112700000,112700100,3802,6338,113050000,113050000
5,323,113050000,113050100,3802,6338,113400000,113400000
5,324,113400000,113400100,3802,6338,113750000,113750000
5,325,113750000,113750100,3802,6338,114100000,114100000
5,326,114100000,114100100,3802,6338,114450000,114450000
5,327,114450000,114450100,3802,6338,114800000,114800000
5,328,114800000,114800100,3802,6338,115150000,115150000
5,329,115150000,115150100,3802,6338,115500000,115500000
5,330,115500000,115500100,3802,6338,115850000,115850000
5,331,115850000,115850100,3802,6338,116200000,116200000
5,332,116200000,116200100,3802,6338,116550000,116550000
5,333,116550000,116550100,3802,6338,116900000,116900000
5,334,116900000,116900100,3802,6338,117250000,117250000
5,335,117250000,117250100,3802,6338,117600000,117600000
5,336,117600000,117600100,3802,6338,117950000,117950000
5,337,117950000,117950100,3802,6338,118300000,118300000
5,338,118300000,118300100,3802,6338,118650000,118650000
5,339,118650000,118650100,3802,6338,119000000,119000000
5,340,119000000,119000100,3802,6338,119350000,119350000
5,341,119350000,119350100,3802,6338,119700000,119700000
5,342,119700000,119700100,3802,6338,120050000,120050000
5,343,120050000,120050100,3802,6338,120400000,120400000
5,344,120400000,120400100,3802,6338,120750000,120750000
5,345,120750000,120750100,3802,6338,121100000,121100000
5,346,121100000,121100100,3802,6338,121450000,121450000
5,347,121450000,121450100,3802,6338,121800000,121800000
5,348,121800000,121800100,3802,6338,122150000,122150000
5,349,122150000,122150100,3802,6338,122500000,122500000
5,350,122500000,122500100,3802,6338,122850000,122850000
5,351,122850000,122850100,3802,6338,123200000,123200000
5,352,123200000,123200100,3802,6338,123550000,123550000
5,353,123550000,123550100,3802,6338,123900000,123900000
5,354,123900000,123900100,3802,6338,124250000,124250000
5,355,124250000,124250100,3802,6338,124600000,124600000
5,356,124600000,124600100,3802,6338,124950000,124950000
5,357,124950000,124950100,3802,6338,125300000,125300000
5,358,125300000,125300100,3802,6338,125650000,125650000
5,359,125650000,125650100,3802,6338,126000000,126000000
5,360,126000000,126000100,3802,6338,126350000,126350000
5,361,126350000,126350100,3802,6338,126700000,126700000
5,362,126700000,126700100,3802,6338,127050000,127050000
5,363,127050000,127050100,3802,6338,127400000,127400000
5,364,127400000,127400100,3802,6338,127750000,127750000
5,365,127750000,127750100,3802,6338,128100000,128100000
5,366,128100000,128100100,3802,6338,128450000,128450000
5,367,128450000,128450100,3802,6338,128800000,128800000
5,368,128800000,128800100,3802,6338,129150000,129150000
5,369,129150000,129150100,3802,6338,129500000,129500000
5,370,129500000,129500100,3802,6338,129850000,129850000
5,371,129850000,129850100,3802,6338,130200000,130200000
5,372,130200000,130200100,3802,6338,130550000,130550000
5,373,130550000,130550100,3802,6338,130900000,130900000
5,374,130900000,130900100,3802,6338,131250000,131250000
5,375,131250000,131250100,3802,6338,131600000,131600000
5,376,131600000,131600100,3802,6338,131950000,131950000
5,377,131950000,131950100,3802,6338,132300000,132300000
5,378,132300000,132300100,3802,6338,132650000,132650000
5,379,132650000,132650100,3802,6338,133000000,133000000
5,380,133000000,133000100,3802,6338,133350000,133350000
5,381,133350000,133350100,3802,6338,133700000,133700000
5,382,133700000,133700100,3802,6338,134050000,134050000
5,383,134050000,134050100,3802,6338,134400000,134400000
5,384,134400000,134400100,3802,6338,134750000,134750000
5,385,134750000,134750100,3802,6338,135100000,135100000
5,386,135100000,135100100,3802,6338,135450000,135450000
5,387,135450000,135450100,3802,6338,135800000,135800000
5,388,135800000,135800100,3802,6338,136150000,136150000
5,389,136150000,136150100,3802,6338,136500000,136500000
5,390,136500000,136500100,3802,6338,136850000,136850000
5,391,136850000,136850100,3802,6338,137200000,137200000
5,392,137200000,137200100,3802,6338,137550000,137550000
5,393,137550000,137550100,3802,6338,137900000,137900000
5,394,137900000,137900100,3802,6338,138250000,138250000
5,395,138250000,138250100,3802,6338,138600000,138600000
5,396,138600000,138600100,3802,6338,138950000,138950000
5,397,138950000,138950100,3802,6338,139300000,139300000
5,398,139300000,139300100,3802,6338,139650000,139650000
5,399,139650000,139650100,3802,6338,140000000,140000000
5,400,140000000,140000100,3802,6338,140350000,140350000
5,401,140350000,140350100,3802,6338,140700000,140700000
5,402,140700000,140700100,3802,6338,141050000,141050000
5,403,141050000,141050100,3802,6338,141400000,141400000
5,404,141400000,141400100,3802,6338,141750000,141750000
5,405,141750000,141750100,3802,6338,142100000,142100000
5,406,142100000,142100100,3802,6338,142450000,142450000
5,407,142450000,142450100,3802,6338,142800000,142800000
5,408,142800000,142800100,3802,6338,143150000,143150000
5,409,143150000,143150100,3802,6338,143500000,143500000
5,410,143500000,143500100,3802,6338,143850000,143850000
5,411,143850000,143850100,3802,6338,144200000,144200000
5,412,144200000,144200100,3802,6338,144550000,144550000
5,413,144550000,144550100,3802,6338,144900000,144900000
5,414,144900000,144900100,3802,6338,145250000,145250000
5,415,145250000,145250100,3802,6338,145600000,145600000
5,416,145600000,145600100,3802,6338,145950000,145950000
5,417,145950000,145950100,3802,6338,146300000,146300000
5,418,146300000,146300100,3802,6338,146650000,146650000
5,419,146650000,146650100,3802,6338,147000000,147000000
5,420,147000000,147000100,3802,6338,147350000,147350000
5,421,147350000,147350100,3802,6338,147700000,147700000
5,422,147700000,147700100,3802,6338,148050000,148050000
5,423,148050000,148050100,3802,6338,148400000,148400000
5,424,148400000,148400100,3802,6338,148750000,148750000
5,425,148750000,148750100,3802,6338,149100000,149100000
5,426,149100000,149100100,3802,6338,149450000,149450000
5,427,149450000,149450100,3802,6338,149800000,149800000
5,428,149800000,149800100,3802,6338,150150000,150150000
5,429,150150000,150150100,3802,6338,150500000,150500000
5,430,150500000,150500100,3802,6338,150850000,150850000
5,431,150850000,150850100,3802,6338,151200000,151200000
5,432,151200000,151200100,3802,6338,151550000,151550000
5,433,151550000,151550100,3802,6338,151900000,151900000
5,434,151900000,151900100,3802,6338,152250000,152250000
5,435,152250000,152250100,3802,6338,152600000,152600000
5,436,152600000,152600100,3802,6338,152950000,152950000
5,437,152950000,152950100,3802,6338,153300000,153300000
5,438,153300000,153300100,3802,6338,153650000,153650000
5,439,153650000,153650100,3802,6338,154000000,154000000
5,440,154000000,154000100,3802,6338,154350000,154350000
5,441,154350000,154350100,3802,6338,154700000,154700000
5,442,154700000,154700100,3802,6338,155050000,155050000
5,443,155050000,155050100,3802,6338,155400000,155400000
5,444,155400000,155400100,3802,6338,155750000,155750000
5,445,155750000,155750100,3802,6338,156100000,156100000
5,446,156100000,156100100,3802,6338,156450000,156450000
5,447,156450000,156450100,3802,6338,156800000,156800000
5,448,156800000,156800100,3802,6338,157150000,157150000
5,449,157150000,157150100,3802,6338,157500000,157500000
5,450,157500000,157500100,3802,6338,157850000,157850000
5,451,157850000,157850100,3802,6338,158200000,158200000
5,452,158200000,158200100,3802,6338,158550000,158550000
5,453,158550000,158550100,3802,6338,158900000,158900000
5,454,158900000,158900100,3802,6338,159250000,159250000
5,455,159250000,159250100,3802,6338,159600000,159600000
5,456,159600000,159600100,3802,6338,159950000,159950000
5,457,159950000,159950100,3802,6338,160300000,160300000
5,458,160300000,160300100,3802,6338,160650000,160650000
5,459,160650000,160650100,3802,6338,161000000,161000000
5,460,161000000,161000100,3802,6338,161350000,161350000
5,461,161350000,161350100,3802,6338,161700000,161700000
5,462,161700000,161700100,3802,6338,162050000,162050000
5,463,162050000,162050100,3802,6338,162400000,162400000
5,464,162400000,162400100,3802,6338,162750000,162750000
5,465,162750000,162750100,3802,6338,163100000,163100000
5,466,163100000,163100100,3802,6338,163450000,163450000
5,467,163450000,163450100,3802,6338,163800000,163800000
5,468,163800000,163800100,3802,6338,164150000,164150000
5,469,164150000,164150100,3802,6338,164500000,164500000
5,470,164500000,164500100,3802,6338,164850000,164850000
5,471,164850000,164850100,3802,6338,165200000,165200000
5,472,165200000,165200100,3802,6338,165550000,165550000
5,473,165550000,165550100,3802,6338,165900000,165900000
5,474,165900000,165900100,3802,6338,166250000,166250000
5,475,166250000,166250100,3802,6338,166600000,166600000
5,476,166600000,166600100,3802,6338,166950000,166950000
5,477,166950000,166950100,3802,6338,167300000,167300000
5,478,167300000,167300100,3802,6338,167650000,167650000
5,479,167650000,167650100,3802,6338,168000000,168000000
5,480,168000000,168000100,3802,6338,168350000,168350000
5,481,168350000,168350100,3802,6338,168700000,168700000
5,482,168700000,168700100,3802,6338,169050000,169050000
5,483,169050000,169050100,3802,6338,169400000,169400000
5,484,169400000,169400100,3802,6338,169750000,169750000
5,485,169750000,169750100,3802,6338,170100000,170100000
5,486,170100000,170100100,3802,6338,170450000,170450000
5,487,170450000,170450100,3802,6338,170800000,170800000
5,488,170800000,170800100,3802,6338,171150000,171150000
5,489,171150000,171150100,3802,6338,171500000,171500000
5,490,171500000,171500100,3802,6338,171850000,171850000
5,491,171850000,171850100,3802,6338,172200000,172200000
5,492,172200000,172200100,3802,6338,172550000,172550000
5,493,172550000,172550100,3802,6338,172900000,172900000
5,494,172900000,172900100,3802,6338,173250000,173250000
5,495,173250000,173250100,3802,6338,173600000,173600000
5,496,173600000,173600100,3802,6338,173950000,173950000
5,497,173950000,173950100,3802,6338,174300000,174300000
5,498,174300000,174300100,3802,6338,174650000,174650000
5,499,174650000,174650100,3802,6338,175000000,175000000
5,500,175000000,175000100,3802,6338,175350000,175350000
5,501,175350000,175350100,3802,6338,175700000,175700000
5,502,175700000,175700100,3802,6338,176050000,176050000
5,503,176050000,176050100,3802,6338,176400000,176400000
5,504,176400000,176400100,3802,6338,176750000,176750000
5,505,176750000,176750100,3802,6338,177100000,177100000
5,506,177100000,177100100,3802,6338,177450000,177450000
5,507,177450000,177450100,3802,6338,177800000,177800000
5,508,177800000,177800100,3802,6338,178150000,178150000
5,509,178150000,178150100,3802,6338,178500000,178500000
5,510,178500000,178500100,3802,6338,178850000,178850000
5,511,178850000,178850100,3802,6338,179200000,179200000
5,512,179200000,179200100,3802,6338,179550000,179550000
5,513,179550000,179550100,3802,6338,179900000,179900000
5,514,179900000,179900100,3802,6338,180250000,180250000
5,515,180250000,180250100,3802,6338,180600000,180600000
5,516,180600000,180600100,3802,6338,180950000,180950000
5,517,180950000,180950100,3802,6338,181300000,181300000
5,518,181300000,181300100,3802,6338,181650000,181650000
5,519,181650000,181650100,3802,6338,182000000,182000000
5,520,182000000,182000100,3802,6338,182350000,182350000
5,521,182350000,182350100,3802,6338,182700000,182700000
5,522,182700000,182700100,3802,6338,183050000,183050000
5,523,183050000,183050100,3802,6338,183400000,183400000
5,524,183400000,183400100,3802,6338,183750000,183750000
5,525,183750000,183750100,3802,6338,184100000,184100000
5,526,184100000,184100100,3802,6338,184450000,184450000
5,527,184450000,184450100,3802,6338,184800000,184800000
5,528,184800000,184800100,3802,6338,185150000,185150000
5,529,185150000,185150100,3802,6338,185500000,185500000
5,530,185500000,185500100,3802,6338,185850000,185850000
5,531,185850000,185850100,3802,6338,186200000,186200000
5,532,186200000,186200100,3802,6338,186550000,186550000
5,533,186550000,186550100,3802,6338,186900000,186900000
5,534,186900000,186900100,3802,6338,187250000,187250000
5,535,187250000,187250100,3802,6338,187600000,187600000
5,536,187600000,187600100,3802,6338,187950000,187950000
5,537,187950000,187950100,3802,6338,188300000,188300000
5,538,188300000,188300100,3802,6338,188650000,188650000
5,539,188650000,188650100,3802,6338,189000000,189000000
5,540,189000000,189000100,3802,6338,189350000,189350000
5,541,189350000,189350100,3802,6338,189700000,189700000
5,542,189700000,189700100,3802,6338,190050000,190050000
5,543,190050000,190050100,3802,6338,190400000,190400000
5,544,190400000,190400100,3802,6338,190750000,190750000
5,545,190750000,190750100,3802,6338,191100000,191100000
5,546,191100000,191100100,3802,6338,191450000,191450000
5,547,191450000,191450100,3802,6338,191800000,191800000
5,548,191800000,191800100,3802,6338,192150000,192150000
5,549,192150000,192150100,3802,6338,192500000,192500000
5,550,192500000,192500100,3802,6338,192850000,192850000
5,551,192850000,192850100,3802,6338,193200000,193200000
5,552,193200000,193200100,3802,6338,193550000,193550000
5,553,193550000,193550100,3802,6338,193900000,193900000
5,554,193900000,193900100,3802,6338,194250000,194250000
5,555,194250000,194250100,3802,6338,194600000,194600000
5,556,194600000,194600100,3802,6338,194950000,194950000
5,557,194950000,194950100,3802,6338,195300000,195300000
5,558,195300000,195300100,3802,6338,195650000,195650000
5,559,195650000,195650100,3802,6338,196000000,196000000
5,560,196000000,196000100,3802,6338,196350000,196350000
5,561,196350000,196350100,3802,6338,196700000,196700000
5,562,196700000,196700100,3802,6338,197050000,197050000
5,563,197050000,197050100,3802,6338,197400000,197400000
5,564,197400000,197400100,3802,6338,197750000,197750000
5,565,197750000,197750100,3802,6338,198100000,198100000
5,566,198100000,198100100,3802,6338,198450000,198450000
5,567,198450000,198450100,3802,6338,198800000,198800000
5,568,198800000,198800100,3802,6338,199150000,199150000
5,569,199150000,199150100,3802,6338,199500000,199500000
5,570,199500000,199500100,3802,6338,199850000,199850000
5,571,199850000,199850100,3802,6338,200200000,200200000
5,572,200200000,200200100,3802,6338,200550000,200550000
5,573,200550000,200550100,3802,6338,200900000,200900000
5,574,200900000,200900100,3802,6338,201250000,201250000
5,575,201250000,201250100,3802,6338,201600000,201600000
5,576,201600000,201600100,3802,6338,201950000,201950000
5,577,201950000,201950100,3802,6338,202300000,202300000
5,578,202300000,202300100,3802,6338,202650000,202650000
5,579,202650000,202650100,3802,6338,203000000,203000000
5,580,203000000,203000100,3802,6338,203350000,203350000
5,581,203350000,203350100,3802,6338,203700000,203700000
5,582,203700000,203700100,3802,6338,204050000,204050000
5,583,204050000,204050100,3802,6338,204400000,204400000
5,584,204400000,204400100,3802,6338,204750000,204750000
5,585,204750000,204750100,3802,6338,205100000,205100000
5,586,205100000,205100100,3802,6338,205450000,205450000
5,587,205450000,205450100,3802,6338,205800000,205800000
5,588,205800000,205800100,3802,6338,206150000,206150000
5,589,206150000,206150100,3802,6338,206500000,206500000
5,590,206500000,206500100,3802,6338,206850000,206850000
5,591,206850000,206850100,3802,6338,207200000,207200000
5,592,207200000,207200100,3802,6338,207550000,207550000
5,593,207550000,207550100,3802,6338,207900000,207900000
5,594,207900000,207900100,3802,6338,208250000,208250000
5,595,208250000,208250100,3802,6338,208600000,208600000
5,596,208600000,208600100,3802,6338,208950000,208950000
5,597,208950000,208950100,3802,6338,209300000,209300000
5,598,209300000,209300100,3802,6338,209650000,209650000
5,599,209650000,209650100,3802,6338,210000000,210000000
5,600,210000000,210000100,3802,6338,210350000,210350000
5,601,210350000,210350100,3802,6338,210700000,210700000
5,602,210700000,210700100,3802,6338,211050000,211050000
5,603,211050000,211050100,3802,6338,211400000,211400000
5,604,211400000,211400100,3802,6338,211750000,211750000
5,605,211750000,211750100,3802,6338,212100000,212100000
5,606,212100000,212100100,3802,6338,212450000,212450000
5,607,212450000,212450100,3802,6338,212800000,212800000
5,608,212800000,212800100,3802,6338,213150000,213150000
5,609,213150000,213150100,3802,6338,213500000,213500000
5,610,213500000,213500100,3802,6338,213850000,213850000
5,611,213850000,213850100,3802,6338,214200000,214200000
5,612,214200000,214200100,3802,6338,214550000,214550000
5,613,214550000,214550100,3802,6338,214900000,214900000
5,614,214900000,214900100,3802,6338,215250000,215250000
5,615,215250000,215250100,3802,6338,215600000,215600000
5,616,215600000,215600100,3802,6338,215950000,215950000
5,617,215950000,215950100,3802,6338,216300000,216300000
5,618,216300000,216300100,3802,6338,216650000,216650000
5,619,216650000,216650100,3802,6338,217000000,217000000
5,620,217000000,217000100,3802,6338,217350000,217350000
5,621,217350000,217350100,3802,6338,217700000,217700000
5,622,217700000,217700100,3802,6338,218050000,218050000
5,623,218050000,218050100,3802,6338,218400000,218400000
5,624,218400000,218400100,3802,6338,218750000,218750000
5,625,218750000,218750100,3802,6338,219100000,219100000
5,626,219100000,219100100,3802,6338,219450000,219450000
5,627,219450000,219450100,3802,6338,219800000,219800000
5,628,219800000,219800100,3802,6338,220150000,220150000
5,629,220150000,220150100,3802,6338,220500000,220500000
5,630,220500000,220500100,3802,6338,220850000,220850000
5,631,220850000,220850100,3802,6338,221200000,221200000
5,632,221200000,221200100,3802,6338,221550000,221550000
5,633,221550000,221550100,3802,6338,221900000,221900000
5,634,221900000,221900100,3802,6338,222250000,222250000
5,635,222250000,222250100,3802,6338,222600000,222600000
5,636,222600000,222600100,3802,6338,222950000,222950000
5,637,222950000,222950100,3802,6338,223300000,223300000
5,638,223300000,223300100,3802,6338,223650000,223650000
5,639,223650000,223650100,3802,6338,224000000,224000000
5,640,224000000,224000100,3802,6338,224350000,224350000
5,641,224350000,224350100,3802,6338,224700000,224700000
5,642,224700000,224700100,3802,6338,225050000,225050000
5,643,225050000,225050100,3802,6338,225400000,225400000
5,644,225400000,225400100,3802,6338,225750000,225750000
5,645,225750000,225750100,3802,6338,226100000,226100000
5,646,226100000,226100100,3802,6338,226450000,226450000
5,647,226450000,226450100,3802,6338,226800000,226800000
5,648,226800000,226800100,3802,6338,227150000,227150000
5,649,227150000,227150100,3802,6338,227500000,227500000
5,650,227500000,227500100,3802,6338,227850000,227850000
5,651,227850000,227850100,3802,6338,228200000,228200000
5,652,228200000,228200100,3802,6338,228550000,228550000
5,653,228550000,228550100,3802,6338,228900000,228900000
5,654,228900000,228900100,3802,6338,229250000,229250000
5,655,229250000,229250100,3802,6338,229600000,229600000
5,656,229600000,229600100,3802,6338,229950000,229950000
5,657,229950000,229950100,3802,6338,230300000,230300000
5,658,230300000,230300100,3802,6338,230650000,230650000
5,659,230650000,230650100,3802,6338,231000000,231000000
5,660,231000000,231000100,3802,6338,231350000,231350000
5,661,231350000,231350100,3802,6338,231700000,231700000
5,662,231700000,231700100,3802,6338,232050000,232050000
5,663,232050000,232050100,3802,6338,232400000,232400000
5,664,232400000,232400100,3802,6338,232750000,232750000
5,665,232750000,232750100,3802,6338,233100000,233100000
5,666,233100000,233100100,3802,6338,233450000,233450000
5,667,233450000,233450100,3802,6338,233800000,233800000
5,668,233800000,233800100,3802,6338,234150000,234150000
5,669,234150000,234150100,3802,6338,234500000,234500000
5,670,234500000,234500100,3802,6338,234850000,234850000
5,671,234850000,234850100,3802,6338,235200000,235200000
5,672,235200000,235200100,3802,6338,235550000,235550000
5,673,235550000,235550100,3802,6338,235900000,235900000
5,674,235900000,235900100,3802,6338,236250000,236250000
5,675,236250000,236250100,3802,6338,236600000,236600000
5,676,236600000,236600100,3802,6338,236950000,236950000
5,677,236950000,236950100,3802,6338,237300000,237300000
5,678,237300000,237300100,3802,6338,237650000,237650000
5,679,237650000,237650100,3802,6338,238000000,238000000
5,680,238000000,238000100,3802,6338,238350000,238350000
5,681,238350000,238350100,3802,6338,238700000,238700000
5,682,238700000,238700100,3802,6338,239050000,239050000
5,683,239050000,239050100,3802,6338,239400000,239400000
5,684,239400000,239400100,3802,6338,239750000,239750000
5,685,239750000,239750100,3802,6338,240100000,240100000
5,686,240100000,240100100,3802,6338,240450000,240450000
5,687,240450000,240450100,3802,6338,240800000,240800000
5,688,240800000,240800100,3802,6338,241150000,241150000
5,689,241150000,241150100,3802,6338,241500000,241500000
5,690,241500000,241500100,3802,6338,241850000,241850000
5,691,241850000,241850100,3802,6338,242200000,242200000
5,692,242200000,242200100,3802,6338,242550000,242550000
5,693,242550000,242550100,3802,6338,242900000,242900000
5,694,242900000,242900100,3802,6338,243250000,243250000
5,695,243250000,243250100,3802,6338,243600000,243600000
5,696,243600000,243600100,3802,6338,243950000,243950000
5,697,243950000,243950100,3802,6338,244300000,244300000
5,698,244300000,244300100,3802,6338,244650000,244650000
5,699,244650000,244650100,3802,6338,245000000,245000000
5,700,245000000,245000100,3802,6338,245350000,245350000
5,701,245350000,245350100,3802,6338,245700000,245700000
5,702,245700000,245700100,3802,6338,246050000,246050000
5,703,246050000,246050100,3802,6338,246400000,246400000
5,704,246400000,246400100,3802,6338,246750000,246750000
5,705,246750000,246750100,3802,6338,247100000,247100000
5,706,247100000,247100100,3802,6338,247450000,247450000
5,707,247450000,247450100,3802,6338,247800000,247800000
5,708,247800000,247800100,3802,6338,248150000,248150000
5,709,248150000,248150100,3802,6338,248500000,248500000
5,710,248500000,248500100,3802,6338,248850000,248850000
5,711,248850000,248850100,3802,6338,249200000,249200000
5,712,249200000,249200100,3802,6338,249550000,249550000
5,713,249550000,249550100,3802,6338,249900000,249900000
5,714,249900000,249900100,3802,6338,250250000,250250000
5,715,250250000,250250100,3802,6338,250600000,250600000
5,716,250600000,250600100,3802,6338,250950000,250950000
5,717,250950000,250950100,3802,6338,251300000,251300000
5,718,251300000,251300100,3802,6338,251650000,251650000
5,719,251650000,251650100,3802,6338,252000000,252000000
5,720,252000000,252000100,3802,6338,252350000,252350000
5,721,252350000,252350100,3802,6338,252700000,252700000
5,722,252700000,252700100,3802,6338,253050000,253050000
5,723,253050000,253050100,3802,6338,253400000,253400000
5,724,253400000,253400100,3802,6338,253750000,253750000
5,725,253750000,253750100,3802,6338,254100000,254100000
5,726,254100000,254100100,3802,6338,254450000,254450000
5,727,254450000,254450100,3802,6338,254800000,254800000
5,728,254800000,254800100,3802,6338,255150000,255150000
5,729,255150000,255150100,3802,6338,255500000,255500000
5,730,255500000,255500100,3802,6338,255850000,255850000
5,731,255850000,255850100,3802,6338,256200000,256200000
5,732,256200000,256200100,3802,6338,256550000,256550000
5,733,256550000,256550100,3802,6338,256900000,256900000
5,734,256900000,256900100,3802,6338,257250000,257250000
5,735,257250000,257250100,3802,6338,257600000,257600000
5,736,257600000,257600100,3802,6338,257950000,257950000
5,737,257950000,257950100,3802,6338,258300000,258300000
5,738,258300000,258300100,3802,6338,258650000,258650000
5,739,258650000,258650100,3802,6338,259000000,259000000
5,740,259000000,259000100,3802,6338,259350000,259350000
5,741,259350000,259350100,3802,6338,259700000,259700000
5,742,259700000,259700100,3802,6338,260050000,260050000
5,743,260050000,260050100,3802,6338,260400000,260400000
5,744,260400000,260400100,3802,6338,260750000,260750000
5,745,260750000,260750100,3802,6338,261100000,261100000
5,746,261100000,261100100,3802,6338,261450000,261450000
5,747,261450000,261450100,3802,6338,261800000,261800000
5,748,261800000,261800100,3802,6338,262150000,262150000
5,749,262150000,262150100,3802,6338,262500000,262500000
5,750,262500000,262500100,3802,6338,262850000,262850000
5,751,262850000,262850100,3802,6338,263200000,263200000
5,752,263200000,263200100,3802,6338,263550000,263550000
5,753,263550000,263550100,3802,6338,263900000,263900000
5,754,263900000,263900100,3802,6338,264250000,264250000
5,755,264250000,264250100,3802,6338,264600000,264600000
5,756,264600000,264600100,3802,6338,264950000,264950000
5,757,264950000,264950100,3802,6338,265300000,265300000
5,758,265300000,265300100,3802,6338,265650000,265650000
5,759,265650000,265650100,3802,6338,266000000,266000000
5,760,266000000,266000100,3802,6338,266350000,266350000
5,761,266350000,266350100,3802,6338,266700000,266700000
5,762,266700000,266700100,3802,6338,267050000,267050000
5,763,267050000,267050100,3802,6338,267400000,267400000
5,764,267400000,267400100,3802,6338,267750000,267750000
5,765,267750000,267750100,3802,6338,268100000,268100000
5,766,268100000,268100100,3802,6338,268450000,268450000
5,767,268450000,268450100,3802,6338,268800000,268800000
5,768,268800000,268800100,3802,6338,269150000,269150000
5,769,269150000,269150100,3802,6338,269500000,269500000
5,770,269500000,269500100,3802,6338,269850000,269850000
5,771,269850000,269850100,3802,6338,270200000,270200000
5,772,270200000,270200100,3802,6338,270550000,270550000
5,773,270550000,270550100,3802,6338,270900000,270900000
5,774,270900000,270900100,3802,6338,271250000,271250000
5,775,271250000,271250100,3802,6338,271600000,271600000
5,776,271600000,271600100,3802,6338,271950000,271950000
5,777,271950000,271950100,3802,6338,272300000,272300000
5,778,272300000,272300100,3802,6338,272650000,272650000
5,779,272650000,272650100,3802,6338,273000000,273000000
5,780,273000000,273000100,3802,6338,273350000,273350000
5,781,273350000,273350100,3802,6338,273700000,273700000
5,782,273700000,273700100,3802,6338,274050000,274050000
5,783,274050000,274050100,3802,6338,274400000,274400000
5,784,274400000,274400100,3802,6338,274750000,274750000
5,785,274750000,274750100,3802,6338,275100000,275100000
5,786,275100000,275100100,3802,6338,275450000,275450000
5,787,275450000,275450100,3802,6338,275800000,275800000
5,788,275800000,275800100,3802,6338,276150000,276150000
5,789,276150000,276150100,3802,6338,276500000,276500000
5,790,276500000,276500100,3802,6338,276850000,276850000
5,791,276850000,276850100,3802,6338,277200000,277200000
5,792,277200000,277200100,3802,6338,277550000,277550000
5,793,277550000,277550100,3802,6338,277900000,277900000
5,794,277900000,277900100,3802,6338,278250000,278250000
5,795,278250000,278250100,3802,6338,278600000,278600000
5,796,278600000,278600100,3802,6338,278950000,278950000
5,797,278950000,278950100,3802,6338,279300000,279300000
5,798,279300000,279300100,3802,6338,279650000,279650000
5,799,279650000,279650100,3802,6338,280000000,280000000
5,800,280000000,280000100,3802,6338,280350000,280350000
5,801,280350000,280350100,3802,6338,280700000,280700000
5,802,280700000,280700100,3802,6338,281050000,281050000
5,803,281050000,281050100,3802,6338,281400000,281400000
5,804,281400000,281400100,3802,6338,281750000,281750000
5,805,281750000,281750100,3802,6338,282100000,282100000
5,806,282100000,282100100,3802,6338,282450000,282450000
5,807,282450000,282450100,3802,6338,282800000,282800000
5,808,282800000,282800100,3802,6338,283150000,283150000
5,809,283150000,283150100,3802,6338,283500000,283500000
5,810,283500000,283500100,3802,6338,283850000,283850000
5,811,283850000,283850100,3802,6338,284200000,284200000
5,812,284200000,284200100,3802,6338,284550000,284550000
5,813,284550000,284550100,3802,6338,284900000,284900000
5,814,284900000,284900100,3802,6338,285250000,285250000
5,815,285250000,285250100,3802,6338,285600000,285600000
5,816,285600000,285600100,3802,6338,285950000,285950000
5,817,285950000,285950100,3802,6338,286300000,286300000
5,818,286300000,286300100,3802,6338,286650000,286650000
5,819,286650000,286650100,3802,6338,287000000,287000000
5,820,287000000,287000100,3802,6338,287350000,287350000
5,821,287350000,287350100,3802,6338,287700000,287700000
5,822,287700000,287700100,3802,6338,288050000,288050000
5,823,288050000,288050100,3802,6338,288400000,288400000
5,824,288400000,288400100,3802,6338,288750000,288750000
5,825,288750000,288750100,3802,6338,289100000,289100000
5,826,289100000,289100100,3802,6338,289450000,289450000
5,827,289450000,289450100,3802,6338,289800000,289800000
5,828,289800000,289800100,3802,6338,290150000,290150000
5,829,290150000,290150100,3802,6338,290500000,290500000
5,830,290500000,290500100,3802,6338,290850000,290850000
5,831,290850000,290850100,3802,6338,291200000,291200000
5,832,291200000,291200100,3802,6338,291550000,291550000
5,833,291550000,291550100,3802,6338,291900000,291900000
5,834,291900000,291900100,3802,6338,292250000,292250000
5,835,292250000,292250100,3802,6338,292600000,292600000
5,836,292600000,292600100,3802,6338,292950000,292950000
5,837,292950000,292950100,3802,6338,293300000,293300000
5,838,293300000,293300100,3802,6338,293650000,293650000
5,839,293650000,293650100,3802,6338,294000000,294000000
5,840,294000000,294000100,3802,6338,294350000,294350000
5,841,294350000,294350100,3802,6338,294700000,294700000
5,842,294700000,294700100,3802,6338,295050000,295050000
5,843,295050000,295050100,3802,6338,295400000,295400000
5,844,295400000,295400100,3802,6338,295750000,295750000
5,845,295750000,295750100,3802,6338,296100000,296100000
5,846,296100000,296100100,3802,6338,296450000,296450000
5,847,296450000,296450100,3802,6338,296800000,296800000
5,848,296800000,296800100,3802,6338,297150000,297150000
5,849,297150000,297150100,3802,6338,297500000,297500000
5,850,297500000,297500100,3802,6338,297850000,297850000
5,851,297850000,297850100,3802,6338,298200000,298200000
5,852,298200000,298200100,3802,6338,298550000,298550000
5,853,298550000,298550100,3802,6338,298900000,298900000
5,854,298900000,298900100,3802,6338,299250000,299250000
5,855,299250000,299250100,3802,6338,299600000,299600000
5,856,299600000,299600100,3802,6338,299950000,299950000
5,857,299950000,299950100,3802,6338,300300000,300300000
5,858,300300000,300300100,3802,6338,300650000,300650000
5,859,300650000,300650100,3802,6338,301000000,301000000
5,860,301000000,301000100,3802,6338,301350000,301350000
5,861,301350000,301350100,3802,6338,301700000,301700000
5,862,301700000,301700100,3802,6338,302050000,302050000
5,863,302050000,302050100,3802,6338,302400000,302400000
5,864,302400000,302400100,3802,6338,302750000,302750000
5,865,302750000,302750100,3802,6338,303100000,303100000
5,866,303100000,303100100,3802,6338,303450000,303450000
5,867,303450000,303450100,3802,6338,303800000,303800000
5,868,303800000,303800100,3802,6338,304150000,304150000
5,869,304150000,304150100,3802,6338,304500000,304500000
5,870,304500000,304500100,3802,6338,304850000,304850000
5,871,304850000,304850100,3802,6338,305200000,305200000
5,872,305200000,305200100,3802,6338,305550000,305550000
5,873,305550000,305550100,3802,6338,305900000,305900000
5,874,305900000,305900100,3802,6338,306250000,306250000
5,875,306250000,306250100,3802,6338,306600000,306600000
5,876,306600000,306600100,3802,6338,306950000,306950000
5,877,306950000,306950100,3802,6338,307300000,307300000
5,878,307300000,307300100,3802,6338,307650000,307650000
5,879,307650000,307650100,3802,6338,308000000,308000000
5,880,308000000,308000100,3802,6338,308350000,308350000
5,881,308350000,308350100,3802,6338,308700000,308700000
5,882,308700000,308700100,3802,6338,309050000,309050000
5,883,309050000,309050100,3802,6338,309400000,309400000
5,884,309400000,309400100,3802,6338,309750000,309750000
5,885,309750000,309750100,3802,6338,310100000,310100000
5,886,310100000,310100100,3802,6338,310450000,310450000
5,887,310450000,310450100,3802,6338,310800000,310800000
5,888,310800000,310800100,3802,6338,311150000,311150000
5,889,311150000,311150100,3802,6338,311500000,311500000
5,890,311500000,311500100,3802,6338,311850000,311850000
5,891,311850000,311850100,3802,6338,312200000,312200000
5,892,312200000,312200100,3802,6338,312550000,312550000
5,893,312550000,312550100,3802,6338,312900000,312900000
5,894,312900000,312900100,3802,6338,313250000,313250000
5,895,313250000,313250100,3802,6338,313600000,313600000
5,896,313600000,313600100,3802,6338,313950000,313950000
5,897,313950000,313950100,3802,6338,314300000,314300000
5,898,314300000,314300100,3802,6338,314650000,314650000
5,899,314650000,314650100,3802,6338,315000000,315000000
5,900,315000000,315000100,3802,6338,315350000,315350000
5,901,315350000,315350100,3802,6338,315700000,315700000
5,902,315700000,315700100,3802,6338,316050000,316050000
5,903,316050000,316050100,3802,6338,316400000,316400000
5,904,316400000,316400100,3802,6338,316750000,316750000
5,905,316750000,316750100,3802,6338,317100000,317100000
5,906,317100000,317100100,3802,6338,317450000,317450000
5,907,317450000,317450100,3802,6338,317800000,317800000
5,908,317800000,317800100,3802,6338,318150000,318150000
5,909,318150000,318150100,3802,6338,318500000,318500000
5,910,318500000,318500100,3802,6338,318850000,318850000
5,911,318850000,318850100,3802,6338,319200000,319200000
5,912,319200000,319200100,3802,6338,319550000,319550000
5,913,319550000,319550100,3802,6338,319900000,319900000
5,914,319900000,319900100,3802,6338,320250000,320250000
5,915,320250000,320250100,3802,6338,320600000,320600000
5,916,320600000,320600100,3802,6338,320950000,320950000
5,917,320950000,320950100,3802,6338,321300000,321300000
5,918,321300000,321300100,3802,6338,321650000,321650000
5,919,321650000,321650100,3802,6338,322000000,322000000
5,920,322000000,322000100,3802,6338,322350000,322350000
5,921,322350000,322350100,3802,6338,322700000,322700000
5,922,322700000,322700100,3802,6338,323050000,323050000
5,923,323050000,323050100,3802,6338,323400000,323400000
5,924,323400000,323400100,3802,6338,323750000,323750000
5,925,323750000,323750100,3802,6338,324100000,324100000
5,926,324100000,324100100,3802,6338,324450000,324450000
5,927,324450000,324450100,3802,6338,324800000,324800000
5,928,324800000,324800100,3802,6338,325150000,325150000
5,929,325150000,325150100,3802,6338,325500000,325500000
5,930,325500000,325500100,3802,6338,325850000,325850000
5,931,325850000,325850100,3802,6338,326200000,326200000
5,932,326200000,326200100,3802,6338,326550000,326550000
5,933,326550000,326550100,3802,6338,326900000,326900000
5,934,326900000,326900100,3802,6338,327250000,327250000
5,935,327250000,327250100,3802,6338,327600000,327600000
5,936,327600000,327600100,3802,6338,327950000,327950000
5,937,327950000,327950100,3802,6338,328300000,328300000
5,938,328300000,328300100,3802,6338,328650000,328650000
5,939,328650000,328650100,3802,6338,329000000,329000000
5,940,329000000,329000100,3802,6338,329350000,329350000
5,941,329350000,329350100,3802,6338,329700000,329700000
5,942,329700000,329700100,3802,6338,330050000,330050000
5,943,330050000,330050100,3802,6338,330400000,330400000
5,944,330400000,330400100,3802,6338,330750000,330750000
5,945,330750000,330750100,3802,6338,331100000,331100000
5,946,331100000,331100100,3802,6338,331450000,331450000
5,947,331450000,331450100,3802,6338,331800000,331800000
5,948,331800000,331800100,3802,6338,332150000,332150000
5,949,332150000,332150100,3802,6338,332500000,332500000
5,950,332500000,332500100,3802,6338,332850000,332850000
5,951,332850000,332850100,3802,6338,333200000,333200000
5,952,333200000,333200100,3802,6338,333550000,333550000
5,953,333550000,333550100,3802,6338,333900000,333900000
5,954,333900000,333900100,3802,6338,334250000,334250000
5,955,334250000,334250100,3802,6338,334600000,334600000
5,956,334600000,334600100,3802,6338,334950000,334950000
5,957,334950000,334950100,3802,6338,335300000,335300000
5,958,335300000,335300100,3802,6338,335650000,335650000
5,959,335650000,335650100,3802,6338,336000000,336000000
5,960,336000000,336000100,3802,6338,336350000,336350000
5,961,336350000,336350100,3802,6338,336700000,336700000
5,962,336700000,336700100,3802,6338,337050000,337050000
5,963,337050000,337050100,3802,6338,337400000,337400000
5,964,337400000,337400100,3802,6338,337750000,337750000
5,965,337750000,337750100,3802,6338,338100000,338100000
5,966,338100000,338100100,3802,6338,338450000,338450000
5,967,338450000,338450100,3802,6338,338800000,338800000
5,968,338800000,338800100,3802,6338,339150000,339150000
5,969,339150000,339150100,3802,6338,339500000,339500000
5,970,339500000,339500100,3802,6338,339850000,339850000
5,971,339850000,339850100,3802,6338,340200000,340200000
5,972,340200000,340200100,3802,6338,340550000,340550000
5,973,340550000,340550100,3802,6338,340900000,340900000
5,974,340900000,340900100,3802,6338,341250000,341250000
5,975,341250000,341250100,3802,6338,341600000,341600000
5,976,341600000,341600100,3802,6338,341950000,341950000
5,977,341950000,341950100,3802,6338,342300000,342300000
5,978,342300000,342300100,3802,6338,342650000,342650000
5,979,342650000,342650100,3802,6338,343000000,343000000
5,980,343000000,343000100,3802,6338,343350000,343350000
5,981,343350000,343350100,3802,6338,343700000,343700000
5,982,343700000,343700100,3802,6338,344050000,344050000
5,983,344050000,344050100,3802,6338,344400000,344400000
5,984,344400000,344400100,3802,6338,344750000,344750000
5,985,344750000,344750100,3802,6338,345100000,345100000
5,986,345100000,345100100,3802,6338,345450000,345450000
5,987,345450000,345450100,3802,6338,345800000,345800000
5,988,345800000,345800100,3802,6338,346150000,346150000
5,989,346150000,346150100,3802,6338,346500000,346500000
5,990,346500000,346500100,3802,6338,346850000,346850000
5,991,346850000,346850100,3802,6338,347200000,347200000
5,992,347200000,347200100,3802,6338,347550000,347550000
5,993,347550000,347550100,3802,6338,347900000,347900000
5,994,347900000,347900100,3802,6338,348250000,348250000
5,995,348250000,348250100,3802,6338,348600000,348600000
5,996,348600000,348600100,3802,6338,348950000,348950000
5,997,348950000,348950100,3802,6338,349300000,349300000
5,998,349300000,349300100,3802,6338,349650000,349650000
5,999,349650000,349650100,3802,6338,350000000,350000000
5,1000,350000000,350000100,3802,6338,350350000,350350000
5,1001,350350000,350350100,3802,6338,350700000,350700000
5,1002,350700000,350700100,3802,6338,351050000,351050000
5,1003,351050000,351050100,3802,6338,351400000,351400000
5,1004,351400000,351400100,3802,6338,351750000,351750000
5,1005,351750000,351750100,3802,6338,352100000,352100000
5,1006,352100000,352100100,3802,6338,352450000,352450000
5,1007,352450000,352450100,3802,6338,352800000,352800000
5,1008,352800000,352800100,3802,6338,353150000,353150000
5,1009,353150000,353150100,3802,6338,353500000,353500000
5,1010,353500000,353500100,3802,6338,353850000,353850000
5,1011,353850000,353850100,3802,6338,354200000,354200000
5,1012,354200000,354200100,3802,6338,354550000,354550000
5,1013,354550000,354550100,3802,6338,354900000,354900000
5,1014,354900000,354900100,3802,6338,355250000,355250000
5,1015,355250000,355250100,3802,6338,355600000,355600000
5,1016,355600000,355600100,3802,6338,355950000,355950000
5,1017,355950000,355950100,3802,6338,356300000,356300000
5,1018,356300000,356300100,3802,6338,356650000,356650000
5,1019,356650000,356650100,3802,6338,357000000,357000000
5,1020,357000000,357000100,3802,6338,357350000,357350000
5,1021,357350000,357350100,3802,6338,357700000,357700000
5,1022,357700000,357700100,3802,6338,358050000,358050000
5,1023,358050000,358050100,3802,6338,358400000,358400000
5,1024,358400000,358400100,3802,6338,358750000,358750000
5,1025,358750000,358750100,3802,6338,359100000,359100000
5,1026,359100000,359100100,3802,6338,359450000,359450000
5,1027,359450000,359450100,3802,6338,359800000,359800000
5,1028,359800000,359800100,3802,6338,360150000,360150000
5,1029,360150000,360150100,3802,6338,360500000,360500000
5,1030,360500000,360500100,3802,6338,360850000,360850000
5,1031,360850000,360850100,3802,6338,361200000,361200000
5,1032,361200000,361200100,3802,6338,361550000,361550000
5,1033,361550000,361550100,3802,6338,361900000,361900000
5,1034,361900000,361900100,3802,6338,362250000,362250000
5,1035,362250000,362250100,3802,6338,362600000,362600000
5,1036,362600000,362600100,3802,6338,362950000,362950000
5,1037,362950000,362950100,3802,6338,363300000,363300000
5,1038,363300000,363300100,3802,6338,363650000,363650000
5,1039,363650000,363650100,3802,6338,364000000,364000000
5,1040,364000000,364000100,3802,6338,364350000,364350000
5,1041,364350000,364350100,3802,6338,364700000,364700000
5,1042,364700000,364700100,3802,6338,365050000,365050000
5,1043,365050000,365050100,3802,6338,365400000,365400000
5,1044,365400000,365400100,3802,6338,365750000,365750000
5,1045,365750000,365750100,3802,6338,366100000,366100000
5,1046,366100000,366100100,3802,6338,366450000,366450000
5,1047,366450000,366450100,3802,6338,366800000,366800000
5,1048,366800000,366800100,3802,6338,367150000,367150000
5,1049,367150000,367150100,3802,6338,367500000,367500000
5,1050,367500000,367500100,3802,6338,367850000,367850000
5,1051,367850000,367850100,3802,6338,368200000,368200000
5,1052,368200000,368200100,3802,6338,368550000,368550000
5,1053,368550000,368550100,3802,6338,368900000,368900000
5,1054,368900000,368900100,3802,6338,369250000,369250000
5,1055,369250000,369250100,3802,6338,369600000,369600000
5,1056,369600000,369600100,3802,6338,369950000,369950000
5,1057,369950000,369950100,3802,6338,370300000,370300000
5,1058,370300000,370300100,3802,6338,370650000,370650000
5,1059,370650000,370650100,3802,6338,371000000,371000000
5,1060,371000000,371000100,3802,6338,371350000,371350000
5,1061,371350000,371350100,3802,6338,371700000,371700000
5,1062,371700000,371700100,3802,6338,372050000,372050000
5,1063,372050000,372050100,3802,6338,372400000,372400000
5,1064,372400000,372400100,3802,6338,372750000,372750000
5,1065,372750000,372750100,3802,6338,373100000,373100000
5,1066,373100000,373100100,3802,6338,373450000,373450000
5,1067,373450000,373450100,3802,6338,373800000,373800000
5,1068,373800000,373800100,3802,6338,374150000,374150000
5,1069,374150000,374150100,3802,6338,374500000,374500000
5,1070,374500000,374500100,3802,6338,374850000,374850000
5,1071,374850000,374850100,3802,6338,375200000,375200000
5,1072,375200000,375200100,3802,6338,375550000,375550000
5,1073,375550000,375550100,3802,6338,375900000,375900000
5,1074,375900000,375900100,3802,6338,376250000,376250000
5,1075,376250000,376250100,3802,6338,376600000,376600000
5,1076,376600000,376600100,3802,6338,376950000,376950000
5,1077,376950000,376950100,3802,6338,377300000,377300000
5,1078,377300000,377300100,3802,6338,377650000,377650000
5,1079,377650000,377650100,3802,6338,378000000,378000000
5,1080,378000000,378000100,3802,6338,378350000,378350000
5,1081,378350000,378350100,3802,6338,378700000,378700000
5,1082,378700000,378700100,3802,6338,379050000,379050000
5,1083,379050000,379050100,3802,6338,379400000,379400000
5,1084,379400000,379400100,3802,6338,379750000,379750000
5,1085,379750000,379750100,3802,6338,380100000,380100000
5,1086,380100000,380100100,3802,6338,380450000,380450000
5,1087,380450000,380450100,3802,6338,380800000,380800000
5,1088,380800000,380800100,3802,6338,381150000,381150000
5,1089,381150000,381150100,3802,6338,381500000,381500000
5,1090,381500000,381500100,3802,6338,381850000,381850000
5,1091,381850000,381850100,3802,6338,382200000,382200000
5,1092,382200000,382200100,3802,6338,382550000,382550000
5,1093,382550000,382550100,3802,6338,382900000,382900000
5,1094,382900000,382900100,3802,6338,383250000,383250000
5,1095,383250000,383250100,3802,6338,383600000,383600000
5,1096,383600000,383600100,3802,6338,383950000,383950000
5,1097,383950000,383950100,3802,6338,384300000,384300000
5,1098,384300000,384300100,3802,6338,384650000,384650000
5,1099,384650000,384650100,3802,6338,385000000,385000000
5,1100,385000000,385000100,3802,6338,385350000,385350000
5,1101,385350000,385350100,3802,6338,385700000,385700000
5,1102,385700000,385700100,3802,6338,386050000,386050000
5,1103,386050000,386050100,3802,6338,386400000,386400000
5,1104,386400000,386400100,3802,6338,386750000,386750000
5,1105,386750000,386750100,3802,6338,387100000,387100000
5,1106,387100000,387100100,3802,6338,387450000,387450000
5,1107,387450000,387450100,3802,6338,387800000,387800000
5,1108,387800000,387800100,3802,6338,388150000,388150000
5,1109,388150000,388150100,3802,6338,388500000,388500000
5,1110,388500000,388500100,3802,6338,388850000,388850000
5,1111,388850000,388850100,3802,6338,389200000,389200000
5,1112,389200000,389200100,3802,6338,389550000,389550000
5,1113,389550000,389550100,3802,6338,389900000,389900000
5,1114,389900000,389900100,3802,6338,390250000,390250000
5,1115,390250000,390250100,3802,6338,390600000,390600000
5,1116,390600000,390600100,3802,6338,390950000,390950000
5,1117,390950000,390950100,3802,6338,391300000,391300000
5,1118,391300000,391300100,3802,6338,391650000,391650000
5,1119,391650000,391650100,3802,6338,392000000,392000000
5,1120,392000000,392000100,3802,6338,392350000,392350000
5,1121,392350000,392350100,3802,6338,392700000,392700000
5,1122,392700000,392700100,3802,6338,393050000,393050000
5,1123,393050000,393050100,3802,6338,393400000,393400000
5,1124,393400000,393400100,3802,6338,393750000,393750000
5,1125,393750000,393750100,3802,6338,394100000,394100000
5,1126,394100000,394100100,3802,6338,394450000,394450000
5,1127,394450000,394450100,3802,6338,394800000,394800000
5,1128,394800000,394800100,3802,6338,395150000,395150000
5,1129,395150000,395150100,3802,6338,395500000,395500000
5,1130,395500000,395500100,3802,6338,395850000,395850000
5,1131,395850000,395850100,3802,6338,396200000,396200000
5,1132,396200000,396200100,3802,6338,396550000,396550000
5,1133,396550000,396550100,3802,6338,396900000,396900000
5,1134,396900000,396900100,3802,6338,397250000,397250000
5,1135,397250000,397250100,3802,6338,397600000,397600000
5,1136,397600000,397600100,3802,6338,397950000,397950000
5,1137,397950000,397950100,3802,6338,398300000,398300000
5,1138,398300000,398300100,3802,6338,398650000,398650000
5,1139,398650000,398650100,3802,6338,399000000,399000000
5,1140,399000000,399000100,3802,6338,399350000,399350000
5,1141,399350000,399350100,3802,6338,399700000,399700000
5,1142,399700000,399700100,3802,6338,400050000,400050000
5,1143,400050000,400050100,3802,6338,400400000,400400000
5,1144,400400000,400400100,3802,6338,400750000,400750000
5,1145,400750000,400750100,3802,6338,401100000,401100000
5,1146,401100000,401100100,3802,6338,401450000,401450000
5,1147,401450000,401450100,3802,6338,401800000,401800000
5,1148,401800000,401800100,3802,6338,402150000,402150000
5,1149,402150000,402150100,3802,6338,402500000,402500000
5,1150,402500000,402500100,3802,6338,402850000,402850000
5,1151,402850000,402850100,3802,6338,403200000,403200000
5,1152,403200000,403200100,3802,6338,403550000,403550000
5,1153,403550000,403550100,3802,6338,403900000,403900000
5,1154,403900000,403900100,3802,6338,404250000,404250000
5,1155,404250000,404250100,3802,6338,404600000,404600000
5,1156,404600000,404600100,3802,6338,404950000,404950000
5,1157,404950000,404950100,3802,6338,405300000,405300000
5,1158,405300000,405300100,3802,6338,405650000,405650000
5,1159,405650000,405650100,3802,6338,406000000,406000000
5,1160,406000000,406000100,3802,6338,406350000,406350000
5,1161,406350000,406350100,3802,6338,406700000,406700000
5,1162,406700000,406700100,3802,6338,407050000,407050000
5,1163,407050000,407050100,3802,6338,407400000,407400000
5,1164,407400000,407400100,3802,6338,407750000,407750000
5,1165,407750000,407750100,3802,6338,408100000,408100000
5,1166,408100000,408100100,3802,6338,408450000,408450000
5,1167,408450000,408450100,3802,6338,408800000,408800000
5,1168,408800000,408800100,3802,6338,409150000,409150000
5,1169,409150000,409150100,3802,6338,409500000,409500000
5,1170,409500000,409500100,3802,6338,409850000,409850000
5,1171,409850000,409850100,3802,6338,410200000,410200000
5,1172,410200000,410200100,3802,6338,410550000,410550000
5,1173,410550000,410550100,3802,6338,410900000,410900000
5,1174,410900000,410900100,3802,6338,411250000,411250000
5,1175,411250000,411250100,3802,6338,411600000,411600000
5,1176,411600000,411600100,3802,6338,411950000,411950000
5,1177,411950000,411950100,3802,6338,412300000,412300000
5,1178,412300000,412300100,3802,6338,412650000,412650000
5,1179,412650000,412650100,3802,6338,413000000,413000000
5,1180,413000000,413000100,3802,6338,413350000,413350000
5,1181,413350000,413350100,3802,6338,413700000,413700000
5,1182,413700000,413700100,3802,6338,414050000,414050000
5,1183,414050000,414050100,3802,6338,414400000,414400000
5,1184,414400000,414400100,3802,6338,414750000,414750000
5,1185,414750000,414750100,3802,6338,415100000,415100000
5,1186,415100000,415100100,3802,6338,415450000,415450000
5,1187,415450000,415450100,3802,6338,415800000,415800000
5,1188,415800000,415800100,3802,6338,416150000,416150000
5,1189,416150000,416150100,3802,6338,416500000,416500000
5,1190,416500000,416500100,3802,6338,416850000,416850000
5,1191,416850000,416850100,3802,6338,417200000,417200000
5,1192,417200000,417200100,3802,6338,417550000,417550000
5,1193,417550000,417550100,3802,6338,417900000,417900000
5,1194,417900000,417900100,3802,6338,418250000,418250000
5,1195,418250000,418250100,3802,6338,418600000,418600000
5,1196,418600000,418600100,3802,6338,418950000,418950000
5,1197,418950000,418950100,3802,6338,419300000,419300000
5,1198,419300000,419300100,3802,6338,419650000,419650000
5,1199,419650000,419650100,3802,6338,420000000,420000000
5,1200,420000000,420000100,3802,6338,420350000,420350000
5,1201,420350000,420350100,3802,6338,420700000,420700000
5,1202,420700000,420700100,3802,6338,421050000,421050000
5,1203,421050000,421050100,3802,6338,421400000,421400000
5,1204,421400000,421400100,3802,6338,421750000,421750000
5,1205,421750000,421750100,3802,6338,422100000,422100000
5,1206,422100000,422100100,3802,6338,422450000,422450000
5,1207,422450000,422450100,3802,6338,422800000,422800000
5,1208,422800000,422800100,3802,6338,423150000,423150000
5,1209,423150000,423150100,3802,6338,423500000,423500000
5,1210,423500000,423500100,3802,6338,423850000,423850000
5,1211,423850000,423850100,3802,6338,424200000,424200000
5,1212,424200000,424200100,3802,6338,424550000,424550000
5,1213,424550000,424550100,3802,6338,424900000,424900000
5,1214,424900000,424900100,3802,6338,425250000,425250000
5,1215,425250000,425250100,3802,6338,425600000,425600000
5,1216,425600000,425600100,3802,6338,425950000,425950000
5,1217,425950000,425950100,3802,6338,426300000,426300000
5,1218,426300000,426300100,3802,6338,426650000,426650000
5,1219,426650000,426650100,3802,6338,427000000,427000000
5,1220,427000000,427000100,3802,6338,427350000,427350000
5,1221,427350000,427350100,3802,6338,427700000,427700000
5,1222,427700000,427700100,3802,6338,428050000,428050000
5,1223,428050000,428050100,3802,6338,428400000,428400000
5,1224,428400000,428400100,3802,6338,428750000,428750000
5,1225,428750000,428750100,3802,6338,429100000,429100000
5,1226,429100000,429100100,3802,6338,429450000,429450000
5,1227,429450000,429450100,3802,6338,429800000,429800000
5,1228,429800000,429800100,3802,6338,430150000,430150000
5,1229,430150000,430150100,3802,6338,430500000,430500000
5,1230,430500000,430500100,3802,6338,430850000,430850000
5,1231,430850000,430850100,3802,6338,431200000,431200000
5,1232,431200000,431200100,3802,6338,431550000,431550000
5,1233,431550000,431550100,3802,6338,431900000,431900000
5,1234,431900000,431900100,3802,6338,432250000,432250000
5,1235,432250000,432250100,3802,6338,432600000,432600000
5,1236,432600000,432600100,3802,6338,432950000,432950000
5,1237,432950000,432950100,3802,6338,433300000,433300000
5,1238,433300000,433300100,3802,6338,433650000,433650000
5,1239,433650000,433650100,3802,6338,434000000,434000000
5,1240,434000000,434000100,3802,6338,434350000,434350000
5,1241,434350000,434350100,3802,6338,434700000,434700000
5,1242,434700000,434700100,3802,6338,435050000,435050000
5,1243,435050000,435050100,3802,6338,435400000,435400000
5,1244,435400000,435400100,3802,6338,435750000,435750000
5,1245,435750000,435750100,3802,6338,436100000,436100000
5,1246,436100000,436100100,3802,6338,436450000,436450000
5,1247,436450000,436450100,3802,6338,436800000,436800000
5,1248,436800000,436800100,3802,6338,437150000,437150000
5,1249,437150000,437150100,3802,6338,437500000,437500000
5,1250,437500000,437500100,3802,6338,437850000,437850000
5,1251,437850000,437850100,3802,6338,438200000,438200000
5,1252,438200000,438200100,3802,6338,438550000,438550000
5,1253,438550000,438550100,3802,6338,438900000,438900000
5,1254,438900000,438900100,3802,6338,439250000,439250000
5,1255,439250000,439250100,3802,6338,439600000,439600000
5,1256,439600000,439600100,3802,6338,439950000,439950000
5,1257,439950000,439950100,3802,6338,440300000,440300000
5,1258,440300000,440300100,3802,6338,440650000,440650000
5,1259,440650000,440650100,3802,6338,441000000,441000000
5,1260,441000000,441000100,3802,6338,441350000,441350000
5,1261,441350000,441350100,3802,6338,441700000,441700000
5,1262,441700000,441700100,3802,6338,442050000,442050000
5,1263,442050000,442050100,3802,6338,442400000,442400000
5,1264,442400000,442400100,3802,6338,442750000,442750000
5,1265,442750000,442750100,3802,6338,443100000,443100000
5,1266,443100000,443100100,3802,6338,443450000,443450000
5,1267,443450000,443450100,3802,6338,443800000,443800000
5,1268,443800000,443800100,3802,6338,444150000,444150000
5,1269,444150000,444150100,3802,6338,444500000,444500000
5,1270,444500000,444500100,3802,6338,444850000,444850000
5,1271,444850000,444850100,3802,6338,445200000,445200000
5,1272,445200000,445200100,3802,6338,445550000,445550000
5,1273,445550000,445550100,3802,6338,445900000,445900000
5,1274,445900000,445900100,3802,6338,446250000,446250000
5,1275,446250000,446250100,3802,6338,446600000,446600000
5,1276,446600000,446600100,3802,6338,446950000,446950000
5,1277,446950000,446950100,3802,6338,447300000,447300000
5,1278,447300000,447300100,3802,6338,447650000,447650000
5,1279,447650000,447650100,3802,6338,448000000,448000000
5,1280,448000000,448000100,3802,6338,448350000,448350000
5,1281,448350000,448350100,3802,6338,448700000,448700000
5,1282,448700000,448700100,3802,6338,449050000,449050000
5,1283,449050000,449050100,3802,6338,449400000,449400000
5,1284,449400000,449400100,3802,6338,449750000,449750000
5,1285,449750000,449750100,3802,6338,450100000,450100000
5,1286,450100000,450100100,3802,6338,450450000,450450000
5,1287,450450000,450450100,3802,6338,450800000,450800000
5,1288,450800000,450800100,3802,6338,451150000,451150000
5,1289,451150000,451150100,3802,6338,451500000,451500000
5,1290,451500000,451500100,3802,6338,451850000,451850000
5,1291,451850000,451850100,3802,6338,452200000,452200000
5,1292,452200000,452200100,3802,6338,452550000,452550000
5,1293,452550000,452550100,3802,6338,452900000,452900000
5,1294,452900000,452900100,3802,6338,453250000,453250000
5,1295,453250000,453250100,3802,6338,453600000,453600000
5,1296,453600000,453600100,3802,6338,453950000,453950000
5,1297,453950000,453950100,3802,6338,454300000,454300000
5,1298,454300000,454300100,3802,6338,454650000,454650000
5,1299,454650000,454650100,3802,6338,455000000,455000000
5,1300,455000000,455000100,3802,6338,455350000,455350000
5,1301,455350000,455350100,3802,6338,455700000,455700000
5,1302,455700000,455700100,3802,6338,456050000,456050000
5,1303,456050000,456050100,3802,6338,456400000,456400000
5,1304,456400000,456400100,3802,6338,456750000,456750000
5,1305,456750000,456750100,3802,6338,457100000,457100000
5,1306,457100000,457100100,3802,6338,457450000,457450000
5,1307,457450000,457450100,3802,6338,457800000,457800000
5,1308,457800000,457800100,3802,6338,458150000,458150000
5,1309,458150000,458150100,3802,6338,458500000,458500000
5,1310,458500000,458500100,3802,6338,458850000,458850000
5,1311,458850000,458850100,3802,6338,459200000,459200000
5,1312,459200000,459200100,3802,6338,459550000,459550000
5,1313,459550000,459550100,3802,6338,459900000,459900000
5,1314,459900000,459900100,3802,6338,460250000,460250000
5,1315,460250000,460250100,3802,6338,460600000,460600000
5,1316,460600000,460600100,3802,6338,460950000,460950000
5,1317,460950000,460950100,3802,6338,461300000,461300000
5,1318,461300000,461300100,3802,6338,461650000,461650000
5,1319,461650000,461650100,3802,6338,462000000,462000000
5,1320,462000000,462000100,3802,6338,462350000,462350000
5,1321,462350000,462350100,3802,6338,462700000,462700000
5,1322,462700000,462700100,3802,6338,463050000,463050000
5,1323,463050000,463050100,3802,6338,463400000,463400000
5,1324,463400000,463400100,3802,6338,463750000,463750000
5,1325,463750000,463750100,3802,6338,464100000,464100000
5,1326,464100000,464100100,3802,6338,464450000,464450000
5,1327,464450000,464450100,3802,6338,464800000,464800000
5,1328,464800000,464800100,3802,6338,465150000,465150000
5,1329,465150000,465150100,3802,6338,465500000,465500000
5,1330,465500000,465500100,3802,6338,465850000,465850000
5,1331,465850000,465850100,3802,6338,466200000,466200000
5,1332,466200000,466200100,3802,6338,466550000,466550000
5,1333,466550000,466550100,3802,6338,466900000,466900000
5,1334,466900000,466900100,3802,6338,467250000,467250000
5,1335,467250000,467250100,3802,6338,467600000,467600000
5,1336,467600000,467600100,3802,6338,467950000,467950000
5,1337,467950000,467950100,3802,6338,468300000,468300000
5,1338,468300000,468300100,3802,6338,468650000,468650000
5,1339,468650000,468650100,3802,6338,469000000,469000000
5,1340,469000000,469000100,3802,6338,469350000,469350000
5,1341,469350000,469350100,3802,6338,469700000,469700000
5,1342,469700000,469700100,3802,6338,470050000,470050000
5,1343,470050000,470050100,3802,6338,470400000,470400000
5,1344,470400000,470400100,3802,6338,470750000,470750000
5,1345,470750000,470750100,3802,6338,471100000,471100000
5,1346,471100000,471100100,3802,6338,471450000,471450000
5,1347,471450000,471450100,3802,6338,471800000,471800000
5,1348,471800000,471800100,3802,6338,472150000,472150000
5,1349,472150000,472150100,3802,6338,472500000,472500000
5,1350,472500000,472500100,3802,6338,472850000,472850000
5,1351,472850000,472850100,3802,6338,473200000,473200000
5,1352,473200000,473200100,3802,6338,473550000,473550000
5,1353,473550000,473550100,3802,6338,473900000,473900000
5,1354,473900000,473900100,3802,6338,474250000,474250000
5,1355,474250000,474250100,3802,6338,474600000,474600000
5,1356,474600000,474600100,3802,6338,474950000,474950000
5,1357,474950000,474950100,3802,6338,475300000,475300000
5,1358,475300000,475300100,3802,6338,475650000,475650000
5,1359,475650000,475650100,3802,6338,476000000,476000000
5,1360,476000000,476000100,3802,6338,476350000,476350000
5,1361,476350000,476350100,3802,6338,476700000,476700000
5,1362,476700000,476700100,3802,6338,477050000,477050000
5,1363,477050000,477050100,3802,6338,477400000,477400000
5,1364,477400000,477400100,3802,6338,477750000,477750000
5,1365,477750000,477750100,3802,6338,478100000,478100000
5,1366,478100000,478100100,3802,6338,478450000,478450000
5,1367,478450000,478450100,3802,6338,478800000,478800000
5,1368,478800000,478800100,3802,6338,479150000,479150000
5,1369,479150000,479150100,3802,6338,479500000,479500000
5,1370,479500000,479500100,3802,6338,479850000,479850000
5,1371,479850000,479850100,3802,6338,480200000,480200000
5,1372,480200000,480200100,3802,6338,480550000,480550000
5,1373,480550000,480550100,3802,6338,480900000,480900000
5,1374,480900000,480900100,3802,6338,481250000,481250000
5,1375,481250000,481250100,3802,6338,481600000,481600000
5,1376,481600000,481600100,3802,6338,481950000,481950000
5,1377,481950000,481950100,3802,6338,482300000,482300000
5,1378,482300000,482300100,3802,6338,482650000,482650000
5,1379,482650000,482650100,3802,6338,483000000,483000000
5,1380,483000000,483000100,3802,6338,483350000,483350000
5,1381,483350000,483350100,3802,6338,483700000,483700000
5,1382,483700000,483700100,3802,6338,484050000,484050000
5,1383,484050000,484050100,3802,6338,484400000,484400000
5,1384,484400000,484400100,3802,6338,484750000,484750000
5,1385,484750000,484750100,3802,6338,485100000,485100000
5,1386,485100000,485100100,3802,6338,485450000,485450000
5,1387,485450000,485450100,3802,6338,485800000,485800000
5,1388,485800000,485800100,3802,6338,486150000,486150000
5,1389,486150000,486150100,3802,6338,486500000,486500000
5,1390,486500000,486500100,3802,6338,486850000,486850000
5,1391,486850000,486850100,3802,6338,487200000,487200000
5,1392,487200000,487200100,3802,6338,487550000,487550000
5,1393,487550000,487550100,3802,6338,487900000,487900000
5,1394,487900000,487900100,3802,6338,488250000,488250000
5,1395,488250000,488250100,3802,6338,488600000,488600000
5,1396,488600000,488600100,3802,6338,488950000,488950000
5,1397,488950000,488950100,3802,6338,489300000,489300000
5,1398,489300000,489300100,3802,6338,489650000,489650000
5,1399,489650000,489650100,3802,6338,490000000,490000000
5,1400,490000000,490000100,3802,6338,490350000,490350000
5,1401,490350000,490350100,3802,6338,490700000,490700000
5,1402,490700000,490700100,3802,6338,491050000,491050000
5,1403,491050000,491050100,3802,6338,491400000,491400000
5,1404,491400000,491400100,3802,6338,491750000,491750000
5,1405,491750000,491750100,3802,6338,492100000,492100000
5,1406,492100000,492100100,3802,6338,492450000,492450000
5,1407,492450000,492450100,3802,6338,492800000,492800000
5,1408,492800000,492800100,3802,6338,493150000,493150000
5,1409,493150000,493150100,3802,6338,493500000,493500000
5,1410,493500000,493500100,3802,6338,493850000,493850000
5,1411,493850000,493850100,3802,6338,494200000,494200000
5,1412,494200000,494200100,3802,6338,494550000,494550000
5,1413,494550000,494550100,3802,6338,494900000,494900000
5,1414,494900000,494900100,3802,6338,495250000,495250000
5,1415,495250000,495250100,3802,6338,495600000,495600000
5,1416,495600000,495600100,3802,6338,495950000,495950000
5,1417,495950000,495950100,3802,6338,496300000,496300000
5,1418,496300000,496300100,3802,6338,496650000,496650000
5,1419,496650000,496650100,3802,6338,497000000,497000000
5,1420,497000000,497000100,3802,6338,497350000,497350000
5,1421,497350000,497350100,3802,6338,497700000,497700000
5,1422,497700000,497700100,3802,6338,498050000,498050000
5,1423,498050000,498050100,3802,6338,498400000,498400000
5,1424,498400000,498400100,3802,6338,498750000,498750000
5,1425,498750000,498750100,3802,6338,499100000,499100000
5,1426,499100000,499100100,3802,6338,499450000,499450000
5,1427,499450000,499450100,3802,6338,499800000,499800000
5,1428,499800000,499800100,3802,6338,500150000,500150000
5,1429,500150000,500150100,3802,6338,500500000,500500000
5,1430,500500000,500500100,3802,6338,500850000,500850000
5,1431,500850000,500850100,3802,6338,501200000,501200000
5,1432,501200000,501200100,3802,6338,501550000,501550000
5,1433,501550000,501550100,3802,6338,501900000,501900000
5,1434,501900000,501900100,3802,6338,502250000,502250000
5,1435,502250000,502250100,3802,6338,502600000,502600000
5,1436,502600000,502600100,3802,6338,502950000,502950000
5,1437,502950000,502950100,3802,6338,503300000,503300000
5,1438,503300000,503300100,3802,6338,503650000,503650000
5,1439,503650000,503650100,3802,6338,504000000,504000000
5,1440,504000000,504000100,3802,6338,504350000,504350000
5,1441,504350000,504350100,3802,6338,504700000,504700000
5,1442,504700000,504700100,3802,6338,505050000,505050000
5,1443,505050000,505050100,3802,6338,505400000,505400000
5,1444,505400000,505400100,3802,6338,505750000,505750000
5,1445,505750000,505750100,3802,6338,506100000,506100000
5,1446,506100000,506100100,3802,6338,506450000,506450000
5,1447,506450000,506450100,3802,6338,506800000,506800000
5,1448,506800000,506800100,3802,6338,507150000,507150000
5,1449,507150000,507150100,3802,6338,507500000,507500000
5,1450,507500000,507500100,3802,6338,507850000,507850000
5,1451,507850000,507850100,3802,6338,508200000,508200000
5,1452,508200000,508200100,3802,6338,508550000,508550000
5,1453,508550000,508550100,3802,6338,508900000,508900000
5,1454,508900000,508900100,3802,6338,509250000,509250000
5,1455,509250000,509250100,3802,6338,509600000,509600000
5,1456,509600000,509600100,3802,6338,509950000,509950000
5,1457,509950000,509950100,3802,6338,510300000,510300000
5,1458,510300000,510300100,3802,6338,510650000,510650000
5,1459,510650000,510650100,3802,6338,511000000,511000000
5,1460,511000000,511000100,3802,6338,511350000,511350000
5,1461,511350000,511350100,3802,6338,511700000,511700000
5,1462,511700000,511700100,3802,6338,512050000,512050000
5,1463,512050000,512050100,3802,6338,512400000,512400000
5,1464,512400000,512400100,3802,6338,512750000,512750000
5,1465,512750000,512750100,3802,6338,513100000,513100000
5,1466,513100000,513100100,3802,6338,513450000,513450000
5,1467,513450000,513450100,3802,6338,513800000,513800000
5,1468,513800000,513800100,3802,6338,514150000,514150000
5,1469,514150000,514150100,3802,6338,514500000,514500000
5,1470,514500000,514500100,3802,6338,514850000,514850000
5,1471,514850000,514850100,3802,6338,515200000,515200000
5,1472,515200000,515200100,3802,6338,515550000,515550000
5,1473,515550000,515550100,3802,6338,515900000,515900000
5,1474,515900000,515900100,3802,6338,516250000,516250000
5,1475,516250000,516250100,3802,6338,516600000,516600000
5,1476,516600000,516600100,3802,6338,516950000,516950000
5,1477,516950000,516950100,3802,6338,517300000,517300000
5,1478,517300000,517300100,3802,6338,517650000,517650000
5,1479,517650000,517650100,3802,6338,518000000,518000000
5,1480,518000000,518000100,3802,6338,518350000,518350000
5,1481,518350000,518350100,3802,6338,518700000,518700000
5,1482,518700000,518700100,3802,6338,519050000,519050000
5,1483,519050000,519050100,3802,6338,519400000,519400000
5,1484,519400000,519400100,3802,6338,519750000,519750000
5,1485,519750000,519750100,3802,6338,520100000,520100000
5,1486,520100000,520100100,3802,6338,520450000,520450000
5,1487,520450000,520450100,3802,6338,520800000,520800000
5,1488,520800000,520800100,3802,6338,521150000,521150000
5,1489,521150000,521150100,3802,6338,521500000,521500000
5,1490,521500000,521500100,3802,6338,521850000,521850000
5,1491,521850000,521850100,3802,6338,522200000,522200000
5,1492,522200000,522200100,3802,6338,522550000,522550000
5,1493,522550000,522550100,3802,6338,522900000,522900000
5,1494,522900000,522900100,3802,6338,523250000,523250000
5,1495,523250000,523250100,3802,6338,523600000,523600000
5,1496,523600000,523600100,3802,6338,523950000,523950000
5,1497,523950000,523950100,3802,6338,524300000,524300000
5,1498,524300000,524300100,3802,6338,524650000,524650000
5,1499,524650000,524650100,3802,6338,525000000,525000000
5,1500,525000000,525000100,3802,6338,525350000,525350000
5,1501,525350000,525350100,3802,6338,525700000,525700000
5,1502,525700000,525700100,3802,6338,526050000,526050000
5,1503,526050000,526050100,3802,6338,526400000,526400000
5,1504,526400000,526400100,3802,6338,526750000,526750000
5,1505,526750000,526750100,3802,6338,527100000,527100000
5,1506,527100000,527100100,3802,6338,527450000,527450000
5,1507,527450000,527450100,3802,6338,527800000,527800000
5,1508,527800000,527800100,3802,6338,528150000,528150000
5,1509,528150000,528150100,3802,6338,528500000,528500000
5,1510,528500000,528500100,3802,6338,528850000,528850000
5,1511,528850000,528850100,3802,6338,529200000,529200000
5,1512,529200000,529200100,3802,6338,529550000,529550000
5,1513,529550000,529550100,3802,6338,529900000,529900000
5,1514,529900000,529900100,3802,6338,530250000,530250000
5,1515,530250000,530250100,3802,6338,530600000,530600000
5,1516,530600000,530600100,3802,6338,530950000,530950000
5,1517,530950000,530950100,3802,6338,531300000,531300000
5,1518,531300000,531300100,3802,6338,531650000,531650000
5,1519,531650000,531650100,3802,6338,532000000,532000000
5,1520,532000000,532000100,3802,6338,532350000,532350000
5,1521,532350000,532350100,3802,6338,532700000,532700000
5,1522,532700000,532700100,3802,6338,533050000,533050000
5,1523,533050000,533050100,3802,6338,533400000,533400000
5,1524,533400000,533400100,3802,6338,533750000,533750000
5,1525,533750000,533750100,3802,6338,534100000,534100000
5,1526,534100000,534100100,3802,6338,534450000,534450000
5,1527,534450000,534450100,3802,6338,534800000,534800000
5,1528,534800000,534800100,3802,6338,535150000,535150000
5,1529,535150000,535150100,3802,6338,535500000,535500000
5,1530,535500000,535500100,3802,6338,535850000,535850000
5,1531,535850000,535850100,3802,6338,536200000,536200000
5,1532,536200000,536200100,3802,6338,536550000,536550000
5,1533,536550000,536550100,3802,6338,536900000,536900000
5,1534,536900000,536900100,3802,6338,537250000,537250000
5,1535,537250000,537250100,3802,6338,537600000,537600000
5,1536,537600000,537600100,3802,6338,537950000,537950000
5,1537,537950000,537950100,3802,6338,538300000,538300000
5,1538,538300000,538300100,3802,6338,538650000,538650000
5,1539,538650000,538650100,3802,6338,539000000,539000000
5,1540,539000000,539000100,3802,6338,539350000,539350000
5,1541,539350000,539350100,3802,6338,539700000,539700000
5,1542,539700000,539700100,3802,6338,540050000,540050000
5,1543,540050000,540050100,3802,6338,540400000,540400000
5,1544,540400000,540400100,3802,6338,540750000,540750000
5,1545,540750000,540750100,3802,6338,541100000,541100000
5,1546,541100000,541100100,3802,6338,541450000,541450000
5,1547,541450000,541450100,3802,6338,541800000,541800000
5,1548,541800000,541800100,3802,6338,542150000,542150000
5,1549,542150000,542150100,3802,6338,542500000,542500000
5,1550,542500000,542500100,3802,6338,542850000,542850000
5,1551,542850000,542850100,3802,6338,543200000,543200000
5,1552,543200000,543200100,3802,6338,543550000,543550000
5,1553,543550000,543550100,3802,6338,543900000,543900000
5,1554,543900000,543900100,3802,6338,544250000,544250000
5,1555,544250000,544250100,3802,6338,544600000,544600000
5,1556,544600000,544600100,3802,6338,544950000,544950000
5,1557,544950000,544950100,3802,6338,545300000,545300000
5,1558,545300000,545300100,3802,6338,545650000,545650000
5,1559,545650000,545650100,3802,6338,546000000,546000000
5,1560,546000000,546000100,3802,6338,546350000,546350000
5,1561,546350000,546350100,3802,6338,546700000,546700000
5,1562,546700000,546700100,3802,6338,547050000,547050000
5,1563,547050000,547050100,3802,6338,547400000,547400000
5,1564,547400000,547400100,3802,6338,547750000,547750000
5,1565,547750000,547750100,3802,6338,548100000,548100000
5,1566,548100000,548100100,3802,6338,548450000,548450000
5,1567,548450000,548450100,3802,6338,548800000,548800000
5,1568,548800000,548800100,3802,6338,549150000,549150000
5,1569,549150000,549150100,3802,6338,549500000,549500000
5,1570,549500000,549500100,3802,6338,549850000,549850000
5,1571,549850000,549850100,3802,6338,550200000,550200000
5,1572,550200000,550200100,3802,6338,550550000,550550000
5,1573,550550000,550550100,3802,6338,550900000,550900000
5,1574,550900000,550900100,3802,6338,551250000,551250000
5,1575,551250000,551250100,3802,6338,551600000,551600000
5,1576,551600000,551600100,3802,6338,551950000,551950000
5,1577,551950000,551950100,3802,6338,552300000,552300000
5,1578,552300000,552300100,3802,6338,552650000,552650000
5,1579,552650000,552650100,3802,6338,553000000,553000000
5,1580,553000000,553000100,3802,6338,553350000,553350000
5,1581,553350000,553350100,3802,6338,553700000,553700000
5,1582,553700000,553700100,3802,6338,554050000,554050000
5,1583,554050000,554050100,3802,6338,554400000,554400000
5,1584,554400000,554400100,3802,6338,554750000,554750000
5,1585,554750000,554750100,3802,6338,555100000,555100000
5,1586,555100000,555100100,3802,6338,555450000,555450000
5,1587,555450000,555450100,3802,6338,555800000,555800000
5,1588,555800000,555800100,3802,6338,556150000,556150000
5,1589,556150000,556150100,3802,6338,556500000,556500000
5,1590,556500000,556500100,3802,6338,556850000,556850000
5,1591,556850000,556850100,3802,6338,557200000,557200000
5,1592,557200000,557200100,3802,6338,557550000,557550000
5,1593,557550000,557550100,3802,6338,557900000,557900000
5,1594,557900000,557900100,3802,6338,558250000,558250000
5,1595,558250000,558250100,3802,6338,558600000,558600000
5,1596,558600000,558600100,3802,6338,558950000,558950000
5,1597,558950000,558950100,3802,6338,559300000,559300000
5,1598,559300000,559300100,3802,6338,559650000,559650000
5,1599,559650000,559650100,3802,6338,560000000,560000000
5,1600,560000000,560000100,3802,6338,560350000,560350000
5,1601,560350000,560350100,3802,6338,560700000,560700000
5,1602,560700000,560700100,3802,6338,561050000,561050000
5,1603,561050000,561050100,3802,6338,561400000,561400000
5,1604,561400000,561400100,3802,6338,561750000,561750000
5,1605,561750000,561750100,3802,6338,562100000,562100000
5,1606,562100000,562100100,3802,6338,562450000,562450000
5,1607,562450000,562450100,3802,6338,562800000,562800000
5,1608,562800000,562800100,3802,6338,563150000,563150000
5,1609,563150000,563150100,3802,6338,563500000,563500000
5,1610,563500000,563500100,3802,6338,563850000,563850000
5,1611,563850000,563850100,3802,6338,564200000,564200000
5,1612,564200000,564200100,3802,6338,564550000,564550000
5,1613,564550000,564550100,3802,6338,564900000,564900000
5,1614,564900000,564900100,3802,6338,565250000,565250000
5,1615,565250000,565250100,3802,6338,565600000,565600000
5,1616,565600000,565600100,3802,6338,565950000,565950000
5,1617,565950000,565950100,3802,6338,566300000,566300000
5,1618,566300000,566300100,3802,6338,566650000,566650000
5,1619,566650000,566650100,3802,6338,567000000,567000000
5,1620,567000000,567000100,3802,6338,567350000,567350000
5,1621,567350000,567350100,3802,6338,567700000,567700000
5,1622,567700000,567700100,3802,6338,568050000,568050000
5,1623,568050000,568050100,3802,6338,568400000,568400000
5,1624,568400000,568400100,3802,6338,568750000,568750000
5,1625,568750000,568750100,3802,6338,569100000,569100000
5,1626,569100000,569100100,3802,6338,569450000,569450000
5,1627,569450000,569450100,3802,6338,569800000,569800000
5,1628,569800000,569800100,3802,6338,570150000,570150000
5,1629,570150000,570150100,3802,6338,570500000,570500000
5,1630,570500000,570500100,3802,6338,570850000,570850000
5,1631,570850000,570850100,3802,6338,571200000,571200000
5,1632,571200000,571200100,3802,6338,571550000,571550000
5,1633,571550000,571550100,3802,6338,571900000,571900000
5,1634,571900000,571900100,3802,6338,572250000,572250000
5,1635,572250000,572250100,3802,6338,572600000,572600000
5,1636,572600000,572600100,3802,6338,572950000,572950000
5,1637,572950000,572950100,3802,6338,573300000,573300000
5,1638,573300000,573300100,3802,6338,573650000,573650000
5,1639,573650000,573650100,3802,6338,574000000,574000000
5,1640,574000000,574000100,3802,6338,574350000,574350000
5,1641,574350000,574350100,3802,6338,574700000,574700000
5,1642,574700000,574700100,3802,6338,575050000,575050000
5,1643,575050000,575050100,3802,6338,575400000,575400000
5,1644,575400000,575400100,3802,6338,575750000,575750000
5,1645,575750000,575750100,3802,6338,576100000,576100000
5,1646,576100000,576100100,3802,6338,576450000,576450000
5,1647,576450000,576450100,3802,6338,576800000,576800000
5,1648,576800000,576800100,3802,6338,577150000,577150000
5,1649,577150000,577150100,3802,6338,577500000,577500000
5,1650,577500000,577500100,3802,6338,577850000,577850000
5,1651,577850000,577850100,3802,6338,578200000,578200000
5,1652,578200000,578200100,3802,6338,578550000,578550000
5,1653,578550000,578550100,3802,6338,578900000,578900000
5,1654,578900000,578900100,3802,6338,579250000,579250000
5,1655,579250000,579250100,3802,6338,579600000,579600000
5,1656,579600000,579600100,3802,6338,579950000,579950000
5,1657,579950000,579950100,3802,6338,580300000,580300000
5,1658,580300000,580300100,3802,6338,580650000,580650000
5,1659,580650000,580650100,3802,6338,581000000,581000000
5,1660,581000000,581000100,3802,6338,581350000,581350000
5,1661,581350000,581350100,3802,6338,581700000,581700000
5,1662,581700000,581700100,3802,6338,582050000,582050000
5,1663,582050000,582050100,3802,6338,582400000,582400000
5,1664,582400000,582400100,3802,6338,582750000,582750000
5,1665,582750000,582750100,3802,6338,583100000,583100000
5,1666,583100000,583100100,3802,6338,583450000,583450000
5,1667,583450000,583450100,3802,6338,583800000,583800000
5,1668,583800000,583800100,3802,6338,584150000,584150000
5,1669,584150000,584150100,3802,6338,584500000,584500000
5,1670,584500000,584500100,3802,6338,584850000,584850000
5,1671,584850000,584850100,3802,6338,585200000,585200000
5,1672,585200000,585200100,3802,6338,585550000,585550000
5,1673,585550000,585550100,3802,6338,585900000,585900000
5,1674,585900000,585900100,3802,6338,586250000,586250000
5,1675,586250000,586250100,3802,6338,586600000,586600000
5,1676,586600000,586600100,3802,6338,586950000,586950000
5,1677,586950000,586950100,3802,6338,587300000,587300000
5,1678,587300000,587300100,3802,6338,587650000,587650000
5,1679,587650000,587650100,3802,6338,588000000,588000000
5,1680,588000000,588000100,3802,6338,588350000,588350000
5,1681,588350000,588350100,3802,6338,588700000,588700000
5,1682,588700000,588700100,3802,6338,589050000,589050000
5,1683,589050000,589050100,3802,6338,589400000,589400000
5,1684,589400000,589400100,3802,6338,589750000,589750000
5,1685,589750000,589750100,3802,6338,590100000,590100000
5,1686,590100000,590100100,3802,6338,590450000,590450000
5,1687,590450000,590450100,3802,6338,590800000,590800000
5,1688,590800000,590800100,3802,6338,591150000,591150000
5,1689,591150000,591150100,3802,6338,591500000,591500000
5,1690,591500000,591500100,3802,6338,591850000,591850000
5,1691,591850000,591850100,3802,6338,592200000,592200000
5,1692,592200000,592200100,3802,6338,592550000,592550000
5,1693,592550000,592550100,3802,6338,592900000,592900000
5,1694,592900000,592900100,3802,6338,593250000,593250000
5,1695,593250000,593250100,3802,6338,593600000,593600000
5,1696,593600000,593600100,3802,6338,593950000,593950000
5,1697,593950000,593950100,3802,6338,594300000,594300000
5,1698,594300000,594300100,3802,6338,594650000,594650000
5,1699,594650000,594650100,3802,6338,595000000,595000000
5,1700,595000000,595000100,3802,6338,595350000,595350000
5,1701,595350000,595350100,3802,6338,595700000,595700000
5,1702,595700000,595700100,3802,6338,596050000,596050000
5,1703,596050000,596050100,3802,6338,596400000,596400000
5,1704,596400000,596400100,3802,6338,596750000,596750000
5,1705,596750000,596750100,3802,6338,597100000,597100000
5,1706,597100000,597100100,3802,6338,597450000,597450000
5,1707,597450000,597450100,3802,6338,597800000,597800000
5,1708,597800000,597800100,3802,6338,598150000,598150000
5,1709,598150000,598150100,3802,6338,598500000,598500000
5,1710,598500000,598500100,3802,6338,598850000,598850000
5,1711,598850000,598850100,3802,6338,599200000,599200000
5,1712,599200000,599200100,3802,6338,599550000,599550000
5,1713,599550000,599550100,3802,6338,599900000,599900000
5,1714,599900000,599900100,3802,6338,600250000,600250000
5,1715,600250000,600250100,3802,6338,600600000,600600000
5,1716,600600000,600600100,3802,6338,600950000,600950000
5,1717,600950000,600950100,3802,6338,601300000,601300000
5,1718,601300000,601300100,3802,6338,601650000,601650000
5,1719,601650000,601650100,3802,6338,602000000,602000000
5,1720,602000000,602000100,3802,6338,602350000,602350000
5,1721,602350000,602350100,3802,6338,602700000,602700000
5,1722,602700000,602700100,3802,6338,603050000,603050000
5,1723,603050000,603050100,3802,6338,603400000,603400000
5,1724,603400000,603400100,3802,6338,603750000,603750000
5,1725,603750000,603750100,3802,6338,604100000,604100000
5,1726,604100000,604100100,3802,6338,604450000,604450000
5,1727,604450000,604450100,3802,6338,604800000,604800000
5,1728,604800000,604800100,3802,6338,605150000,605150000
5,1729,605150000,605150100,3802,6338,605500000,605500000
5,1730,605500000,605500100,3802,6338,605850000,605850000
5,1731,605850000,605850100,3802,6338,606200000,606200000
5,1732,606200000,606200100,3802,6338,606550000,606550000
5,1733,606550000,606550100,3802,6338,606900000,606900000
5,1734,606900000,606900100,3802,6338,607250000,607250000
5,1735,607250000,607250100,3802,6338,607600000,607600000
5,1736,607600000,607600100,3802,6338,607950000,607950000
5,1737,607950000,607950100,3802,6338,608300000,608300000
5,1738,608300000,608300100,3802,6338,608650000,608650000
5,1739,608650000,608650100,3802,6338,609000000,609000000
5,1740,609000000,609000100,3802,6338,609350000,609350000
5,1741,609350000,609350100,3802,6338,609700000,609700000
5,1742,609700000,609700100,3802,6338,610050000,610050000
5,1743,610050000,610050100,3802,6338,610400000,610400000
5,1744,610400000,610400100,3802,6338,610750000,610750000
5,1745,610750000,610750100,3802,6338,611100000,611100000
5,1746,611100000,611100100,3802,6338,611450000,611450000
5,1747,611450000,611450100,3802,6338,611800000,611800000
5,1748,611800000,611800100,3802,6338,612150000,612150000
5,1749,612150000,612150100,3802,6338,612500000,612500000
5,1750,612500000,612500100,3802,6338,612850000,612850000
5,1751,612850000,612850100,3802,6338,613200000,613200000
5,1752,613200000,613200100,3802,6338,613550000,613550000
5,1753,613550000,613550100,3802,6338,613900000,613900000
5,1754,613900000,613900100,3802,6338,614250000,614250000
5,1755,614250000,614250100,3802,6338,614600000,614600000
5,1756,614600000,614600100,3802,6338,614950000,614950000
5,1757,614950000,614950100,3802,6338,615300000,615300000
5,1758,615300000,615300100,3802,6338,615650000,615650000
5,1759,615650000,615650100,3802,6338,616000000,616000000
5,1760,616000000,616000100,3802,6338,616350000,616350000
5,1761,616350000,616350100,3802,6338,616700000,616700000
5,1762,616700000,616700100,3802,6338,617050000,617050000
5,1763,617050000,617050100,3802,6338,617400000,617400000
5,1764,617400000,617400100,3802,6338,617750000,617750000
5,1765,617750000,617750100,3802,6338,618100000,618100000
5,1766,618100000,618100100,3802,6338,618450000,618450000
5,1767,618450000,618450100,3802,6338,618800000,618800000
5,1768,618800000,618800100,3802,6338,619150000,619150000
5,1769,619150000,619150100,3802,6338,619500000,619500000
5,1770,619500000,619500100,3802,6338,619850000,619850000
5,1771,619850000,619850100,3802,6338,620200000,620200000
5,1772,620200000,620200100,3802,6338,620550000,620550000
5,1773,620550000,620550100,3802,6338,620900000,620900000
5,1774,620900000,620900100,3802,6338,621250000,621250000
5,1775,621250000,621250100,3802,6338,621600000,621600000
5,1776,621600000,621600100,3802,6338,621950000,621950000
5,1777,621950000,621950100,3802,6338,622300000,622300000
5,1778,622300000,622300100,3802,6338,622650000,622650000
5,1779,622650000,622650100,3802,6338,623000000,623000000
5,1780,623000000,623000100,3802,6338,623350000,623350000
5,1781,623350000,623350100,3802,6338,623700000,623700000
5,1782,623700000,623700100,3802,6338,624050000,624050000
5,1783,624050000,624050100,3802,6338,624400000,624400000
5,1784,624400000,624400100,3802,6338,624750000,624750000
5,1785,624750000,624750100,3802,6338,625100000,625100000
5,1786,625100000,625100100,3802,6338,625450000,625450000
5,1787,625450000,625450100,3802,6338,625800000,625800000
5,1788,625800000,625800100,3802,6338,626150000,626150000
5,1789,626150000,626150100,3802,6338,626500000,626500000
5,1790,626500000,626500100,3802,6338,626850000,626850000
5,1791,626850000,626850100,3802,6338,627200000,627200000
5,1792,627200000,627200100,3802,6338,627550000,627550000
5,1793,627550000,627550100,3802,6338,627900000,627900000
5,1794,627900000,627900100,3802,6338,628250000,628250000
5,1795,628250000,628250100,3802,6338,628600000,628600000
5,1796,628600000,628600100,3802,6338,628950000,628950000
5,1797,628950000,628950100,3802,6338,629300000,629300000
5,1798,629300000,629300100,3802,6338,629650000,629650000
5,1799,629650000,629650100,3802,6338,630000000,630000000
5,1800,630000000,630000100,3802,6338,630350000,630350000
5,1801,630350000,630350100,3802,6338,630700000,630700000
5,1802,630700000,630700100,3802,6338,631050000,631050000
5,1803,631050000,631050100,3802,6338,631400000,631400000
5,1804,631400000,631400100,3802,6338,631750000,631750000
5,1805,631750000,631750100,3802,6338,632100000,632100000
5,1806,632100000,632100100,3802,6338,632450000,632450000
5,1807,632450000,632450100,3802,6338,632800000,632800000
5,1808,632800000,632800100,3802,6338,633150000,633150000
5,1809,633150000,633150100,3802,6338,633500000,633500000
5,1810,633500000,633500100,3802,6338,633850000,633850000
5,1811,633850000,633850100,3802,6338,634200000,634200000
5,1812,634200000,634200100,3802,6338,634550000,634550000
5,1813,634550000,634550100,3802,6338,634900000,634900000
5,1814,634900000,634900100,3802,6338,635250000,635250000
5,1815,635250000,635250100,3802,6338,635600000,635600000
5,1816,635600000,635600100,3802,6338,635950000,635950000
5,1817,635950000,635950100,3802,6338,636300000,636300000
5,1818,636300000,636300100,3802,6338,636650000,636650000
5,1819,636650000,636650100,3802,6338,637000000,637000000
5,1820,637000000,637000100,3802,6338,637350000,637350000
5,1821,637350000,637350100,3802,6338,637700000,637700000
5,1822,637700000,637700100,3802,6338,638050000,638050000
5,1823,638050000,638050100,3802,6338,638400000,638400000
5,1824,638400000,638400100,3802,6338,638750000,638750000
5,1825,638750000,638750100,3802,6338,639100000,639100000
5,1826,639100000,639100100,3802,6338,639450000,639450000
5,1827,639450000,639450100,3802,6338,639800000,639800000
5,1828,639800000,639800100,3802,6338,640150000,640150000
5,1829,640150000,640150100,3802,6338,640500000,640500000
5,1830,640500000,640500100,3802,6338,640850000,640850000
5,1831,640850000,640850100,3802,6338,641200000,641200000
5,1832,641200000,641200100,3802,6338,641550000,641550000
5,1833,641550000,641550100,3802,6338,641900000,641900000
5,1834,641900000,641900100,3802,6338,642250000,642250000
5,1835,642250000,642250100,3802,6338,642600000,642600000
5,1836,642600000,642600100,3802,6338,642950000,642950000
5,1837,642950000,642950100,3802,6338,643300000,643300000
5,1838,643300000,643300100,3802,6338,643650000,643650000
5,1839,643650000,643650100,3802,6338,644000000,644000000
5,1840,644000000,644000100,3802,6338,644350000,644350000
5,1841,644350000,644350100,3802,6338,644700000,644700000
5,1842,644700000,644700100,3802,6338,645050000,645050000
5,1843,645050000,645050100,3802,6338,645400000,645400000
5,1844,645400000,645400100,3802,6338,645750000,645750000
5,1845,645750000,645750100,3802,6338,646100000,646100000
5,1846,646100000,646100100,3802,6338,646450000,646450000
5,1847,646450000,646450100,3802,6338,646800000,646800000
5,1848,646800000,646800100,3802,6338,647150000,647150000
5,1849,647150000,647150100,3802,6338,647500000,647500000
5,1850,647500000,647500100,3802,6338,647850000,647850000
5,1851,647850000,647850100,3802,6338,648200000,648200000
5,1852,648200000,648200100,3802,6338,648550000,648550000
5,1853,648550000,648550100,3802,6338,648900000,648900000
5,1854,648900000,648900100,3802,6338,649250000,649250000
5,1855,649250000,649250100,3802,6338,649600000,649600000
5,1856,649600000,649600100,3802,6338,649950000,649950000
5,1857,649950000,649950100,3802,6338,650300000,650300000
5,1858,650300000,650300100,3802,6338,650650000,650650000
5,1859,650650000,650650100,3802,6338,651000000,651000000
5,1860,651000000,651000100,3802,6338,651350000,651350000
5,1861,651350000,651350100,3802,6338,651700000,651700000
5,1862,651700000,651700100,3802,6338,652050000,652050000
5,1863,652050000,652050100,3802,6338,652400000,652400000
5,1864,652400000,652400100,3802,6338,652750000,652750000
5,1865,652750000,652750100,3802,6338,653100000,653100000
5,1866,653100000,653100100,3802,6338,653450000,653450000
5,1867,653450000,653450100,3802,6338,653800000,653800000
5,1868,653800000,653800100,3802,6338,654150000,654150000
5,1869,654150000,654150100,3802,6338,654500000,654500000
5,1870,654500000,654500100,3802,6338,654850000,654850000
5,1871,654850000,654850100,3802,6338,655200000,655200000
5,1872,655200000,655200100,3802,6338,655550000,655550000
5,1873,655550000,655550100,3802,6338,655900000,655900000
5,1874,655900000,655900100,3802,6338,656250000,656250000
5,1875,656250000,656250100,3802,6338,656600000,656600000
5,1876,656600000,656600100,3802,6338,656950000,656950000
5,1877,656950000,656950100,3802,6338,657300000,657300000
5,1878,657300000,657300100,3802,6338,657650000,657650000
5,1879,657650000,657650100,3802,6338,658000000,658000000
5,1880,658000000,658000100,3802,6338,658350000,658350000
5,1881,658350000,658350100,3802,6338,658700000,658700000
5,1882,658700000,658700100,3802,6338,659050000,659050000
5,1883,659050000,659050100,3802,6338,659400000,659400000
5,1884,659400000,659400100,3802,6338,659750000,659750000
5,1885,659750000,659750100,3802,6338,660100000,660100000
5,1886,660100000,660100100,3802,6338,660450000,660450000
5,1887,660450000,660450100,3802,6338,660800000,660800000
5,1888,660800000,660800100,3802,6338,661150000,661150000
5,1889,661150000,661150100,3802,6338,661500000,661500000
5,1890,661500000,661500100,3802,6338,661850000,661850000
5,1891,661850000,661850100,3802,6338,662200000,662200000
5,1892,662200000,662200100,3802,6338,662550000,662550000
5,1893,662550000,662550100,3802,6338,662900000,662900000
5,1894,662900000,662900100,3802,6338,663250000,663250000
5,1895,663250000,663250100,3802,6338,663600000,663600000
5,1896,663600000,663600100,3802,6338,663950000,663950000
5,1897,663950000,663950100,3802,6338,664300000,664300000
5,1898,664300000,664300100,3802,6338,664650000,664650000
5,1899,664650000,664650100,3802,6338,665000000,665000000
5,1900,665000000,665000100,3802,6338,665350000,665350000
5,1901,665350000,665350100,3802,6338,665700000,665700000
5,1902,665700000,665700100,3802,6338,666050000,666050000
5,1903,666050000,666050100,3802,6338,666400000,666400000
5,1904,666400000,666400100,3802,6338,666750000,666750000
5,1905,666750000,666750100,3802,6338,667100000,667100000
5,1906,667100000,667100100,3802,6338,667450000,667450000
5,1907,667450000,667450100,3802,6338,667800000,667800000
5,1908,667800000,667800100,3802,6338,668150000,668150000
5,1909,668150000,668150100,3802,6338,668500000,668500000
5,1910,668500000,668500100,3802,6338,668850000,668850000
5,1911,668850000,668850100,3802,6338,669200000,669200000
5,1912,669200000,669200100,3802,6338,669550000,669550000
5,1913,669550000,669550100,3802,6338,669900000,669900000
5,1914,669900000,669900100,3802,6338,670250000,670250000
5,1915,670250000,670250100,3802,6338,670600000,670600000
5,1916,670600000,670600100,3802,6338,670950000,670950000
5,1917,670950000,670950100,3802,6338,671300000,671300000
5,1918,671300000,671300100,3802,6338,671650000,671650000
5,1919,671650000,671650100,3802,6338,672000000,672000000
5,1920,672000000,672000100,3802,6338,672350000,672350000
5,1921,672350000,672350100,3802,6338,672700000,672700000
5,1922,672700000,672700100,3802,6338,673050000,673050000
5,1923,673050000,673050100,3802,6338,673400000,673400000
5,1924,673400000,673400100,3802,6338,673750000,673750000
5,1925,673750000,673750100,3802,6338,674100000,674100000
5,1926,674100000,674100100,3802,6338,674450000,674450000
5,1927,674450000,674450100,3802,6338,674800000,674800000
5,1928,674800000,674800100,3802,6338,675150000,675150000
5,1929,675150000,675150100,3802,6338,675500000,675500000
5,1930,675500000,675500100,3802,6338,675850000,675850000
5,1931,675850000,675850100,3802,6338,676200000,676200000
5,1932,676200000,676200100,3802,6338,676550000,676550000
5,1933,676550000,676550100,3802,6338,676900000,676900000
5,1934,676900000,676900100,3802,6338,677250000,677250000
5,1935,677250000,677250100,3802,6338,677600000,677600000
5,1936,677600000,677600100,3802,6338,677950000,677950000
5,1937,677950000,677950100,3802,6338,678300000,678300000
5,1938,678300000,678300100,3802,6338,678650000,678650000
5,1939,678650000,678650100,3802,6338,679000000,679000000
5,1940,679000000,679000100,3802,6338,679350000,679350000
5,1941,679350000,679350100,3802,6338,679700000,679700000
5,1942,679700000,679700100,3802,6338,680050000,680050000
5,1943,680050000,680050100,3802,6338,680400000,680400000
5,1944,680400000,680400100,3802,6338,680750000,680750000
5,1945,680750000,680750100,3802,6338,681100000,681100000
5,1946,681100000,681100100,3802,6338,681450000,681450000
5,1947,681450000,681450100,3802,6338,681800000,681800000
5,1948,681800000,681800100,3802,6338,682150000,682150000
5,1949,682150000,682150100,3802,6338,682500000,682500000
5,1950,682500000,682500100,3802,6338,682850000,682850000
5,1951,682850000,682850100,3802,6338,683200000,683200000
5,1952,683200000,683200100,3802,6338,683550000,683550000
5,1953,683550000,683550100,3802,6338,683900000,683900000
5,1954,683900000,683900100,3802,6338,684250000,684250000
5,1955,684250000,684250100,3802,6338,684600000,684600000
5,1956,684600000,684600100,3802,6338,684950000,684950000
5,1957,684950000,684950100,3802,6338,685300000,685300000
5,1958,685300000,685300100,3802,6338,685650000,685650000
5,1959,685650000,685650100,3802,6338,686000000,686000000
5,1960,686000000,686000100,3802,6338,686350000,686350000
5,1961,686350000,686350100,3802,6338,686700000,686700000
5,1962,686700000,686700100,3802,6338,687050000,687050000
5,1963,687050000,687050100,3802,6338,687400000,687400000
5,1964,687400000,687400100,3802,6338,687750000,687750000
5,1965,687750000,687750100,3802,6338,688100000,688100000
5,1966,688100000,688100100,3802,6338,688450000,688450000
5,1967,688450000,688450100,3802,6338,688800000,688800000
5,1968,688800000,688800100,3802,6338,689150000,689150000
5,1969,689150000,689150100,3802,6338,689500000,689500000
5,1970,689500000,689500100,3802,6338,689850000,689850000
5,1971,689850000,689850100,3802,6338,690200000,690200000
5,1972,690200000,690200100,3802,6338,690550000,690550000
5,1973,690550000,690550100,3802,6338,690900000,690900000
5,1974,690900000,690900100,3802,6338,691250000,691250000
5,1975,691250000,691250100,3802,6338,691600000,691600000
5,1976,691600000,691600100,3802,6338,691950000,691950000
5,1977,691950000,691950100,3802,6338,692300000,692300000
5,1978,692300000,692300100,3802,6338,692650000,692650000
5,1979,692650000,692650100,3802,6338,693000000,693000000
5,1980,693000000,693000100,3802,6338,693350000,693350000
5,1981,693350000,693350100,3802,6338,693700000,693700000
5,1982,693700000,693700100,3802,6338,694050000,694050000
5,1983,694050000,694050100,3802,6338,694400000,694400000
5,1984,694400000,694400100,3802,6338,694750000,694750000
5,1985,694750000,694750100,3802,6338,695100000,695100000
5,1986,695100000,695100100,3802,6338,695450000,695450000
5,1987,695450000,695450100,3802,6338,695800000,695800000
5,1988,695800000,695800100,3802,6338,696150000,696150000
5,1989,696150000,696150100,3802,6338,696500000,696500000
5,1990,696500000,696500100,3802,6338,696850000,696850000
5,1991,696850000,696850100,3802,6338,697200000,697200000
5,1992,697200000,697200100,3802,6338,697550000,697550000
5,1993,697550000,697550100,3802,6338,697900000,697900000
5,1994,697900000,697900100,3802,6338,698250000,698250000
5,1995,698250000,698250100,3802,6338,698600000,698600000
5,1996,698600000,698600100,3802,6338,698950000,698950000
5,1997,698950000,698950100,3802,6338,699300000,699300000
5,1998,699300000,699300100,3802,6338,699650000,699650000
5,1999,699650000,699650100,3802,6338,700000000,700000000
5,2000,700000000,700000100,3802,6338,700350000,700350000
5,2001,700350000,700350100,3802,6338,700700000,700700000
5,2002,700700000,700700100,3802,6338,701050000,701050000
5,2003,701050000,701050100,3802,6338,701400000,701400000
5,2004,701400000,701400100,3802,6338,701750000,701750000
5,2005,701750000,701750100,3802,6338,702100000,702100000
5,2006,702100000,702100100,3802,6338,702450000,702450000
5,2007,702450000,702450100,3802,6338,702800000,702800000
5,2008,702800000,702800100,3802,6338,703150000,703150000
5,2009,703150000,703150100,3802,6338,703500000,703500000
5,2010,703500000,703500100,3802,6338,703850000,703850000
5,2011,703850000,703850100,3802,6338,704200000,704200000
5,2012,704200000,704200100,3802,6338,704550000,704550000
5,2013,704550000,704550100,3802,6338,704900000,704900000
5,2014,704900000,704900100,3802,6338,705250000,705250000
5,2015,705250000,705250100,3802,6338,705600000,705600000
5,2016,705600000,705600100,3802,6338,705950000,705950000
5,2017,705950000,705950100,3802,6338,706300000,706300000
5,2018,706300000,706300100,3802,6338,706650000,706650000
5,2019,706650000,706650100,3802,6338,707000000,707000000
5,2020,707000000,707000100,3802,6338,707350000,707350000
5,2021,707350000,707350100,3802,6338,707700000,707700000
5,2022,707700000,707700100,3802,6338,708050000,708050000
5,2023,708050000,708050100,3802,6338,708400000,708400000
5,2024,708400000,708400100,3802,6338,708750000,708750000
5,2025,708750000,708750100,3802,6338,709100000,709100000
5,2026,709100000,709100100,3802,6338,709450000,709450000
5,2027,709450000,709450100,3802,6338,709800000,709800000
5,2028,709800000,709800100,3802,6338,710150000,710150000
5,2029,710150000,710150100,3802,6338,710500000,710500000
5,2030,710500000,710500100,3802,6338,710850000,710850000
5,2031,710850000,710850100,3802,6338,711200000,711200000
5,2032,711200000,711200100,3802,6338,711550000,711550000
5,2033,711550000,711550100,3802,6338,711900000,711900000
5,2034,711900000,711900100,3802,6338,712250000,712250000
5,2035,712250000,712250100,3802,6338,712600000,712600000
5,2036,712600000,712600100,3802,6338,712950000,712950000
5,2037,712950000,712950100,3802,6338,713300000,713300000
5,2038,713300000,713300100,3802,6338,713650000,713650000
5,2039,713650000,713650100,3802,6338,714000000,714000000
5,2040,714000000,714000100,3802,6338,714350000,714350000
5,2041,714350000,714350100,3802,6338,714700000,714700000
5,2042,714700000,714700100,3802,6338,715050000,715050000
5,2043,715050000,715050100,3802,6338,715400000,715400000
5,2044,715400000,715400100,3802,6338,715750000,715750000
5,2045,715750000,715750100,3802,6338,716100000,716100000
5,2046,716100000,716100100,3802,6338,716450000,716450000
5,2047,716450000,716450100,3802,6338,716800000,716800000
5,2048,716800000,716800100,3802,6338,717150000,717150000
5,2049,717150000,717150100,3802,6338,717500000,717500000
5,2050,717500000,717500100,3802,6338,717850000,717850000
5,2051,717850000,717850100,3802,6338,718200000,718200000
5,2052,718200000,718200100,3802,6338,718550000,718550000
5,2053,718550000,718550100,3802,6338,718900000,718900000
5,2054,718900000,718900100,3802,6338,719250000,719250000
5,2055,719250000,719250100,3802,6338,719600000,719600000
5,2056,719600000,719600100,3802,6338,719950000,719950000
5,2057,719950000,719950100,3802,6338,720300000,720300000
5,2058,720300000,720300100,3802,6338,720650000,720650000
5,2059,720650000,720650100,3802,6338,721000000,721000000
5,2060,721000000,721000100,3802,6338,721350000,721350000
5,2061,721350000,721350100,3802,6338,721700000,721700000
5,2062,721700000,721700100,3802,6338,722050000,722050000
5,2063,722050000,722050100,3802,6338,722400000,722400000
5,2064,722400000,722400100,3802,6338,722750000,722750000
5,2065,722750000,722750100,3802,6338,723100000,723100000
5,2066,723100000,723100100,3802,6338,723450000,723450000
5,2067,723450000,723450100,3802,6338,723800000,723800000
5,2068,723800000,723800100,3802,6338,724150000,724150000
5,2069,724150000,724150100,3802,6338,724500000,724500000
5,2070,724500000,724500100,3802,6338,724850000,724850000
5,2071,724850000,724850100,3802,6338,725200000,725200000
5,2072,725200000,725200100,3802,6338,725550000,725550000
5,2073,725550000,725550100,3802,6338,725900000,725900000
5,2074,725900000,725900100,3802,6338,726250000,726250000
5,2075,726250000,726250100,3802,6338,726600000,726600000
5,2076,726600000,726600100,3802,6338,726950000,726950000
5,2077,726950000,726950100,3802,6338,727300000,727300000
5,2078,727300000,727300100,3802,6338,727650000,727650000
5,2079,727650000,727650100,3802,6338,728000000,728000000
5,2080,728000000,728000100,3802,6338,728350000,728350000
5,2081,728350000,728350100,3802,6338,728700000,728700000
5,2082,728700000,728700100,3802,6338,729050000,729050000
5,2083,729050000,729050100,3802,6338,729400000,729400000
5,2084,729400000,729400100,3802,6338,729750000,729750000
5,2085,729750000,729750100,3802,6338,730100000,730100000
5,2086,730100000,730100100,3802,6338,730450000,730450000
5,2087,730450000,730450100,3802,6338,730800000,730800000
5,2088,730800000,730800100,3802,6338,731150000,731150000
5,2089,731150000,731150100,3802,6338,731500000,731500000
5,2090,731500000,731500100,3802,6338,731850000,731850000
5,2091,731850000,731850100,3802,6338,732200000,732200000
5,2092,732200000,732200100,3802,6338,732550000,732550000
5,2093,732550000,732550100,3802,6338,732900000,732900000
5,2094,732900000,732900100,3802,6338,733250000,733250000
5,2095,733250000,733250100,3802,6338,733600000,733600000
5,2096,733600000,733600100,3802,6338,733950000,733950000
5,2097,733950000,733950100,3802,6338,734300000,734300000
5,2098,734300000,734300100,3802,6338,734650000,734650000
5,2099,734650000,734650100,3802,6338,735000000,735000000
5,2100,735000000,735000100,3802,6338,735350000,735350000
5,2101,735350000,735350100,3802,6338,735700000,735700000
5,2102,735700000,735700100,3802,6338,736050000,736050000
5,2103,736050000,736050100,3802,6338,736400000,736400000
5,2104,736400000,736400100,3802,6338,736750000,736750000
5,2105,736750000,736750100,3802,6338,737100000,737100000
5,2106,737100000,737100100,3802,6338,737450000,737450000
5,2107,737450000,737450100,3802,6338,737800000,737800000
5,2108,737800000,737800100,3802,6338,738150000,738150000
5,2109,738150000,738150100,3802,6338,738500000,738500000
5,2110,738500000,738500100,3802,6338,738850000,738850000
5,2111,738850000,738850100,3802,6338,739200000,739200000
5,2112,739200000,739200100,3802,6338,739550000,739550000
5,2113,739550000,739550100,3802,6338,739900000,739900000
5,2114,739900000,739900100,3802,6338,740250000,740250000
5,2115,740250000,740250100,3802,6338,740600000,740600000
5,2116,740600000,740600100,3802,6338,740950000,740950000
5,2117,740950000,740950100,3802,6338,741300000,741300000
5,2118,741300000,741300100,3802,6338,741650000,741650000
5,2119,741650000,741650100,3802,6338,742000000,742000000
5,2120,742000000,742000100,3802,6338,742350000,742350000
5,2121,742350000,742350100,3802,6338,742700000,742700000
5,2122,742700000,742700100,3802,6338,743050000,743050000
5,2123,743050000,743050100,3802,6338,743400000,743400000
5,2124,743400000,743400100,3802,6338,743750000,743750000
5,2125,743750000,743750100,3802,6338,744100000,744100000
5,2126,744100000,744100100,3802,6338,744450000,744450000
5,2127,744450000,744450100,3802,6338,744800000,744800000
5,2128,744800000,744800100,3802,6338,745150000,745150000
5,2129,745150000,745150100,3802,6338,745500000,745500000
5,2130,745500000,745500100,3802,6338,745850000,745850000
5,2131,745850000,745850100,3802,6338,746200000,746200000
5,2132,746200000,746200100,3802,6338,746550000,746550000
5,2133,746550000,746550100,3802,6338,746900000,746900000
5,2134,746900000,746900100,3802,6338,747250000,747250000
5,2135,747250000,747250100,3802,6338,747600000,747600000
5,2136,747600000,747600100,3802,6338,747950000,747950000
5,2137,747950000,747950100,3802,6338,748300000,748300000
5,2138,748300000,748300100,3802,6338,748650000,748650000
5,2139,748650000,748650100,3802,6338,749000000,749000000
5,2140,749000000,749000100,3802,6338,749350000,749350000
5,2141,749350000,749350100,3802,6338,749700000,749700000
5,2142,749700000,749700100,3802,6338,750050000,750050000
5,2143,750050000,750050100,3802,6338,750400000,750400000
5,2144,750400000,750400100,3802,6338,750750000,750750000
5,2145,750750000,750750100,3802,6338,751100000,751100000
5,2146,751100000,751100100,3802,6338,751450000,751450000
5,2147,751450000,751450100,3802,6338,751800000,751800000
5,2148,751800000,751800100,3802,6338,752150000,752150000
5,2149,752150000,752150100,3802,6338,752500000,752500000
5,2150,752500000,752500100,3802,6338,752850000,752850000
5,2151,752850000,752850100,3802,6338,753200000,753200000
5,2152,753200000,753200100,3802,6338,753550000,753550000
5,2153,753550000,753550100,3802,6338,753900000,753900000
5,2154,753900000,753900100,3802,6338,754250000,754250000
5,2155,754250000,754250100,3802,6338,754600000,754600000
5,2156,754600000,754600100,3802,6338,754950000,754950000
5,2157,754950000,754950100,3802,6338,755300000,755300000
5,2158,755300000,755300100,3802,6338,755650000,755650000
5,2159,755650000,755650100,3802,6338,756000000,756000000
5,2160,756000000,756000100,3802,6338,756350000,756350000
5,2161,756350000,756350100,3802,6338,756700000,756700000
5,2162,756700000,756700100,3802,6338,757050000,757050000
5,2163,757050000,757050100,3802,6338,757400000,757400000
5,2164,757400000,757400100,3802,6338,757750000,757750000
5,2165,757750000,757750100,3802,6338,758100000,758100000
5,2166,758100000,758100100,3802,6338,758450000,758450000
5,2167,758450000,758450100,3802,6338,758800000,758800000
5,2168,758800000,758800100,3802,6338,759150000,759150000
5,2169,759150000,759150100,3802,6338,759500000,759500000
5,2170,759500000,759500100,3802,6338,759850000,759850000
5,2171,759850000,759850100,3802,6338,760200000,760200000
5,2172,760200000,760200100,3802,6338,760550000,760550000
5,2173,760550000,760550100,3802,6338,760900000,760900000
5,2174,760900000,760900100,3802,6338,761250000,761250000
5,2175,761250000,761250100,3802,6338,761600000,761600000
5,2176,761600000,761600100,3802,6338,761950000,761950000
5,2177,761950000,761950100,3802,6338,762300000,762300000
5,2178,762300000,762300100,3802,6338,762650000,762650000
5,2179,762650000,762650100,3802,6338,763000000,763000000
5,2180,763000000,763000100,3802,6338,763350000,763350000
5,2181,763350000,763350100,3802,6338,763700000,763700000
5,2182,763700000,763700100,3802,6338,764050000,764050000
5,2183,764050000,764050100,3802,6338,764400000,764400000
5,2184,764400000,764400100,3802,6338,764750000,764750000
5,2185,764750000,764750100,3802,6338,765100000,765100000
5,2186,765100000,765100100,3802,6338,765450000,765450000
5,2187,765450000,765450100,3802,6338,765800000,765800000
5,2188,765800000,765800100,3802,6338,766150000,766150000
5,2189,766150000,766150100,3802,6338,766500000,766500000
5,2190,766500000,766500100,3802,6338,766850000,766850000
5,2191,766850000,766850100,3802,6338,767200000,767200000
5,2192,767200000,767200100,3802,6338,767550000,767550000
5,2193,767550000,767550100,3802,6338,767900000,767900000
5,2194,767900000,767900100,3802,6338,768250000,768250000
5,2195,768250000,768250100,3802,6338,768600000,768600000
5,2196,768600000,768600100,3802,6338,768950000,768950000
5,2197,768950000,768950100,3802,6338,769300000,769300000
5,2198,769300000,769300100,3802,6338,769650000,769650000
5,2199,769650000,769650100,3802,6338,770000000,770000000
5,2200,770000000,770000100,3802,6338,770350000,770350000
5,2201,770350000,770350100,3802,6338,770700000,770700000
5,2202,770700000,770700100,3802,6338,771050000,771050000
5,2203,771050000,771050100,3802,6338,771400000,771400000
5,2204,771400000,771400100,3802,6338,771750000,771750000
5,2205,771750000,771750100,3802,6338,772100000,772100000
5,2206,772100000,772100100,3802,6338,772450000,772450000
5,2207,772450000,772450100,3802,6338,772800000,772800000
5,2208,772800000,772800100,3802,6338,773150000,773150000
5,2209,773150000,773150100,3802,6338,773500000,773500000
5,2210,773500000,773500100,3802,6338,773850000,773850000
5,2211,773850000,773850100,3802,6338,774200000,774200000
5,2212,774200000,774200100,3802,6338,774550000,774550000
5,2213,774550000,774550100,3802,6338,774900000,774900000
5,2214,774900000,774900100,3802,6338,775250000,775250000
5,2215,775250000,775250100,3802,6338,775600000,775600000
5,2216,775600000,775600100,3802,6338,775950000,775950000
5,2217,775950000,775950100,3802,6338,776300000,776300000
5,2218,776300000,776300100,3802,6338,776650000,776650000
5,2219,776650000,776650100,3802,6338,777000000,777000000
5,2220,777000000,777000100,3802,6338,777350000,777350000
5,2221,777350000,777350100,3802,6338,777700000,777700000
5,2222,777700000,777700100,3802,6338,778050000,778050000
5,2223,778050000,778050100,3802,6338,778400000,778400000
5,2224,778400000,778400100,3802,6338,778750000,778750000
5,2225,778750000,778750100,3802,6338,779100000,779100000
5,2226,779100000,779100100,3802,6338,779450000,779450000
5,2227,779450000,779450100,3802,6338,779800000,779800000
5,2228,779800000,779800100,3802,6338,780150000,780150000
5,2229,780150000,780150100,3802,6338,780500000,780500000
5,2230,780500000,780500100,3802,6338,780850000,780850000
5,2231,780850000,780850100,3802,6338,781200000,781200000
5,2232,781200000,781200100,3802,6338,781550000,781550000
5,2233,781550000,781550100,3802,6338,781900000,781900000
5,2234,781900000,781900100,3802,6338,782250000,782250000
5,2235,782250000,782250100,3802,6338,782600000,782600000
5,2236,782600000,782600100,3802,6338,782950000,782950000
5,2237,782950000,782950100,3802,6338,783300000,783300000
5,2238,783300000,783300100,3802,6338,783650000,783650000
5,2239,783650000,783650100,3802,6338,784000000,784000000
5,2240,784000000,784000100,3802,6338,784350000,784350000
5,2241,784350000,784350100,3802,6338,784700000,784700000
5,2242,784700000,784700100,3802,6338,785050000,785050000
5,2243,785050000,785050100,3802,6338,785400000,785400000
5,2244,785400000,785400100,3802,6338,785750000,785750000
5,2245,785750000,785750100,3802,6338,786100000,786100000
5,2246,786100000,786100100,3802,6338,786450000,786450000
5,2247,786450000,786450100,3802,6338,786800000,786800000
5,2248,786800000,786800100,3802,6338,787150000,787150000
5,2249,787150000,787150100,3802,6338,787500000,787500000
5,2250,787500000,787500100,3802,6338,787850000,787850000
5,2251,787850000,787850100,3802,6338,788200000,788200000
5,2252,788200000,788200100,3802,6338,788550000,788550000
5,2253,788550000,788550100,3802,6338,788900000,788900000
5,2254,788900000,788900100,3802,6338,789250000,789250000
5,2255,789250000,789250100,3802,6338,789600000,789600000
5,2256,789600000,789600100,3802,6338,789950000,789950000
5,2257,789950000,789950100,3802,6338,790300000,790300000
5,2258,790300000,790300100,3802,6338,790650000,790650000
5,2259,790650000,790650100,3802,6338,791000000,791000000
5,2260,791000000,791000100,3802,6338,791350000,791350000
5,2261,791350000,791350100,3802,6338,791700000,791700000
5,2262,791700000,791700100,3802,6338,792050000,792050000
5,2263,792050000,792050100,3802,6338,792400000,792400000
5,2264,792400000,792400100,3802,6338,792750000,792750000
5,2265,792750000,792750100,3802,6338,793100000,793100000
5,2266,793100000,793100100,3802,6338,793450000,793450000
5,2267,793450000,793450100,3802,6338,793800000,793800000
5,2268,793800000,793800100,3802,6338,794150000,794150000
5,2269,794150000,794150100,3802,6338,794500000,794500000
5,2270,794500000,794500100,3802,6338,794850000,794850000
5,2271,794850000,794850100,3802,6338,795200000,795200000
5,2272,795200000,795200100,3802,6338,795550000,795550000
5,2273,795550000,795550100,3802,6338,795900000,795900000
5,2274,795900000,795900100,3802,6338,796250000,796250000
5,2275,796250000,796250100,3802,6338,796600000,796600000
5,2276,796600000,796600100,3802,6338,796950000,796950000
5,2277,796950000,796950100,3802,6338,797300000,797300000
5,2278,797300000,797300100,3802,6338,797650000,797650000
5,2279,797650000,797650100,3802,6338,798000000,798000000
5,2280,798000000,798000100,3802,6338,798350000,798350000
5,2281,798350000,798350100,3802,6338,798700000,798700000
5,2282,798700000,798700100,3802,6338,799050000,799050000
5,2283,799050000,799050100,3802,6338,799400000,799400000
5,2284,799400000,799400100,3802,6338,799750000,799750000
5,2285,799750000,799750100,3802,6338,800100000,800100000
5,2286,800100000,800100100,3802,6338,800450000,800450000
5,2287,800450000,800450100,3802,6338,800800000,800800000
5,2288,800800000,800800100,3802,6338,801150000,801150000
5,2289,801150000,801150100,3802,6338,801500000,801500000
5,2290,801500000,801500100,3802,6338,801850000,801850000
5,2291,801850000,801850100,3802,6338,802200000,802200000
5,2292,802200000,802200100,3802,6338,802550000,802550000
5,2293,802550000,802550100,3802,6338,802900000,802900000
5,2294,802900000,802900100,3802,6338,803250000,803250000
5,2295,803250000,803250100,3802,6338,803600000,803600000
5,2296,803600000,803600100,3802,6338,803950000,803950000
5,2297,803950000,803950100,3802,6338,804300000,804300000
5,2298,804300000,804300100,3802,6338,804650000,804650000
5,2299,804650000,804650100,3802,6338,805000000,805000000
5,2300,805000000,805000100,3802,6338,805350000,805350000
5,2301,805350000,805350100,3802,6338,805700000,805700000
5,2302,805700000,805700100,3802,6338,806050000,806050000
5,2303,806050000,806050100,3802,6338,806400000,806400000
5,2304,806400000,806400100,3802,6338,806750000,806750000
5,2305,806750000,806750100,3802,6338,807100000,807100000
5,2306,807100000,807100100,3802,6338,807450000,807450000
5,2307,807450000,807450100,3802,6338,807800000,807800000
5,2308,807800000,807800100,3802,6338,808150000,808150000
5,2309,808150000,808150100,3802,6338,808500000,808500000
5,2310,808500000,808500100,3802,6338,808850000,808850000
5,2311,808850000,808850100,3802,6338,809200000,809200000
5,2312,809200000,809200100,3802,6338,809550000,809550000
5,2313,809550000,809550100,3802,6338,809900000,809900000
5,2314,809900000,809900100,3802,6338,810250000,810250000
5,2315,810250000,810250100,3802,6338,810600000,810600000
5,2316,810600000,810600100,3802,6338,810950000,810950000
5,2317,810950000,810950100,3802,6338,811300000,811300000
5,2318,811300000,811300100,3802,6338,811650000,811650000
5,2319,811650000,811650100,3802,6338,812000000,812000000
5,2320,812000000,812000100,3802,6338,812350000,812350000
5,2321,812350000,812350100,3802,6338,812700000,812700000
5,2322,812700000,812700100,3802,6338,813050000,813050000
5,2323,813050000,813050100,3802,6338,813400000,813400000
5,2324,813400000,813400100,3802,6338,813750000,813750000
5,2325,813750000,813750100,3802,6338,814100000,814100000
5,2326,814100000,814100100,3802,6338,814450000,814450000
5,2327,814450000,814450100,3802,6338,814800000,814800000
5,2328,814800000,814800100,3802,6338,815150000,815150000
5,2329,815150000,815150100,3802,6338,815500000,815500000
5,2330,815500000,815500100,3802,6338,815850000,815850000
5,2331,815850000,815850100,3802,6338,816200000,816200000
5,2332,816200000,816200100,3802,6338,816550000,816550000
5,2333,816550000,816550100,3802,6338,816900000,816900000
5,2334,816900000,816900100,3802,6338,817250000,817250000
5,2335,817250000,817250100,3802,6338,817600000,817600000
5,2336,817600000,817600100,3802,6338,817950000,817950000
5,2337,817950000,817950100,3802,6338,818300000,818300000
5,2338,818300000,818300100,3802,6338,818650000,818650000
5,2339,818650000,818650100,3802,6338,819000000,819000000
5,2340,819000000,819000100,3802,6338,819350000,819350000
5,2341,819350000,819350100,3802,6338,819700000,819700000
5,2342,819700000,819700100,3802,6338,820050000,820050000
5,2343,820050000,820050100,3802,6338,820400000,820400000
5,2344,820400000,820400100,3802,6338,820750000,820750000
5,2345,820750000,820750100,3802,6338,821100000,821100000
5,2346,821100000,821100100,3802,6338,821450000,821450000
5,2347,821450000,821450100,3802,6338,821800000,821800000
5,2348,821800000,821800100,3802,6338,822150000,822150000
5,2349,822150000,822150100,3802,6338,822500000,822500000
5,2350,822500000,822500100,3802,6338,822850000,822850000
5,2351,822850000,822850100,3802,6338,823200000,823200000
5,2352,823200000,823200100,3802,6338,823550000,823550000
5,2353,823550000,823550100,3802,6338,823900000,823900000
5,2354,823900000,823900100,3802,6338,824250000,824250000
5,2355,824250000,824250100,3802,6338,824600000,824600000
5,2356,824600000,824600100,3802,6338,824950000,824950000
5,2357,824950000,824950100,3802,6338,825300000,825300000
5,2358,825300000,825300100,3802,6338,825650000,825650000
5,2359,825650000,825650100,3802,6338,826000000,826000000
5,2360,826000000,826000100,3802,6338,826350000,826350000
5,2361,826350000,826350100,3802,6338,826700000,826700000
5,2362,826700000,826700100,3802,6338,827050000,827050000
5,2363,827050000,827050100,3802,6338,827400000,827400000
5,2364,827400000,827400100,3802,6338,827750000,827750000
5,2365,827750000,827750100,3802,6338,828100000,828100000
5,2366,828100000,828100100,3802,6338,828450000,828450000
5,2367,828450000,828450100,3802,6338,828800000,828800000
5,2368,828800000,828800100,3802,6338,829150000,829150000
5,2369,829150000,829150100,3802,6338,829500000,829500000
5,2370,829500000,829500100,3802,6338,829850000,829850000
5,2371,829850000,829850100,3802,6338,830200000,830200000
5,2372,830200000,830200100,3802,6338,830550000,830550000
5,2373,830550000,830550100,3802,6338,830900000,830900000
5,2374,830900000,830900100,3802,6338,831250000,831250000
5,2375,831250000,831250100,3802,6338,831600000,831600000
5,2376,831600000,831600100,3802,6338,831950000,831950000
5,2377,831950000,831950100,3802,6338,832300000,832300000
5,2378,832300000,832300100,3802,6338,832650000,832650000
5,2379,832650000,832650100,3802,6338,833000000,833000000
5,2380,833000000,833000100,3802,6338,833350000,833350000
5,2381,833350000,833350100,3802,6338,833700000,833700000
5,2382,833700000,833700100,3802,6338,834050000,834050000
5,2383,834050000,834050100,3802,6338,834400000,834400000
5,2384,834400000,834400100,3802,6338,834750000,834750000
5,2385,834750000,834750100,3802,6338,835100000,835100000
5,2386,835100000,835100100,3802,6338,835450000,835450000
5,2387,835450000,835450100,3802,6338,835800000,835800000
5,2388,835800000,835800100,3802,6338,836150000,836150000
5,2389,836150000,836150100,3802,6338,836500000,836500000
5,2390,836500000,836500100,3802,6338,836850000,836850000
5,2391,836850000,836850100,3802,6338,837200000,837200000
5,2392,837200000,837200100,3802,6338,837550000,837550000
5,2393,837550000,837550100,3802,6338,837900000,837900000
5,2394,837900000,837900100,3802,6338,838250000,838250000
5,2395,838250000,838250100,3802,6338,838600000,838600000
5,2396,838600000,838600100,3802,6338,838950000,838950000
5,2397,838950000,838950100,3802,6338,839300000,839300000
5,2398,839300000,839300100,3802,6338,839650000,839650000
5,2399,839650000,839650100,3802,6338,840000000,840000000
5,2400,840000000,840000100,3802,6338,840350000,840350000
5,2401,840350000,840350100,3802,6338,840700000,840700000
5,2402,840700000,840700100,3802,6338,841050000,841050000
5,2403,841050000,841050100,3802,6338,841400000,841400000
5,2404,841400000,841400100,3802,6338,841750000,841750000
5,2405,841750000,841750100,3802,6338,842100000,842100000
5,2406,842100000,842100100,3802,6338,842450000,842450000
5,2407,842450000,842450100,3802,6338,842800000,842800000
5,2408,842800000,842800100,3802,6338,843150000,843150000
5,2409,843150000,843150100,3802,6338,843500000,843500000
5,2410,843500000,843500100,3802,6338,843850000,843850000
5,2411,843850000,843850100,3802,6338,844200000,844200000
5,2412,844200000,844200100,3802,6338,844550000,844550000
5,2413,844550000,844550100,3802,6338,844900000,844900000
5,2414,844900000,844900100,3802,6338,845250000,845250000
5,2415,845250000,845250100,3802,6338,845600000,845600000
5,2416,845600000,845600100,3802,6338,845950000,845950000
5,2417,845950000,845950100,3802,6338,846300000,846300000
5,2418,846300000,846300100,3802,6338,846650000,846650000
5,2419,846650000,846650100,3802,6338,847000000,847000000
5,2420,847000000,847000100,3802,6338,847350000,847350000
5,2421,847350000,847350100,3802,6338,847700000,847700000
5,2422,847700000,847700100,3802,6338,848050000,848050000
5,2423,848050000,848050100,3802,6338,848400000,848400000
5,2424,848400000,848400100,3802,6338,848750000,848750000
5,2425,848750000,848750100,3802,6338,849100000,849100000
5,2426,849100000,849100100,3802,6338,849450000,849450000
5,2427,849450000,849450100,3802,6338,849800000,849800000
5,2428,849800000,849800100,3802,6338,850150000,850150000
5,2429,850150000,850150100,3802,6338,850500000,850500000
5,2430,850500000,850500100,3802,6338,850850000,850850000
5,2431,850850000,850850100,3802,6338,851200000,851200000
5,2432,851200000,851200100,3802,6338,851550000,851550000
5,2433,851550000,851550100,3802,6338,851900000,851900000
5,2434,851900000,851900100,3802,6338,852250000,852250000
5,2435,852250000,852250100,3802,6338,852600000,852600000
5,2436,852600000,852600100,3802,6338,852950000,852950000
5,2437,852950000,852950100,3802,6338,853300000,853300000
5,2438,853300000,853300100,3802,6338,853650000,853650000
5,2439,853650000,853650100,3802,6338,854000000,854000000
5,2440,854000000,854000100,3802,6338,854350000,854350000
5,2441,854350000,854350100,3802,6338,854700000,854700000
5,2442,854700000,854700100,3802,6338,855050000,855050000
5,2443,855050000,855050100,3802,6338,855400000,855400000
5,2444,855400000,855400100,3802,6338,855750000,855750000
5,2445,855750000,855750100,3802,6338,856100000,856100000
5,2446,856100000,856100100,3802,6338,856450000,856450000
5,2447,856450000,856450100,3802,6338,856800000,856800000
5,2448,856800000,856800100,3802,6338,857150000,857150000
5,2449,857150000,857150100,3802,6338,857500000,857500000
5,2450,857500000,857500100,3802,6338,857850000,857850000
5,2451,857850000,857850100,3802,6338,858200000,858200000
5,2452,858200000,858200100,3802,6338,858550000,858550000
5,2453,858550000,858550100,3802,6338,858900000,858900000
5,2454,858900000,858900100,3802,6338,859250000,859250000
5,2455,859250000,859250100,3802,6338,859600000,859600000
5,2456,859600000,859600100,3802,6338,859950000,859950000
5,2457,859950000,859950100,3802,6338,860300000,860300000
5,2458,860300000,860300100,3802,6338,860650000,860650000
5,2459,860650000,860650100,3802,6338,861000000,861000000
5,2460,861000000,861000100,3802,6338,861350000,861350000
5,2461,861350000,861350100,3802,6338,861700000,861700000
5,2462,861700000,861700100,3802,6338,862050000,862050000
5,2463,862050000,862050100,3802,6338,862400000,862400000
5,2464,862400000,862400100,3802,6338,862750000,862750000
5,2465,862750000,862750100,3802,6338,863100000,863100000
5,2466,863100000,863100100,3802,6338,863450000,863450000
5,2467,863450000,863450100,3802,6338,863800000,863800000
5,2468,863800000,863800100,3802,6338,864150000,864150000
5,2469,864150000,864150100,3802,6338,864500000,864500000
5,2470,864500000,864500100,3802,6338,864850000,864850000
5,2471,864850000,864850100,3802,6338,865200000,865200000
5,2472,865200000,865200100,3802,6338,865550000,865550000
5,2473,865550000,865550100,3802,6338,865900000,865900000
5,2474,865900000,865900100,3802,6338,866250000,866250000
5,2475,866250000,866250100,3802,6338,866600000,866600000
5,2476,866600000,866600100,3802,6338,866950000,866950000
5,2477,866950000,866950100,3802,6338,867300000,867300000
5,2478,867300000,867300100,3802,6338,867650000,867650000
5,2479,867650000,867650100,3802,6338,868000000,868000000
5,2480,868000000,868000100,3802,6338,868350000,868350000
5,2481,868350000,868350100,3802,6338,868700000,868700000
5,2482,868700000,868700100,3802,6338,869050000,869050000
5,2483,869050000,869050100,3802,6338,869400000,869400000
5,2484,869400000,869400100,3802,6338,869750000,869750000
5,2485,869750000,869750100,3802,6338,870100000,870100000
5,2486,870100000,870100100,3802,6338,870450000,870450000
5,2487,870450000,870450100,3802,6338,870800000,870800000
5,2488,870800000,870800100,3802,6338,871150000,871150000
5,2489,871150000,871150100,3802,6338,871500000,871500000
5,2490,871500000,871500100,3802,6338,871850000,871850000
5,2491,871850000,871850100,3802,6338,872200000,872200000
5,2492,872200000,872200100,3802,6338,872550000,872550000
5,2493,872550000,872550100,3802,6338,872900000,872900000
5,2494,872900000,872900100,3802,6338,873250000,873250000
5,2495,873250000,873250100,3802,6338,873600000,873600000
5,2496,873600000,873600100,3802,6338,873950000,873950000
5,2497,873950000,873950100,3802,6338,874300000,874300000
5,2498,874300000,874300100,3802,6338,874650000,874650000
5,2499,874650000,874650100,3802,6338,875000000,875000000
5,2500,875000000,875000100,3802,6338,875350000,875350000
5,2501,875350000,875350100,3802,6338,875700000,875700000
5,2502,875700000,875700100,3802,6338,876050000,876050000
5,2503,876050000,876050100,3802,6338,876400000,876400000
5,2504,876400000,876400100,3802,6338,876750000,876750000
5,2505,876750000,876750100,3802,6338,877100000,877100000
5,2506,877100000,877100100,3802,6338,877450000,877450000
5,2507,877450000,877450100,3802,6338,877800000,877800000
5,2508,877800000,877800100,3802,6338,878150000,878150000
5,2509,878150000,878150100,3802,6338,878500000,878500000
5,2510,878500000,878500100,3802,6338,878850000,878850000
5,2511,878850000,878850100,3802,6338,879200000,879200000
5,2512,879200000,879200100,3802,6338,879550000,879550000
5,2513,879550000,879550100,3802,6338,879900000,879900000
5,2514,879900000,879900100,3802,6338,880250000,880250000
5,2515,880250000,880250100,3802,6338,880600000,880600000
5,2516,880600000,880600100,3802,6338,880950000,880950000
5,2517,880950000,880950100,3802,6338,881300000,881300000
5,2518,881300000,881300100,3802,6338,881650000,881650000
5,2519,881650000,881650100,3802,6338,882000000,882000000
5,2520,882000000,882000100,3802,6338,882350000,882350000
5,2521,882350000,882350100,3802,6338,882700000,882700000
5,2522,882700000,882700100,3802,6338,883050000,883050000
5,2523,883050000,883050100,3802,6338,883400000,883400000
5,2524,883400000,883400100,3802,6338,883750000,883750000
5,2525,883750000,883750100,3802,6338,884100000,884100000
5,2526,884100000,884100100,3802,6338,884450000,884450000
5,2527,884450000,884450100,3802,6338,884800000,884800000
5,2528,884800000,884800100,3802,6338,885150000,885150000
5,2529,885150000,885150100,3802,6338,885500000,885500000
5,2530,885500000,885500100,3802,6338,885850000,885850000
5,2531,885850000,885850100,3802,6338,886200000,886200000
5,2532,886200000,886200100,3802,6338,886550000,886550000
5,2533,886550000,886550100,3802,6338,886900000,886900000
5,2534,886900000,886900100,3802,6338,887250000,887250000
5,2535,887250000,887250100,3802,6338,887600000,887600000
5,2536,887600000,887600100,3802,6338,887950000,887950000
5,2537,887950000,887950100,3802,6338,888300000,888300000
5,2538,888300000,888300100,3802,6338,888650000,888650000
5,2539,888650000,888650100,3802,6338,889000000,889000000
5,2540,889000000,889000100,3802,6338,889350000,889350000
5,2541,889350000,889350100,3802,6338,889700000,889700000
5,2542,889700000,889700100,3802,6338,890050000,890050000
5,2543,890050000,890050100,3802,6338,890400000,890400000
5,2544,890400000,890400100,3802,6338,890750000,890750000
5,2545,890750000,890750100,3802,6338,891100000,891100000
5,2546,891100000,891100100,3802,6338,891450000,891450000
5,2547,891450000,891450100,3802,6338,891800000,891800000
5,2548,891800000,891800100,3802,6338,892150000,892150000
5,2549,892150000,892150100,3802,6338,892500000,892500000
5,2550,892500000,892500100,3802,6338,892850000,892850000
5,2551,892850000,892850100,3802,6338,893200000,893200000
5,2552,893200000,893200100,3802,6338,893550000,893550000
5,2553,893550000,893550100,3802,6338,893900000,893900000
5,2554,893900000,893900100,3802,6338,894250000,894250000
5,2555,894250000,894250100,3802,6338,894600000,894600000
5,2556,894600000,894600100,3802,6338,894950000,894950000
5,2557,894950000,894950100,3802,6338,895300000,895300000
5,2558,895300000,895300100,3802,6338,895650000,895650000
5,2559,895650000,895650100,3802,6338,896000000,896000000
5,2560,896000000,896000100,3802,6338,896350000,896350000
5,2561,896350000,896350100,3802,6338,896700000,896700000
5,2562,896700000,896700100,3802,6338,897050000,897050000
5,2563,897050000,897050100,3802,6338,897400000,897400000
5,2564,897400000,897400100,3802,6338,897750000,897750000
5,2565,897750000,897750100,3802,6338,898100000,898100000
5,2566,898100000,898100100,3802,6338,898450000,898450000
5,2567,898450000,898450100,3802,6338,898800000,898800000
5,2568,898800000,898800100,3802,6338,899150000,899150000
5,2569,899150000,899150100,3802,6338,899500000,899500000
5,2570,899500000,899500100,3802,6338,899850000,899850000
5,2571,899850000,899850100,3802,6338,900200000,900200000
5,2572,900200000,900200100,3802,6338,900550000,900550000
5,2573,900550000,900550100,3802,6338,900900000,900900000
5,2574,900900000,900900100,3802,6338,901250000,901250000
5,2575,901250000,901250100,3802,6338,901600000,901600000
5,2576,901600000,901600100,3802,6338,901950000,901950000
5,2577,901950000,901950100,3802,6338,902300000,902300000
5,2578,902300000,902300100,3802,6338,902650000,902650000
5,2579,902650000,902650100,3802,6338,903000000,903000000
5,2580,903000000,903000100,3802,6338,903350000,903350000
5,2581,903350000,903350100,3802,6338,903700000,903700000
5,2582,903700000,903700100,3802,6338,904050000,904050000
5,2583,904050000,904050100,3802,6338,904400000,904400000
5,2584,904400000,904400100,3802,6338,904750000,904750000
5,2585,904750000,904750100,3802,6338,905100000,905100000
5,2586,905100000,905100100,3802,6338,905450000,905450000
5,2587,905450000,905450100,3802,6338,905800000,905800000
5,2588,905800000,905800100,3802,6338,906150000,906150000
5,2589,906150000,906150100,3802,6338,906500000,906500000
5,2590,906500000,906500100,3802,6338,906850000,906850000
5,2591,906850000,906850100,3802,6338,907200000,907200000
5,2592,907200000,907200100,3802,6338,907550000,907550000
5,2593,907550000,907550100,3802,6338,907900000,907900000
5,2594,907900000,907900100,3802,6338,908250000,908250000
5,2595,908250000,908250100,3802,6338,908600000,908600000
5,2596,908600000,908600100,3802,6338,908950000,908950000
5,2597,908950000,908950100,3802,6338,909300000,909300000
5,2598,909300000,909300100,3802,6338,909650000,909650000
5,2599,909650000,909650100,3802,6338,910000000,910000000
5,2600,910000000,910000100,3802,6338,910350000,910350000
5,2601,910350000,910350100,3802,6338,910700000,910700000
5,2602,910700000,910700100,3802,6338,911050000,911050000
5,2603,911050000,911050100,3802,6338,911400000,911400000
5,2604,911400000,911400100,3802,6338,911750000,911750000
5,2605,911750000,911750100,3802,6338,912100000,912100000
5,2606,912100000,912100100,3802,6338,912450000,912450000
5,2607,912450000,912450100,3802,6338,912800000,912800000
5,2608,912800000,912800100,3802,6338,913150000,913150000
5,2609,913150000,913150100,3802,6338,913500000,913500000
5,2610,913500000,913500100,3802,6338,913850000,913850000
5,2611,913850000,913850100,3802,6338,914200000,914200000
5,2612,914200000,914200100,3802,6338,914550000,914550000
5,2613,914550000,914550100,3802,6338,914900000,914900000
5,2614,914900000,914900100,3802,6338,915250000,915250000
5,2615,915250000,915250100,3802,6338,915600000,915600000
5,2616,915600000,915600100,3802,6338,915950000,915950000
5,2617,915950000,915950100,3802,6338,916300000,916300000
5,2618,916300000,916300100,3802,6338,916650000,916650000
5,2619,916650000,916650100,3802,6338,917000000,917000000
5,2620,917000000,917000100,3802,6338,917350000,917350000
5,2621,917350000,917350100,3802,6338,917700000,917700000
5,2622,917700000,917700100,3802,6338,918050000,918050000
5,2623,918050000,918050100,3802,6338,918400000,918400000
5,2624,918400000,918400100,3802,6338,918750000,918750000
5,2625,918750000,918750100,3802,6338,919100000,919100000
5,2626,919100000,919100100,3802,6338,919450000,919450000
5,2627,919450000,919450100,3802,6338,919800000,919800000
5,2628,919800000,919800100,3802,6338,920150000,920150000
5,2629,920150000,920150100,3802,6338,920500000,920500000
5,2630,920500000,920500100,3802,6338,920850000,920850000
5,2631,920850000,920850100,3802,6338,921200000,921200000
5,2632,921200000,921200100,3802,6338,921550000,921550000
5,2633,921550000,921550100,3802,6338,921900000,921900000
5,2634,921900000,921900100,3802,6338,922250000,922250000
5,2635,922250000,922250100,3802,6338,922600000,922600000
5,2636,922600000,922600100,3802,6338,922950000,922950000
5,2637,922950000,922950100,3802,6338,923300000,923300000
5,2638,923300000,923300100,3802,6338,923650000,923650000
5,2639,923650000,923650100,3802,6338,924000000,924000000
5,2640,924000000,924000100,3802,6338,924350000,924350000
5,2641,924350000,924350100,3802,6338,924700000,924700000
5,2642,924700000,924700100,3802,6338,925050000,925050000
5,2643,925050000,925050100,3802,6338,925400000,925400000
5,2644,925400000,925400100,3802,6338,925750000,925750000
5,2645,925750000,925750100,3802,6338,926100000,926100000
5,2646,926100000,926100100,3802,6338,926450000,926450000
5,2647,926450000,926450100,3802,6338,926800000,926800000
5,2648,926800000,926800100,3802,6338,927150000,927150000
5,2649,927150000,927150100,3802,6338,927500000,927500000
5,2650,927500000,927500100,3802,6338,927850000,927850000
5,2651,927850000,927850100,3802,6338,928200000,928200000
5,2652,928200000,928200100,3802,6338,928550000,928550000
5,2653,928550000,928550100,3802,6338,928900000,928900000
5,2654,928900000,928900100,3802,6338,929250000,929250000
5,2655,929250000,929250100,3802,6338,929600000,929600000
5,2656,929600000,929600100,3802,6338,929950000,929950000
5,2657,929950000,929950100,3802,6338,930300000,930300000
5,2658,930300000,930300100,3802,6338,930650000,930650000
5,2659,930650000,930650100,3802,6338,931000000,931000000
5,2660,931000000,931000100,3802,6338,931350000,931350000
5,2661,931350000,931350100,3802,6338,931700000,931700000
5,2662,931700000,931700100,3802,6338,932050000,932050000
5,2663,932050000,932050100,3802,6338,932400000,932400000
5,2664,932400000,932400100,3802,6338,932750000,932750000
5,2665,932750000,932750100,3802,6338,933100000,933100000
5,2666,933100000,933100100,3802,6338,933450000,933450000
5,2667,933450000,933450100,3802,6338,933800000,933800000
5,2668,933800000,933800100,3802,6338,934150000,934150000
5,2669,934150000,934150100,3802,6338,934500000,934500000
5,2670,934500000,934500100,3802,6338,934850000,934850000
5,2671,934850000,934850100,3802,6338,935200000,935200000
5,2672,935200000,935200100,3802,6338,935550000,935550000
5,2673,935550000,935550100,3802,6338,935900000,935900000
5,2674,935900000,935900100,3802,6338,936250000,936250000
5,2675,936250000,936250100,3802,6338,936600000,936600000
5,2676,936600000,936600100,3802,6338,936950000,936950000
5,2677,936950000,936950100,3802,6338,937300000,937300000
5,2678,937300000,937300100,3802,6338,937650000,937650000
5,2679,937650000,937650100,3802,6338,938000000,938000000
5,2680,938000000,938000100,3802,6338,938350000,938350000
5,2681,938350000,938350100,3802,6338,938700000,938700000
5,2682,938700000,938700100,3802,6338,939050000,939050000
5,2683,939050000,939050100,3802,6338,939400000,939400000
5,2684,939400000,939400100,3802,6338,939750000,939750000
5,2685,939750000,939750100,3802,6338,940100000,940100000
5,2686,940100000,940100100,3802,6338,940450000,940450000
5,2687,940450000,940450100,3802,6338,940800000,940800000
5,2688,940800000,940800100,3802,6338,941150000,941150000
5,2689,941150000,941150100,3802,6338,941500000,941500000
5,2690,941500000,941500100,3802,6338,941850000,941850000
5,2691,941850000,941850100,3802,6338,942200000,942200000
5,2692,942200000,942200100,3802,6338,942550000,942550000
5,2693,942550000,942550100,3802,6338,942900000,942900000
5,2694,942900000,942900100,3802,6338,943250000,943250000
5,2695,943250000,943250100,3802,6338,943600000,943600000
5,2696,943600000,943600100,3802,6338,943950000,943950000
5,2697,943950000,943950100,3802,6338,944300000,944300000
5,2698,944300000,944300100,3802,6338,944650000,944650000
5,2699,944650000,944650100,3802,6338,945000000,945000000
5,2700,945000000,945000100,3802,6338,945350000,945350000
5,2701,945350000,945350100,3802,6338,945700000,945700000
5,2702,945700000,945700100,3802,6338,946050000,946050000
5,2703,946050000,946050100,3802,6338,946400000,946400000
5,2704,946400000,946400100,3802,6338,946750000,946750000
5,2705,946750000,946750100,3802,6338,947100000,947100000
5,2706,947100000,947100100,3802,6338,947450000,947450000
5,2707,947450000,947450100,3802,6338,947800000,947800000
5,2708,947800000,947800100,3802,6338,948150000,948150000
5,2709,948150000,948150100,3802,6338,948500000,948500000
5,2710,948500000,948500100,3802,6338,948850000,948850000
5,2711,948850000,948850100,3802,6338,949200000,949200000
5,2712,949200000,949200100,3802,6338,949550000,949550000
5,2713,949550000,949550100,3802,6338,949900000,949900000
5,2714,949900000,949900100,3802,6338,950250000,950250000
5,2715,950250000,950250100,3802,6338,950600000,950600000
5,2716,950600000,950600100,3802,6338,950950000,950950000
5,2717,950950000,950950100,3802,6338,951300000,951300000
5,2718,951300000,951300100,3802,6338,951650000,951650000
5,2719,951650000,951650100,3802,6338,952000000,952000000
5,2720,952000000,952000100,3802,6338,952350000,952350000
5,2721,952350000,952350100,3802,6338,952700000,952700000
5,2722,952700000,952700100,3802,6338,953050000,953050000
5,2723,953050000,953050100,3802,6338,953400000,953400000
5,2724,953400000,953400100,3802,6338,953750000,953750000
5,2725,953750000,953750100,3802,6338,954100000,954100000
5,2726,954100000,954100100,3802,6338,954450000,954450000
5,2727,954450000,954450100,3802,6338,954800000,954800000
5,2728,954800000,954800100,3802,6338,955150000,955150000
5,2729,955150000,955150100,3802,6338,955500000,955500000
5,2730,955500000,955500100,3802,6338,955850000,955850000
5,2731,955850000,955850100,3802,6338,956200000,956200000
5,2732,956200000,956200100,3802,6338,956550000,956550000
5,2733,956550000,956550100,3802,6338,956900000,956900000
5,2734,956900000,956900100,3802,6338,957250000,957250000
5,2735,957250000,957250100,3802,6338,957600000,957600000
5,2736,957600000,957600100,3802,6338,957950000,957950000
5,2737,957950000,957950100,3802,6338,958300000,958300000
5,2738,958300000,958300100,3802,6338,958650000,958650000
5,2739,958650000,958650100,3802,6338,959000000,959000000
5,2740,959000000,959000100,3802,6338,959350000,959350000
5,2741,959350000,959350100,3802,6338,959700000,959700000
5,2742,959700000,959700100,3802,6338,960050000,960050000
5,2743,960050000,960050100,3802,6338,960400000,960400000
5,2744,960400000,960400100,3802,6338,960750000,960750000
5,2745,960750000,960750100,3802,6338,961100000,961100000
5,2746,961100000,961100100,3802,6338,961450000,961450000
5,2747,961450000,961450100,3802,6338,961800000,961800000
5,2748,961800000,961800100,3802,6338,962150000,962150000
5,2749,962150000,962150100,3802,6338,962500000,962500000
5,2750,962500000,962500100,3802,6338,962850000,962850000
5,2751,962850000,962850100,3802,6338,963200000,963200000
5,2752,963200000,963200100,3802,6338,963550000,963550000
5,2753,963550000,963550100,3802,6338,963900000,963900000
5,2754,963900000,963900100,3802,6338,964250000,964250000
5,2755,964250000,964250100,3802,6338,964600000,964600000
5,2756,964600000,964600100,3802,6338,964950000,964950000
5,2757,964950000,964950100,3802,6338,965300000,965300000
5,2758,965300000,965300100,3802,6338,965650000,965650000
5,2759,965650000,965650100,3802,6338,966000000,966000000
5,2760,966000000,966000100,3802,6338,966350000,966350000
5,2761,966350000,966350100,3802,6338,966700000,966700000
5,2762,966700000,966700100,3802,6338,967050000,967050000
5,2763,967050000,967050100,3802,6338,967400000,967400000
5,2764,967400000,967400100,3802,6338,967750000,967750000
5,2765,967750000,967750100,3802,6338,968100000,968100000
5,2766,968100000,968100100,3802,6338,968450000,968450000
5,2767,968450000,968450100,3802,6338,968800000,968800000
5,2768,968800000,968800100,3802,6338,969150000,969150000
5,2769,969150000,969150100,3802,6338,969500000,969500000
5,2770,969500000,969500100,3802,6338,969850000,969850000
5,2771,969850000,969850100,3802,6338,970200000,970200000
5,2772,970200000,970200100,3802,6338,970550000,970550000
5,2773,970550000,970550100,3802,6338,970900000,970900000
5,2774,970900000,970900100,3802,6338,971250000,971250000
5,2775,971250000,971250100,3802,6338,971600000,971600000
5,2776,971600000,971600100,3802,6338,971950000,971950000
5,2777,971950000,971950100,3802,6338,972300000,972300000
5,2778,972300000,972300100,3802,6338,972650000,972650000
5,2779,972650000,972650100,3802,6338,973000000,973000000
5,2780,973000000,973000100,3802,6338,973350000,973350000
5,2781,973350000,973350100,3802,6338,973700000,973700000
5,2782,973700000,973700100,3802,6338,974050000,974050000
5,2783,974050000,974050100,3802,6338,974400000,974400000
5,2784,974400000,974400100,3802,6338,974750000,974750000
5,2785,974750000,974750100,3802,6338,975100000,975100000
5,2786,975100000,975100100,3802,6338,975450000,975450000
5,2787,975450000,975450100,3802,6338,975800000,975800000
5,2788,975800000,975800100,3802,6338,976150000,976150000
5,2789,976150000,976150100,3802,6338,976500000,976500000
5,2790,976500000,976500100,3802,6338,976850000,976850000
5,2791,976850000,976850100,3802,6338,977200000,977200000
5,2792,977200000,977200100,3802,6338,977550000,977550000
5,2793,977550000,977550100,3802,6338,977900000,977900000
5,2794,977900000,977900100,3802,6338,978250000,978250000
5,2795,978250000,978250100,3802,6338,978600000,978600000
5,2796,978600000,978600100,3802,6338,978950000,978950000
5,2797,978950000,978950100,3802,6338,979300000,979300000
5,2798,979300000,979300100,3802,6338,979650000,979650000
5,2799,979650000,979650100,3802,6338,980000000,980000000
5,2800,980000000,980000100,3802,6338,980350000,980350000
5,2801,980350000,980350100,3802,6338,980700000,980700000
5,2802,980700000,980700100,3802,6338,981050000,981050000
5,2803,981050000,981050100,3802,6338,981400000,981400000
5,2804,981400000,981400100,3802,6338,981750000,981750000
5,2805,981750000,981750100,3802,6338,982100000,982100000
5,2806,982100000,982100100,3802,6338,982450000,982450000
5,2807,982450000,982450100,3802,6338,982800000,982800000
5,2808,982800000,982800100,3802,6338,983150000,983150000
5,2809,983150000,983150100,3802,6338,983500000,983500000
5,2810,983500000,983500100,3802,6338,983850000,983850000
5,2811,983850000,983850100,3802,6338,984200000,984200000
5,2812,984200000,984200100,3802,6338,984550000,984550000
5,2813,984550000,984550100,3802,6338,984900000,984900000
5,2814,984900000,984900100,3802,6338,985250000,985250000
5,2815,985250000,985250100,3802,6338,985600000,985600000
5,2816,985600000,985600100,3802,6338,985950000,985950000
5,2817,985950000,985950100,3802,6338,986300000,986300000
5,2818,986300000,986300100,3802,6338,986650000,986650000
5,2819,986650000,986650100,3802,6338,987000000,987000000
5,2820,987000000,987000100,3802,6338,987350000,987350000
5,2821,987350000,987350100,3802,6338,987700000,987700000
5,2822,987700000,987700100,3802,6338,988050000,988050000
5,2823,988050000,988050100,3802,6338,988400000,988400000
5,2824,988400000,988400100,3802,6338,988750000,988750000
5,2825,988750000,988750100,3802,6338,989100000,989100000
5,2826,989100000,989100100,3802,6338,989450000,989450000
5,2827,989450000,989450100,3802,6338,989800000,989800000
5,2828,989800000,989800100,3802,6338,990150000,990150000
5,2829,990150000,990150100,3802,6338,990500000,990500000
5,2830,990500000,990500100,3802,6338,990850000,990850000
5,2831,990850000,990850100,3802,6338,991200000,991200000
5,2832,991200000,991200100,3802,6338,991550000,991550000
5,2833,991550000,991550100,3802,6338,991900000,991900000
5,2834,991900000,991900100,3802,6338,992250000,992250000
5,2835,992250000,992250100,3802,6338,992600000,992600000
5,2836,992600000,992600100,3802,6338,992950000,992950000
5,2837,992950000,992950100,3802,6338,993300000,993300000
5,2838,993300000,993300100,3802,6338,993650000,993650000
5,2839,993650000,993650100,3802,6338,994000000,994000000
5,2840,994000000,994000100,3802,6338,994350000,994350000
5,2841,994350000,994350100,3802,6338,994700000,994700000
5,2842,994700000,994700100,3802,6338,995050000,995050000
5,2843,995050000,995050100,3802,6338,995400000,995400000
5,2844,995400000,995400100,3802,6338,995750000,995750000
5,2845,995750000,995750100,3802,6338,996100000,996100000
5,2846,996100000,996100100,3802,6338,996450000,996450000
5,2847,996450000,996450100,3802,6338,996800000,996800000
5,2848,996800000,996800100,3802,6338,997150000,997150000
5,2849,997150000,997150100,3802,6338,997500000,997500000
5,2850,997500000,997500100,3802,6338,997850000,997850000
5,2851,997850000,997850100,3802,6338,998200000,998200000
5,2852,998200000,998200100,3802,6338,998550000,998550000
5,2853,998550000,998550100,3802,6338,998900000,998900000
5,2854,998900000,998900100,3802,6338,999250000,999250000
5,2855,999250000,999250100,3802,6338,999600000,999600000
5,2856,999600000,999600100,3802,6338,999950000,999950000
5,2857,999950000,999950100,3802,6338,1000300000,1000300000
5,2858,1000300000,1000300100,3802,6338,1000650000,1000650000
5,2859,1000650000,1000650100,3802,6338,1001000000,1001000000
5,2860,1001000000,1001000100,3802,6338,1001350000,1001350000
5,2861,1001350000,1001350100,3802,6338,1001700000,1001700000
5,2862,1001700000,1001700100,3802,6338,1002050000,1002050000
5,2863,1002050000,1002050100,3802,6338,1002400000,1002400000
5,2864,1002400000,1002400100,3802,6338,1002750000,1002750000
5,2865,1002750000,1002750100,3802,6338,1003100000,1003100000
5,2866,1003100000,1003100100,3802,6338,1003450000,1003450000
5,2867,1003450000,1003450100,3802,6338,1003800000,1003800000
5,2868,1003800000,1003800100,3802,6338,1004150000,1004150000
5,2869,1004150000,1004150100,3802,6338,1004500000,1004500000
5,2870,1004500000,1004500100,3802,6338,1004850000,1004850000
5,2871,1004850000,1004850100,3802,6338,1005200000,1005200000
5,2872,1005200000,1005200100,3802,6338,1005550000,1005550000
5,2873,1005550000,1005550100,3802,6338,1005900000,1005900000
5,2874,1005900000,1005900100,3802,6338,1006250000,1006250000
5,2875,1006250000,1006250100,3802,6338,1006600000,1006600000
5,2876,1006600000,1006600100,3802,6338,1006950000,1006950000
5,2877,1006950000,1006950100,3802,6338,1007300000,1007300000
5,2878,1007300000,1007300100,3802,6338,1007650000,1007650000
5,2879,1007650000,1007650100,3802,6338,1008000000,1008000000
5,2880,1008000000,1008000100,3802,6338,1008350000,1008350000
5,2881,1008350000,1008350100,3802,6338,1008700000,1008700000
5,2882,1008700000,1008700100,3802,6338,1009050000,1009050000
5,2883,1009050000,1009050100,3802,6338,1009400000,1009400000
5,2884,1009400000,1009400100,3802,6338,1009750000,1009750000
5,2885,1009750000,1009750100,3802,6338,1010100000,1010100000
5,2886,1010100000,1010100100,3802,6338,1010450000,1010450000
5,2887,1010450000,1010450100,3802,6338,1010800000,1010800000
5,2888,1010800000,1010800100,3802,6338,1011150000,1011150000
5,2889,1011150000,1011150100,3802,6338,1011500000,1011500000
5,2890,1011500000,1011500100,3802,6338,1011850000,1011850000
5,2891,1011850000,1011850100,3802,6338,1012200000,1012200000
5,2892,1012200000,1012200100,3802,6338,1012550000,1012550000
5,2893,1012550000,1012550100,3802,6338,1012900000,1012900000
5,2894,1012900000,1012900100,3802,6338,1013250000,1013250000
5,2895,1013250000,1013250100,3802,6338,1013600000,1013600000
5,2896,1013600000,1013600100,3802,6338,1013950000,1013950000
5,2897,1013950000,1013950100,3802,6338,1014300000,1014300000
5,2898,1014300000,1014300100,3802,6338,1014650000,1014650000
5,2899,1014650000,1014650100,3802,6338,1015000000,1015000000
5,2900,1015000000,1015000100,3802,6338,1015350000,1015350000
5,2901,1015350000,1015350100,3802,6338,1015700000,1015700000
5,2902,1015700000,1015700100,3802,6338,1016050000,1016050000
5,2903,1016050000,1016050100,3802,6338,1016400000,1016400000
5,2904,1016400000,1016400100,3802,6338,1016750000,1016750000
5,2905,1016750000,1016750100,3802,6338,1017100000,1017100000
5,2906,1017100000,1017100100,3802,6338,1017450000,1017450000
5,2907,1017450000,1017450100,3802,6338,1017800000,1017800000
5,2908,1017800000,1017800100,3802,6338,1018150000,1018150000
5,2909,1018150000,1018150100,3802,6338,1018500000,1018500000
5,2910,1018500000,1018500100,3802,6338,1018850000,1018850000
5,2911,1018850000,1018850100,3802,6338,1019200000,1019200000
5,2912,1019200000,1019200100,3802,6338,1019550000,1019550000
5,2913,1019550000,1019550100,3802,6338,1019900000,1019900000
5,2914,1019900000,1019900100,3802,6338,1020250000,1020250000
5,2915,1020250000,1020250100,3802,6338,1020600000,1020600000
5,2916,1020600000,1020600100,3802,6338,1020950000,1020950000
5,2917,1020950000,1020950100,3802,6338,1021300000,1021300000
5,2918,1021300000,1021300100,3802,6338,1021650000,1021650000
5,2919,1021650000,1021650100,3802,6338,1022000000,1022000000
5,2920,1022000000,1022000100,3802,6338,1022350000,1022350000
5,2921,1022350000,1022350100,3802,6338,1022700000,1022700000
5,2922,1022700000,1022700100,3802,6338,1023050000,1023050000
5,2923,1023050000,1023050100,3802,6338,1023400000,1023400000
5,2924,1023400000,1023400100,3802,6338,1023750000,1023750000
5,2925,1023750000,1023750100,3802,6338,1024100000,1024100000
5,2926,1024100000,1024100100,3802,6338,1024450000,1024450000
5,2927,1024450000,1024450100,3802,6338,1024800000,1024800000
5,2928,1024800000,1024800100,3802,6338,1025150000,1025150000
5,2929,1025150000,1025150100,3802,6338,1025500000,1025500000
5,2930,1025500000,1025500100,3802,6338,1025850000,1025850000
5,2931,1025850000,1025850100,3802,6338,1026200000,1026200000
5,2932,1026200000,1026200100,3802,6338,1026550000,1026550000
5,2933,1026550000,1026550100,3802,6338,1026900000,1026900000
5,2934,1026900000,1026900100,3802,6338,1027250000,1027250000
5,2935,1027250000,1027250100,3802,6338,1027600000,1027600000
5,2936,1027600000,1027600100,3802,6338,1027950000,1027950000
5,2937,1027950000,1027950100,3802,6338,1028300000,1028300000
5,2938,1028300000,1028300100,3802,6338,1028650000,1028650000
5,2939,1028650000,1028650100,3802,6338,1029000000,1029000000
5,2940,1029000000,1029000100,3802,6338,1029350000,1029350000
5,2941,1029350000,1029350100,3802,6338,1029700000,1029700000
5,2942,1029700000,1029700100,3802,6338,1030050000,1030050000
5,2943,1030050000,1030050100,3802,6338,1030400000,1030400000
5,2944,1030400000,1030400100,3802,6338,1030750000,1030750000
5,2945,1030750000,1030750100,3802,6338,1031100000,1031100000
5,2946,1031100000,1031100100,3802,6338,1031450000,1031450000
5,2947,1031450000,1031450100,3802,6338,1031800000,1031800000
5,2948,1031800000,1031800100,3802,6338,1032150000,1032150000
5,2949,1032150000,1032150100,3802,6338,1032500000,1032500000
5,2950,1032500000,1032500100,3802,6338,1032850000,1032850000
5,2951,1032850000,1032850100,3802,6338,1033200000,1033200000
5,2952,1033200000,1033200100,3802,6338,1033550000,1033550000
5,2953,1033550000,1033550100,3802,6338,1033900000,1033900000
5,2954,1033900000,1033900100,3802,6338,1034250000,1034250000
5,2955,1034250000,1034250100,3802,6338,1034600000,1034600000
5,2956,1034600000,1034600100,3802,6338,1034950000,1034950000
5,2957,1034950000,1034950100,3802,6338,1035300000,1035300000
5,2958,1035300000,1035300100,3802,6338,1035650000,1035650000
5,2959,1035650000,1035650100,3802,6338,1036000000,1036000000
5,2960,1036000000,1036000100,3802,6338,1036350000,1036350000
5,2961,1036350000,1036350100,3802,6338,1036700000,1036700000
5,2962,1036700000,1036700100,3802,6338,1037050000,1037050000
5,2963,1037050000,1037050100,3802,6338,1037400000,1037400000
5,2964,1037400000,1037400100,3802,6338,1037750000,1037750000
5,2965,1037750000,1037750100,3802,6338,1038100000,1038100000
5,2966,1038100000,1038100100,3802,6338,1038450000,1038450000
5,2967,1038450000,1038450100,3802,6338,1038800000,1038800000
5,2968,1038800000,1038800100,3802,6338,1039150000,1039150000
5,2969,1039150000,1039150100,3802,6338,1039500000,1039500000
5,2970,1039500000,1039500100,3802,6338,1039850000,1039850000
5,2971,1039850000,1039850100,3802,6338,1040200000,1040200000
5,2972,1040200000,1040200100,3802,6338,1040550000,1040550000
5,2973,1040550000,1040550100,3802,6338,1040900000,1040900000
5,2974,1040900000,1040900100,3802,6338,1041250000,1041250000
5,2975,1041250000,1041250100,3802,6338,1041600000,1041600000
5,2976,1041600000,1041600100,3802,6338,1041950000,1041950000
5,2977,1041950000,1041950100,3802,6338,1042300000,1042300000
5,2978,1042300000,1042300100,3802,6338,1042650000,1042650000
5,2979,1042650000,1042650100,3802,6338,1043000000,1043000000
5,2980,1043000000,1043000100,3802,6338,1043350000,1043350000
5,2981,1043350000,1043350100,3802,6338,1043700000,1043700000
5,2982,1043700000,1043700100,3802,6338,1044050000,1044050000
5,2983,1044050000,1044050100,3802,6338,1044400000,1044400000
5,2984,1044400000,1044400100,3802,6338,1044750000,1044750000
5,2985,1044750000,1044750100,3802,6338,1045100000,1045100000
5,2986,1045100000,1045100100,3802,6338,1045450000,1045450000
5,2987,1045450000,1045450100,3802,6338,1045800000,1045800000
5,2988,1045800000,1045800100,3802,6338,1046150000,1046150000
5,2989,1046150000,1046150100,3802,6338,1046500000,1046500000
5,2990,1046500000,1046500100,3802,6338,1046850000,1046850000
5,2991,1046850000,1046850100,3802,6338,1047200000,1047200000
5,2992,1047200000,1047200100,3802,6338,1047550000,1047550000
5,2993,1047550000,1047550100,3802,6338,1047900000,1047900000
5,2994,1047900000,1047900100,3802,6338,1048250000,1048250000
5,2995,1048250000,1048250100,3802,6338,1048600000,1048600000
5,2996,1048600000,1048600100,3802,6338,1048950000,1048950000
5,2997,1048950000,1048950100,3802,6338,1049300000,1049300000
5,2998,1049300000,1049300100,3802,6338,1049650000,1049650000
5,2999,1049650000,1049650100,3802,6338,1050000000,1050000000
5,3000,1050000000,1050000100,3802,6338,1050350000,1050350000
5,3001,1050350000,1050350100,3802,6338,1050700000,1050700000
5,3002,1050700000,1050700100,3802,6338,1051050000,1051050000
5,3003,1051050000,1051050100,3802,6338,1051400000,1051400000
5,3004,1051400000,1051400100,3802,6338,1051750000,1051750000
5,3005,1051750000,1051750100,3802,6338,1052100000,1052100000
5,3006,1052100000,1052100100,3802,6338,1052450000,1052450000
5,3007,1052450000,1052450100,3802,6338,1052800000,1052800000
5,3008,1052800000,1052800100,3802,6338,1053150000,1053150000
5,3009,1053150000,1053150100,3802,6338,1053500000,1053500000
5,3010,1053500000,1053500100,3802,6338,1053850000,1053850000
5,3011,1053850000,1053850100,3802,6338,1054200000,1054200000
5,3012,1054200000,1054200100,3802,6338,1054550000,1054550000
5,3013,1054550000,1054550100,3802,6338,1054900000,1054900000
5,3014,1054900000,1054900100,3802,6338,1055250000,1055250000
5,3015,1055250000,1055250100,3802,6338,1055600000,1055600000
5,3016,1055600000,1055600100,3802,6338,1055950000,1055950000
5,3017,1055950000,1055950100,3802,6338,1056300000,1056300000
5,3018,1056300000,1056300100,3802,6338,1056650000,1056650000
5,3019,1056650000,1056650100,3802,6338,1057000000,1057000000
5,3020,1057000000,1057000100,3802,6338,1057350000,1057350000
5,3021,1057350000,1057350100,3802,6338,1057700000,1057700000
5,3022,1057700000,1057700100,3802,6338,1058050000,1058050000
5,3023,1058050000,1058050100,3802,6338,1058400000,1058400000
5,3024,1058400000,1058400100,3802,6338,1058750000,1058750000
5,3025,1058750000,1058750100,3802,6338,1059100000,1059100000
5,3026,1059100000,1059100100,3802,6338,1059450000,1059450000
5,3027,1059450000,1059450100,3802,6338,1059800000,1059800000
5,3028,1059800000,1059800100,3802,6338,1060150000,1060150000
5,3029,1060150000,1060150100,3802,6338,1060500000,1060500000
5,3030,1060500000,1060500100,3802,6338,1060850000,1060850000
5,3031,1060850000,1060850100,3802,6338,1061200000,1061200000
5,3032,1061200000,1061200100,3802,6338,1061550000,1061550000
5,3033,1061550000,1061550100,3802,6338,1061900000,1061900000
5,3034,1061900000,1061900100,3802,6338,1062250000,1062250000
5,3035,1062250000,1062250100,3802,6338,1062600000,1062600000
5,3036,1062600000,1062600100,3802,6338,1062950000,1062950000
5,3037,1062950000,1062950100,3802,6338,1063300000,1063300000
5,3038,1063300000,1063300100,3802,6338,1063650000,1063650000
5,3039,1063650000,1063650100,3802,6338,1064000000,1064000000
5,3040,1064000000,1064000100,3802,6338,1064350000,1064350000
5,3041,1064350000,1064350100,3802,6338,1064700000,1064700000
5,3042,1064700000,1064700100,3802,6338,1065050000,1065050000
5,3043,1065050000,1065050100,3802,6338,1065400000,1065400000
5,3044,1065400000,1065400100,3802,6338,1065750000,1065750000
5,3045,1065750000,1065750100,3802,6338,1066100000,1066100000
5,3046,1066100000,1066100100,3802,6338,1066450000,1066450000
5,3047,1066450000,1066450100,3802,6338,1066800000,1066800000
5,3048,1066800000,1066800100,3802,6338,1067150000,1067150000
5,3049,1067150000,1067150100,3802,6338,1067500000,1067500000
5,3050,1067500000,1067500100,3802,6338,1067850000,1067850000
5,3051,1067850000,1067850100,3802,6338,1068200000,1068200000
5,3052,1068200000,1068200100,3802,6338,1068550000,1068550000
5,3053,1068550000,1068550100,3802,6338,1068900000,1068900000
5,3054,1068900000,1068900100,3802,6338,1069250000,1069250000
5,3055,1069250000,1069250100,3802,6338,1069600000,1069600000
5,3056,1069600000,1069600100,3802,6338,1069950000,1069950000
5,3057,1069950000,1069950100,3802,6338,1070300000,1070300000
5,3058,1070300000,1070300100,3802,6338,1070650000,1070650000
5,3059,1070650000,1070650100,3802,6338,1071000000,1071000000
5,3060,1071000000,1071000100,3802,6338,1071350000,1071350000
5,3061,1071350000,1071350100,3802,6338,1071700000,1071700000
5,3062,1071700000,1071700100,3802,6338,1072050000,1072050000
5,3063,1072050000,1072050100,3802,6338,1072400000,1072400000
5,3064,1072400000,1072400100,3802,6338,1072750000,1072750000
5,3065,1072750000,1072750100,3802,6338,1073100000,1073100000
5,3066,1073100000,1073100100,3802,6338,1073450000,1073450000
5,3067,1073450000,1073450100,3802,6338,1073800000,1073800000
5,3068,1073800000,1073800100,3802,6338,1074150000,1074150000
5,3069,1074150000,1074150100,3802,6338,1074500000,1074500000
5,3070,1074500000,1074500100,3802,6338,1074850000,1074850000
5,3071,1074850000,1074850100,3802,6338,1075200000,1075200000
5,3072,1075200000,1075200100,3802,6338,1075550000,1075550000
5,3073,1075550000,1075550100,3802,6338,1075900000,1075900000
5,3074,1075900000,1075900100,3802,6338,1076250000,1076250000
5,3075,1076250000,1076250100,3802,6338,1076600000,1076600000
5,3076,1076600000,1076600100,3802,6338,1076950000,1076950000
5,3077,1076950000,1076950100,3802,6338,1077300000,1077300000
5,3078,1077300000,1077300100,3802,6338,1077650000,1077650000
5,3079,1077650000,1077650100,3802,6338,1078000000,1078000000
5,3080,1078000000,1078000100,3802,6338,1078350000,1078350000
5,3081,1078350000,1078350100,3802,6338,1078700000,1078700000
5,3082,1078700000,1078700100,3802,6338,1079050000,1079050000
5,3083,1079050000,1079050100,3802,6338,1079400000,1079400000
5,3084,1079400000,1079400100,3802,6338,1079750000,1079750000
5,3085,1079750000,1079750100,3802,6338,1080100000,1080100000
5,3086,1080100000,1080100100,3802,6338,1080450000,1080450000
5,3087,1080450000,1080450100,3802,6338,1080800000,1080800000
5,3088,1080800000,1080800100,3802,6338,1081150000,1081150000
5,3089,1081150000,1081150100,3802,6338,1081500000,1081500000
5,3090,1081500000,1081500100,3802,6338,1081850000,1081850000
5,3091,1081850000,1081850100,3802,6338,1082200000,1082200000
5,3092,1082200000,1082200100,3802,6338,1082550000,1082550000
5,3093,1082550000,1082550100,3802,6338,1082900000,1082900000
5,3094,1082900000,1082900100,3802,6338,1083250000,1083250000
5,3095,1083250000,1083250100,3802,6338,1083600000,1083600000
5,3096,1083600000,1083600100,3802,6338,1083950000,1083950000
5,3097,1083950000,1083950100,3802,6338,1084300000,1084300000
5,3098,1084300000,1084300100,3802,6338,1084650000,1084650000
5,3099,1084650000,1084650100,3802,6338,1085000000,1085000000
5,3100,1085000000,1085000100,3802,6338,1085350000,1085350000
5,3101,1085350000,1085350100,3802,6338,1085700000,1085700000
5,3102,1085700000,1085700100,3802,6338,1086050000,1086050000
5,3103,1086050000,1086050100,3802,6338,1086400000,1086400000
5,3104,1086400000,1086400100,3802,6338,1086750000,1086750000
5,3105,1086750000,1086750100,3802,6338,1087100000,1087100000
5,3106,1087100000,1087100100,3802,6338,1087450000,1087450000
5,3107,1087450000,1087450100,3802,6338,1087800000,1087800000
5,3108,1087800000,1087800100,3802,6338,1088150000,1088150000
5,3109,1088150000,1088150100,3802,6338,1088500000,1088500000
5,3110,1088500000,1088500100,3802,6338,1088850000,1088850000
5,3111,1088850000,1088850100,3802,6338,1089200000,1089200000
5,3112,1089200000,1089200100,3802,6338,1089550000,1089550000
5,3113,1089550000,1089550100,3802,6338,1089900000,1089900000
5,3114,1089900000,1089900100,3802,6338,1090250000,1090250000
5,3115,1090250000,1090250100,3802,6338,1090600000,1090600000
5,3116,1090600000,1090600100,3802,6338,1090950000,1090950000
5,3117,1090950000,1090950100,3802,6338,1091300000,1091300000
5,3118,1091300000,1091300100,3802,6338,1091650000,1091650000
5,3119,1091650000,1091650100,3802,6338,1092000000,1092000000
5,3120,1092000000,1092000100,3802,6338,1092350000,1092350000
5,3121,1092350000,1092350100,3802,6338,1092700000,1092700000
5,3122,1092700000,1092700100,3802,6338,1093050000,1093050000
5,3123,1093050000,1093050100,3802,6338,1093400000,1093400000
5,3124,1093400000,1093400100,3802,6338,1093750000,1093750000
5,3125,1093750000,1093750100,3802,6338,1094100000,1094100000
5,3126,1094100000,1094100100,3802,6338,1094450000,1094450000
5,3127,1094450000,1094450100,3802,6338,1094800000,1094800000
5,3128,1094800000,1094800100,3802,6338,1095150000,1095150000
5,3129,1095150000,1095150100,3802,6338,1095500000,1095500000
5,3130,1095500000,1095500100,3802,6338,1095850000,1095850000
5,3131,1095850000,1095850100,3802,6338,1096200000,1096200000
5,3132,1096200000,1096200100,3802,6338,1096550000,1096550000
5,3133,1096550000,1096550100,3802,6338,1096900000,1096900000
5,3134,1096900000,1096900100,3802,6338,1097250000,1097250000
5,3135,1097250000,1097250100,3802,6338,1097600000,1097600000
5,3136,1097600000,1097600100,3802,6338,1097950000,1097950000
5,3137,1097950000,1097950100,3802,6338,1098300000,1098300000
5,3138,1098300000,1098300100,3802,6338,1098650000,1098650000
5,3139,1098650000,1098650100,3802,6338,1099000000,1099000000
5,3140,1099000000,1099000100,3802,6338,1099350000,1099350000
5,3141,1099350000,1099350100,3802,6338,1099700000,1099700000
5,3142,1099700000,1099700100,3802,6338,1100050000,1100050000
5,3143,1100050000,1100050100,3802,6338,1100400000,1100400000
5,3144,1100400000,1100400100,3802,6338,1100750000,1100750000
5,3145,1100750000,1100750100,3802,6338,1101100000,1101100000
5,3146,1101100000,1101100100,3802,6338,1101450000,1101450000
5,3147,1101450000,1101450100,3802,6338,1101800000,1101800000
5,3148,1101800000,1101800100,3802,6338,1102150000,1102150000
5,3149,1102150000,1102150100,3802,6338,1102500000,1102500000
5,3150,1102500000,1102500100,3802,6338,1102850000,1102850000
5,3151,1102850000,1102850100,3802,6338,1103200000,1103200000
5,3152,1103200000,1103200100,3802,6338,1103550000,1103550000
5,3153,1103550000,1103550100,3802,6338,1103900000,1103900000
5,3154,1103900000,1103900100,3802,6338,1104250000,1104250000
5,3155,1104250000,1104250100,3802,6338,1104600000,1104600000
5,3156,1104600000,1104600100,3802,6338,1104950000,1104950000
5,3157,1104950000,1104950100,3802,6338,1105300000,1105300000
5,3158,1105300000,1105300100,3802,6338,1105650000,1105650000
5,3159,1105650000,1105650100,3802,6338,1106000000,1106000000
5,3160,1106000000,1106000100,3802,6338,1106350000,1106350000
5,3161,1106350000,1106350100,3802,6338,1106700000,1106700000
5,3162,1106700000,1106700100,3802,6338,1107050000,1107050000
5,3163,1107050000,1107050100,3802,6338,1107400000,1107400000
5,3164,1107400000,1107400100,3802,6338,1107750000,1107750000
5,3165,1107750000,1107750100,3802,6338,1108100000,1108100000
5,3166,1108100000,1108100100,3802,6338,1108450000,1108450000
5,3167,1108450000,1108450100,3802,6338,1108800000,1108800000
5,3168,1108800000,1108800100,3802,6338,1109150000,1109150000
5,3169,1109150000,1109150100,3802,6338,1109500000,1109500000
5,3170,1109500000,1109500100,3802,6338,1109850000,1109850000
5,3171,1109850000,1109850100,3802,6338,1110200000,1110200000
5,3172,1110200000,1110200100,3802,6338,1110550000,1110550000
5,3173,1110550000,1110550100,3802,6338,1110900000,1110900000
5,3174,1110900000,1110900100,3802,6338,1111250000,1111250000
5,3175,1111250000,1111250100,3802,6338,1111600000,1111600000
5,3176,1111600000,1111600100,3802,6338,1111950000,1111950000
5,3177,1111950000,1111950100,3802,6338,1112300000,1112300000
5,3178,1112300000,1112300100,3802,6338,1112650000,1112650000
5,3179,1112650000,1112650100,3802,6338,1113000000,1113000000
5,3180,1113000000,1113000100,3802,6338,1113350000,1113350000
5,3181,1113350000,1113350100,3802,6338,1113700000,1113700000
5,3182,1113700000,1113700100,3802,6338,1114050000,1114050000
5,3183,1114050000,1114050100,3802,6338,1114400000,1114400000
5,3184,1114400000,1114400100,3802,6338,1114750000,1114750000
5,3185,1114750000,1114750100,3802,6338,1115100000,1115100000
5,3186,1115100000,1115100100,3802,6338,1115450000,1115450000
5,3187,1115450000,1115450100,3802,6338,1115800000,1115800000
5,3188,1115800000,1115800100,3802,6338,1116150000,1116150000
5,3189,1116150000,1116150100,3802,6338,1116500000,1116500000
5,3190,1116500000,1116500100,3802,6338,1116850000,1116850000
5,3191,1116850000,1116850100,3802,6338,1117200000,1117200000
5,3192,1117200000,1117200100,3802,6338,1117550000,1117550000
5,3193,1117550000,1117550100,3802,6338,1117900000,1117900000
5,3194,1117900000,1117900100,3802,6338,1118250000,1118250000
5,3195,1118250000,1118250100,3802,6338,1118600000,1118600000
5,3196,1118600000,1118600100,3802,6338,1118950000,1118950000
5,3197,1118950000,1118950100,3802,6338,1119300000,1119300000
5,3198,1119300000,1119300100,3802,6338,1119650000,1119650000
5,3199,1119650000,1119650100,3802,6338,1120000000,1120000000
5,3200,1120000000,1120000100,3802,6338,1120350000,1120350000
5,3201,1120350000,1120350100,3802,6338,1120700000,1120700000
5,3202,1120700000,1120700100,3802,6338,1121050000,1121050000
5,3203,1121050000,1121050100,3802,6338,1121400000,1121400000
5,3204,1121400000,1121400100,3802,6338,1121750000,1121750000
5,3205,1121750000,1121750100,3802,6338,1122100000,1122100000
5,3206,1122100000,1122100100,3802,6338,1122450000,1122450000
5,3207,1122450000,1122450100,3802,6338,1122800000,1122800000
5,3208,1122800000,1122800100,3802,6338,1123150000,1123150000
5,3209,1123150000,1123150100,3802,6338,1123500000,1123500000
5,3210,1123500000,1123500100,3802,6338,1123850000,1123850000
5,3211,1123850000,1123850100,3802,6338,1124200000,1124200000
5,3212,1124200000,1124200100,3802,6338,1124550000,1124550000
5,3213,1124550000,1124550100,3802,6338,1124900000,1124900000
5,3214,1124900000,1124900100,3802,6338,1125250000,1125250000
5,3215,1125250000,1125250100,3802,6338,1125600000,1125600000
5,3216,1125600000,1125600100,3802,6338,1125950000,1125950000
5,3217,1125950000,1125950100,3802,6338,1126300000,1126300000
5,3218,1126300000,1126300100,3802,6338,1126650000,1126650000
5,3219,1126650000,1126650100,3802,6338,1127000000,1127000000
5,3220,1127000000,1127000100,3802,6338,1127350000,1127350000
5,3221,1127350000,1127350100,3802,6338,1127700000,1127700000
5,3222,1127700000,1127700100,3802,6338,1128050000,1128050000
5,3223,1128050000,1128050100,3802,6338,1128400000,1128400000
5,3224,1128400000,1128400100,3802,6338,1128750000,1128750000
5,3225,1128750000,1128750100,3802,6338,1129100000,1129100000
5,3226,1129100000,1129100100,3802,6338,1129450000,1129450000
5,3227,1129450000,1129450100,3802,6338,1129800000,1129800000
5,3228,1129800000,1129800100,3802,6338,1130150000,1130150000
5,3229,1130150000,1130150100,3802,6338,1130500000,1130500000
5,3230,1130500000,1130500100,3802,6338,1130850000,1130850000
5,3231,1130850000,1130850100,3802,6338,1131200000,1131200000
5,3232,1131200000,1131200100,3802,6338,1131550000,1131550000
5,3233,1131550000,1131550100,3802,6338,1131900000,1131900000
5,3234,1131900000,1131900100,3802,6338,1132250000,1132250000
5,3235,1132250000,1132250100,3802,6338,1132600000,1132600000
5,3236,1132600000,1132600100,3802,6338,1132950000,1132950000
5,3237,1132950000,1132950100,3802,6338,1133300000,1133300000
5,3238,1133300000,1133300100,3802,6338,1133650000,1133650000
5,3239,1133650000,1133650100,3802,6338,1134000000,1134000000
5,3240,1134000000,1134000100,3802,6338,1134350000,1134350000
5,3241,1134350000,1134350100,3802,6338,1134700000,1134700000
5,3242,1134700000,1134700100,3802,6338,1135050000,1135050000
5,3243,1135050000,1135050100,3802,6338,1135400000,1135400000
5,3244,1135400000,1135400100,3802,6338,1135750000,1135750000
5,3245,1135750000,1135750100,3802,6338,1136100000,1136100000
5,3246,1136100000,1136100100,3802,6338,1136450000,1136450000
5,3247,1136450000,1136450100,3802,6338,1136800000,1136800000
5,3248,1136800000,1136800100,3802,6338,1137150000,1137150000
5,3249,1137150000,1137150100,3802,6338,1137500000,1137500000
5,3250,1137500000,1137500100,3802,6338,1137850000,1137850000
5,3251,1137850000,1137850100,3802,6338,1138200000,1138200000
5,3252,1138200000,1138200100,3802,6338,1138550000,1138550000
5,3253,1138550000,1138550100,3802,6338,1138900000,1138900000
5,3254,1138900000,1138900100,3802,6338,1139250000,1139250000
5,3255,1139250000,1139250100,3802,6338,1139600000,1139600000
5,3256,1139600000,1139600100,3802,6338,1139950000,1139950000
5,3257,1139950000,1139950100,3802,6338,1140300000,1140300000
5,3258,1140300000,1140300100,3802,6338,1140650000,1140650000
5,3259,1140650000,1140650100,3802,6338,1141000000,1141000000
5,3260,1141000000,1141000100,3802,6338,1141350000,1141350000
5,3261,1141350000,1141350100,3802,6338,1141700000,1141700000
5,3262,1141700000,1141700100,3802,6338,1142050000,1142050000
5,3263,1142050000,1142050100,3802,6338,1142400000,1142400000
5,3264,1142400000,1142400100,3802,6338,1142750000,1142750000
5,3265,1142750000,1142750100,3802,6338,1143100000,1143100000
5,3266,1143100000,1143100100,3802,6338,1143450000,1143450000
5,3267,1143450000,1143450100,3802,6338,1143800000,1143800000
5,3268,1143800000,1143800100,3802,6338,1144150000,1144150000
5,3269,1144150000,1144150100,3802,6338,1144500000,1144500000
5,3270,1144500000,1144500100,3802,6338,1144850000,1144850000
5,3271,1144850000,1144850100,3802,6338,1145200000,1145200000
5,3272,1145200000,1145200100,3802,6338,1145550000,1145550000
5,3273,1145550000,1145550100,3802,6338,1145900000,1145900000
5,3274,1145900000,1145900100,3802,6338,1146250000,1146250000
5,3275,1146250000,1146250100,3802,6338,1146600000,1146600000
5,3276,1146600000,1146600100,3802,6338,1146950000,1146950000
5,3277,1146950000,1146950100,3802,6338,1147300000,1147300000
5,3278,1147300000,1147300100,3802,6338,1147650000,1147650000
5,3279,1147650000,1147650100,3802,6338,1148000000,1148000000
5,3280,1148000000,1148000100,3802,6338,1148350000,1148350000
5,3281,1148350000,1148350100,3802,6338,1148700000,1148700000
5,3282,1148700000,1148700100,3802,6338,1149050000,1149050000
5,3283,1149050000,1149050100,3802,6338,1149400000,1149400000
5,3284,1149400000,1149400100,3802,6338,1149750000,1149750000
5,3285,1149750000,1149750100,3802,6338,1150100000,1150100000
5,3286,1150100000,1150100100,3802,6338,1150450000,1150450000
5,3287,1150450000,1150450100,3802,6338,1150800000,1150800000
5,3288,1150800000,1150800100,3802,6338,1151150000,1151150000
5,3289,1151150000,1151150100,3802,6338,1151500000,1151500000
5,3290,1151500000,1151500100,3802,6338,1151850000,1151850000
5,3291,1151850000,1151850100,3802,6338,1152200000,1152200000
5,3292,1152200000,1152200100,3802,6338,1152550000,1152550000
5,3293,1152550000,1152550100,3802,6338,1152900000,1152900000
5,3294,1152900000,1152900100,3802,6338,1153250000,1153250000
5,3295,1153250000,1153250100,3802,6338,1153600000,1153600000
5,3296,1153600000,1153600100,3802,6338,1153950000,1153950000
5,3297,1153950000,1153950100,3802,6338,1154300000,1154300000
5,3298,1154300000,1154300100,3802,6338,1154650000,1154650000
5,3299,1154650000,1154650100,3802,6338,1155000000,1155000000
5,3300,1155000000,1155000100,3802,6338,1155350000,1155350000
5,3301,1155350000,1155350100,3802,6338,1155700000,1155700000
5,3302,1155700000,1155700100,3802,6338,1156050000,1156050000
5,3303,1156050000,1156050100,3802,6338,1156400000,1156400000
5,3304,1156400000,1156400100,3802,6338,1156750000,1156750000
5,3305,1156750000,1156750100,3802,6338,1157100000,1157100000
5,3306,1157100000,1157100100,3802,6338,1157450000,1157450000
5,3307,1157450000,1157450100,3802,6338,1157800000,1157800000
5,3308,1157800000,1157800100,3802,6338,1158150000,1158150000
5,3309,1158150000,1158150100,3802,6338,1158500000,1158500000
5,3310,1158500000,1158500100,3802,6338,1158850000,1158850000
5,3311,1158850000,1158850100,3802,6338,1159200000,1159200000
5,3312,1159200000,1159200100,3802,6338,1159550000,1159550000
5,3313,1159550000,1159550100,3802,6338,1159900000,1159900000
5,3314,1159900000,1159900100,3802,6338,1160250000,1160250000
5,3315,1160250000,1160250100,3802,6338,1160600000,1160600000
5,3316,1160600000,1160600100,3802,6338,1160950000,1160950000
5,3317,1160950000,1160950100,3802,6338,1161300000,1161300000
5,3318,1161300000,1161300100,3802,6338,1161650000,1161650000
5,3319,1161650000,1161650100,3802,6338,1162000000,1162000000
5,3320,1162000000,1162000100,3802,6338,1162350000,1162350000
5,3321,1162350000,1162350100,3802,6338,1162700000,1162700000
5,3322,1162700000,1162700100,3802,6338,1163050000,1163050000
5,3323,1163050000,1163050100,3802,6338,1163400000,1163400000
5,3324,1163400000,1163400100,3802,6338,1163750000,1163750000
5,3325,1163750000,1163750100,3802,6338,1164100000,1164100000
5,3326,1164100000,1164100100,3802,6338,1164450000,1164450000
5,3327,1164450000,1164450100,3802,6338,1164800000,1164800000
5,3328,1164800000,1164800100,3802,6338,1165150000,1165150000
5,3329,1165150000,1165150100,3802,6338,1165500000,1165500000
5,3330,1165500000,1165500100,3802,6338,1165850000,1165850000
5,3331,1165850000,1165850100,3802,6338,1166200000,1166200000
5,3332,1166200000,1166200100,3802,6338,1166550000,1166550000
5,3333,1166550000,1166550100,3802,6338,1166900000,1166900000
5,3334,1166900000,1166900100,3802,6338,1167250000,1167250000
5,3335,1167250000,1167250100,3802,6338,1167600000,1167600000
5,3336,1167600000,1167600100,3802,6338,1167950000,1167950000
5,3337,1167950000,1167950100,3802,6338,1168300000,1168300000
5,3338,1168300000,1168300100,3802,6338,1168650000,1168650000
5,3339,1168650000,1168650100,3802,6338,1169000000,1169000000
5,3340,1169000000,1169000100,3802,6338,1169350000,1169350000
5,3341,1169350000,1169350100,3802,6338,1169700000,1169700000
5,3342,1169700000,1169700100,3802,6338,1170050000,1170050000
5,3343,1170050000,1170050100,3802,6338,1170400000,1170400000
5,3344,1170400000,1170400100,3802,6338,1170750000,1170750000
5,3345,1170750000,1170750100,3802,6338,1171100000,1171100000
5,3346,1171100000,1171100100,3802,6338,1171450000,1171450000
5,3347,1171450000,1171450100,3802,6338,1171800000,1171800000
5,3348,1171800000,1171800100,3802,6338,1172150000,1172150000
5,3349,1172150000,1172150100,3802,6338,1172500000,1172500000
5,3350,1172500000,1172500100,3802,6338,1172850000,1172850000
5,3351,1172850000,1172850100,3802,6338,1173200000,1173200000
5,3352,1173200000,1173200100,3802,6338,1173550000,1173550000
5,3353,1173550000,1173550100,3802,6338,1173900000,1173900000
5,3354,1173900000,1173900100,3802,6338,1174250000,1174250000
5,3355,1174250000,1174250100,3802,6338,1174600000,1174600000
5,3356,1174600000,1174600100,3802,6338,1174950000,1174950000
5,3357,1174950000,1174950100,3802,6338,1175300000,1175300000
5,3358,1175300000,1175300100,3802,6338,1175650000,1175650000
5,3359,1175650000,1175650100,3802,6338,1176000000,1176000000
5,3360,1176000000,1176000100,3802,6338,1176350000,1176350000
5,3361,1176350000,1176350100,3802,6338,1176700000,1176700000
5,3362,1176700000,1176700100,3802,6338,1177050000,1177050000
5,3363,1177050000,1177050100,3802,6338,1177400000,1177400000
5,3364,1177400000,1177400100,3802,6338,1177750000,1177750000
5,3365,1177750000,1177750100,3802,6338,1178100000,1178100000
5,3366,1178100000,1178100100,3802,6338,1178450000,1178450000
5,3367,1178450000,1178450100,3802,6338,1178800000,1178800000
5,3368,1178800000,1178800100,3802,6338,1179150000,1179150000
5,3369,1179150000,1179150100,3802,6338,1179500000,1179500000
5,3370,1179500000,1179500100,3802,6338,1179850000,1179850000
5,3371,1179850000,1179850100,3802,6338,1180200000,1180200000
5,3372,1180200000,1180200100,3802,6338,1180550000,1180550000
5,3373,1180550000,1180550100,3802,6338,1180900000,1180900000
5,3374,1180900000,1180900100,3802,6338,1181250000,1181250000
5,3375,1181250000,1181250100,3802,6338,1181600000,1181600000
5,3376,1181600000,1181600100,3802,6338,1181950000,1181950000
5,3377,1181950000,1181950100,3802,6338,1182300000,1182300000
5,3378,1182300000,1182300100,3802,6338,1182650000,1182650000
5,3379,1182650000,1182650100,3802,6338,1183000000,1183000000
5,3380,1183000000,1183000100,3802,6338,1183350000,1183350000
5,3381,1183350000,1183350100,3802,6338,1183700000,1183700000
5,3382,1183700000,1183700100,3802,6338,1184050000,1184050000
5,3383,1184050000,1184050100,3802,6338,1184400000,1184400000
5,3384,1184400000,1184400100,3802,6338,1184750000,1184750000
5,3385,1184750000,1184750100,3802,6338,1185100000,1185100000
5,3386,1185100000,1185100100,3802,6338,1185450000,1185450000
5,3387,1185450000,1185450100,3802,6338,1185800000,1185800000
5,3388,1185800000,1185800100,3802,6338,1186150000,1186150000
5,3389,1186150000,1186150100,3802,6338,1186500000,1186500000
5,3390,1186500000,1186500100,3802,6338,1186850000,1186850000
5,3391,1186850000,1186850100,3802,6338,1187200000,1187200000
5,3392,1187200000,1187200100,3802,6338,1187550000,1187550000
5,3393,1187550000,1187550100,3802,6338,1187900000,1187900000
5,3394,1187900000,1187900100,3802,6338,1188250000,1188250000
5,3395,1188250000,1188250100,3802,6338,1188600000,1188600000
5,3396,1188600000,1188600100,3802,6338,1188950000,1188950000
5,3397,1188950000,1188950100,3802,6338,1189300000,1189300000
5,3398,1189300000,1189300100,3802,6338,1189650000,1189650000
5,3399,1189650000,1189650100,3802,6338,1190000000,1190000000
5,3400,1190000000,1190000100,3802,6338,1190350000,1190350000
5,3401,1190350000,1190350100,3802,6338,1190700000,1190700000
5,3402,1190700000,1190700100,3802,6338,1191050000,1191050000
5,3403,1191050000,1191050100,3802,6338,1191400000,1191400000
5,3404,1191400000,1191400100,3802,6338,1191750000,1191750000
5,3405,1191750000,1191750100,3802,6338,1192100000,1192100000
5,3406,1192100000,1192100100,3802,6338,1192450000,1192450000
5,3407,1192450000,1192450100,3802,6338,1192800000,1192800000
5,3408,1192800000,1192800100,3802,6338,1193150000,1193150000
5,3409,1193150000,1193150100,3802,6338,1193500000,1193500000
5,3410,1193500000,1193500100,3802,6338,1193850000,1193850000
5,3411,1193850000,1193850100,3802,6338,1194200000,1194200000
5,3412,1194200000,1194200100,3802,6338,1194550000,1194550000
5,3413,1194550000,1194550100,3802,6338,1194900000,1194900000
5,3414,1194900000,1194900100,3802,6338,1195250000,1195250000
5,3415,1195250000,1195250100,3802,6338,1195600000,1195600000
5,3416,1195600000,1195600100,3802,6338,1195950000,1195950000
5,3417,1195950000,1195950100,3802,6338,1196300000,1196300000
5,3418,1196300000,1196300100,3802,6338,1196650000,1196650000
5,3419,1196650000,1196650100,3802,6338,1197000000,1197000000
6,0,0,100,5539,9232,350000,350000
6,1,350000,350100,5539,9232,700000,700000
6,2,700000,700100,5539,9232,1050000,1050000
6,3,1050000,1050100,5539,9232,1400000,1400000
6,4,1400000,1400100,5539,9232,1750000,1750000
6,5,1750000,1750100,5539,9232,2100000,2100000
6,6,2100000,2100100,5539,9232,2450000,2450000
6,7,2450000,2450100,5539,9232,2800000,2800000
6,8,2800000,2800100,5539,9232,3150000,3150000
6,9,3150000,3150100,5539,9232,3500000,3500000
6,10,3500000,3500100,5539,9232,3850000,3850000
6,11,3850000,3850100,5539,9232,4200000,4200000
6,12,4200000,4200100,5539,9232,4550000,4550000
6,13,4550000,4550100,5539,9232,4900000,4900000
6,14,4900000,4900100,5539,9232,5250000,5250000
6,15,5250000,5250100,5539,9232,5600000,5600000
6,16,5600000,5600100,5539,9232,5950000,5950000
6,17,5950000,5950100,5539,9232,6300000,6300000
6,18,6300000,6300100,5539,9232,6650000,6650000
6,19,6650000,6650100,5539,9232,7000000,7000000
6,20,7000000,7000100,5539,9232,7350000,7350000
6,21,7350000,7350100,5539,9232,7700000,7700000
6,22,7700000,7700100,5539,9232,8050000,8050000
6,23,8050000,8050100,5539,9232,8400000,8400000
6,24,8400000,8400100,5539,9232,8750000,8750000
6,25,8750000,8750100,5539,9232,9100000,9100000
6,26,9100000,9100100,5539,9232,9450000,9450000
6,27,9450000,9450100,5539,9232,9800000,9800000
6,28,9800000,9800100,5539,9232,10150000,10150000
6,29,10150000,10150100,5539,9232,10500000,10500000
6,30,10500000,10500100,5539,9232,10850000,10850000
6,31,10850000,10850100,5539,9232,11200000,11200000
6,32,11200000,11200100,5539,9232,11550000,11550000
6,33,11550000,11550100,5539,9232,11900000,11900000
6,34,11900000,11900100,5539,9232,12250000,12250000
6,35,12250000,12250100,5539,9232,12600000,12600000
6,36,12600000,12600100,5539,9232,12950000,12950000
6,37,12950000,12950100,5539,9232,13300000,13300000
6,38,13300000,13300100,5539,9232,13650000,13650000
6,39,13650000,13650100,5539,9232,14000000,14000000
6,40,14000000,14000100,5539,9232,14350000,14350000
6,41,14350000,14350100,5539,9232,14700000,14700000
6,42,14700000,14700100,5539,9232,15050000,15050000
6,43,15050000,15050100,5539,9232,15400000,15400000
6,44,15400000,15400100,5539,9232,15750000,15750000
6,45,15750000,15750100,5539,9232,16100000,16100000
6,46,16100000,16100100,5539,9232,16450000,16450000
6,47,16450000,16450100,5539,9232,16800000,16800000
6,48,16800000,16800100,5539,9232,17150000,17150000
6,49,17150000,17150100,5539,9232,17500000,17500000
6,50,17500000,17500100,5539,9232,17850000,17850000
6,51,17850000,17850100,5539,9232,18200000,18200000
6,52,18200000,18200100,5539,9232,18550000,18550000
6,53,18550000,18550100,5539,9232,18900000,18900000
6,54,18900000,18900100,5539,9232,19250000,19250000
6,55,19250000,19250100,5539,9232,19600000,19600000
6,56,19600000,19600100,5539,9232,19950000,19950000
6,57,19950000,19950100,5539,9232,20300000,20300000
6,58,20300000,20300100,5539,9232,20650000,20650000
6,59,20650000,20650100,5539,9232,21000000,21000000
6,60,21000000,21000100,5539,9232,21350000,21350000
6,61,21350000,21350100,5539,9232,21700000,21700000
6,62,21700000,21700100,5539,9232,22050000,22050000
6,63,22050000,22050100,5539,9232,22400000,22400000
6,64,22400000,22400100,5539,9232,22750000,22750000
6,65,22750000,22750100,5539,9232,23100000,23100000
6,66,23100000,23100100,5539,9232,23450000,23450000
6,67,23450000,23450100,5539,9232,23800000,23800000
6,68,23800000,23800100,5539,9232,24150000,24150000
6,69,24150000,24150100,5539,9232,24500000,24500000
6,70,24500000,24500100,5539,9232,24850000,24850000
6,71,24850000,24850100,5539,9232,25200000,25200000
6,72,25200000,25200100,5539,9232,25550000,25550000
6,73,25550000,25550100,5539,9232,25900000,25900000
6,74,25900000,25900100,5539,9232,26250000,26250000
6,75,26250000,26250100,5539,9232,26600000,26600000
6,76,26600000,26600100,5539,9232,26950000,26950000
6,77,26950000,26950100,5539,9232,27300000,27300000
6,78,27300000,27300100,5539,9232,27650000,27650000
6,79,27650000,27650100,5539,9232,28000000,28000000
6,80,28000000,28000100,5539,9232,28350000,28350000
6,81,28350000,28350100,5539,9232,28700000,28700000
6,82,28700000,28700100,5539,9232,29050000,29050000
6,83,29050000,29050100,5539,9232,29400000,29400000
6,84,29400000,29400100,5539,9232,29750000,29750000
6,85,29750000,29750100,5539,9232,30100000,30100000
6,86,30100000,30100100,5539,9232,30450000,30450000
6,87,30450000,30450100,5539,9232,30800000,30800000
6,88,30800000,30800100,5539,9232,31150000,31150000
6,89,31150000,31150100,5539,9232,31500000,31500000
6,90,31500000,31500100,5539,9232,31850000,31850000
6,91,31850000,31850100,5539,9232,32200000,32200000
6,92,32200000,32200100,5539,9232,32550000,32550000
6,93,32550000,32550100,5539,9232,32900000,32900000
6,94,32900000,32900100,5539,9232,33250000,33250000
6,95,33250000,33250100,5539,9232,33600000,33600000
6,96,33600000,33600100,5539,9232,33950000,33950000
6,97,33950000,33950100,5539,9232,34300000,34300000
6,98,34300000,34300100,5539,9232,34650000,34650000
6,99,34650000,34650100,5539,9232,35000000,35000000
6,100,35000000,35000100,5539,9232,35350000,35350000
6,101,35350000,35350100,5539,9232,35700000,35700000
6,102,35700000,35700100,5539,9232,36050000,36050000
6,103,36050000,36050100,5539,9232,36400000,36400000
6,104,36400000,36400100,5539,9232,36750000,36750000
6,105,36750000,36750100,5539,9232,37100000,37100000
6,106,37100000,37100100,5539,9232,37450000,37450000
6,107,37450000,37450100,5539,9232,37800000,37800000
6,108,37800000,37800100,5539,9232,38150000,38150000
6,109,38150000,38150100,5539,9232,38500000,38500000
6,110,38500000,38500100,5539,9232,38850000,38850000
6,111,38850000,38850100,5539,9232,39200000,39200000
6,112,39200000,39200100,5539,9232,39550000,39550000
6,113,39550000,39550100,5539,9232,39900000,39900000
6,114,39900000,39900100,5539,9232,40250000,40250000
6,115,40250000,40250100,5539,9232,40600000,40600000
6,116,40600000,40600100,5539,9232,40950000,40950000
6,117,40950000,40950100,5539,9232,41300000,41300000
6,118,41300000,41300100,5539,9232,41650000,41650000
6,119,41650000,41650100,5539,9232,42000000,42000000
6,120,42000000,42000100,5539,9232,42350000,42350000
6,121,42350000,42350100,5539,9232,42700000,42700000
6,122,42700000,42700100,5539,9232,43050000,43050000
6,123,43050000,43050100,5539,9232,43400000,43400000
6,124,43400000,43400100,5539,9232,43750000,43750000
6,125,43750000,43750100,5539,9232,44100000,44100000
6,126,44100000,44100100,5539,9232,44450000,44450000
6,127,44450000,44450100,5539,9232,44800000,44800000
6,128,44800000,44800100,5539,9232,45150000,45150000
6,129,45150000,45150100,5539,9232,45500000,45500000
6,130,45500000,45500100,5539,9232,45850000,45850000
6,131,45850000,45850100,5539,9232,46200000,46200000
6,132,46200000,46200100,5539,9232,46550000,46550000
6,133,46550000,46550100,5539,9232,46900000,46900000
6,134,46900000,46900100,5539,9232,47250000,47250000
6,135,47250000,47250100,5539,9232,47600000,47600000
6,136,47600000,47600100,5539,9232,47950000,47950000
6,137,47950000,47950100,5539,9232,48300000,48300000
6,138,48300000,48300100,5539,9232,48650000,48650000
6,139,48650000,48650100,5539,9232,49000000,49000000
6,140,49000000,49000100,5539,9232,49350000,49350000
6,141,49350000,49350100,5539,9232,49700000,49700000
6,142,49700000,49700100,5539,9232,50050000,50050000
6,143,50050000,50050100,5539,9232,50400000,50400000
6,144,50400000,50400100,5539,9232,50750000,50750000
6,145,50750000,50750100,5539,9232,51100000,51100000
6,146,51100000,51100100,5539,9232,51450000,51450000
6,147,51450000,51450100,5539,9232,51800000,51800000
6,148,51800000,51800100,5539,9232,52150000,52150000
6,149,52150000,52150100,5539,9232,52500000,52500000
6,150,52500000,52500100,5539,9232,52850000,52850000
6,151,52850000,52850100,5539,9232,53200000,53200000
6,152,53200000,53200100,5539,9232,53550000,53550000
6,153,53550000,53550100,5539,9232,53900000,53900000
6,154,53900000,53900100,5539,9232,54250000,54250000
6,155,54250000,54250100,5539,9232,54600000,54600000
6,156,54600000,54600100,5539,9232,54950000,54950000
6,157,54950000,54950100,5539,9232,55300000,55300000
6,158,55300000,55300100,5539,9232,55650000,55650000
6,159,55650000,55650100,5539,9232,56000000,56000000
6,160,56000000,56000100,5539,9232,56350000,56350000
6,161,56350000,56350100,5539,9232,56700000,56700000
6,162,56700000,56700100,5539,9232,57050000,57050000
6,163,57050000,57050100,5539,9232,57400000,57400000
6,164,57400000,57400100,5539,9232,57750000,57750000
6,165,57750000,57750100,5539,9232,58100000,58100000
6,166,58100000,58100100,5539,9232,58450000,58450000
6,167,58450000,58450100,5539,9232,58800000,58800000
6,168,58800000,58800100,5539,9232,59150000,59150000
6,169,59150000,59150100,5539,9232,59500000,59500000
6,170,59500000,59500100,5539,9232,59850000,59850000
6,171,59850000,59850100,5539,9232,60200000,60200000
6,172,60200000,60200100,5539,9232,60550000,60550000
6,173,60550000,60550100,5539,9232,60900000,60900000
6,174,60900000,60900100,5539,9232,61250000,61250000
6,175,61250000,61250100,5539,9232,61600000,61600000
6,176,61600000,61600100,5539,9232,61950000,61950000
6,177,61950000,61950100,5539,9232,62300000,62300000
6,178,62300000,62300100,5539,9232,62650000,62650000
6,179,62650000,62650100,5539,9232,63000000,63000000
6,180,63000000,63000100,5539,9232,63350000,63350000
6,181,63350000,63350100,5539,9232,63700000,63700000
6,182,63700000,63700100,5539,9232,64050000,64050000
6,183,64050000,64050100,5539,9232,64400000,64400000
6,184,64400000,64400100,5539,9232,64750000,64750000
6,185,64750000,64750100,5539,9232,65100000,65100000
6,186,65100000,65100100,5539,9232,65450000,65450000
6,187,65450000,65450100,5539,9232,65800000,65800000
6,188,65800000,65800100,5539,9232,66150000,66150000
6,189,66150000,66150100,5539,9232,66500000,66500000
6,190,66500000,66500100,5539,9232,66850000,66850000
6,191,66850000,66850100,5539,9232,67200000,67200000
6,192,67200000,67200100,5539,9232,67550000,67550000
6,193,67550000,67550100,5539,9232,67900000,67900000
6,194,67900000,67900100,5539,9232,68250000,68250000
6,195,68250000,68250100,5539,9232,68600000,68600000
6,196,68600000,68600100,5539,9232,68950000,68950000
6,197,68950000,68950100,5539,9232,69300000,69300000
6,198,69300000,69300100,5539,9232,69650000,69650000
6,199,69650000,69650100,5539,9232,70000000,70000000
6,200,70000000,70000100,5539,9232,70350000,70350000
6,201,70350000,70350100,5539,9232,70700000,70700000
6,202,70700000,70700100,5539,9232,71050000,71050000
6,203,71050000,71050100,5539,9232,71400000,71400000
6,204,71400000,71400100,5539,9232,71750000,71750000
6,205,71750000,71750100,5539,9232,72100000,72100000
6,206,72100000,72100100,5539,9232,72450000,72450000
6,207,72450000,72450100,5539,9232,72800000,72800000
6,208,72800000,72800100,5539,9232,73150000,73150000
6,209,73150000,73150100,5539,9232,73500000,73500000
6,210,73500000,73500100,5539,9232,73850000,73850000
6,211,73850000,73850100,5539,9232,74200000,74200000
6,212,74200000,74200100,5539,9232,74550000,74550000
6,213,74550000,74550100,5539,9232,74900000,74900000
6,214,74900000,74900100,5539,9232,75250000,75250000
6,215,75250000,75250100,5539,9232,75600000,75600000
6,216,75600000,75600100,5539,9232,75950000,75950000
6,217,75950000,75950100,5539,9232,76300000,76300000
6,218,76300000,76300100,5539,9232,76650000,76650000
6,219,76650000,76650100,5539,9232,77000000,77000000
6,220,77000000,77000100,5539,9232,77350000,77350000
6,221,77350000,77350100,5539,9232,77700000,77700000
6,222,77700000,77700100,5539,9232,78050000,78050000
6,223,78050000,78050100,5539,9232,78400000,78400000
6,224,78400000,78400100,5539,9232,78750000,78750000
6,225,78750000,78750100,5539,9232,79100000,79100000
6,226,79100000,79100100,5539,9232,79450000,79450000
6,227,79450000,79450100,5539,9232,79800000,79800000
6,228,79800000,79800100,5539,9232,80150000,80150000
6,229,80150000,80150100,5539,9232,80500000,80500000
6,230,80500000,80500100,5539,9232,80850000,80850000
6,231,80850000,80850100,5539,9232,81200000,81200000
6,232,81200000,81200100,5539,9232,81550000,81550000
6,233,81550000,81550100,5539,9232,81900000,81900000
6,234,81900000,81900100,5539,9232,82250000,82250000
6,235,82250000,82250100,5539,9232,82600000,82600000
6,236,82600000,82600100,5539,9232,82950000,82950000
6,237,82950000,82950100,5539,9232,83300000,83300000
6,238,83300000,83300100,5539,9232,83650000,83650000
6,239,83650000,83650100,5539,9232,84000000,84000000
6,240,84000000,84000100,5539,9232,84350000,84350000
6,241,84350000,84350100,5539,9232,84700000,84700000
6,242,84700000,84700100,5539,9232,85050000,85050000
6,243,85050000,85050100,5539,9232,85400000,85400000
6,244,85400000,85400100,5539,9232,85750000,85750000
6,245,85750000,85750100,5539,9232,86100000,86100000
6,246,86100000,86100100,5539,9232,86450000,86450000
6,247,86450000,86450100,5539,9232,86800000,86800000
6,248,86800000,86800100,5539,9232,87150000,87150000
6,249,87150000,87150100,5539,9232,87500000,87500000
6,250,87500000,87500100,5539,9232,87850000,87850000
6,251,87850000,87850100,5539,9232,88200000,88200000
6,252,88200000,88200100,5539,9232,88550000,88550000
6,253,88550000,88550100,5539,9232,88900000,88900000
6,254,88900000,88900100,5539,9232,89250000,89250000
6,255,89250000,89250100,5539,9232,89600000,89600000
6,256,89600000,89600100,5539,9232,89950000,89950000
6,257,89950000,89950100,5539,9232,90300000,90300000
6,258,90300000,90300100,5539,9232,90650000,90650000
6,259,90650000,90650100,5539,9232,91000000,91000000
6,260,91000000,91000100,5539,9232,91350000,91350000
6,261,91350000,91350100,5539,9232,91700000,91700000
6,262,91700000,91700100,5539,9232,92050000,92050000
6,263,92050000,92050100,5539,9232,92400000,92400000
6,264,92400000,92400100,5539,9232,92750000,92750000
6,265,92750000,92750100,5539,9232,93100000,93100000
6,266,93100000,93100100,5539,9232,93450000,93450000
6,267,93450000,93450100,5539,9232,93800000,93800000
6,268,93800000,93800100,5539,9232,94150000,94150000
6,269,94150000,94150100,5539,9232,94500000,94500000
6,270,94500000,94500100,5539,9232,94850000,94850000
6,271,94850000,94850100,5539,9232,95200000,95200000
6,272,95200000,95200100,5539,9232,95550000,95550000
6,273,95550000,95550100,5539,9232,95900000,95900000
6,274,95900000,95900100,5539,9232,96250000,96250000
6,275,96250000,96250100,5539,9232,96600000,96600000
6,276,96600000,96600100,5539,9232,96950000,96950000
6,277,96950000,96950100,5539,9232,97300000,97300000
6,278,97300000,97300100,5539,9232,97650000,97650000
6,279,97650000,97650100,5539,9232,98000000,98000000
6,280,98000000,98000100,5539,9232,98350000,98350000
6,281,98350000,98350100,5539,9232,98700000,98700000
6,282,98700000,98700100,5539,9232,99050000,99050000
6,283,99050000,99050100,5539,9232,99400000,99400000
6,284,99400000,99400100,5539,9232,99750000,99750000
6,285,99750000,99750100,5539,9232,100100000,100100000
6,286,100100000,100100100,5539,9232,100450000,100450000
6,287,100450000,100450100,5539,9232,100800000,100800000
6,288,100800000,100800100,5539,9232,101150000,101150000
6,289,101150000,101150100,5539,9232,101500000,101500000
6,290,101500000,101500100,5539,9232,101850000,101850000
6,291,101850000,101850100,5539,9232,102200000,102200000
6,292,102200000,102200100,5539,9232,102550000,102550000
6,293,102550000,102550100,5539,9232,102900000,102900000
6,294,102900000,102900100,5539,9232,103250000,103250000
6,295,103250000,103250100,5539,9232,103600000,103600000
6,296,103600000,103600100,5539,9232,103950000,103950000
6,297,103950000,103950100,5539,9232,104300000,104300000
6,298,104300000,104300100,5539,9232,104650000,104650000
6,299,104650000,104650100,5539,9232,105000000,105000000
6,300,105000000,105000100,5539,9232,105350000,105350000
6,301,105350000,105350100,5539,9232,105700000,105700000
6,302,105700000,105700100,5539,9232,106050000,106050000
6,303,106050000,106050100,5539,9232,106400000,106400000
6,304,106400000,106400100,5539,9232,106750000,106750000
6,305,106750000,106750100,5539,9232,107100000,107100000
6,306,107100000,107100100,5539,9232,107450000,107450000
6,307,107450000,107450100,5539,9232,107800000,107800000
6,308,107800000,107800100,5539,9232,108150000,108150000
6,309,108150000,108150100,5539,9232,108500000,108500000
6,310,108500000,108500100,5539,9232,108850000,108850000
6,311,108850000,108850100,5539,9232,109200000,109200000
6,312,109200000,109200100,5539,9232,109550000,109550000
6,313,109550000,109550100,5539,9232,109900000,109900000
6,314,109900000,109900100,5539,9232,110250000,110250000
6,315,110250000,110250100,5539,9232,110600000,110600000
6,316,110600000,110600100,5539,9232,110950000,110950000
6,317,110950000,110950100,5539,9232,111300000,111300000
6,318,111300000,111300100,5539,9232,111650000,111650000
6,319,111650000,111650100,5539,9232,112000000,112000000
6,320,112000000,112000100,5539,9232,112350000,112350000
6,321,112350000,112350100,5539,9232,112700000,112700000
6,322,112700000,112700100,5539,9232,113050000,113050000
6,323,113050000,113050100,5539,9232,113400000,113400000
6,324,113400000,113400100,5539,9232,113750000,113750000
6,325,113750000,113750100,5539,9232,114100000,114100000
6,326,114100000,114100100,5539,9232,114450000,114450000
6,327,114450000,114450100,5539,9232,114800000,114800000
6,328,114800000,114800100,5539,9232,115150000,115150000
6,329,115150000,115150100,5539,9232,115500000,115500000
6,330,115500000,115500100,5539,9232,115850000,115850000
6,331,115850000,115850100,5539,9232,116200000,116200000
6,332,116200000,116200100,5539,9232,116550000,116550000
6,333,116550000,116550100,5539,9232,116900000,116900000
6,334,116900000,116900100,5539,9232,117250000,117250000
6,335,117250000,117250100,5539,9232,117600000,117600000
6,336,117600000,117600100,5539,9232,117950000,117950000
6,337,117950000,117950100,5539,9232,118300000,118300000
6,338,118300000,118300100,5539,9232,118650000,118650000
6,339,118650000,118650100,5539,9232,119000000,119000000
6,340,119000000,119000100,5539,9232,119350000,119350000
6,341,119350000,119350100,5539,9232,119700000,119700000
6,342,119700000,119700100,5539,9232,120050000,120050000
6,343,120050000,120050100,5539,9232,120400000,120400000
6,344,120400000,120400100,5539,9232,120750000,120750000
6,345,120750000,120750100,5539,9232,121100000,121100000
6,346,121100000,121100100,5539,9232,121450000,121450000
6,347,121450000,121450100,5539,9232,121800000,121800000
6,348,121800000,121800100,5539,9232,122150000,122150000
6,349,122150000,122150100,5539,9232,122500000,122500000
6,350,122500000,122500100,5539,9232,122850000,122850000
6,351,122850000,122850100,5539,9232,123200000,123200000
6,352,123200000,123200100,5539,9232,123550000,123550000
6,353,123550000,123550100,5539,9232,123900000,123900000
6,354,123900000,123900100,5539,9232,124250000,124250000
6,355,124250000,124250100,5539,9232,124600000,124600000
6,356,124600000,124600100,5539,9232,124950000,124950000
6,357,124950000,124950100,5539,9232,125300000,125300000
6,358,125300000,125300100,5539,9232,125650000,125650000
6,359,125650000,125650100,5539,9232,126000000,126000000
6,360,126000000,126000100,5539,9232,126350000,126350000
6,361,126350000,126350100,5539,9232,126700000,126700000
6,362,126700000,126700100,5539,9232,127050000,127050000
6,363,127050000,127050100,5539,9232,127400000,127400000
6,364,127400000,127400100,5539,9232,127750000,127750000
6,365,127750000,127750100,5539,9232,128100000,128100000
6,366,128100000,128100100,5539,9232,128450000,128450000
6,367,128450000,128450100,5539,9232,128800000,128800000
6,368,128800000,128800100,5539,9232,129150000,129150000
6,369,129150000,129150100,5539,9232,129500000,129500000
6,370,129500000,129500100,5539,9232,129850000,129850000
6,371,129850000,129850100,5539,9232,130200000,130200000
6,372,130200000,130200100,5539,9232,130550000,130550000
6,373,130550000,130550100,5539,9232,130900000,130900000
6,374,130900000,130900100,5539,9232,131250000,131250000
6,375,131250000,131250100,5539,9232,131600000,131600000
6,376,131600000,131600100,5539,9232,131950000,131950000
6,377,131950000,131950100,5539,9232,132300000,132300000
6,378,132300000,132300100,5539,9232,132650000,132650000
6,379,132650000,132650100,5539,9232,133000000,133000000
6,380,133000000,133000100,5539,9232,133350000,133350000
6,381,133350000,133350100,5539,9232,133700000,133700000
6,382,133700000,133700100,5539,9232,134050000,134050000
6,383,134050000,134050100,5539,9232,134400000,134400000
6,384,134400000,134400100,5539,9232,134750000,134750000
6,385,134750000,134750100,5539,9232,135100000,135100000
6,386,135100000,135100100,5539,9232,135450000,135450000
6,387,135450000,135450100,5539,9232,135800000,135800000
6,388,135800000,135800100,5539,9232,136150000,136150000
6,389,136150000,136150100,5539,9232,136500000,136500000
6,390,136500000,136500100,5539,9232,136850000,136850000
6,391,136850000,136850100,5539,9232,137200000,137200000
6,392,137200000,137200100,5539,9232,137550000,137550000
6,393,137550000,137550100,5539,9232,137900000,137900000
6,394,137900000,137900100,5539,9232,138250000,138250000
6,395,138250000,138250100,5539,9232,138600000,138600000
6,396,138600000,138600100,5539,9232,138950000,138950000
6,397,138950000,138950100,5539,9232,139300000,139300000
6,398,139300000,139300100,5539,9232,139650000,139650000
6,399,139650000,139650100,5539,9232,140000000,140000000
6,400,140000000,140000100,5539,9232,140350000,140350000
6,401,140350000,140350100,5539,9232,140700000,140700000
6,402,140700000,140700100,5539,9232,141050000,141050000
6,403,141050000,141050100,5539,9232,141400000,141400000
6,404,141400000,141400100,5539,9232,141750000,141750000
6,405,141750000,141750100,5539,9232,142100000,142100000
6,406,142100000,142100100,5539,9232,142450000,142450000
6,407,142450000,142450100,5539,9232,142800000,142800000
6,408,142800000,142800100,5539,9232,143150000,143150000
6,409,143150000,143150100,5539,9232,143500000,143500000
6,410,143500000,143500100,5539,9232,143850000,143850000
6,411,143850000,143850100,5539,9232,144200000,144200000
6,412,144200000,144200100,5539,9232,144550000,144550000
6,413,144550000,144550100,5539,9232,144900000,144900000
6,414,144900000,144900100,5539,9232,145250000,145250000
6,415,145250000,145250100,5539,9232,145600000,145600000
6,416,145600000,145600100,5539,9232,145950000,145950000
6,417,145950000,145950100,5539,9232,146300000,146300000
6,418,146300000,146300100,5539,9232,146650000,146650000
6,419,146650000,146650100,5539,9232,147000000,147000000
6,420,147000000,147000100,5539,9232,147350000,147350000
6,421,147350000,147350100,5539,9232,147700000,147700000
6,422,147700000,147700100,5539,9232,148050000,148050000
6,423,148050000,148050100,5539,9232,148400000,148400000
6,424,148400000,148400100,5539,9232,148750000,148750000
6,425,148750000,148750100,5539,9232,149100000,149100000
6,426,149100000,149100100,5539,9232,149450000,149450000
6,427,149450000,149450100,5539,9232,149800000,149800000
6,428,149800000,149800100,5539,9232,150150000,150150000
6,429,150150000,150150100,5539,9232,150500000,150500000
6,430,150500000,150500100,5539,9232,150850000,150850000
6,431,150850000,150850100,5539,9232,151200000,151200000
6,432,151200000,151200100,5539,9232,151550000,151550000
6,433,151550000,151550100,5539,9232,151900000,151900000
6,434,151900000,151900100,5539,9232,152250000,152250000
6,435,152250000,152250100,5539,9232,152600000,152600000
6,436,152600000,152600100,5539,9232,152950000,152950000
6,437,152950000,152950100,5539,9232,153300000,153300000
6,438,153300000,153300100,5539,9232,153650000,153650000
6,439,153650000,153650100,5539,9232,154000000,154000000
6,440,154000000,154000100,5539,9232,154350000,154350000
6,441,154350000,154350100,5539,9232,154700000,154700000
6,442,154700000,154700100,5539,9232,155050000,155050000
6,443,155050000,155050100,5539,9232,155400000,155400000
6,444,155400000,155400100,5539,9232,155750000,155750000
6,445,155750000,155750100,5539,9232,156100000,156100000
6,446,156100000,156100100,5539,9232,156450000,156450000
6,447,156450000,156450100,5539,9232,156800000,156800000
6,448,156800000,156800100,5539,9232,157150000,157150000
6,449,157150000,157150100,5539,9232,157500000,157500000
6,450,157500000,157500100,5539,9232,157850000,157850000
6,451,157850000,157850100,5539,9232,158200000,158200000
6,452,158200000,158200100,5539,9232,158550000,158550000
6,453,158550000,158550100,5539,9232,158900000,158900000
6,454,158900000,158900100,5539,9232,159250000,159250000
6,455,159250000,159250100,5539,9232,159600000,159600000
6,456,159600000,159600100,5539,9232,159950000,159950000
6,457,159950000,159950100,5539,9232,160300000,160300000
6,458,160300000,160300100,5539,9232,160650000,160650000
6,459,160650000,160650100,5539,9232,161000000,161000000
6,460,161000000,161000100,5539,9232,161350000,161350000
6,461,161350000,161350100,5539,9232,161700000,161700000
6,462,161700000,161700100,5539,9232,162050000,162050000
6,463,162050000,162050100,5539,9232,162400000,162400000
6,464,162400000,162400100,5539,9232,162750000,162750000
6,465,162750000,162750100,5539,9232,163100000,163100000
6,466,163100000,163100100,5539,9232,163450000,163450000
6,467,163450000,163450100,5539,9232,163800000,163800000
6,468,163800000,163800100,5539,9232,164150000,164150000
6,469,164150000,164150100,5539,9232,164500000,164500000
6,470,164500000,164500100,5539,9232,164850000,164850000
6,471,164850000,164850100,5539,9232,165200000,165200000
6,472,165200000,165200100,5539,9232,165550000,165550000
6,473,165550000,165550100,5539,9232,165900000,165900000
6,474,165900000,165900100,5539,9232,166250000,166250000
6,475,166250000,166250100,5539,9232,166600000,166600000
6,476,166600000,166600100,5539,9232,166950000,166950000
6,477,166950000,166950100,5539,9232,167300000,167300000
6,478,167300000,167300100,5539,9232,167650000,167650000
6,479,167650000,167650100,5539,9232,168000000,168000000
6,480,168000000,168000100,5539,9232,168350000,168350000
6,481,168350000,168350100,5539,9232,168700000,168700000
6,482,168700000,168700100,5539,9232,169050000,169050000
6,483,169050000,169050100,5539,9232,169400000,169400000
6,484,169400000,169400100,5539,9232,169750000,169750000
6,485,169750000,169750100,5539,9232,170100000,170100000
6,486,170100000,170100100,5539,9232,170450000,170450000
6,487,170450000,170450100,5539,9232,170800000,170800000
6,488,170800000,170800100,5539,9232,171150000,171150000
6,489,171150000,171150100,5539,9232,171500000,171500000
6,490,171500000,171500100,5539,9232,171850000,171850000
6,491,171850000,171850100,5539,9232,172200000,172200000
6,492,172200000,172200100,5539,9232,172550000,172550000
6,493,172550000,172550100,5539,9232,172900000,172900000
6,494,172900000,172900100,5539,9232,173250000,173250000
6,495,173250000,173250100,5539,9232,173600000,173600000
6,496,173600000,173600100,5539,9232,173950000,173950000
6,497,173950000,173950100,5539,9232,174300000,174300000
6,498,174300000,174300100,5539,9232,174650000,174650000
6,499,174650000,174650100,5539,9232,175000000,175000000
6,500,175000000,175000100,5539,9232,175350000,175350000
6,501,175350000,175350100,5539,9232,175700000,175700000
6,502,175700000,175700100,5539,9232,176050000,176050000
6,503,176050000,176050100,5539,9232,176400000,176400000
6,504,176400000,176400100,5539,9232,176750000,176750000
6,505,176750000,176750100,5539,9232,177100000,177100000
6,506,177100000,177100100,5539,9232,177450000,177450000
6,507,177450000,177450100,5539,9232,177800000,177800000
6,508,177800000,177800100,5539,9232,178150000,178150000
6,509,178150000,178150100,5539,9232,178500000,178500000
6,510,178500000,178500100,5539,9232,178850000,178850000
6,511,178850000,178850100,5539,9232,179200000,179200000
6,512,179200000,179200100,5539,9232,179550000,179550000
6,513,179550000,179550100,5539,9232,179900000,179900000
6,514,179900000,179900100,5539,9232,180250000,180250000
6,515,180250000,180250100,5539,9232,180600000,180600000
6,516,180600000,180600100,5539,9232,180950000,180950000
6,517,180950000,180950100,5539,9232,181300000,181300000
6,518,181300000,181300100,5539,9232,181650000,181650000
6,519,181650000,181650100,5539,9232,182000000,182000000
6,520,182000000,182000100,5539,9232,182350000,182350000
6,521,182350000,182350100,5539,9232,182700000,182700000
6,522,182700000,182700100,5539,9232,183050000,183050000
6,523,183050000,183050100,5539,9232,183400000,183400000
6,524,183400000,183400100,5539,9232,183750000,183750000
6,525,183750000,183750100,5539,9232,184100000,184100000
6,526,184100000,184100100,5539,9232,184450000,184450000
6,527,184450000,184450100,5539,9232,184800000,184800000
6,528,184800000,184800100,5539,9232,185150000,185150000
6,529,185150000,185150100,5539,9232,185500000,185500000
6,530,185500000,185500100,5539,9232,185850000,185850000
6,531,185850000,185850100,5539,9232,186200000,186200000
6,532,186200000,186200100,5539,9232,186550000,186550000
6,533,186550000,186550100,5539,9232,186900000,186900000
6,534,186900000,186900100,5539,9232,187250000,187250000
6,535,187250000,187250100,5539,9232,187600000,187600000
6,536,187600000,187600100,5539,9232,187950000,187950000
6,537,187950000,187950100,5539,9232,188300000,188300000
6,538,188300000,188300100,5539,9232,188650000,188650000
6,539,188650000,188650100,5539,9232,189000000,189000000
6,540,189000000,189000100,5539,9232,189350000,189350000
6,541,189350000,189350100,5539,9232,189700000,189700000
6,542,189700000,189700100,5539,9232,190050000,190050000
6,543,190050000,190050100,5539,9232,190400000,190400000
6,544,190400000,190400100,5539,9232,190750000,190750000
6,545,190750000,190750100,5539,9232,191100000,191100000
6,546,191100000,191100100,5539,9232,191450000,191450000
6,547,191450000,191450100,5539,9232,191800000,191800000
6,548,191800000,191800100,5539,9232,192150000,192150000
6,549,192150000,192150100,5539,9232,192500000,192500000
6,550,192500000,192500100,5539,9232,192850000,192850000
6,551,192850000,192850100,5539,9232,193200000,193200000
6,552,193200000,193200100,5539,9232,193550000,193550000
6,553,193550000,193550100,5539,9232,193900000,193900000
6,554,193900000,193900100,5539,9232,194250000,194250000
6,555,194250000,194250100,5539,9232,194600000,194600000
6,556,194600000,194600100,5539,9232,194950000,194950000
6,557,194950000,194950100,5539,9232,195300000,195300000
6,558,195300000,195300100,5539,9232,195650000,195650000
6,559,195650000,195650100,5539,9232,196000000,196000000
6,560,196000000,196000100,5539,9232,196350000,196350000
6,561,196350000,196350100,5539,9232,196700000,196700000
6,562,196700000,196700100,5539,9232,197050000,197050000
6,563,197050000,197050100,5539,9232,197400000,197400000
6,564,197400000,197400100,5539,9232,197750000,197750000
6,565,197750000,197750100,5539,9232,198100000,198100000
6,566,198100000,198100100,5539,9232,198450000,198450000
6,567,198450000,198450100,5539,9232,198800000,198800000
6,568,198800000,198800100,5539,9232,199150000,199150000
6,569,199150000,199150100,5539,9232,199500000,199500000
6,570,199500000,199500100,5539,9232,199850000,199850000
6,571,199850000,199850100,5539,9232,200200000,200200000
6,572,200200000,200200100,5539,9232,200550000,200550000
6,573,200550000,200550100,5539,9232,200900000,200900000
6,574,200900000,200900100,5539,9232,201250000,201250000
6,575,201250000,201250100,5539,9232,201600000,201600000
6,576,201600000,201600100,5539,9232,201950000,201950000
6,577,201950000,201950100,5539,9232,202300000,202300000
6,578,202300000,202300100,5539,9232,202650000,202650000
6,579,202650000,202650100,5539,9232,203000000,203000000
6,580,203000000,203000100,5539,9232,203350000,203350000
6,581,203350000,203350100,5539,9232,203700000,203700000
6,582,203700000,203700100,5539,9232,204050000,204050000
6,583,204050000,204050100,5539,9232,204400000,204400000
6,584,204400000,204400100,5539,9232,204750000,204750000
6,585,204750000,204750100,5539,9232,205100000,205100000
6,586,205100000,205100100,5539,9232,205450000,205450000
6,587,205450000,205450100,5539,9232,205800000,205800000
6,588,205800000,205800100,5539,9232,206150000,206150000
6,589,206150000,206150100,5539,9232,206500000,206500000
6,590,206500000,206500100,5539,9232,206850000,206850000
6,591,206850000,206850100,5539,9232,207200000,207200000
6,592,207200000,207200100,5539,9232,207550000,207550000
6,593,207550000,207550100,5539,9232,207900000,207900000
6,594,207900000,207900100,5539,9232,208250000,208250000
6,595,208250000,208250100,5539,9232,208600000,208600000
6,596,208600000,208600100,5539,9232,208950000,208950000
6,597,208950000,208950100,5539,9232,209300000,209300000
6,598,209300000,209300100,5539,9232,209650000,209650000
6,599,209650000,209650100,5539,9232,210000000,210000000
6,600,210000000,210000100,5539,9232,210350000,210350000
6,601,210350000,210350100,5539,9232,210700000,210700000
6,602,210700000,210700100,5539,9232,211050000,211050000
6,603,211050000,211050100,5539,9232,211400000,211400000
6,604,211400000,211400100,5539,9232,211750000,211750000
6,605,211750000,211750100,5539,9232,212100000,212100000
6,606,212100000,212100100,5539,9232,212450000,212450000
6,607,212450000,212450100,5539,9232,212800000,212800000
6,608,212800000,212800100,5539,9232,213150000,213150000
6,609,213150000,213150100,5539,9232,213500000,213500000
6,610,213500000,213500100,5539,9232,213850000,213850000
6,611,213850000,213850100,5539,9232,214200000,214200000
6,612,214200000,214200100,5539,9232,214550000,214550000
6,613,214550000,214550100,5539,9232,214900000,214900000
6,614,214900000,214900100,5539,9232,215250000,215250000
6,615,215250000,215250100,5539,9232,215600000,215600000
6,616,215600000,215600100,5539,9232,215950000,215950000
6,617,215950000,215950100,5539,9232,216300000,216300000
6,618,216300000,216300100,5539,9232,216650000,216650000
6,619,216650000,216650100,5539,9232,217000000,217000000
6,620,217000000,217000100,5539,9232,217350000,217350000
6,621,217350000,217350100,5539,9232,217700000,217700000
6,622,217700000,217700100,5539,9232,218050000,218050000
6,623,218050000,218050100,5539,9232,218400000,218400000
6,624,218400000,218400100,5539,9232,218750000,218750000
6,625,218750000,218750100,5539,9232,219100000,219100000
6,626,219100000,219100100,5539,9232,219450000,219450000
6,627,219450000,219450100,5539,9232,219800000,219800000
6,628,219800000,219800100,5539,9232,220150000,220150000
6,629,220150000,220150100,5539,9232,220500000,220500000
6,630,220500000,220500100,5539,9232,220850000,220850000
6,631,220850000,220850100,5539,9232,221200000,221200000
6,632,221200000,221200100,5539,9232,221550000,221550000
6,633,221550000,221550100,5539,9232,221900000,221900000
6,634,221900000,221900100,5539,9232,222250000,222250000
6,635,222250000,222250100,5539,9232,222600000,222600000
6,636,222600000,222600100,5539,9232,222950000,222950000
6,637,222950000,222950100,5539,9232,223300000,223300000
6,638,223300000,223300100,5539,9232,223650000,223650000
6,639,223650000,223650100,5539,9232,224000000,224000000
6,640,224000000,224000100,5539,9232,224350000,224350000
6,641,224350000,224350100,5539,9232,224700000,224700000
6,642,224700000,224700100,5539,9232,225050000,225050000
6,643,225050000,225050100,5539,9232,225400000,225400000
6,644,225400000,225400100,5539,9232,225750000,225750000
6,645,225750000,225750100,5539,9232,226100000,226100000
6,646,226100000,226100100,5539,9232,226450000,226450000
6,647,226450000,226450100,5539,9232,226800000,226800000
6,648,226800000,226800100,5539,9232,227150000,227150000
6,649,227150000,227150100,5539,9232,227500000,227500000
6,650,227500000,227500100,5539,9232,227850000,227850000
6,651,227850000,227850100,5539,9232,228200000,228200000
6,652,228200000,228200100,5539,9232,228550000,228550000
6,653,228550000,228550100,5539,9232,228900000,228900000
6,654,228900000,228900100,5539,9232,229250000,229250000
6,655,229250000,229250100,5539,9232,229600000,229600000
6,656,229600000,229600100,5539,9232,229950000,229950000
6,657,229950000,229950100,5539,9232,230300000,230300000
6,658,230300000,230300100,5539,9232,230650000,230650000
6,659,230650000,230650100,5539,9232,231000000,231000000
6,660,231000000,231000100,5539,9232,231350000,231350000
6,661,231350000,231350100,5539,9232,231700000,231700000
6,662,231700000,231700100,5539,9232,232050000,232050000
6,663,232050000,232050100,5539,9232,232400000,232400000
6,664,232400000,232400100,5539,9232,232750000,232750000
6,665,232750000,232750100,5539,9232,233100000,233100000
6,666,233100000,233100100,5539,9232,233450000,233450000
6,667,233450000,233450100,5539,9232,233800000,233800000
6,668,233800000,233800100,5539,9232,234150000,234150000
6,669,234150000,234150100,5539,9232,234500000,234500000
6,670,234500000,234500100,5539,9232,234850000,234850000
6,671,234850000,234850100,5539,9232,235200000,235200000
6,672,235200000,235200100,5539,9232,235550000,235550000
6,673,235550000,235550100,5539,9232,235900000,235900000
6,674,235900000,235900100,5539,9232,236250000,236250000
6,675,236250000,236250100,5539,9232,236600000,236600000
6,676,236600000,236600100,5539,9232,236950000,236950000
6,677,236950000,236950100,5539,9232,237300000,237300000
6,678,237300000,237300100,5539,9232,237650000,237650000
6,679,237650000,237650100,5539,9232,238000000,238000000
6,680,238000000,238000100,5539,9232,238350000,238350000
6,681,238350000,238350100,5539,9232,238700000,238700000
6,682,238700000,238700100,5539,9232,239050000,239050000
6,683,239050000,239050100,5539,9232,239400000,239400000
6,684,239400000,239400100,5539,9232,239750000,239750000
6,685,239750000,239750100,5539,9232,240100000,240100000
6,686,240100000,240100100,5539,9232,240450000,240450000
6,687,240450000,240450100,5539,9232,240800000,240800000
6,688,240800000,240800100,5539,9232,241150000,241150000
6,689,241150000,241150100,5539,9232,241500000,241500000
6,690,241500000,241500100,5539,9232,241850000,241850000
6,691,241850000,241850100,5539,9232,242200000,242200000
6,692,242200000,242200100,5539,9232,242550000,242550000
6,693,242550000,242550100,5539,9232,242900000,242900000
6,694,242900000,242900100,5539,9232,243250000,243250000
6,695,243250000,243250100,5539,9232,243600000,243600000
6,696,243600000,243600100,5539,9232,243950000,243950000
6,697,243950000,243950100,5539,9232,244300000,244300000
6,698,244300000,244300100,5539,9232,244650000,244650000
6,699,244650000,244650100,5539,9232,245000000,245000000
6,700,245000000,245000100,5539,9232,245350000,245350000
6,701,245350000,245350100,5539,9232,245700000,245700000
6,702,245700000,245700100,5539,9232,246050000,246050000
6,703,246050000,246050100,5539,9232,246400000,246400000
6,704,246400000,246400100,5539,9232,246750000,246750000
6,705,246750000,246750100,5539,9232,247100000,247100000
6,706,247100000,247100100,5539,9232,247450000,247450000
6,707,247450000,247450100,5539,9232,247800000,247800000
6,708,247800000,247800100,5539,9232,248150000,248150000
6,709,248150000,248150100,5539,9232,248500000,248500000
6,710,248500000,248500100,5539,9232,248850000,248850000
6,711,248850000,248850100,5539,9232,249200000,249200000
6,712,249200000,249200100,5539,9232,249550000,249550000
6,713,249550000,249550100,5539,9232,249900000,249900000
6,714,249900000,249900100,5539,9232,250250000,250250000
6,715,250250000,250250100,5539,9232,250600000,250600000
6,716,250600000,250600100,5539,9232,250950000,250950000
6,717,250950000,250950100,5539,9232,251300000,251300000
6,718,251300000,251300100,5539,9232,251650000,251650000
6,719,251650000,251650100,5539,9232,252000000,252000000
6,720,252000000,252000100,5539,9232,252350000,252350000
6,721,252350000,252350100,5539,9232,252700000,252700000
6,722,252700000,252700100,5539,9232,253050000,253050000
6,723,253050000,253050100,5539,9232,253400000,253400000
6,724,253400000,253400100,5539,9232,253750000,253750000
6,725,253750000,253750100,5539,9232,254100000,254100000
6,726,254100000,254100100,5539,9232,254450000,254450000
6,727,254450000,254450100,5539,9232,254800000,254800000
6,728,254800000,254800100,5539,9232,255150000,255150000
6,729,255150000,255150100,5539,9232,255500000,255500000
6,730,255500000,255500100,5539,9232,255850000,255850000
6,731,255850000,255850100,5539,9232,256200000,256200000
6,732,256200000,256200100,5539,9232,256550000,256550000
6,733,256550000,256550100,5539,9232,256900000,256900000
6,734,256900000,256900100,5539,9232,257250000,257250000
6,735,257250000,257250100,5539,9232,257600000,257600000
6,736,257600000,257600100,5539,9232,257950000,257950000
6,737,257950000,257950100,5539,9232,258300000,258300000
6,738,258300000,258300100,5539,9232,258650000,258650000
6,739,258650000,258650100,5539,9232,259000000,259000000
6,740,259000000,259000100,5539,9232,259350000,259350000
6,741,259350000,259350100,5539,9232,259700000,259700000
6,742,259700000,259700100,5539,9232,260050000,260050000
6,743,260050000,260050100,5539,9232,260400000,260400000
6,744,260400000,260400100,5539,9232,260750000,260750000
6,745,260750000,260750100,5539,9232,261100000,261100000
6,746,261100000,261100100,5539,9232,261450000,261450000
6,747,261450000,261450100,5539,9232,261800000,261800000
6,748,261800000,261800100,5539,9232,262150000,262150000
6,749,262150000,262150100,5539,9232,262500000,262500000
6,750,262500000,262500100,5539,9232,262850000,262850000
6,751,262850000,262850100,5539,9232,263200000,263200000
6,752,263200000,263200100,5539,9232,263550000,263550000
6,753,263550000,263550100,5539,9232,263900000,263900000
6,754,263900000,263900100,5539,9232,264250000,264250000
6,755,264250000,264250100,5539,9232,264600000,264600000
6,756,264600000,264600100,5539,9232,264950000,264950000
6,757,264950000,264950100,5539,9232,265300000,265300000
6,758,265300000,265300100,5539,9232,265650000,265650000
6,759,265650000,265650100,5539,9232,266000000,266000000
6,760,266000000,266000100,5539,9232,266350000,266350000
6,761,266350000,266350100,5539,9232,266700000,266700000
6,762,266700000,266700100,5539,9232,267050000,267050000
6,763,267050000,267050100,5539,9232,267400000,267400000
6,764,267400000,267400100,5539,9232,267750000,267750000
6,765,267750000,267750100,5539,9232,268100000,268100000
6,766,268100000,268100100,5539,9232,268450000,268450000
6,767,268450000,268450100,5539,9232,268800000,268800000
6,768,268800000,268800100,5539,9232,269150000,269150000
6,769,269150000,269150100,5539,9232,269500000,269500000
6,770,269500000,269500100,5539,9232,269850000,269850000
6,771,269850000,269850100,5539,9232,270200000,270200000
6,772,270200000,270200100,5539,9232,270550000,270550000
6,773,270550000,270550100,5539,9232,270900000,270900000
6,774,270900000,270900100,5539,9232,271250000,271250000
6,775,271250000,271250100,5539,9232,271600000,271600000
6,776,271600000,271600100,5539,9232,271950000,271950000
6,777,271950000,271950100,5539,9232,272300000,272300000
6,778,272300000,272300100,5539,9232,272650000,272650000
6,779,272650000,272650100,5539,9232,273000000,273000000
6,780,273000000,273000100,5539,9232,273350000,273350000
6,781,273350000,273350100,5539,9232,273700000,273700000
6,782,273700000,273700100,5539,9232,274050000,274050000
6,783,274050000,274050100,5539,9232,274400000,274400000
6,784,274400000,274400100,5539,9232,274750000,274750000
6,785,274750000,274750100,5539,9232,275100000,275100000
6,786,275100000,275100100,5539,9232,275450000,275450000
6,787,275450000,275450100,5539,9232,275800000,275800000
6,788,275800000,275800100,5539,9232,276150000,276150000
6,789,276150000,276150100,5539,9232,276500000,276500000
6,790,276500000,276500100,5539,9232,276850000,276850000
6,791,276850000,276850100,5539,9232,277200000,277200000
6,792,277200000,277200100,5539,9232,277550000,277550000
6,793,277550000,277550100,5539,9232,277900000,277900000
6,794,277900000,277900100,5539,9232,278250000,278250000
6,795,278250000,278250100,5539,9232,278600000,278600000
6,796,278600000,278600100,5539,9232,278950000,278950000
6,797,278950000,278950100,5539,9232,279300000,279300000
6,798,279300000,279300100,5539,9232,279650000,279650000
6,799,279650000,279650100,5539,9232,280000000,280000000
6,800,280000000,280000100,5539,9232,280350000,280350000
6,801,280350000,280350100,5539,9232,280700000,280700000
6,802,280700000,280700100,5539,9232,281050000,281050000
6,803,281050000,281050100,5539,9232,281400000,281400000
6,804,281400000,281400100,5539,9232,281750000,281750000
6,805,281750000,281750100,5539,9232,282100000,282100000
6,806,282100000,282100100,5539,9232,282450000,282450000
6,807,282450000,282450100,5539,9232,282800000,282800000
6,808,282800000,282800100,5539,9232,283150000,283150000
6,809,283150000,283150100,5539,9232,283500000,283500000
6,810,283500000,283500100,5539,9232,283850000,283850000
6,811,283850000,283850100,5539,9232,284200000,284200000
6,812,284200000,284200100,5539,9232,284550000,284550000
6,813,284550000,284550100,5539,9232,284900000,284900000
6,814,284900000,284900100,5539,9232,285250000,285250000
6,815,285250000,285250100,5539,9232,285600000,285600000
6,816,285600000,285600100,5539,9232,285950000,285950000
6,817,285950000,285950100,5539,9232,286300000,286300000
6,818,286300000,286300100,5539,9232,286650000,286650000
6,819,286650000,286650100,5539,9232,287000000,287000000
6,820,287000000,287000100,5539,9232,287350000,287350000
6,821,287350000,287350100,5539,9232,287700000,287700000
6,822,287700000,287700100,5539,9232,288050000,288050000
6,823,288050000,288050100,5539,9232,288400000,288400000
6,824,288400000,288400100,5539,9232,288750000,288750000
6,825,288750000,288750100,5539,9232,289100000,289100000
6,826,289100000,289100100,5539,9232,289450000,289450000
6,827,289450000,289450100,5539,9232,289800000,289800000
6,828,289800000,289800100,5539,9232,290150000,290150000
6,829,290150000,290150100,5539,9232,290500000,290500000
6,830,290500000,290500100,5539,9232,290850000,290850000
6,831,290850000,290850100,5539,9232,291200000,291200000
6,832,291200000,291200100,5539,9232,291550000,291550000
6,833,291550000,291550100,5539,9232,291900000,291900000
6,834,291900000,291900100,5539,9232,292250000,292250000
6,835,292250000,292250100,5539,9232,292600000,292600000
6,836,292600000,292600100,5539,9232,292950000,292950000
6,837,292950000,292950100,5539,9232,293300000,293300000
6,838,293300000,293300100,5539,9232,293650000,293650000
6,839,293650000,293650100,5539,9232,294000000,294000000
6,840,294000000,294000100,5539,9232,294350000,294350000
6,841,294350000,294350100,5539,9232,294700000,294700000
6,842,294700000,294700100,5539,9232,295050000,295050000
6,843,295050000,295050100,5539,9232,295400000,295400000
6,844,295400000,295400100,5539,9232,295750000,295750000
6,845,295750000,295750100,5539,9232,296100000,296100000
6,846,296100000,296100100,5539,9232,296450000,296450000
6,847,296450000,296450100,5539,9232,296800000,296800000
6,848,296800000,296800100,5539,9232,297150000,297150000
6,849,297150000,297150100,5539,9232,297500000,297500000
6,850,297500000,297500100,5539,9232,297850000,297850000
6,851,297850000,297850100,5539,9232,298200000,298200000
6,852,298200000,298200100,5539,9232,298550000,298550000
6,853,298550000,298550100,5539,9232,298900000,298900000
6,854,298900000,298900100,5539,9232,299250000,299250000
6,855,299250000,299250100,5539,9232,299600000,299600000
6,856,299600000,299600100,5539,9232,299950000,299950000
6,857,299950000,299950100,5539,9232,300300000,300300000
6,858,300300000,300300100,5539,9232,300650000,300650000
6,859,300650000,300650100,5539,9232,301000000,301000000
6,860,301000000,301000100,5539,9232,301350000,301350000
6,861,301350000,301350100,5539,9232,301700000,301700000
6,862,301700000,301700100,5539,9232,302050000,302050000
6,863,302050000,302050100,5539,9232,302400000,302400000
6,864,302400000,302400100,5539,9232,302750000,302750000
6,865,302750000,302750100,5539,9232,303100000,303100000
6,866,303100000,303100100,5539,9232,303450000,303450000
6,867,303450000,303450100,5539,9232,303800000,303800000
6,868,303800000,303800100,5539,9232,304150000,304150000
6,869,304150000,304150100,5539,9232,304500000,304500000
6,870,304500000,304500100,5539,9232,304850000,304850000
6,871,304850000,304850100,5539,9232,305200000,305200000
6,872,305200000,305200100,5539,9232,305550000,305550000
6,873,305550000,305550100,5539,9232,305900000,305900000
6,874,305900000,305900100,5539,9232,306250000,306250000
6,875,306250000,306250100,5539,9232,306600000,306600000
6,876,306600000,306600100,5539,9232,306950000,306950000
6,877,306950000,306950100,5539,9232,307300000,307300000
6,878,307300000,307300100,5539,9232,307650000,307650000
6,879,307650000,307650100,5539,9232,308000000,308000000
6,880,308000000,308000100,5539,9232,308350000,308350000
6,881,308350000,308350100,5539,9232,308700000,308700000
6,882,308700000,308700100,5539,9232,309050000,309050000
6,883,309050000,309050100,5539,9232,309400000,309400000
6,884,309400000,309400100,5539,9232,309750000,309750000
6,885,309750000,309750100,5539,9232,310100000,310100000
6,886,310100000,310100100,5539,9232,310450000,310450000
6,887,310450000,310450100,5539,9232,310800000,310800000
6,888,310800000,310800100,5539,9232,311150000,311150000
6,889,311150000,311150100,5539,9232,311500000,311500000
6,890,311500000,311500100,5539,9232,311850000,311850000
6,891,311850000,311850100,5539,9232,312200000,312200000
6,892,312200000,312200100,5539,9232,312550000,312550000
6,893,312550000,312550100,5539,9232,312900000,312900000
6,894,312900000,312900100,5539,9232,313250000,313250000
6,895,313250000,313250100,5539,9232,313600000,313600000
6,896,313600000,313600100,5539,9232,313950000,313950000
6,897,313950000,313950100,5539,9232,314300000,314300000
6,898,314300000,314300100,5539,9232,314650000,314650000
6,899,314650000,314650100,5539,9232,315000000,315000000
6,900,315000000,315000100,5539,9232,315350000,315350000
6,901,315350000,315350100,5539,9232,315700000,315700000
6,902,315700000,315700100,5539,9232,316050000,316050000
6,903,316050000,316050100,5539,9232,316400000,316400000
6,904,316400000,316400100,5539,9232,316750000,316750000
6,905,316750000,316750100,5539,9232,317100000,317100000
6,906,317100000,317100100,5539,9232,317450000,317450000
6,907,317450000,317450100,5539,9232,317800000,317800000
6,908,317800000,317800100,5539,9232,318150000,318150000
6,909,318150000,318150100,5539,9232,318500000,318500000
6,910,318500000,318500100,5539,9232,318850000,318850000
6,911,318850000,318850100,5539,9232,319200000,319200000
6,912,319200000,319200100,5539,9232,319550000,319550000
6,913,319550000,319550100,5539,9232,319900000,319900000
6,914,319900000,319900100,5539,9232,320250000,320250000
6,915,320250000,320250100,5539,9232,320600000,320600000
6,916,320600000,320600100,5539,9232,320950000,320950000
6,917,320950000,320950100,5539,9232,321300000,321300000
6,918,321300000,321300100,5539,9232,321650000,321650000
6,919,321650000,321650100,5539,9232,322000000,322000000
6,920,322000000,322000100,5539,9232,322350000,322350000
6,921,322350000,322350100,5539,9232,322700000,322700000
6,922,322700000,322700100,5539,9232,323050000,323050000
6,923,323050000,323050100,5539,9232,323400000,323400000
6,924,323400000,323400100,5539,9232,323750000,323750000
6,925,323750000,323750100,5539,9232,324100000,324100000
6,926,324100000,324100100,5539,9232,324450000,324450000
6,927,324450000,324450100,5539,9232,324800000,324800000
6,928,324800000,324800100,5539,9232,325150000,325150000
6,929,325150000,325150100,5539,9232,325500000,325500000
6,930,325500000,325500100,5539,9232,325850000,325850000
6,931,325850000,325850100,5539,9232,326200000,326200000
6,932,326200000,326200100,5539,9232,326550000,326550000
6,933,326550000,326550100,5539,9232,326900000,326900000
6,934,326900000,326900100,5539,9232,327250000,327250000
6,935,327250000,327250100,5539,9232,327600000,327600000
6,936,327600000,327600100,5539,9232,327950000,327950000
6,937,327950000,327950100,5539,9232,328300000,328300000
6,938,328300000,328300100,5539,9232,328650000,328650000
6,939,328650000,328650100,5539,9232,329000000,329000000
6,940,329000000,329000100,5539,9232,329350000,329350000
6,941,329350000,329350100,5539,9232,329700000,329700000
6,942,329700000,329700100,5539,9232,330050000,330050000
6,943,330050000,330050100,5539,9232,330400000,330400000
6,944,330400000,330400100,5539,9232,330750000,330750000
6,945,330750000,330750100,5539,9232,331100000,331100000
6,946,331100000,331100100,5539,9232,331450000,331450000
6,947,331450000,331450100,5539,9232,331800000,331800000
6,948,331800000,331800100,5539,9232,332150000,332150000
6,949,332150000,332150100,5539,9232,332500000,332500000
6,950,332500000,332500100,5539,9232,332850000,332850000
6,951,332850000,332850100,5539,9232,333200000,333200000
6,952,333200000,333200100,5539,9232,333550000,333550000
6,953,333550000,333550100,5539,9232,333900000,333900000
6,954,333900000,333900100,5539,9232,334250000,334250000
6,955,334250000,334250100,5539,9232,334600000,334600000
6,956,334600000,334600100,5539,9232,334950000,334950000
6,957,334950000,334950100,5539,9232,335300000,335300000
6,958,335300000,335300100,5539,9232,335650000,335650000
6,959,335650000,335650100,5539,9232,336000000,336000000
6,960,336000000,336000100,5539,9232,336350000,336350000
6,961,336350000,336350100,5539,9232,336700000,336700000
6,962,336700000,336700100,5539,9232,337050000,337050000
6,963,337050000,337050100,5539,9232,337400000,337400000
6,964,337400000,337400100,5539,9232,337750000,337750000
6,965,337750000,337750100,5539,9232,338100000,338100000
6,966,338100000,338100100,5539,9232,338450000,338450000
6,967,338450000,338450100,5539,9232,338800000,338800000
6,968,338800000,338800100,5539,9232,339150000,339150000
6,969,339150000,339150100,5539,9232,339500000,339500000
6,970,339500000,339500100,5539,9232,339850000,339850000
6,971,339850000,339850100,5539,9232,340200000,340200000
6,972,340200000,340200100,5539,9232,340550000,340550000
6,973,340550000,340550100,5539,9232,340900000,340900000
6,974,340900000,340900100,5539,9232,341250000,341250000
6,975,341250000,341250100,5539,9232,341600000,341600000
6,976,341600000,341600100,5539,9232,341950000,341950000
6,977,341950000,341950100,5539,9232,342300000,342300000
6,978,342300000,342300100,5539,9232,342650000,342650000
6,979,342650000,342650100,5539,9232,343000000,343000000
6,980,343000000,343000100,5539,9232,343350000,343350000
6,981,343350000,343350100,5539,9232,343700000,343700000
6,982,343700000,343700100,5539,9232,344050000,344050000
6,983,344050000,344050100,5539,9232,344400000,344400000
6,984,344400000,344400100,5539,9232,344750000,344750000
6,985,344750000,344750100,5539,9232,345100000,345100000
6,986,345100000,345100100,5539,9232,345450000,345450000
6,987,345450000,345450100,5539,9232,345800000,345800000
6,988,345800000,345800100,5539,9232,346150000,346150000
6,989,346150000,346150100,5539,9232,346500000,346500000
6,990,346500000,346500100,5539,9232,346850000,346850000
6,991,346850000,346850100,5539,9232,347200000,347200000
6,992,347200000,347200100,5539,9232,347550000,347550000
6,993,347550000,347550100,5539,9232,347900000,347900000
6,994,347900000,347900100,5539,9232,348250000,348250000
6,995,348250000,348250100,5539,9232,348600000,348600000
6,996,348600000,348600100,5539,9232,348950000,348950000
6,997,348950000,348950100,5539,9232,349300000,349300000
6,998,349300000,349300100,5539,9232,349650000,349650000
6,999,349650000,349650100,5539,9232,350000000,350000000
6,1000,350000000,350000100,5539,9232,350350000,350350000
6,1001,350350000,350350100,5539,9232,350700000,350700000
6,1002,350700000,350700100,5539,9232,351050000,351050000
6,1003,351050000,351050100,5539,9232,351400000,351400000
6,1004,351400000,351400100,5539,9232,351750000,351750000
6,1005,351750000,351750100,5539,9232,352100000,352100000
6,1006,352100000,352100100,5539,9232,352450000,352450000
6,1007,352450000,352450100,5539,9232,352800000,352800000
6,1008,352800000,352800100,5539,9232,353150000,353150000
6,1009,353150000,353150100,5539,9232,353500000,353500000
6,1010,353500000,353500100,5539,9232,353850000,353850000
6,1011,353850000,353850100,5539,9232,354200000,354200000
6,1012,354200000,354200100,5539,9232,354550000,354550000
6,1013,354550000,354550100,5539,9232,354900000,354900000
6,1014,354900000,354900100,5539,9232,355250000,355250000
6,1015,355250000,355250100,5539,9232,355600000,355600000
6,1016,355600000,355600100,5539,9232,355950000,355950000
6,1017,355950000,355950100,5539,9232,356300000,356300000
6,1018,356300000,356300100,5539,9232,356650000,356650000
6,1019,356650000,356650100,5539,9232,357000000,357000000
6,1020,357000000,357000100,5539,9232,357350000,357350000
6,1021,357350000,357350100,5539,9232,357700000,357700000
6,1022,357700000,357700100,5539,9232,358050000,358050000
6,1023,358050000,358050100,5539,9232,358400000,358400000
6,1024,358400000,358400100,5539,9232,358750000,358750000
6,1025,358750000,358750100,5539,9232,359100000,359100000
6,1026,359100000,359100100,5539,9232,359450000,359450000
6,1027,359450000,359450100,5539,9232,359800000,359800000
6,1028,359800000,359800100,5539,9232,360150000,360150000
6,1029,360150000,360150100,5539,9232,360500000,360500000
6,1030,360500000,360500100,5539,9232,360850000,360850000
6,1031,360850000,360850100,5539,9232,361200000,361200000
6,1032,361200000,361200100,5539,9232,361550000,361550000
6,1033,361550000,361550100,5539,9232,361900000,361900000
6,1034,361900000,361900100,5539,9232,362250000,362250000
6,1035,362250000,362250100,5539,9232,362600000,362600000
6,1036,362600000,362600100,5539,9232,362950000,362950000
6,1037,362950000,362950100,5539,9232,363300000,363300000
6,1038,363300000,363300100,5539,9232,363650000,363650000
6,1039,363650000,363650100,5539,9232,364000000,364000000
6,1040,364000000,364000100,5539,9232,364350000,364350000
6,1041,364350000,364350100,5539,9232,364700000,364700000
6,1042,364700000,364700100,5539,9232,365050000,365050000
6,1043,365050000,365050100,5539,9232,365400000,365400000
6,1044,365400000,365400100,5539,9232,365750000,365750000
6,1045,365750000,365750100,5539,9232,366100000,366100000
6,1046,366100000,366100100,5539,9232,366450000,366450000
6,1047,366450000,366450100,5539,9232,366800000,366800000
6,1048,366800000,366800100,5539,9232,367150000,367150000
6,1049,367150000,367150100,5539,9232,367500000,367500000
6,1050,367500000,367500100,5539,9232,367850000,367850000
6,1051,367850000,367850100,5539,9232,368200000,368200000
6,1052,368200000,368200100,5539,9232,368550000,368550000
6,1053,368550000,368550100,5539,9232,368900000,368900000
6,1054,368900000,368900100,5539,9232,369250000,369250000
6,1055,369250000,369250100,5539,9232,369600000,369600000
6,1056,369600000,369600100,5539,9232,369950000,369950000
6,1057,369950000,369950100,5539,9232,370300000,370300000
6,1058,370300000,370300100,5539,9232,370650000,370650000
6,1059,370650000,370650100,5539,9232,371000000,371000000
6,1060,371000000,371000100,5539,9232,371350000,371350000
6,1061,371350000,371350100,5539,9232,371700000,371700000
6,1062,371700000,371700100,5539,9232,372050000,372050000
6,1063,372050000,372050100,5539,9232,372400000,372400000
6,1064,372400000,372400100,5539,9232,372750000,372750000
6,1065,372750000,372750100,5539,9232,373100000,373100000
6,1066,373100000,373100100,5539,9232,373450000,373450000
6,1067,373450000,373450100,5539,9232,373800000,373800000
6,1068,373800000,373800100,5539,9232,374150000,374150000
6,1069,374150000,374150100,5539,9232,374500000,374500000
6,1070,374500000,374500100,5539,9232,374850000,374850000
6,1071,374850000,374850100,5539,9232,375200000,375200000
6,1072,375200000,375200100,5539,9232,375550000,375550000
6,1073,375550000,375550100,5539,9232,375900000,375900000
6,1074,375900000,375900100,5539,9232,376250000,376250000
6,1075,376250000,376250100,5539,9232,376600000,376600000
6,1076,376600000,376600100,5539,9232,376950000,376950000
6,1077,376950000,376950100,5539,9232,377300000,377300000
6,1078,377300000,377300100,5539,9232,377650000,377650000
6,1079,377650000,377650100,5539,9232,378000000,378000000
6,1080,378000000,378000100,5539,9232,378350000,378350000
6,1081,378350000,378350100,5539,9232,378700000,378700000
6,1082,378700000,378700100,5539,9232,379050000,379050000
6,1083,379050000,379050100,5539,9232,379400000,379400000
6,1084,379400000,379400100,5539,9232,379750000,379750000
6,1085,379750000,379750100,5539,9232,380100000,380100000
6,1086,380100000,380100100,5539,9232,380450000,380450000
6,1087,380450000,380450100,5539,9232,380800000,380800000
6,1088,380800000,380800100,5539,9232,381150000,381150000
6,1089,381150000,381150100,5539,9232,381500000,381500000
6,1090,381500000,381500100,5539,9232,381850000,381850000
6,1091,381850000,381850100,5539,9232,382200000,382200000
6,1092,382200000,382200100,5539,9232,382550000,382550000
6,1093,382550000,382550100,5539,9232,382900000,382900000
6,1094,382900000,382900100,5539,9232,383250000,383250000
6,1095,383250000,383250100,5539,9232,383600000,383600000
6,1096,383600000,383600100,5539,9232,383950000,383950000
6,1097,383950000,383950100,5539,9232,384300000,384300000
6,1098,384300000,384300100,5539,9232,384650000,384650000
6,1099,384650000,384650100,5539,9232,385000000,385000000
6,1100,385000000,385000100,5539,9232,385350000,385350000
6,1101,385350000,385350100,5539,9232,385700000,385700000
6,1102,385700000,385700100,5539,9232,386050000,386050000
6,1103,386050000,386050100,5539,9232,386400000,386400000
6,1104,386400000,386400100,5539,9232,386750000,386750000
6,1105,386750000,386750100,5539,9232,387100000,387100000
6,1106,387100000,387100100,5539,9232,387450000,387450000
6,1107,387450000,387450100,5539,9232,387800000,387800000
6,1108,387800000,387800100,5539,9232,388150000,388150000
6,1109,388150000,388150100,5539,9232,388500000,388500000
6,1110,388500000,388500100,5539,9232,388850000,388850000
6,1111,388850000,388850100,5539,9232,389200000,389200000
6,1112,389200000,389200100,5539,9232,389550000,389550000
6,1113,389550000,389550100,5539,9232,389900000,389900000
6,1114,389900000,389900100,5539,9232,390250000,390250000
6,1115,390250000,390250100,5539,9232,390600000,390600000
6,1116,390600000,390600100,5539,9232,390950000,390950000
6,1117,390950000,390950100,5539,9232,391300000,391300000
6,1118,391300000,391300100,5539,9232,391650000,391650000
6,1119,391650000,391650100,5539,9232,392000000,392000000
6,1120,392000000,392000100,5539,9232,392350000,392350000
6,1121,392350000,392350100,5539,9232,392700000,392700000
6,1122,392700000,392700100,5539,9232,393050000,393050000
6,1123,393050000,393050100,5539,9232,393400000,393400000
6,1124,393400000,393400100,5539,9232,393750000,393750000
6,1125,393750000,393750100,5539,9232,394100000,394100000
6,1126,394100000,394100100,5539,9232,394450000,394450000
6,1127,394450000,394450100,5539,9232,394800000,394800000
6,1128,394800000,394800100,5539,9232,395150000,395150000
6,1129,395150000,395150100,5539,9232,395500000,395500000
6,1130,395500000,395500100,5539,9232,395850000,395850000
6,1131,395850000,395850100,5539,9232,396200000,396200000
6,1132,396200000,396200100,5539,9232,396550000,396550000
6,1133,396550000,396550100,5539,9232,396900000,396900000
6,1134,396900000,396900100,5539,9232,397250000,397250000
6,1135,397250000,397250100,5539,9232,397600000,397600000
6,1136,397600000,397600100,5539,9232,397950000,397950000
6,1137,397950000,397950100,5539,9232,398300000,398300000
6,1138,398300000,398300100,5539,9232,398650000,398650000
6,1139,398650000,398650100,5539,9232,399000000,399000000
6,1140,399000000,399000100,5539,9232,399350000,399350000
6,1141,399350000,399350100,5539,9232,399700000,399700000
6,1142,399700000,399700100,5539,9232,400050000,400050000
6,1143,400050000,400050100,5539,9232,400400000,400400000
6,1144,400400000,400400100,5539,9232,400750000,400750000
6,1145,400750000,400750100,5539,9232,401100000,401100000
6,1146,401100000,401100100,5539,9232,401450000,401450000
6,1147,401450000,401450100,5539,9232,401800000,401800000
6,1148,401800000,401800100,5539,9232,402150000,402150000
6,1149,402150000,402150100,5539,9232,402500000,402500000
6,1150,402500000,402500100,5539,9232,402850000,402850000
6,1151,402850000,402850100,5539,9232,403200000,403200000
6,1152,403200000,403200100,5539,9232,403550000,403550000
6,1153,403550000,403550100,5539,9232,403900000,403900000
6,1154,403900000,403900100,5539,9232,404250000,404250000
6,1155,404250000,404250100,5539,9232,404600000,404600000
6,1156,404600000,404600100,5539,9232,404950000,404950000
6,1157,404950000,404950100,5539,9232,405300000,405300000
6,1158,405300000,405300100,5539,9232,405650000,405650000
6,1159,405650000,405650100,5539,9232,406000000,406000000
6,1160,406000000,406000100,5539,9232,406350000,406350000
6,1161,406350000,406350100,5539,9232,406700000,406700000
6,1162,406700000,406700100,5539,9232,407050000,407050000
6,1163,407050000,407050100,5539,9232,407400000,407400000
6,1164,407400000,407400100,5539,9232,407750000,407750000
6,1165,407750000,407750100,5539,9232,408100000,408100000
6,1166,408100000,408100100,5539,9232,408450000,408450000
6,1167,408450000,408450100,5539,9232,408800000,408800000
6,1168,408800000,408800100,5539,9232,409150000,409150000
6,1169,409150000,409150100,5539,9232,409500000,409500000
6,1170,409500000,409500100,5539,9232,409850000,409850000
6,1171,409850000,409850100,5539,9232,410200000,410200000
6,1172,410200000,410200100,5539,9232,410550000,410550000
6,1173,410550000,410550100,5539,9232,410900000,410900000
6,1174,410900000,410900100,5539,9232,411250000,411250000
6,1175,411250000,411250100,5539,9232,411600000,411600000
6,1176,411600000,411600100,5539,9232,411950000,411950000
6,1177,411950000,411950100,5539,9232,412300000,412300000
6,1178,412300000,412300100,5539,9232,412650000,412650000
6,1179,412650000,412650100,5539,9232,413000000,413000000
6,1180,413000000,413000100,5539,9232,413350000,413350000
6,1181,413350000,413350100,5539,9232,413700000,413700000
6,1182,413700000,413700100,5539,9232,414050000,414050000
6,1183,414050000,414050100,5539,9232,414400000,414400000
6,1184,414400000,414400100,5539,9232,414750000,414750000
6,1185,414750000,414750100,5539,9232,415100000,415100000
6,1186,415100000,415100100,5539,9232,415450000,415450000
6,1187,415450000,415450100,5539,9232,415800000,415800000
6,1188,415800000,415800100,5539,9232,416150000,416150000
6,1189,416150000,416150100,5539,9232,416500000,416500000
6,1190,416500000,416500100,5539,9232,416850000,416850000
6,1191,416850000,416850100,5539,9232,417200000,417200000
6,1192,417200000,417200100,5539,9232,417550000,417550000
6,1193,417550000,417550100,5539,9232,417900000,417900000
6,1194,417900000,417900100,5539,9232,418250000,418250000
6,1195,418250000,418250100,5539,9232,418600000,418600000
6,1196,418600000,418600100,5539,9232,418950000,418950000
6,1197,418950000,418950100,5539,9232,419300000,419300000
6,1198,419300000,419300100,5539,9232,419650000,419650000
6,1199,419650000,419650100,5539,9232,420000000,420000000
6,1200,420000000,420000100,5539,9232,420350000,420350000
6,1201,420350000,420350100,5539,9232,420700000,420700000
6,1202,420700000,420700100,5539,9232,421050000,421050000
6,1203,421050000,421050100,5539,9232,421400000,421400000
6,1204,421400000,421400100,5539,9232,421750000,421750000
6,1205,421750000,421750100,5539,9232,422100000,422100000
6,1206,422100000,422100100,5539,9232,422450000,422450000
6,1207,422450000,422450100,5539,9232,422800000,422800000
6,1208,422800000,422800100,5539,9232,423150000,423150000
6,1209,423150000,423150100,5539,9232,423500000,423500000
6,1210,423500000,423500100,5539,9232,423850000,423850000
6,1211,423850000,423850100,5539,9232,424200000,424200000
6,1212,424200000,424200100,5539,9232,424550000,424550000
6,1213,424550000,424550100,5539,9232,424900000,424900000
6,1214,424900000,424900100,5539,9232,425250000,425250000
6,1215,425250000,425250100,5539,9232,425600000,425600000
6,1216,425600000,425600100,5539,9232,425950000,425950000
6,1217,425950000,425950100,5539,9232,426300000,426300000
6,1218,426300000,426300100,5539,9232,426650000,426650000
6,1219,426650000,426650100,5539,9232,427000000,427000000
6,1220,427000000,427000100,5539,9232,427350000,427350000
6,1221,427350000,427350100,5539,9232,427700000,427700000
6,1222,427700000,427700100,5539,9232,428050000,428050000
6,1223,428050000,428050100,5539,9232,428400000,428400000
6,1224,428400000,428400100,5539,9232,428750000,428750000
6,1225,428750000,428750100,5539,9232,429100000,429100000
6,1226,429100000,429100100,5539,9232,429450000,429450000
6,1227,429450000,429450100,5539,9232,429800000,429800000
6,1228,429800000,429800100,5539,9232,430150000,430150000
6,1229,430150000,430150100,5539,9232,430500000,430500000
6,1230,430500000,430500100,5539,9232,430850000,430850000
6,1231,430850000,430850100,5539,9232,431200000,431200000
6,1232,431200000,431200100,5539,9232,431550000,431550000
6,1233,431550000,431550100,5539,9232,431900000,431900000
6,1234,431900000,431900100,5539,9232,432250000,432250000
6,1235,432250000,432250100,5539,9232,432600000,432600000
6,1236,432600000,432600100,5539,9232,432950000,432950000
6,1237,432950000,432950100,5539,9232,433300000,433300000
6,1238,433300000,433300100,5539,9232,433650000,433650000
6,1239,433650000,433650100,5539,9232,434000000,434000000
6,1240,434000000,434000100,5539,9232,434350000,434350000
6,1241,434350000,434350100,5539,9232,434700000,434700000
6,1242,434700000,434700100,5539,9232,435050000,435050000
6,1243,435050000,435050100,5539,9232,435400000,435400000
6,1244,435400000,435400100,5539,9232,435750000,435750000
6,1245,435750000,435750100,5539,9232,436100000,436100000
6,1246,436100000,436100100,5539,9232,436450000,436450000
6,1247,436450000,436450100,5539,9232,436800000,436800000
6,1248,436800000,436800100,5539,9232,437150000,437150000
6,1249,437150000,437150100,5539,9232,437500000,437500000
6,1250,437500000,437500100,5539,9232,437850000,437850000
6,1251,437850000,437850100,5539,9232,438200000,438200000
6,1252,438200000,438200100,5539,9232,438550000,438550000
6,1253,438550000,438550100,5539,9232,438900000,438900000
6,1254,438900000,438900100,5539,9232,439250000,439250000
6,1255,439250000,439250100,5539,9232,439600000,439600000
6,1256,439600000,439600100,5539,9232,439950000,439950000
6,1257,439950000,439950100,5539,9232,440300000,440300000
6,1258,440300000,440300100,5539,9232,440650000,440650000
6,1259,440650000,440650100,5539,9232,441000000,441000000
6,1260,441000000,441000100,5539,9232,441350000,441350000
6,1261,441350000,441350100,5539,9232,441700000,441700000
6,1262,441700000,441700100,5539,9232,442050000,442050000
6,1263,442050000,442050100,5539,9232,442400000,442400000
6,1264,442400000,442400100,5539,9232,442750000,442750000
6,1265,442750000,442750100,5539,9232,443100000,443100000
6,1266,443100000,443100100,5539,9232,443450000,443450000
6,1267,443450000,443450100,5539,9232,443800000,443800000
6,1268,443800000,443800100,5539,9232,444150000,444150000
6,1269,444150000,444150100,5539,9232,444500000,444500000
6,1270,444500000,444500100,5539,9232,444850000,444850000
6,1271,444850000,444850100,5539,9232,445200000,445200000
6,1272,445200000,445200100,5539,9232,445550000,445550000
6,1273,445550000,445550100,5539,9232,445900000,445900000
6,1274,445900000,445900100,5539,9232,446250000,446250000
6,1275,446250000,446250100,5539,9232,446600000,446600000
6,1276,446600000,446600100,5539,9232,446950000,446950000
6,1277,446950000,446950100,5539,9232,447300000,447300000
6,1278,447300000,447300100,5539,9232,447650000,447650000
6,1279,447650000,447650100,5539,9232,448000000,448000000
6,1280,448000000,448000100,5539,9232,448350000,448350000
6,1281,448350000,448350100,5539,9232,448700000,448700000
6,1282,448700000,448700100,5539,9232,449050000,449050000
6,1283,449050000,449050100,5539,9232,449400000,449400000
6,1284,449400000,449400100,5539,9232,449750000,449750000
6,1285,449750000,449750100,5539,9232,450100000,450100000
6,1286,450100000,450100100,5539,9232,450450000,450450000
6,1287,450450000,450450100,5539,9232,450800000,450800000
6,1288,450800000,450800100,5539,9232,451150000,451150000
6,1289,451150000,451150100,5539,9232,451500000,451500000
6,1290,451500000,451500100,5539,9232,451850000,451850000
6,1291,451850000,451850100,5539,9232,452200000,452200000
6,1292,452200000,452200100,5539,9232,452550000,452550000
6,1293,452550000,452550100,5539,9232,452900000,452900000
6,1294,452900000,452900100,5539,9232,453250000,453250000
6,1295,453250000,453250100,5539,9232,453600000,453600000
6,1296,453600000,453600100,5539,9232,453950000,453950000
6,1297,453950000,453950100,5539,9232,454300000,454300000
6,1298,454300000,454300100,5539,9232,454650000,454650000
6,1299,454650000,454650100,5539,9232,455000000,455000000
6,1300,455000000,455000100,5539,9232,455350000,455350000
6,1301,455350000,455350100,5539,9232,455700000,455700000
6,1302,455700000,455700100,5539,9232,456050000,456050000
6,1303,456050000,456050100,5539,9232,456400000,456400000
6,1304,456400000,456400100,5539,9232,456750000,456750000
6,1305,456750000,456750100,5539,9232,457100000,457100000
6,1306,457100000,457100100,5539,9232,457450000,457450000
6,1307,457450000,457450100,5539,9232,457800000,457800000
6,1308,457800000,457800100,5539,9232,458150000,458150000
6,1309,458150000,458150100,5539,9232,458500000,458500000
6,1310,458500000,458500100,5539,9232,458850000,458850000
6,1311,458850000,458850100,5539,9232,459200000,459200000
6,1312,459200000,459200100,5539,9232,459550000,459550000
6,1313,459550000,459550100,5539,9232,459900000,459900000
6,1314,459900000,459900100,5539,9232,460250000,460250000
6,1315,460250000,460250100,5539,9232,460600000,460600000
6,1316,460600000,460600100,5539,9232,460950000,460950000
6,1317,460950000,460950100,5539,9232,461300000,461300000
6,1318,461300000,461300100,5539,9232,461650000,461650000
6,1319,461650000,461650100,5539,9232,462000000,462000000
6,1320,462000000,462000100,5539,9232,462350000,462350000
6,1321,462350000,462350100,5539,9232,462700000,462700000
6,1322,462700000,462700100,5539,9232,463050000,463050000
6,1323,463050000,463050100,5539,9232,463400000,463400000
6,1324,463400000,463400100,5539,9232,463750000,463750000
6,1325,463750000,463750100,5539,9232,464100000,464100000
6,1326,464100000,464100100,5539,9232,464450000,464450000
6,1327,464450000,464450100,5539,9232,464800000,464800000
6,1328,464800000,464800100,5539,9232,465150000,465150000
6,1329,465150000,465150100,5539,9232,465500000,465500000
6,1330,465500000,465500100,5539,9232,465850000,465850000
6,1331,465850000,465850100,5539,9232,466200000,466200000
6,1332,466200000,466200100,5539,9232,466550000,466550000
6,1333,466550000,466550100,5539,9232,466900000,466900000
6,1334,466900000,466900100,5539,9232,467250000,467250000
6,1335,467250000,467250100,5539,9232,467600000,467600000
6,1336,467600000,467600100,5539,9232,467950000,467950000
6,1337,467950000,467950100,5539,9232,468300000,468300000
6,1338,468300000,468300100,5539,9232,468650000,468650000
6,1339,468650000,468650100,5539,9232,469000000,469000000
6,1340,469000000,469000100,5539,9232,469350000,469350000
6,1341,469350000,469350100,5539,9232,469700000,469700000
6,1342,469700000,469700100,5539,9232,470050000,470050000
6,1343,470050000,470050100,5539,9232,470400000,470400000
6,1344,470400000,470400100,5539,9232,470750000,470750000
6,1345,470750000,470750100,5539,9232,471100000,471100000
6,1346,471100000,471100100,5539,9232,471450000,471450000
6,1347,471450000,471450100,5539,9232,471800000,471800000
6,1348,471800000,471800100,5539,9232,472150000,472150000
6,1349,472150000,472150100,5539,9232,472500000,472500000
6,1350,472500000,472500100,5539,9232,472850000,472850000
6,1351,472850000,472850100,5539,9232,473200000,473200000
6,1352,473200000,473200100,5539,9232,473550000,473550000
6,1353,473550000,473550100,5539,9232,473900000,473900000
6,1354,473900000,473900100,5539,9232,474250000,474250000
6,1355,474250000,474250100,5539,9232,474600000,474600000
6,1356,474600000,474600100,5539,9232,474950000,474950000
6,1357,474950000,474950100,5539,9232,475300000,475300000
6,1358,475300000,475300100,5539,9232,475650000,475650000
6,1359,475650000,475650100,5539,9232,476000000,476000000
6,1360,476000000,476000100,5539,9232,476350000,476350000
6,1361,476350000,476350100,5539,9232,476700000,476700000
6,1362,476700000,476700100,5539,9232,477050000,477050000
6,1363,477050000,477050100,5539,9232,477400000,477400000
6,1364,477400000,477400100,5539,9232,477750000,477750000
6,1365,477750000,477750100,5539,9232,478100000,478100000
6,1366,478100000,478100100,5539,9232,478450000,478450000
6,1367,478450000,478450100,5539,9232,478800000,478800000
6,1368,478800000,478800100,5539,9232,479150000,479150000
6,1369,479150000,479150100,5539,9232,479500000,479500000
6,1370,479500000,479500100,5539,9232,479850000,479850000
6,1371,479850000,479850100,5539,9232,480200000,480200000
6,1372,480200000,480200100,5539,9232,480550000,480550000
6,1373,480550000,480550100,5539,9232,480900000,480900000
6,1374,480900000,480900100,5539,9232,481250000,481250000
6,1375,481250000,481250100,5539,9232,481600000,481600000
6,1376,481600000,481600100,5539,9232,481950000,481950000
6,1377,481950000,481950100,5539,9232,482300000,482300000
6,1378,482300000,482300100,5539,9232,482650000,482650000
6,1379,482650000,482650100,5539,9232,483000000,483000000
6,1380,483000000,483000100,5539,9232,483350000,483350000
6,1381,483350000,483350100,5539,9232,483700000,483700000
6,1382,483700000,483700100,5539,9232,484050000,484050000
6,1383,484050000,484050100,5539,9232,484400000,484400000
6,1384,484400000,484400100,5539,9232,484750000,484750000
6,1385,484750000,484750100,5539,9232,485100000,485100000
6,1386,485100000,485100100,5539,9232,485450000,485450000
6,1387,485450000,485450100,5539,9232,485800000,485800000
6,1388,485800000,485800100,5539,9232,486150000,486150000
6,1389,486150000,486150100,5539,9232,486500000,486500000
6,1390,486500000,486500100,5539,9232,486850000,486850000
6,1391,486850000,486850100,5539,9232,487200000,487200000
6,1392,487200000,487200100,5539,9232,487550000,487550000
6,1393,487550000,487550100,5539,9232,487900000,487900000
6,1394,487900000,487900100,5539,9232,488250000,488250000
6,1395,488250000,488250100,5539,9232,488600000,488600000
6,1396,488600000,488600100,5539,9232,488950000,488950000
6,1397,488950000,488950100,5539,9232,489300000,489300000
6,1398,489300000,489300100,5539,9232,489650000,489650000
6,1399,489650000,489650100,5539,9232,490000000,490000000
6,1400,490000000,490000100,5539,9232,490350000,490350000
6,1401,490350000,490350100,5539,9232,490700000,490700000
6,1402,490700000,490700100,5539,9232,491050000,491050000
6,1403,491050000,491050100,5539,9232,491400000,491400000
6,1404,491400000,491400100,5539,9232,491750000,491750000
6,1405,491750000,491750100,5539,9232,492100000,492100000
6,1406,492100000,492100100,5539,9232,492450000,492450000
6,1407,492450000,492450100,5539,9232,492800000,492800000
6,1408,492800000,492800100,5539,9232,493150000,493150000
6,1409,493150000,493150100,5539,9232,493500000,493500000
6,1410,493500000,493500100,5539,9232,493850000,493850000
6,1411,493850000,493850100,5539,9232,494200000,494200000
6,1412,494200000,494200100,5539,9232,494550000,494550000
6,1413,494550000,494550100,5539,9232,494900000,494900000
6,1414,494900000,494900100,5539,9232,495250000,495250000
6,1415,495250000,495250100,5539,9232,495600000,495600000
6,1416,495600000,495600100,5539,9232,495950000,495950000
6,1417,495950000,495950100,5539,9232,496300000,496300000
6,1418,496300000,496300100,5539,9232,496650000,496650000
6,1419,496650000,496650100,5539,9232,497000000,497000000
6,1420,497000000,497000100,5539,9232,497350000,497350000
6,1421,497350000,497350100,5539,9232,497700000,497700000
6,1422,497700000,497700100,5539,9232,498050000,498050000
6,1423,498050000,498050100,5539,9232,498400000,498400000
6,1424,498400000,498400100,5539,9232,498750000,498750000
6,1425,498750000,498750100,5539,9232,499100000,499100000
6,1426,499100000,499100100,5539,9232,499450000,499450000
6,1427,499450000,499450100,5539,9232,499800000,499800000
6,1428,499800000,499800100,5539,9232,500150000,500150000
6,1429,500150000,500150100,5539,9232,500500000,500500000
6,1430,500500000,500500100,5539,9232,500850000,500850000
6,1431,500850000,500850100,5539,9232,501200000,501200000
6,1432,501200000,501200100,5539,9232,501550000,501550000
6,1433,501550000,501550100,5539,9232,501900000,501900000
6,1434,501900000,501900100,5539,9232,502250000,502250000
6,1435,502250000,502250100,5539,9232,502600000,502600000
6,1436,502600000,502600100,5539,9232,502950000,502950000
6,1437,502950000,502950100,5539,9232,503300000,503300000
6,1438,503300000,503300100,5539,9232,503650000,503650000
6,1439,503650000,503650100,5539,9232,504000000,504000000
6,1440,504000000,504000100,5539,9232,504350000,504350000
6,1441,504350000,504350100,5539,9232,504700000,504700000
6,1442,504700000,504700100,5539,9232,505050000,505050000
6,1443,505050000,505050100,5539,9232,505400000,505400000
6,1444,505400000,505400100,5539,9232,505750000,505750000
6,1445,505750000,505750100,5539,9232,506100000,506100000
6,1446,506100000,506100100,5539,9232,506450000,506450000
6,1447,506450000,506450100,5539,9232,506800000,506800000
6,1448,506800000,506800100,5539,9232,507150000,507150000
6,1449,507150000,507150100,5539,9232,507500000,507500000
6,1450,507500000,507500100,5539,9232,507850000,507850000
6,1451,507850000,507850100,5539,9232,508200000,508200000
6,1452,508200000,508200100,5539,9232,508550000,508550000
6,1453,508550000,508550100,5539,9232,508900000,508900000
6,1454,508900000,508900100,5539,9232,509250000,509250000
6,1455,509250000,509250100,5539,9232,509600000,509600000
6,1456,509600000,509600100,5539,9232,509950000,509950000
6,1457,509950000,509950100,5539,9232,510300000,510300000
6,1458,510300000,510300100,5539,9232,510650000,510650000
6,1459,510650000,510650100,5539,9232,511000000,511000000
6,1460,511000000,511000100,5539,9232,511350000,511350000
6,1461,511350000,511350100,5539,9232,511700000,511700000
6,1462,511700000,511700100,5539,9232,512050000,512050000
6,1463,512050000,512050100,5539,9232,512400000,512400000
6,1464,512400000,512400100,5539,9232,512750000,512750000
6,1465,512750000,512750100,5539,9232,513100000,513100000
6,1466,513100000,513100100,5539,9232,513450000,513450000
6,1467,513450000,513450100,5539,9232,513800000,513800000
6,1468,513800000,513800100,5539,9232,514150000,514150000
6,1469,514150000,514150100,5539,9232,514500000,514500000
6,1470,514500000,514500100,5539,9232,514850000,514850000
6,1471,514850000,514850100,5539,9232,515200000,515200000
6,1472,515200000,515200100,5539,9232,515550000,515550000
6,1473,515550000,515550100,5539,9232,515900000,515900000
6,1474,515900000,515900100,5539,9232,516250000,516250000
6,1475,516250000,516250100,5539,9232,516600000,516600000
6,1476,516600000,516600100,5539,9232,516950000,516950000
6,1477,516950000,516950100,5539,9232,517300000,517300000
6,1478,517300000,517300100,5539,9232,517650000,517650000
6,1479,517650000,517650100,5539,9232,518000000,518000000
6,1480,518000000,518000100,5539,9232,518350000,518350000
6,1481,518350000,518350100,5539,9232,518700000,518700000
6,1482,518700000,518700100,5539,9232,519050000,519050000
6,1483,519050000,519050100,5539,9232,519400000,519400000
6,1484,519400000,519400100,5539,9232,519750000,519750000
6,1485,519750000,519750100,5539,9232,520100000,520100000
6,1486,520100000,520100100,5539,9232,520450000,520450000
6,1487,520450000,520450100,5539,9232,520800000,520800000
6,1488,520800000,520800100,5539,9232,521150000,521150000
6,1489,521150000,521150100,5539,9232,521500000,521500000
6,1490,521500000,521500100,5539,9232,521850000,521850000
6,1491,521850000,521850100,5539,9232,522200000,522200000
6,1492,522200000,522200100,5539,9232,522550000,522550000
6,1493,522550000,522550100,5539,9232,522900000,522900000
6,1494,522900000,522900100,5539,9232,523250000,523250000
6,1495,523250000,523250100,5539,9232,523600000,523600000
6,1496,523600000,523600100,5539,9232,523950000,523950000
6,1497,523950000,523950100,5539,9232,524300000,524300000
6,1498,524300000,524300100,5539,9232,524650000,524650000
6,1499,524650000,524650100,5539,9232,525000000,525000000
6,1500,525000000,525000100,5539,9232,525350000,525350000
6,1501,525350000,525350100,5539,9232,525700000,525700000
6,1502,525700000,525700100,5539,9232,526050000,526050000
6,1503,526050000,526050100,5539,9232,526400000,526400000
6,1504,526400000,526400100,5539,9232,526750000,526750000
6,1505,526750000,526750100,5539,9232,527100000,527100000
6,1506,527100000,527100100,5539,9232,527450000,527450000
6,1507,527450000,527450100,5539,9232,527800000,527800000
6,1508,527800000,527800100,5539,9232,528150000,528150000
6,1509,528150000,528150100,5539,9232,528500000,528500000
6,1510,528500000,528500100,5539,9232,528850000,528850000
6,1511,528850000,528850100,5539,9232,529200000,529200000
6,1512,529200000,529200100,5539,9232,529550000,529550000
6,1513,529550000,529550100,5539,9232,529900000,529900000
6,1514,529900000,529900100,5539,9232,530250000,530250000
6,1515,530250000,530250100,5539,9232,530600000,530600000
6,1516,530600000,530600100,5539,9232,530950000,530950000
6,1517,530950000,530950100,5539,9232,531300000,531300000
6,1518,531300000,531300100,5539,9232,531650000,531650000
6,1519,531650000,531650100,5539,9232,532000000,532000000
6,1520,532000000,532000100,5539,9232,532350000,532350000
6,1521,532350000,532350100,5539,9232,532700000,532700000
6,1522,532700000,532700100,5539,9232,533050000,533050000
6,1523,533050000,533050100,5539,9232,533400000,533400000
6,1524,533400000,533400100,5539,9232,533750000,533750000
6,1525,533750000,533750100,5539,9232,534100000,534100000
6,1526,534100000,534100100,5539,9232,534450000,534450000
6,1527,534450000,534450100,5539,9232,534800000,534800000
6,1528,534800000,534800100,5539,9232,535150000,535150000
6,1529,535150000,535150100,5539,9232,535500000,535500000
6,1530,535500000,535500100,5539,9232,535850000,535850000
6,1531,535850000,535850100,5539,9232,536200000,536200000
6,1532,536200000,536200100,5539,9232,536550000,536550000
6,1533,536550000,536550100,5539,9232,536900000,536900000
6,1534,536900000,536900100,5539,9232,537250000,537250000
6,1535,537250000,537250100,5539,9232,537600000,537600000
6,1536,537600000,537600100,5539,9232,537950000,537950000
6,1537,537950000,537950100,5539,9232,538300000,538300000
6,1538,538300000,538300100,5539,9232,538650000,538650000
6,1539,538650000,538650100,5539,9232,539000000,539000000
6,1540,539000000,539000100,5539,9232,539350000,539350000
6,1541,539350000,539350100,5539,9232,539700000,539700000
6,1542,539700000,539700100,5539,9232,540050000,540050000
6,1543,540050000,540050100,5539,9232,540400000,540400000
6,1544,540400000,540400100,5539,9232,540750000,540750000
6,1545,540750000,540750100,5539,9232,541100000,541100000
6,1546,541100000,541100100,5539,9232,541450000,541450000
6,1547,541450000,541450100,5539,9232,541800000,541800000
6,1548,541800000,541800100,5539,9232,542150000,542150000
6,1549,542150000,542150100,5539,9232,542500000,542500000
6,1550,542500000,542500100,5539,9232,542850000,542850000
6,1551,542850000,542850100,5539,9232,543200000,543200000
6,1552,543200000,543200100,5539,9232,543550000,543550000
6,1553,543550000,543550100,5539,9232,543900000,543900000
6,1554,543900000,543900100,5539,9232,544250000,544250000
6,1555,544250000,544250100,5539,9232,544600000,544600000
6,1556,544600000,544600100,5539,9232,544950000,544950000
6,1557,544950000,544950100,5539,9232,545300000,545300000
6,1558,545300000,545300100,5539,9232,545650000,545650000
6,1559,545650000,545650100,5539,9232,546000000,546000000
6,1560,546000000,546000100,5539,9232,546350000,546350000
6,1561,546350000,546350100,5539,9232,546700000,546700000
6,1562,546700000,546700100,5539,9232,547050000,547050000
6,1563,547050000,547050100,5539,9232,547400000,547400000
6,1564,547400000,547400100,5539,9232,547750000,547750000
6,1565,547750000,547750100,5539,9232,548100000,548100000
6,1566,548100000,548100100,5539,9232,548450000,548450000
6,1567,548450000,548450100,5539,9232,548800000,548800000
6,1568,548800000,548800100,5539,9232,549150000,549150000
6,1569,549150000,549150100,5539,9232,549500000,549500000
6,1570,549500000,549500100,5539,9232,549850000,549850000
6,1571,549850000,549850100,5539,9232,550200000,550200000
6,1572,550200000,550200100,5539,9232,550550000,550550000
6,1573,550550000,550550100,5539,9232,550900000,550900000
6,1574,550900000,550900100,5539,9232,551250000,551250000
6,1575,551250000,551250100,5539,9232,551600000,551600000
6,1576,551600000,551600100,5539,9232,551950000,551950000
6,1577,551950000,551950100,5539,9232,552300000,552300000
6,1578,552300000,552300100,5539,9232,552650000,552650000
6,1579,552650000,552650100,5539,9232,553000000,553000000
6,1580,553000000,553000100,5539,9232,553350000,553350000
6,1581,553350000,553350100,5539,9232,553700000,553700000
6,1582,553700000,553700100,5539,9232,554050000,554050000
6,1583,554050000,554050100,5539,9232,554400000,554400000
6,1584,554400000,554400100,5539,9232,554750000,554750000
6,1585,554750000,554750100,5539,9232,555100000,555100000
6,1586,555100000,555100100,5539,9232,555450000,555450000
6,1587,555450000,555450100,5539,9232,555800000,555800000
6,1588,555800000,555800100,5539,9232,556150000,556150000
6,1589,556150000,556150100,5539,9232,556500000,556500000
6,1590,556500000,556500100,5539,9232,556850000,556850000
6,1591,556850000,556850100,5539,9232,557200000,557200000
6,1592,557200000,557200100,5539,9232,557550000,557550000
6,1593,557550000,557550100,5539,9232,557900000,557900000
6,1594,557900000,557900100,5539,9232,558250000,558250000
6,1595,558250000,558250100,5539,9232,558600000,558600000
6,1596,558600000,558600100,5539,9232,558950000,558950000
6,1597,558950000,558950100,5539,9232,559300000,559300000
6,1598,559300000,559300100,5539,9232,559650000,559650000
6,1599,559650000,559650100,5539,9232,560000000,560000000
6,1600,560000000,560000100,5539,9232,560350000,560350000
6,1601,560350000,560350100,5539,9232,560700000,560700000
6,1602,560700000,560700100,5539,9232,561050000,561050000
6,1603,561050000,561050100,5539,9232,561400000,561400000
6,1604,561400000,561400100,5539,9232,561750000,561750000
6,1605,561750000,561750100,5539,9232,562100000,562100000
6,1606,562100000,562100100,5539,9232,562450000,562450000
6,1607,562450000,562450100,5539,9232,562800000,562800000
6,1608,562800000,562800100,5539,9232,563150000,563150000
6,1609,563150000,563150100,5539,9232,563500000,563500000
6,1610,563500000,563500100,5539,9232,563850000,563850000
6,1611,563850000,563850100,5539,9232,564200000,564200000
6,1612,564200000,564200100,5539,9232,564550000,564550000
6,1613,564550000,564550100,5539,9232,564900000,564900000
6,1614,564900000,564900100,5539,9232,565250000,565250000
6,1615,565250000,565250100,5539,9232,565600000,565600000
6,1616,565600000,565600100,5539,9232,565950000,565950000
6,1617,565950000,565950100,5539,9232,566300000,566300000
6,1618,566300000,566300100,5539,9232,566650000,566650000
6,1619,566650000,566650100,5539,9232,567000000,567000000
6,1620,567000000,567000100,5539,9232,567350000,567350000
6,1621,567350000,567350100,5539,9232,567700000,567700000
6,1622,567700000,567700100,5539,9232,568050000,568050000
6,1623,568050000,568050100,5539,9232,568400000,568400000
6,1624,568400000,568400100,5539,9232,568750000,568750000
6,1625,568750000,568750100,5539,9232,569100000,569100000
6,1626,569100000,569100100,5539,9232,569450000,569450000
6,1627,569450000,569450100,5539,9232,569800000,569800000
6,1628,569800000,569800100,5539,9232,570150000,570150000
6,1629,570150000,570150100,5539,9232,570500000,570500000
6,1630,570500000,570500100,5539,9232,570850000,570850000
6,1631,570850000,570850100,5539,9232,571200000,571200000
6,1632,571200000,571200100,5539,9232,571550000,571550000
6,1633,571550000,571550100,5539,9232,571900000,571900000
6,1634,571900000,571900100,5539,9232,572250000,572250000
6,1635,572250000,572250100,5539,9232,572600000,572600000
6,1636,572600000,572600100,5539,9232,572950000,572950000
6,1637,572950000,572950100,5539,9232,573300000,573300000
6,1638,573300000,573300100,5539,9232,573650000,573650000
6,1639,573650000,573650100,5539,9232,574000000,574000000
6,1640,574000000,574000100,5539,9232,574350000,574350000
6,1641,574350000,574350100,5539,9232,574700000,574700000
6,1642,574700000,574700100,5539,9232,575050000,575050000
6,1643,575050000,575050100,5539,9232,575400000,575400000
6,1644,575400000,575400100,5539,9232,575750000,575750000
6,1645,575750000,575750100,5539,9232,576100000,576100000
6,1646,576100000,576100100,5539,9232,576450000,576450000
6,1647,576450000,576450100,5539,9232,576800000,576800000
6,1648,576800000,576800100,5539,9232,577150000,577150000
6,1649,577150000,577150100,5539,9232,577500000,577500000
6,1650,577500000,577500100,5539,9232,577850000,577850000
6,1651,577850000,577850100,5539,9232,578200000,578200000
6,1652,578200000,578200100,5539,9232,578550000,578550000
6,1653,578550000,578550100,5539,9232,578900000,578900000
6,1654,578900000,578900100,5539,9232,579250000,579250000
6,1655,579250000,579250100,5539,9232,579600000,579600000
6,1656,579600000,579600100,5539,9232,579950000,579950000
6,1657,579950000,579950100,5539,9232,580300000,580300000
6,1658,580300000,580300100,5539,9232,580650000,580650000
6,1659,580650000,580650100,5539,9232,581000000,581000000
6,1660,581000000,581000100,5539,9232,581350000,581350000
6,1661,581350000,581350100,5539,9232,581700000,581700000
6,1662,581700000,581700100,5539,9232,582050000,582050000
6,1663,582050000,582050100,5539,9232,582400000,582400000
6,1664,582400000,582400100,5539,9232,582750000,582750000
6,1665,582750000,582750100,5539,9232,583100000,583100000
6,1666,583100000,583100100,5539,9232,583450000,583450000
6,1667,583450000,583450100,5539,9232,583800000,583800000
6,1668,583800000,583800100,5539,9232,584150000,584150000
6,1669,584150000,584150100,5539,9232,584500000,584500000
6,1670,584500000,584500100,5539,9232,584850000,584850000
6,1671,584850000,584850100,5539,9232,585200000,585200000
6,1672,585200000,585200100,5539,9232,585550000,585550000
6,1673,585550000,585550100,5539,9232,585900000,585900000
6,1674,585900000,585900100,5539,9232,586250000,586250000
6,1675,586250000,586250100,5539,9232,586600000,586600000
6,1676,586600000,586600100,5539,9232,586950000,586950000
6,1677,586950000,586950100,5539,9232,587300000,587300000
6,1678,587300000,587300100,5539,9232,587650000,587650000
6,1679,587650000,587650100,5539,9232,588000000,588000000
6,1680,588000000,588000100,5539,9232,588350000,588350000
6,1681,588350000,588350100,5539,9232,588700000,588700000
6,1682,588700000,588700100,5539,9232,589050000,589050000
6,1683,589050000,589050100,5539,9232,589400000,589400000
6,1684,589400000,589400100,5539,9232,589750000,589750000
6,1685,589750000,589750100,5539,9232,590100000,590100000
6,1686,590100000,590100100,5539,9232,590450000,590450000
6,1687,590450000,590450100,5539,9232,590800000,590800000
6,1688,590800000,590800100,5539,9232,591150000,591150000
6,1689,591150000,591150100,5539,9232,591500000,591500000
6,1690,591500000,591500100,5539,9232,591850000,591850000
6,1691,591850000,591850100,5539,9232,592200000,592200000
6,1692,592200000,592200100,5539,9232,592550000,592550000
6,1693,592550000,592550100,5539,9232,592900000,592900000
6,1694,592900000,592900100,5539,9232,593250000,593250000
6,1695,593250000,593250100,5539,9232,593600000,593600000
6,1696,593600000,593600100,5539,9232,593950000,593950000
6,1697,593950000,593950100,5539,9232,594300000,594300000
6,1698,594300000,594300100,5539,9232,594650000,594650000
6,1699,594650000,594650100,5539,9232,595000000,595000000
6,1700,595000000,595000100,5539,9232,595350000,595350000
6,1701,595350000,595350100,5539,9232,595700000,595700000
6,1702,595700000,595700100,5539,9232,596050000,596050000
6,1703,596050000,596050100,5539,9232,596400000,596400000
6,1704,596400000,596400100,5539,9232,596750000,596750000
6,1705,596750000,596750100,5539,9232,597100000,597100000
6,1706,597100000,597100100,5539,9232,597450000,597450000
6,1707,597450000,597450100,5539,9232,597800000,597800000
6,1708,597800000,597800100,5539,9232,598150000,598150000
6,1709,598150000,598150100,5539,9232,598500000,598500000
6,1710,598500000,598500100,5539,9232,598850000,598850000
6,1711,598850000,598850100,5539,9232,599200000,599200000
6,1712,599200000,599200100,5539,9232,599550000,599550000
6,1713,599550000,599550100,5539,9232,599900000,599900000
6,1714,599900000,599900100,5539,9232,600250000,600250000
6,1715,600250000,600250100,5539,9232,600600000,600600000
6,1716,600600000,600600100,5539,9232,600950000,600950000
6,1717,600950000,600950100,5539,9232,601300000,601300000
6,1718,601300000,601300100,5539,9232,601650000,601650000
6,1719,601650000,601650100,5539,9232,602000000,602000000
6,1720,602000000,602000100,5539,9232,602350000,602350000
6,1721,602350000,602350100,5539,9232,602700000,602700000
6,1722,602700000,602700100,5539,9232,603050000,603050000
6,1723,603050000,603050100,5539,9232,603400000,603400000
6,1724,603400000,603400100,5539,9232,603750000,603750000
6,1725,603750000,603750100,5539,9232,604100000,604100000
6,1726,604100000,604100100,5539,9232,604450000,604450000
6,1727,604450000,604450100,5539,9232,604800000,604800000
6,1728,604800000,604800100,5539,9232,605150000,605150000
6,1729,605150000,605150100,5539,9232,605500000,605500000
6,1730,605500000,605500100,5539,9232,605850000,605850000
6,1731,605850000,605850100,5539,9232,606200000,606200000
6,1732,606200000,606200100,5539,9232,606550000,606550000
6,1733,606550000,606550100,5539,9232,606900000,606900000
6,1734,606900000,606900100,5539,9232,607250000,607250000
6,1735,607250000,607250100,5539,9232,607600000,607600000
6,1736,607600000,607600100,5539,9232,607950000,607950000
6,1737,607950000,607950100,5539,9232,608300000,608300000
6,1738,608300000,608300100,5539,9232,608650000,608650000
6,1739,608650000,608650100,5539,9232,609000000,609000000
6,1740,609000000,609000100,5539,9232,609350000,609350000
6,1741,609350000,609350100,5539,9232,609700000,609700000
6,1742,609700000,609700100,5539,9232,610050000,610050000
6,1743,610050000,610050100,5539,9232,610400000,610400000
6,1744,610400000,610400100,5539,9232,610750000,610750000
6,1745,610750000,610750100,5539,9232,611100000,611100000
6,1746,611100000,611100100,5539,9232,611450000,611450000
6,1747,611450000,611450100,5539,9232,611800000,611800000
6,1748,611800000,611800100,5539,9232,612150000,612150000
6,1749,612150000,612150100,5539,9232,612500000,612500000
6,1750,612500000,612500100,5539,9232,612850000,612850000
6,1751,612850000,612850100,5539,9232,613200000,613200000
6,1752,613200000,613200100,5539,9232,613550000,613550000
6,1753,613550000,613550100,5539,9232,613900000,613900000
6,1754,613900000,613900100,5539,9232,614250000,614250000
6,1755,614250000,614250100,5539,9232,614600000,614600000
6,1756,614600000,614600100,5539,9232,614950000,614950000
6,1757,614950000,614950100,5539,9232,615300000,615300000
6,1758,615300000,615300100,5539,9232,615650000,615650000
6,1759,615650000,615650100,5539,9232,616000000,616000000
6,1760,616000000,616000100,5539,9232,616350000,616350000
6,1761,616350000,616350100,5539,9232,616700000,616700000
6,1762,616700000,616700100,5539,9232,617050000,617050000
6,1763,617050000,617050100,5539,9232,617400000,617400000
6,1764,617400000,617400100,5539,9232,617750000,617750000
6,1765,617750000,617750100,5539,9232,618100000,618100000
6,1766,618100000,618100100,5539,9232,618450000,618450000
6,1767,618450000,618450100,5539,9232,618800000,618800000
6,1768,618800000,618800100,5539,9232,619150000,619150000
6,1769,619150000,619150100,5539,9232,619500000,619500000
6,1770,619500000,619500100,5539,9232,619850000,619850000
6,1771,619850000,619850100,5539,9232,620200000,620200000
6,1772,620200000,620200100,5539,9232,620550000,620550000
6,1773,620550000,620550100,5539,9232,620900000,620900000
6,1774,620900000,620900100,5539,9232,621250000,621250000
6,1775,621250000,621250100,5539,9232,621600000,621600000
6,1776,621600000,621600100,5539,9232,621950000,621950000
6,1777,621950000,621950100,5539,9232,622300000,622300000
6,1778,622300000,622300100,5539,9232,622650000,622650000
6,1779,622650000,622650100,5539,9232,623000000,623000000
6,1780,623000000,623000100,5539,9232,623350000,623350000
6,1781,623350000,623350100,5539,9232,623700000,623700000
6,1782,623700000,623700100,5539,9232,624050000,624050000
6,1783,624050000,624050100,5539,9232,624400000,624400000
6,1784,624400000,624400100,5539,9232,624750000,624750000
6,1785,624750000,624750100,5539,9232,625100000,625100000
6,1786,625100000,625100100,5539,9232,625450000,625450000
6,1787,625450000,625450100,5539,9232,625800000,625800000
6,1788,625800000,625800100,5539,9232,626150000,626150000
6,1789,626150000,626150100,5539,9232,626500000,626500000
6,1790,626500000,626500100,5539,9232,626850000,626850000
6,1791,626850000,626850100,5539,9232,627200000,627200000
6,1792,627200000,627200100,5539,9232,627550000,627550000
6,1793,627550000,627550100,5539,9232,627900000,627900000
6,1794,627900000,627900100,5539,9232,628250000,628250000
6,1795,628250000,628250100,5539,9232,628600000,628600000
6,1796,628600000,628600100,5539,9232,628950000,628950000
6,1797,628950000,628950100,5539,9232,629300000,629300000
6,1798,629300000,629300100,5539,9232,629650000,629650000
6,1799,629650000,629650100,5539,9232,630000000,630000000
6,1800,630000000,630000100,5539,9232,630350000,630350000
6,1801,630350000,630350100,5539,9232,630700000,630700000
6,1802,630700000,630700100,5539,9232,631050000,631050000
6,1803,631050000,631050100,5539,9232,631400000,631400000
6,1804,631400000,631400100,5539,9232,631750000,631750000
6,1805,631750000,631750100,5539,9232,632100000,632100000
6,1806,632100000,632100100,5539,9232,632450000,632450000
6,1807,632450000,632450100,5539,9232,632800000,632800000
6,1808,632800000,632800100,5539,9232,633150000,633150000
6,1809,633150000,633150100,5539,9232,633500000,633500000
6,1810,633500000,633500100,5539,9232,633850000,633850000
6,1811,633850000,633850100,5539,9232,634200000,634200000
6,1812,634200000,634200100,5539,9232,634550000,634550000
6,1813,634550000,634550100,5539,9232,634900000,634900000
6,1814,634900000,634900100,5539,9232,635250000,635250000
6,1815,635250000,635250100,5539,9232,635600000,635600000
6,1816,635600000,635600100,5539,9232,635950000,635950000
6,1817,635950000,635950100,5539,9232,636300000,636300000
6,1818,636300000,636300100,5539,9232,636650000,636650000
6,1819,636650000,636650100,5539,9232,637000000,637000000
6,1820,637000000,637000100,5539,9232,637350000,637350000
6,1821,637350000,637350100,5539,9232,637700000,637700000
6,1822,637700000,637700100,5539,9232,638050000,638050000
6,1823,638050000,638050100,5539,9232,638400000,638400000
6,1824,638400000,638400100,5539,9232,638750000,638750000
6,1825,638750000,638750100,5539,9232,639100000,639100000
6,1826,639100000,639100100,5539,9232,639450000,639450000
6,1827,639450000,639450100,5539,9232,639800000,639800000
6,1828,639800000,639800100,5539,9232,640150000,640150000
6,1829,640150000,640150100,5539,9232,640500000,640500000
6,1830,640500000,640500100,5539,9232,640850000,640850000
6,1831,640850000,640850100,5539,9232,641200000,641200000
6,1832,641200000,641200100,5539,9232,641550000,641550000
6,1833,641550000,641550100,5539,9232,641900000,641900000
6,1834,641900000,641900100,5539,9232,642250000,642250000
6,1835,642250000,642250100,5539,9232,642600000,642600000
6,1836,642600000,642600100,5539,9232,642950000,642950000
6,1837,642950000,642950100,5539,9232,643300000,643300000
6,1838,643300000,643300100,5539,9232,643650000,643650000
6,1839,643650000,643650100,5539,9232,644000000,644000000
6,1840,644000000,644000100,5539,9232,644350000,644350000
6,1841,644350000,644350100,5539,9232,644700000,644700000
6,1842,644700000,644700100,5539,9232,645050000,645050000
6,1843,645050000,645050100,5539,9232,645400000,645400000
6,1844,645400000,645400100,5539,9232,645750000,645750000
6,1845,645750000,645750100,5539,9232,646100000,646100000
6,1846,646100000,646100100,5539,9232,646450000,646450000
6,1847,646450000,646450100,5539,9232,646800000,646800000
6,1848,646800000,646800100,5539,9232,647150000,647150000
6,1849,647150000,647150100,5539,9232,647500000,647500000
6,1850,647500000,647500100,5539,9232,647850000,647850000
6,1851,647850000,647850100,5539,9232,648200000,648200000
6,1852,648200000,648200100,5539,9232,648550000,648550000
6,1853,648550000,648550100,5539,9232,648900000,648900000
6,1854,648900000,648900100,5539,9232,649250000,649250000
6,1855,649250000,649250100,5539,9232,649600000,649600000
6,1856,649600000,649600100,5539,9232,649950000,649950000
6,1857,649950000,649950100,5539,9232,650300000,650300000
6,1858,650300000,650300100,5539,9232,650650000,650650000
6,1859,650650000,650650100,5539,9232,651000000,651000000
6,1860,651000000,651000100,5539,9232,651350000,651350000
6,1861,651350000,651350100,5539,9232,651700000,651700000
6,1862,651700000,651700100,5539,9232,652050000,652050000
6,1863,652050000,652050100,5539,9232,652400000,652400000
6,1864,652400000,652400100,5539,9232,652750000,652750000
6,1865,652750000,652750100,5539,9232,653100000,653100000
6,1866,653100000,653100100,5539,9232,653450000,653450000
6,1867,653450000,653450100,5539,9232,653800000,653800000
6,1868,653800000,653800100,5539,9232,654150000,654150000
6,1869,654150000,654150100,5539,9232,654500000,654500000
6,1870,654500000,654500100,5539,9232,654850000,654850000
6,1871,654850000,654850100,5539,9232,655200000,655200000
6,1872,655200000,655200100,5539,9232,655550000,655550000
6,1873,655550000,655550100,5539,9232,655900000,655900000
6,1874,655900000,655900100,5539,9232,656250000,656250000
6,1875,656250000,656250100,5539,9232,656600000,656600000
6,1876,656600000,656600100,5539,9232,656950000,656950000
6,1877,656950000,656950100,5539,9232,657300000,657300000
6,1878,657300000,657300100,5539,9232,657650000,657650000
6,1879,657650000,657650100,5539,9232,658000000,658000000
6,1880,658000000,658000100,5539,9232,658350000,658350000
6,1881,658350000,658350100,5539,9232,658700000,658700000
6,1882,658700000,658700100,5539,9232,659050000,659050000
6,1883,659050000,659050100,5539,9232,659400000,659400000
6,1884,659400000,659400100,5539,9232,659750000,659750000
6,1885,659750000,659750100,5539,9232,660100000,660100000
6,1886,660100000,660100100,5539,9232,660450000,660450000
6,1887,660450000,660450100,5539,9232,660800000,660800000
6,1888,660800000,660800100,5539,9232,661150000,661150000
6,1889,661150000,661150100,5539,9232,661500000,661500000
6,1890,661500000,661500100,5539,9232,661850000,661850000
6,1891,661850000,661850100,5539,9232,662200000,662200000
6,1892,662200000,662200100,5539,9232,662550000,662550000
6,1893,662550000,662550100,5539,9232,662900000,662900000
6,1894,662900000,662900100,5539,9232,663250000,663250000
6,1895,663250000,663250100,5539,9232,663600000,663600000
6,1896,663600000,663600100,5539,9232,663950000,663950000
6,1897,663950000,663950100,5539,9232,664300000,664300000
6,1898,664300000,664300100,5539,9232,664650000,664650000
6,1899,664650000,664650100,5539,9232,665000000,665000000
6,1900,665000000,665000100,5539,9232,665350000,665350000
6,1901,665350000,665350100,5539,9232,665700000,665700000
6,1902,665700000,665700100,5539,9232,666050000,666050000
6,1903,666050000,666050100,5539,9232,666400000,666400000
6,1904,666400000,666400100,5539,9232,666750000,666750000
6,1905,666750000,666750100,5539,9232,667100000,667100000
6,1906,667100000,667100100,5539,9232,667450000,667450000
6,1907,667450000,667450100,5539,9232,667800000,667800000
6,1908,667800000,667800100,5539,9232,668150000,668150000
6,1909,668150000,668150100,5539,9232,668500000,668500000
6,1910,668500000,668500100,5539,9232,668850000,668850000
6,1911,668850000,668850100,5539,9232,669200000,669200000
6,1912,669200000,669200100,5539,9232,669550000,669550000
6,1913,669550000,669550100,5539,9232,669900000,669900000
6,1914,669900000,669900100,5539,9232,670250000,670250000
6,1915,670250000,670250100,5539,9232,670600000,670600000
6,1916,670600000,670600100,5539,9232,670950000,670950000
6,1917,670950000,670950100,5539,9232,671300000,671300000
6,1918,671300000,671300100,5539,9232,671650000,671650000
6,1919,671650000,671650100,5539,9232,672000000,672000000
6,1920,672000000,672000100,5539,9232,672350000,672350000
6,1921,672350000,672350100,5539,9232,672700000,672700000
6,1922,672700000,672700100,5539,9232,673050000,673050000
6,1923,673050000,673050100,5539,9232,673400000,673400000
6,1924,673400000,673400100,5539,9232,673750000,673750000
6,1925,673750000,673750100,5539,9232,674100000,674100000
6,1926,674100000,674100100,5539,9232,674450000,674450000
6,1927,674450000,674450100,5539,9232,674800000,674800000
6,1928,674800000,674800100,5539,9232,675150000,675150000
6,1929,675150000,675150100,5539,9232,675500000,675500000
6,1930,675500000,675500100,5539,9232,675850000,675850000
6,1931,675850000,675850100,5539,9232,676200000,676200000
6,1932,676200000,676200100,5539,9232,676550000,676550000
6,1933,676550000,676550100,5539,9232,676900000,676900000
6,1934,676900000,676900100,5539,9232,677250000,677250000
6,1935,677250000,677250100,5539,9232,677600000,677600000
6,1936,677600000,677600100,5539,9232,677950000,677950000
6,1937,677950000,677950100,5539,9232,678300000,678300000
6,1938,678300000,678300100,5539,9232,678650000,678650000
6,1939,678650000,678650100,5539,9232,679000000,679000000
6,1940,679000000,679000100,5539,9232,679350000,679350000
6,1941,679350000,679350100,5539,9232,679700000,679700000
6,1942,679700000,679700100,5539,9232,680050000,680050000
6,1943,680050000,680050100,5539,9232,680400000,680400000
6,1944,680400000,680400100,5539,9232,680750000,680750000
6,1945,680750000,680750100,5539,9232,681100000,681100000
6,1946,681100000,681100100,5539,9232,681450000,681450000
6,1947,681450000,681450100,5539,9232,681800000,681800000
6,1948,681800000,681800100,5539,9232,682150000,682150000
6,1949,682150000,682150100,5539,9232,682500000,682500000
6,1950,682500000,682500100,5539,9232,682850000,682850000
6,1951,682850000,682850100,5539,9232,683200000,683200000
6,1952,683200000,683200100,5539,9232,683550000,683550000
6,1953,683550000,683550100,5539,9232,683900000,683900000
6,1954,683900000,683900100,5539,9232,684250000,684250000
6,1955,684250000,684250100,5539,9232,684600000,684600000
6,1956,684600000,684600100,5539,9232,684950000,684950000
6,1957,684950000,684950100,5539,9232,685300000,685300000
6,1958,685300000,685300100,5539,9232,685650000,685650000
6,1959,685650000,685650100,5539,9232,686000000,686000000
6,1960,686000000,686000100,5539,9232,686350000,686350000
6,1961,686350000,686350100,5539,9232,686700000,686700000
6,1962,686700000,686700100,5539,9232,687050000,687050000
6,1963,687050000,687050100,5539,9232,687400000,687400000
6,1964,687400000,687400100,5539,9232,687750000,687750000
6,1965,687750000,687750100,5539,9232,688100000,688100000
6,1966,688100000,688100100,5539,9232,688450000,688450000
6,1967,688450000,688450100,5539,9232,688800000,688800000
6,1968,688800000,688800100,5539,9232,689150000,689150000
6,1969,689150000,689150100,5539,9232,689500000,689500000
6,1970,689500000,689500100,5539,9232,689850000,689850000
6,1971,689850000,689850100,5539,9232,690200000,690200000
6,1972,690200000,690200100,5539,9232,690550000,690550000
6,1973,690550000,690550100,5539,9232,690900000,690900000
6,1974,690900000,690900100,5539,9232,691250000,691250000
6,1975,691250000,691250100,5539,9232,691600000,691600000
6,1976,691600000,691600100,5539,9232,691950000,691950000
6,1977,691950000,691950100,5539,9232,692300000,692300000
6,1978,692300000,692300100,5539,9232,692650000,692650000
6,1979,692650000,692650100,5539,9232,693000000,693000000
6,1980,693000000,693000100,5539,9232,693350000,693350000
6,1981,693350000,693350100,5539,9232,693700000,693700000
6,1982,693700000,693700100,5539,9232,694050000,694050000
6,1983,694050000,694050100,5539,9232,694400000,694400000
6,1984,694400000,694400100,5539,9232,694750000,694750000
6,1985,694750000,694750100,5539,9232,695100000,695100000
6,1986,695100000,695100100,5539,9232,695450000,695450000
6,1987,695450000,695450100,5539,9232,695800000,695800000
6,1988,695800000,695800100,5539,9232,696150000,696150000
6,1989,696150000,696150100,5539,9232,696500000,696500000
6,1990,696500000,696500100,5539,9232,696850000,696850000
6,1991,696850000,696850100,5539,9232,697200000,697200000
6,1992,697200000,697200100,5539,9232,697550000,697550000
6,1993,697550000,697550100,5539,9232,697900000,697900000
6,1994,697900000,697900100,5539,9232,698250000,698250000
6,1995,698250000,698250100,5539,9232,698600000,698600000
6,1996,698600000,698600100,5539,9232,698950000,698950000
6,1997,698950000,698950100,5539,9232,699300000,699300000
6,1998,699300000,699300100,5539,9232,699650000,699650000
6,1999,699650000,699650100,5539,9232,700000000,700000000
6,2000,700000000,700000100,5539,9232,700350000,700350000
6,2001,700350000,700350100,5539,9232,700700000,700700000
6,2002,700700000,700700100,5539,9232,701050000,701050000
6,2003,701050000,701050100,5539,9232,701400000,701400000
6,2004,701400000,701400100,5539,9232,701750000,701750000
6,2005,701750000,701750100,5539,9232,702100000,702100000
6,2006,702100000,702100100,5539,9232,702450000,702450000
6,2007,702450000,702450100,5539,9232,702800000,702800000
6,2008,702800000,702800100,5539,9232,703150000,703150000
6,2009,703150000,703150100,5539,9232,703500000,703500000
6,2010,703500000,703500100,5539,9232,703850000,703850000
6,2011,703850000,703850100,5539,9232,704200000,704200000
6,2012,704200000,704200100,5539,9232,704550000,704550000
6,2013,704550000,704550100,5539,9232,704900000,704900000
6,2014,704900000,704900100,5539,9232,705250000,705250000
6,2015,705250000,705250100,5539,9232,705600000,705600000
6,2016,705600000,705600100,5539,9232,705950000,705950000
6,2017,705950000,705950100,5539,9232,706300000,706300000
6,2018,706300000,706300100,5539,9232,706650000,706650000
6,2019,706650000,706650100,5539,9232,707000000,707000000
6,2020,707000000,707000100,5539,9232,707350000,707350000
6,2021,707350000,707350100,5539,9232,707700000,707700000
6,2022,707700000,707700100,5539,9232,708050000,708050000
6,2023,708050000,708050100,5539,9232,708400000,708400000
6,2024,708400000,708400100,5539,9232,708750000,708750000
6,2025,708750000,708750100,5539,9232,709100000,709100000
6,2026,709100000,709100100,5539,9232,709450000,709450000
6,2027,709450000,709450100,5539,9232,709800000,709800000
6,2028,709800000,709800100,5539,9232,710150000,710150000
6,2029,710150000,710150100,5539,9232,710500000,710500000
6,2030,710500000,710500100,5539,9232,710850000,710850000
6,2031,710850000,710850100,5539,9232,711200000,711200000
6,2032,711200000,711200100,5539,9232,711550000,711550000
6,2033,711550000,711550100,5539,9232,711900000,711900000
6,2034,711900000,711900100,5539,9232,712250000,712250000
6,2035,712250000,712250100,5539,9232,712600000,712600000
6,2036,712600000,712600100,5539,9232,712950000,712950000
6,2037,712950000,712950100,5539,9232,713300000,713300000
6,2038,713300000,713300100,5539,9232,713650000,713650000
6,2039,713650000,713650100,5539,9232,714000000,714000000
6,2040,714000000,714000100,5539,9232,714350000,714350000
6,2041,714350000,714350100,5539,9232,714700000,714700000
6,2042,714700000,714700100,5539,9232,715050000,715050000
6,2043,715050000,715050100,5539,9232,715400000,715400000
6,2044,715400000,715400100,5539,9232,715750000,715750000
6,2045,715750000,715750100,5539,9232,716100000,716100000
6,2046,716100000,716100100,5539,9232,716450000,716450000
6,2047,716450000,716450100,5539,9232,716800000,716800000
6,2048,716800000,716800100,5539,9232,717150000,717150000
6,2049,717150000,717150100,5539,9232,717500000,717500000
6,2050,717500000,717500100,5539,9232,717850000,717850000
6,2051,717850000,717850100,5539,9232,718200000,718200000
6,2052,718200000,718200100,5539,9232,718550000,718550000
6,2053,718550000,718550100,5539,9232,718900000,718900000
6,2054,718900000,718900100,5539,9232,719250000,719250000
6,2055,719250000,719250100,5539,9232,719600000,719600000
6,2056,719600000,719600100,5539,9232,719950000,719950000
6,2057,719950000,719950100,5539,9232,720300000,720300000
6,2058,720300000,720300100,5539,9232,720650000,720650000
6,2059,720650000,720650100,5539,9232,721000000,721000000
6,2060,721000000,721000100,5539,9232,721350000,721350000
6,2061,721350000,721350100,5539,9232,721700000,721700000
6,2062,721700000,721700100,5539,9232,722050000,722050000
6,2063,722050000,722050100,5539,9232,722400000,722400000
6,2064,722400000,722400100,5539,9232,722750000,722750000
6,2065,722750000,722750100,5539,9232,723100000,723100000
6,2066,723100000,723100100,5539,9232,723450000,723450000
6,2067,723450000,723450100,5539,9232,723800000,723800000
6,2068,723800000,723800100,5539,9232,724150000,724150000
6,2069,724150000,724150100,5539,9232,724500000,724500000
6,2070,724500000,724500100,5539,9232,724850000,724850000
6,2071,724850000,724850100,5539,9232,725200000,725200000
6,2072,725200000,725200100,5539,9232,725550000,725550000
6,2073,725550000,725550100,5539,9232,725900000,725900000
6,2074,725900000,725900100,5539,9232,726250000,726250000
6,2075,726250000,726250100,5539,9232,726600000,726600000
6,2076,726600000,726600100,5539,9232,726950000,726950000
6,2077,726950000,726950100,5539,9232,727300000,727300000
6,2078,727300000,727300100,5539,9232,727650000,727650000
6,2079,727650000,727650100,5539,9232,728000000,728000000
6,2080,728000000,728000100,5539,9232,728350000,728350000
6,2081,728350000,728350100,5539,9232,728700000,728700000
6,2082,728700000,728700100,5539,9232,729050000,729050000
6,2083,729050000,729050100,5539,9232,729400000,729400000
6,2084,729400000,729400100,5539,9232,729750000,729750000
6,2085,729750000,729750100,5539,9232,730100000,730100000
6,2086,730100000,730100100,5539,9232,730450000,730450000
6,2087,730450000,730450100,5539,9232,730800000,730800000
6,2088,730800000,730800100,5539,9232,731150000,731150000
6,2089,731150000,731150100,5539,9232,731500000,731500000
6,2090,731500000,731500100,5539,9232,731850000,731850000
6,2091,731850000,731850100,5539,9232,732200000,732200000
6,2092,732200000,732200100,5539,9232,732550000,732550000
6,2093,732550000,732550100,5539,9232,732900000,732900000
6,2094,732900000,732900100,5539,9232,733250000,733250000
6,2095,733250000,733250100,5539,9232,733600000,733600000
6,2096,733600000,733600100,5539,9232,733950000,733950000
6,2097,733950000,733950100,5539,9232,734300000,734300000
6,2098,734300000,734300100,5539,9232,734650000,734650000
6,2099,734650000,734650100,5539,9232,735000000,735000000
6,2100,735000000,735000100,5539,9232,735350000,735350000
6,2101,735350000,735350100,5539,9232,735700000,735700000
6,2102,735700000,735700100,5539,9232,736050000,736050000
6,2103,736050000,736050100,5539,9232,736400000,736400000
6,2104,736400000,736400100,5539,9232,736750000,736750000
6,2105,736750000,736750100,5539,9232,737100000,737100000
6,2106,737100000,737100100,5539,9232,737450000,737450000
6,2107,737450000,737450100,5539,9232,737800000,737800000
6,2108,737800000,737800100,5539,9232,738150000,738150000
6,2109,738150000,738150100,5539,9232,738500000,738500000
6,2110,738500000,738500100,5539,9232,738850000,738850000
6,2111,738850000,738850100,5539,9232,739200000,739200000
6,2112,739200000,739200100,5539,9232,739550000,739550000
6,2113,739550000,739550100,5539,9232,739900000,739900000
6,2114,739900000,739900100,5539,9232,740250000,740250000
6,2115,740250000,740250100,5539,9232,740600000,740600000
6,2116,740600000,740600100,5539,9232,740950000,740950000
6,2117,740950000,740950100,5539,9232,741300000,741300000
6,2118,741300000,741300100,5539,9232,741650000,741650000
6,2119,741650000,741650100,5539,9232,742000000,742000000
6,2120,742000000,742000100,5539,9232,742350000,742350000
6,2121,742350000,742350100,5539,9232,742700000,742700000
6,2122,742700000,742700100,5539,9232,743050000,743050000
6,2123,743050000,743050100,5539,9232,743400000,743400000
6,2124,743400000,743400100,5539,9232,743750000,743750000
6,2125,743750000,743750100,5539,9232,744100000,744100000
6,2126,744100000,744100100,5539,9232,744450000,744450000
6,2127,744450000,744450100,5539,9232,744800000,744800000
6,2128,744800000,744800100,5539,9232,745150000,745150000
6,2129,745150000,745150100,5539,9232,745500000,745500000
6,2130,745500000,745500100,5539,9232,745850000,745850000
6,2131,745850000,745850100,5539,9232,746200000,746200000
6,2132,746200000,746200100,5539,9232,746550000,746550000
6,2133,746550000,746550100,5539,9232,746900000,746900000
6,2134,746900000,746900100,5539,9232,747250000,747250000
6,2135,747250000,747250100,5539,9232,747600000,747600000
6,2136,747600000,747600100,5539,9232,747950000,747950000
6,2137,747950000,747950100,5539,9232,748300000,748300000
6,2138,748300000,748300100,5539,9232,748650000,748650000
6,2139,748650000,748650100,5539,9232,749000000,749000000
6,2140,749000000,749000100,5539,9232,749350000,749350000
6,2141,749350000,749350100,5539,9232,749700000,749700000
6,2142,749700000,749700100,5539,9232,750050000,750050000
6,2143,750050000,750050100,5539,9232,750400000,750400000
6,2144,750400000,750400100,5539,9232,750750000,750750000
6,2145,750750000,750750100,5539,9232,751100000,751100000
6,2146,751100000,751100100,5539,9232,751450000,751450000
6,2147,751450000,751450100,5539,9232,751800000,751800000
6,2148,751800000,751800100,5539,9232,752150000,752150000
6,2149,752150000,752150100,5539,9232,752500000,752500000
6,2150,752500000,752500100,5539,9232,752850000,752850000
6,2151,752850000,752850100,5539,9232,753200000,753200000
6,2152,753200000,753200100,5539,9232,753550000,753550000
6,2153,753550000,753550100,5539,9232,753900000,753900000
6,2154,753900000,753900100,5539,9232,754250000,754250000
6,2155,754250000,754250100,5539,9232,754600000,754600000
6,2156,754600000,754600100,5539,9232,754950000,754950000
6,2157,754950000,754950100,5539,9232,755300000,755300000
6,2158,755300000,755300100,5539,9232,755650000,755650000
6,2159,755650000,755650100,5539,9232,756000000,756000000
6,2160,756000000,756000100,5539,9232,756350000,756350000
6,2161,756350000,756350100,5539,9232,756700000,756700000
6,2162,756700000,756700100,5539,9232,757050000,757050000
6,2163,757050000,757050100,5539,9232,757400000,757400000
6,2164,757400000,757400100,5539,9232,757750000,757750000
6,2165,757750000,757750100,5539,9232,758100000,758100000
6,2166,758100000,758100100,5539,9232,758450000,758450000
6,2167,758450000,758450100,5539,9232,758800000,758800000
6,2168,758800000,758800100,5539,9232,759150000,759150000
6,2169,759150000,759150100,5539,9232,759500000,759500000
6,2170,759500000,759500100,5539,9232,759850000,759850000
6,2171,759850000,759850100,5539,9232,760200000,760200000
6,2172,760200000,760200100,5539,9232,760550000,760550000
6,2173,760550000,760550100,5539,9232,760900000,760900000
6,2174,760900000,760900100,5539,9232,761250000,761250000
6,2175,761250000,761250100,5539,9232,761600000,761600000
6,2176,761600000,761600100,5539,9232,761950000,761950000
6,2177,761950000,761950100,5539,9232,762300000,762300000
6,2178,762300000,762300100,5539,9232,762650000,762650000
6,2179,762650000,762650100,5539,9232,763000000,763000000
6,2180,763000000,763000100,5539,9232,763350000,763350000
6,2181,763350000,763350100,5539,9232,763700000,763700000
6,2182,763700000,763700100,5539,9232,764050000,764050000
6,2183,764050000,764050100,5539,9232,764400000,764400000
6,2184,764400000,764400100,5539,9232,764750000,764750000
6,2185,764750000,764750100,5539,9232,765100000,765100000
6,2186,765100000,765100100,5539,9232,765450000,765450000
6,2187,765450000,765450100,5539,9232,765800000,765800000
6,2188,765800000,765800100,5539,9232,766150000,766150000
6,2189,766150000,766150100,5539,9232,766500000,766500000
6,2190,766500000,766500100,5539,9232,766850000,766850000
6,2191,766850000,766850100,5539,9232,767200000,767200000
6,2192,767200000,767200100,5539,9232,767550000,767550000
6,2193,767550000,767550100,5539,9232,767900000,767900000
6,2194,767900000,767900100,5539,9232,768250000,768250000
6,2195,768250000,768250100,5539,9232,768600000,768600000
6,2196,768600000,768600100,5539,9232,768950000,768950000
6,2197,768950000,768950100,5539,9232,769300000,769300000
6,2198,769300000,769300100,5539,9232,769650000,769650000
6,2199,769650000,769650100,5539,9232,770000000,770000000
6,2200,770000000,770000100,5539,9232,770350000,770350000
6,2201,770350000,770350100,5539,9232,770700000,770700000
6,2202,770700000,770700100,5539,9232,771050000,771050000
6,2203,771050000,771050100,5539,9232,771400000,771400000
6,2204,771400000,771400100,5539,9232,771750000,771750000
6,2205,771750000,771750100,5539,9232,772100000,772100000
6,2206,772100000,772100100,5539,9232,772450000,772450000
6,2207,772450000,772450100,5539,9232,772800000,772800000
6,2208,772800000,772800100,5539,9232,773150000,773150000
6,2209,773150000,773150100,5539,9232,773500000,773500000
6,2210,773500000,773500100,5539,9232,773850000,773850000
6,2211,773850000,773850100,5539,9232,774200000,774200000
6,2212,774200000,774200100,5539,9232,774550000,774550000
6,2213,774550000,774550100,5539,9232,774900000,774900000
6,2214,774900000,774900100,5539,9232,775250000,775250000
6,2215,775250000,775250100,5539,9232,775600000,775600000
6,2216,775600000,775600100,5539,9232,775950000,775950000
6,2217,775950000,775950100,5539,9232,776300000,776300000
6,2218,776300000,776300100,5539,9232,776650000,776650000
6,2219,776650000,776650100,5539,9232,777000000,777000000
6,2220,777000000,777000100,5539,9232,777350000,777350000
6,2221,777350000,777350100,5539,9232,777700000,777700000
6,2222,777700000,777700100,5539,9232,778050000,778050000
6,2223,778050000,778050100,5539,9232,778400000,778400000
6,2224,778400000,778400100,5539,9232,778750000,778750000
6,2225,778750000,778750100,5539,9232,779100000,779100000
6,2226,779100000,779100100,5539,9232,779450000,779450000
6,2227,779450000,779450100,5539,9232,779800000,779800000
6,2228,779800000,779800100,5539,9232,780150000,780150000
6,2229,780150000,780150100,5539,9232,780500000,780500000
6,2230,780500000,780500100,5539,9232,780850000,780850000
6,2231,780850000,780850100,5539,9232,781200000,781200000
6,2232,781200000,781200100,5539,9232,781550000,781550000
6,2233,781550000,781550100,5539,9232,781900000,781900000
6,2234,781900000,781900100,5539,9232,782250000,782250000
6,2235,782250000,782250100,5539,9232,782600000,782600000
6,2236,782600000,782600100,5539,9232,782950000,782950000
6,2237,782950000,782950100,5539,9232,783300000,783300000
6,2238,783300000,783300100,5539,9232,783650000,783650000
6,2239,783650000,783650100,5539,9232,784000000,784000000
6,2240,784000000,784000100,5539,9232,784350000,784350000
6,2241,784350000,784350100,5539,9232,784700000,784700000
6,2242,784700000,784700100,5539,9232,785050000,785050000
6,2243,785050000,785050100,5539,9232,785400000,785400000
6,2244,785400000,785400100,5539,9232,785750000,785750000
6,2245,785750000,785750100,5539,9232,786100000,786100000
6,2246,786100000,786100100,5539,9232,786450000,786450000
6,2247,786450000,786450100,5539,9232,786800000,786800000
6,2248,786800000,786800100,5539,9232,787150000,787150000
6,2249,787150000,787150100,5539,9232,787500000,787500000
6,2250,787500000,787500100,5539,9232,787850000,787850000
6,2251,787850000,787850100,5539,9232,788200000,788200000
6,2252,788200000,788200100,5539,9232,788550000,788550000
6,2253,788550000,788550100,5539,9232,788900000,788900000
6,2254,788900000,788900100,5539,9232,789250000,789250000
6,2255,789250000,789250100,5539,9232,789600000,789600000
6,2256,789600000,789600100,5539,9232,789950000,789950000
6,2257,789950000,789950100,5539,9232,790300000,790300000
6,2258,790300000,790300100,5539,9232,790650000,790650000
6,2259,790650000,790650100,5539,9232,791000000,791000000
6,2260,791000000,791000100,5539,9232,791350000,791350000
6,2261,791350000,791350100,5539,9232,791700000,791700000
6,2262,791700000,791700100,5539,9232,792050000,792050000
6,2263,792050000,792050100,5539,9232,792400000,792400000
6,2264,792400000,792400100,5539,9232,792750000,792750000
6,2265,792750000,792750100,5539,9232,793100000,793100000
6,2266,793100000,793100100,5539,9232,793450000,793450000
6,2267,793450000,793450100,5539,9232,793800000,793800000
6,2268,793800000,793800100,5539,9232,794150000,794150000
6,2269,794150000,794150100,5539,9232,794500000,794500000
6,2270,794500000,794500100,5539,9232,794850000,794850000
6,2271,794850000,794850100,5539,9232,795200000,795200000
6,2272,795200000,795200100,5539,9232,795550000,795550000
6,2273,795550000,795550100,5539,9232,795900000,795900000
6,2274,795900000,795900100,5539,9232,796250000,796250000
6,2275,796250000,796250100,5539,9232,796600000,796600000
6,2276,796600000,796600100,5539,9232,796950000,796950000
6,2277,796950000,796950100,5539,9232,797300000,797300000
6,2278,797300000,797300100,5539,9232,797650000,797650000
6,2279,797650000,797650100,5539,9232,798000000,798000000
6,2280,798000000,798000100,5539,9232,798350000,798350000
6,2281,798350000,798350100,5539,9232,798700000,798700000
6,2282,798700000,798700100,5539,9232,799050000,799050000
6,2283,799050000,799050100,5539,9232,799400000,799400000
6,2284,799400000,799400100,5539,9232,799750000,799750000
6,2285,799750000,799750100,5539,9232,800100000,800100000
6,2286,800100000,800100100,5539,9232,800450000,800450000
6,2287,800450000,800450100,5539,9232,800800000,800800000
6,2288,800800000,800800100,5539,9232,801150000,801150000
6,2289,801150000,801150100,5539,9232,801500000,801500000
6,2290,801500000,801500100,5539,9232,801850000,801850000
6,2291,801850000,801850100,5539,9232,802200000,802200000
6,2292,802200000,802200100,5539,9232,802550000,802550000
6,2293,802550000,802550100,5539,9232,802900000,802900000
6,2294,802900000,802900100,5539,9232,803250000,803250000
6,2295,803250000,803250100,5539,9232,803600000,803600000
6,2296,803600000,803600100,5539,9232,803950000,803950000
6,2297,803950000,803950100,5539,9232,804300000,804300000
6,2298,804300000,804300100,5539,9232,804650000,804650000
6,2299,804650000,804650100,5539,9232,805000000,805000000
6,2300,805000000,805000100,5539,9232,805350000,805350000
6,2301,805350000,805350100,5539,9232,805700000,805700000
6,2302,805700000,805700100,5539,9232,806050000,806050000
6,2303,806050000,806050100,5539,9232,806400000,806400000
6,2304,806400000,806400100,5539,9232,806750000,806750000
6,2305,806750000,806750100,5539,9232,807100000,807100000
6,2306,807100000,807100100,5539,9232,807450000,807450000
6,2307,807450000,807450100,5539,9232,807800000,807800000
6,2308,807800000,807800100,5539,9232,808150000,808150000
6,2309,808150000,808150100,5539,9232,808500000,808500000
6,2310,808500000,808500100,5539,9232,808850000,808850000
6,2311,808850000,808850100,5539,9232,809200000,809200000
6,2312,809200000,809200100,5539,9232,809550000,809550000
6,2313,809550000,809550100,5539,9232,809900000,809900000
6,2314,809900000,809900100,5539,9232,810250000,810250000
6,2315,810250000,810250100,5539,9232,810600000,810600000
6,2316,810600000,810600100,5539,9232,810950000,810950000
6,2317,810950000,810950100,5539,9232,811300000,811300000
6,2318,811300000,811300100,5539,9232,811650000,811650000
6,2319,811650000,811650100,5539,9232,812000000,812000000
6,2320,812000000,812000100,5539,9232,812350000,812350000
6,2321,812350000,812350100,5539,9232,812700000,812700000
6,2322,812700000,812700100,5539,9232,813050000,813050000
6,2323,813050000,813050100,5539,9232,813400000,813400000
6,2324,813400000,813400100,5539,9232,813750000,813750000
6,2325,813750000,813750100,5539,9232,814100000,814100000
6,2326,814100000,814100100,5539,9232,814450000,814450000
6,2327,814450000,814450100,5539,9232,814800000,814800000
6,2328,814800000,814800100,5539,9232,815150000,815150000
6,2329,815150000,815150100,5539,9232,815500000,815500000
6,2330,815500000,815500100,5539,9232,815850000,815850000
6,2331,815850000,815850100,5539,9232,816200000,816200000
6,2332,816200000,816200100,5539,9232,816550000,816550000
6,2333,816550000,816550100,5539,9232,816900000,816900000
6,2334,816900000,816900100,5539,9232,817250000,817250000
6,2335,817250000,817250100,5539,9232,817600000,817600000
6,2336,817600000,817600100,5539,9232,817950000,817950000
6,2337,817950000,817950100,5539,9232,818300000,818300000
6,2338,818300000,818300100,5539,9232,818650000,818650000
6,2339,818650000,818650100,5539,9232,819000000,819000000
6,2340,819000000,819000100,5539,9232,819350000,819350000
6,2341,819350000,819350100,5539,9232,819700000,819700000
6,2342,819700000,819700100,5539,9232,820050000,820050000
6,2343,820050000,820050100,5539,9232,820400000,820400000
6,2344,820400000,820400100,5539,9232,820750000,820750000
6,2345,820750000,820750100,5539,9232,821100000,821100000
6,2346,821100000,821100100,5539,9232,821450000,821450000
6,2347,821450000,821450100,5539,9232,821800000,821800000
6,2348,821800000,821800100,5539,9232,822150000,822150000
6,2349,822150000,822150100,5539,9232,822500000,822500000
6,2350,822500000,822500100,5539,9232,822850000,822850000
6,2351,822850000,822850100,5539,9232,823200000,823200000
6,2352,823200000,823200100,5539,9232,823550000,823550000
6,2353,823550000,823550100,5539,9232,823900000,823900000
6,2354,823900000,823900100,5539,9232,824250000,824250000
6,2355,824250000,824250100,5539,9232,824600000,824600000
6,2356,824600000,824600100,5539,9232,824950000,824950000
6,2357,824950000,824950100,5539,9232,825300000,825300000
6,2358,825300000,825300100,5539,9232,825650000,825650000
6,2359,825650000,825650100,5539,9232,826000000,826000000
6,2360,826000000,826000100,5539,9232,826350000,826350000
6,2361,826350000,826350100,5539,9232,826700000,826700000
6,2362,826700000,826700100,5539,9232,827050000,827050000
6,2363,827050000,827050100,5539,9232,827400000,827400000
6,2364,827400000,827400100,5539,9232,827750000,827750000
6,2365,827750000,827750100,5539,9232,828100000,828100000
6,2366,828100000,828100100,5539,9232,828450000,828450000
6,2367,828450000,828450100,5539,9232,828800000,828800000
6,2368,828800000,828800100,5539,9232,829150000,829150000
6,2369,829150000,829150100,5539,9232,829500000,829500000
6,2370,829500000,829500100,5539,9232,829850000,829850000
6,2371,829850000,829850100,5539,9232,830200000,830200000
6,2372,830200000,830200100,5539,9232,830550000,830550000
6,2373,830550000,830550100,5539,9232,830900000,830900000
6,2374,830900000,830900100,5539,9232,831250000,831250000
6,2375,831250000,831250100,5539,9232,831600000,831600000
6,2376,831600000,831600100,5539,9232,831950000,831950000
6,2377,831950000,831950100,5539,9232,832300000,832300000
6,2378,832300000,832300100,5539,9232,832650000,832650000
6,2379,832650000,832650100,5539,9232,833000000,833000000
6,2380,833000000,833000100,5539,9232,833350000,833350000
6,2381,833350000,833350100,5539,9232,833700000,833700000
6,2382,833700000,833700100,5539,9232,834050000,834050000
6,2383,834050000,834050100,5539,9232,834400000,834400000
6,2384,834400000,834400100,5539,9232,834750000,834750000
6,2385,834750000,834750100,5539,9232,835100000,835100000
6,2386,835100000,835100100,5539,9232,835450000,835450000
6,2387,835450000,835450100,5539,9232,835800000,835800000
6,2388,835800000,835800100,5539,9232,836150000,836150000
6,2389,836150000,836150100,5539,9232,836500000,836500000
6,2390,836500000,836500100,5539,9232,836850000,836850000
6,2391,836850000,836850100,5539,9232,837200000,837200000
6,2392,837200000,837200100,5539,9232,837550000,837550000
6,2393,837550000,837550100,5539,9232,837900000,837900000
6,2394,837900000,837900100,5539,9232,838250000,838250000
6,2395,838250000,838250100,5539,9232,838600000,838600000
6,2396,838600000,838600100,5539,9232,838950000,838950000
6,2397,838950000,838950100,5539,9232,839300000,839300000
6,2398,839300000,839300100,5539,9232,839650000,839650000
6,2399,839650000,839650100,5539,9232,840000000,840000000
6,2400,840000000,840000100,5539,9232,840350000,840350000
6,2401,840350000,840350100,5539,9232,840700000,840700000
6,2402,840700000,840700100,5539,9232,841050000,841050000
6,2403,841050000,841050100,5539,9232,841400000,841400000
6,2404,841400000,841400100,5539,9232,841750000,841750000
6,2405,841750000,841750100,5539,9232,842100000,842100000
6,2406,842100000,842100100,5539,9232,842450000,842450000
6,2407,842450000,842450100,5539,9232,842800000,842800000
6,2408,842800000,842800100,5539,9232,843150000,843150000
6,2409,843150000,843150100,5539,9232,843500000,843500000
6,2410,843500000,843500100,5539,9232,843850000,843850000
6,2411,843850000,843850100,5539,9232,844200000,844200000
6,2412,844200000,844200100,5539,9232,844550000,844550000
6,2413,844550000,844550100,5539,9232,844900000,844900000
6,2414,844900000,844900100,5539,9232,845250000,845250000
6,2415,845250000,845250100,5539,9232,845600000,845600000
6,2416,845600000,845600100,5539,9232,845950000,845950000
6,2417,845950000,845950100,5539,9232,846300000,846300000
6,2418,846300000,846300100,5539,9232,846650000,846650000
6,2419,846650000,846650100,5539,9232,847000000,847000000
6,2420,847000000,847000100,5539,9232,847350000,847350000
6,2421,847350000,847350100,5539,9232,847700000,847700000
6,2422,847700000,847700100,5539,9232,848050000,848050000
6,2423,848050000,848050100,5539,9232,848400000,848400000
6,2424,848400000,848400100,5539,9232,848750000,848750000
6,2425,848750000,848750100,5539,9232,849100000,849100000
6,2426,849100000,849100100,5539,9232,849450000,849450000
6,2427,849450000,849450100,5539,9232,849800000,849800000
6,2428,849800000,849800100,5539,9232,850150000,850150000
6,2429,850150000,850150100,5539,9232,850500000,850500000
6,2430,850500000,850500100,5539,9232,850850000,850850000
6,2431,850850000,850850100,5539,9232,851200000,851200000
6,2432,851200000,851200100,5539,9232,851550000,851550000
6,2433,851550000,851550100,5539,9232,851900000,851900000
6,2434,851900000,851900100,5539,9232,852250000,852250000
6,2435,852250000,852250100,5539,9232,852600000,852600000
6,2436,852600000,852600100,5539,9232,852950000,852950000
6,2437,852950000,852950100,5539,9232,853300000,853300000
6,2438,853300000,853300100,5539,9232,853650000,853650000
6,2439,853650000,853650100,5539,9232,854000000,854000000
6,2440,854000000,854000100,5539,9232,854350000,854350000
6,2441,854350000,854350100,5539,9232,854700000,854700000
6,2442,854700000,854700100,5539,9232,855050000,855050000
6,2443,855050000,855050100,5539,9232,855400000,855400000
6,2444,855400000,855400100,5539,9232,855750000,855750000
6,2445,855750000,855750100,5539,9232,856100000,856100000
6,2446,856100000,856100100,5539,9232,856450000,856450000
6,2447,856450000,856450100,5539,9232,856800000,856800000
6,2448,856800000,856800100,5539,9232,857150000,857150000
6,2449,857150000,857150100,5539,9232,857500000,857500000
6,2450,857500000,857500100,5539,9232,857850000,857850000
6,2451,857850000,857850100,5539,9232,858200000,858200000
6,2452,858200000,858200100,5539,9232,858550000,858550000
6,2453,858550000,858550100,5539,9232,858900000,858900000
6,2454,858900000,858900100,5539,9232,859250000,859250000
6,2455,859250000,859250100,5539,9232,859600000,859600000
6,2456,859600000,859600100,5539,9232,859950000,859950000
6,2457,859950000,859950100,5539,9232,860300000,860300000
6,2458,860300000,860300100,5539,9232,860650000,860650000
6,2459,860650000,860650100,5539,9232,861000000,861000000
6,2460,861000000,861000100,5539,9232,861350000,861350000
6,2461,861350000,861350100,5539,9232,861700000,861700000
6,2462,861700000,861700100,5539,9232,862050000,862050000
6,2463,862050000,862050100,5539,9232,862400000,862400000
6,2464,862400000,862400100,5539,9232,862750000,862750000
6,2465,862750000,862750100,5539,9232,863100000,863100000
6,2466,863100000,863100100,5539,9232,863450000,863450000
6,2467,863450000,863450100,5539,9232,863800000,863800000
6,2468,863800000,863800100,5539,9232,864150000,864150000
6,2469,864150000,864150100,5539,9232,864500000,864500000
6,2470,864500000,864500100,5539,9232,864850000,864850000
6,2471,864850000,864850100,5539,9232,865200000,865200000
6,2472,865200000,865200100,5539,9232,865550000,865550000
6,2473,865550000,865550100,5539,9232,865900000,865900000
6,2474,865900000,865900100,5539,9232,866250000,866250000
6,2475,866250000,866250100,5539,9232,866600000,866600000
6,2476,866600000,866600100,5539,9232,866950000,866950000
6,2477,866950000,866950100,5539,9232,867300000,867300000
6,2478,867300000,867300100,5539,9232,867650000,867650000
6,2479,867650000,867650100,5539,9232,868000000,868000000
6,2480,868000000,868000100,5539,9232,868350000,868350000
6,2481,868350000,868350100,5539,9232,868700000,868700000
6,2482,868700000,868700100,5539,9232,869050000,869050000
6,2483,869050000,869050100,5539,9232,869400000,869400000
6,2484,869400000,869400100,5539,9232,869750000,869750000
6,2485,869750000,869750100,5539,9232,870100000,870100000
6,2486,870100000,870100100,5539,9232,870450000,870450000
6,2487,870450000,870450100,5539,9232,870800000,870800000
6,2488,870800000,870800100,5539,9232,871150000,871150000
6,2489,871150000,871150100,5539,9232,871500000,871500000
6,2490,871500000,871500100,5539,9232,871850000,871850000
6,2491,871850000,871850100,5539,9232,872200000,872200000
6,2492,872200000,872200100,5539,9232,872550000,872550000
6,2493,872550000,872550100,5539,9232,872900000,872900000
6,2494,872900000,872900100,5539,9232,873250000,873250000
6,2495,873250000,873250100,5539,9232,873600000,873600000
6,2496,873600000,873600100,5539,9232,873950000,873950000
6,2497,873950000,873950100,5539,9232,874300000,874300000
6,2498,874300000,874300100,5539,9232,874650000,874650000
6,2499,874650000,874650100,5539,9232,875000000,875000000
6,2500,875000000,875000100,5539,9232,875350000,875350000
6,2501,875350000,875350100,5539,9232,875700000,875700000
6,2502,875700000,875700100,5539,9232,876050000,876050000
6,2503,876050000,876050100,5539,9232,876400000,876400000
6,2504,876400000,876400100,5539,9232,876750000,876750000
6,2505,876750000,876750100,5539,9232,877100000,877100000
6,2506,877100000,877100100,5539,9232,877450000,877450000
6,2507,877450000,877450100,5539,9232,877800000,877800000
6,2508,877800000,877800100,5539,9232,878150000,878150000
6,2509,878150000,878150100,5539,9232,878500000,878500000
6,2510,878500000,878500100,5539,9232,878850000,878850000
6,2511,878850000,878850100,5539,9232,879200000,879200000
6,2512,879200000,879200100,5539,9232,879550000,879550000
6,2513,879550000,879550100,5539,9232,879900000,879900000
6,2514,879900000,879900100,5539,9232,880250000,880250000
6,2515,880250000,880250100,5539,9232,880600000,880600000
6,2516,880600000,880600100,5539,9232,880950000,880950000
6,2517,880950000,880950100,5539,9232,881300000,881300000
6,2518,881300000,881300100,5539,9232,881650000,881650000
6,2519,881650000,881650100,5539,9232,882000000,882000000
6,2520,882000000,882000100,5539,9232,882350000,882350000
6,2521,882350000,882350100,5539,9232,882700000,882700000
6,2522,882700000,882700100,5539,9232,883050000,883050000
6,2523,883050000,883050100,5539,9232,883400000,883400000
6,2524,883400000,883400100,5539,9232,883750000,883750000
6,2525,883750000,883750100,5539,9232,884100000,884100000
6,2526,884100000,884100100,5539,9232,884450000,884450000
6,2527,884450000,884450100,5539,9232,884800000,884800000
6,2528,884800000,884800100,5539,9232,885150000,885150000
6,2529,885150000,885150100,5539,9232,885500000,885500000
6,2530,885500000,885500100,5539,9232,885850000,885850000
6,2531,885850000,885850100,5539,9232,886200000,886200000
6,2532,886200000,886200100,5539,9232,886550000,886550000
6,2533,886550000,886550100,5539,9232,886900000,886900000
6,2534,886900000,886900100,5539,9232,887250000,887250000
6,2535,887250000,887250100,5539,9232,887600000,887600000
6,2536,887600000,887600100,5539,9232,887950000,887950000
6,2537,887950000,887950100,5539,9232,888300000,888300000
6,2538,888300000,888300100,5539,9232,888650000,888650000
6,2539,888650000,888650100,5539,9232,889000000,889000000
6,2540,889000000,889000100,5539,9232,889350000,889350000
6,2541,889350000,889350100,5539,9232,889700000,889700000
6,2542,889700000,889700100,5539,9232,890050000,890050000
6,2543,890050000,890050100,5539,9232,890400000,890400000
6,2544,890400000,890400100,5539,9232,890750000,890750000
6,2545,890750000,890750100,5539,9232,891100000,891100000
6,2546,891100000,891100100,5539,9232,891450000,891450000
6,2547,891450000,891450100,5539,9232,891800000,891800000
6,2548,891800000,891800100,5539,9232,892150000,892150000
6,2549,892150000,892150100,5539,9232,892500000,892500000
6,2550,892500000,892500100,5539,9232,892850000,892850000
6,2551,892850000,892850100,5539,9232,893200000,893200000
6,2552,893200000,893200100,5539,9232,893550000,893550000
6,2553,893550000,893550100,5539,9232,893900000,893900000
6,2554,893900000,893900100,5539,9232,894250000,894250000
6,2555,894250000,894250100,5539,9232,894600000,894600000
6,2556,894600000,894600100,5539,9232,894950000,894950000
6,2557,894950000,894950100,5539,9232,895300000,895300000
6,2558,895300000,895300100,5539,9232,895650000,895650000
6,2559,895650000,895650100,5539,9232,896000000,896000000
6,2560,896000000,896000100,5539,9232,896350000,896350000
6,2561,896350000,896350100,5539,9232,896700000,896700000
6,2562,896700000,896700100,5539,9232,897050000,897050000
6,2563,897050000,897050100,5539,9232,897400000,897400000
6,2564,897400000,897400100,5539,9232,897750000,897750000
6,2565,897750000,897750100,5539,9232,898100000,898100000
6,2566,898100000,898100100,5539,9232,898450000,898450000
6,2567,898450000,898450100,5539,9232,898800000,898800000
6,2568,898800000,898800100,5539,9232,899150000,899150000
6,2569,899150000,899150100,5539,9232,899500000,899500000
6,2570,899500000,899500100,5539,9232,899850000,899850000
6,2571,899850000,899850100,5539,9232,900200000,900200000
6,2572,900200000,900200100,5539,9232,900550000,900550000
6,2573,900550000,900550100,5539,9232,900900000,900900000
6,2574,900900000,900900100,5539,9232,901250000,901250000
6,2575,901250000,901250100,5539,9232,901600000,901600000
6,2576,901600000,901600100,5539,9232,901950000,901950000
6,2577,901950000,901950100,5539,9232,902300000,902300000
6,2578,902300000,902300100,5539,9232,902650000,902650000
6,2579,902650000,902650100,5539,9232,903000000,903000000
6,2580,903000000,903000100,5539,9232,903350000,903350000
6,2581,903350000,903350100,5539,9232,903700000,903700000
6,2582,903700000,903700100,5539,9232,904050000,904050000
6,2583,904050000,904050100,5539,9232,904400000,904400000
6,2584,904400000,904400100,5539,9232,904750000,904750000
6,2585,904750000,904750100,5539,9232,905100000,905100000
6,2586,905100000,905100100,5539,9232,905450000,905450000
6,2587,905450000,905450100,5539,9232,905800000,905800000
6,2588,905800000,905800100,5539,9232,906150000,906150000
6,2589,906150000,906150100,5539,9232,906500000,906500000
6,2590,906500000,906500100,5539,9232,906850000,906850000
6,2591,906850000,906850100,5539,9232,907200000,907200000
6,2592,907200000,907200100,5539,9232,907550000,907550000
6,2593,907550000,907550100,5539,9232,907900000,907900000
6,2594,907900000,907900100,5539,9232,908250000,908250000
6,2595,908250000,908250100,5539,9232,908600000,908600000
6,2596,908600000,908600100,5539,9232,908950000,908950000
6,2597,908950000,908950100,5539,9232,909300000,909300000
6,2598,909300000,909300100,5539,9232,909650000,909650000
6,2599,909650000,909650100,5539,9232,910000000,910000000
6,2600,910000000,910000100,5539,9232,910350000,910350000
6,2601,910350000,910350100,5539,9232,910700000,910700000
6,2602,910700000,910700100,5539,9232,911050000,911050000
6,2603,911050000,911050100,5539,9232,911400000,911400000
6,2604,911400000,911400100,5539,9232,911750000,911750000
6,2605,911750000,911750100,5539,9232,912100000,912100000
6,2606,912100000,912100100,5539,9232,912450000,912450000
6,2607,912450000,912450100,5539,9232,912800000,912800000
6,2608,912800000,912800100,5539,9232,913150000,913150000
6,2609,913150000,913150100,5539,9232,913500000,913500000
6,2610,913500000,913500100,5539,9232,913850000,913850000
6,2611,913850000,913850100,5539,9232,914200000,914200000
6,2612,914200000,914200100,5539,9232,914550000,914550000
6,2613,914550000,914550100,5539,9232,914900000,914900000
6,2614,914900000,914900100,5539,9232,915250000,915250000
6,2615,915250000,915250100,5539,9232,915600000,915600000
6,2616,915600000,915600100,5539,9232,915950000,915950000
6,2617,915950000,915950100,5539,9232,916300000,916300000
6,2618,916300000,916300100,5539,9232,916650000,916650000
6,2619,916650000,916650100,5539,9232,917000000,917000000
6,2620,917000000,917000100,5539,9232,917350000,917350000
6,2621,917350000,917350100,5539,9232,917700000,917700000
6,2622,917700000,917700100,5539,9232,918050000,918050000
6,2623,918050000,918050100,5539,9232,918400000,918400000
6,2624,918400000,918400100,5539,9232,918750000,918750000
6,2625,918750000,918750100,5539,9232,919100000,919100000
6,2626,919100000,919100100,5539,9232,919450000,919450000
6,2627,919450000,919450100,5539,9232,919800000,919800000
6,2628,919800000,919800100,5539,9232,920150000,920150000
6,2629,920150000,920150100,5539,9232,920500000,920500000
6,2630,920500000,920500100,5539,9232,920850000,920850000
6,2631,920850000,920850100,5539,9232,921200000,921200000
6,2632,921200000,921200100,5539,9232,921550000,921550000
6,2633,921550000,921550100,5539,9232,921900000,921900000
6,2634,921900000,921900100,5539,9232,922250000,922250000
6,2635,922250000,922250100,5539,9232,922600000,922600000
6,2636,922600000,922600100,5539,9232,922950000,922950000
6,2637,922950000,922950100,5539,9232,923300000,923300000
6,2638,923300000,923300100,5539,9232,923650000,923650000
6,2639,923650000,923650100,5539,9232,924000000,924000000
6,2640,924000000,924000100,5539,9232,924350000,924350000
6,2641,924350000,924350100,5539,9232,924700000,924700000
6,2642,924700000,924700100,5539,9232,925050000,925050000
6,2643,925050000,925050100,5539,9232,925400000,925400000
6,2644,925400000,925400100,5539,9232,925750000,925750000
6,2645,925750000,925750100,5539,9232,926100000,926100000
6,2646,926100000,926100100,5539,9232,926450000,926450000
6,2647,926450000,926450100,5539,9232,926800000,926800000
6,2648,926800000,926800100,5539,9232,927150000,927150000
6,2649,927150000,927150100,5539,9232,927500000,927500000
6,2650,927500000,927500100,5539,9232,927850000,927850000
6,2651,927850000,927850100,5539,9232,928200000,928200000
6,2652,928200000,928200100,5539,9232,928550000,928550000
6,2653,928550000,928550100,5539,9232,928900000,928900000
6,2654,928900000,928900100,5539,9232,929250000,929250000
6,2655,929250000,929250100,5539,9232,929600000,929600000
6,2656,929600000,929600100,5539,9232,929950000,929950000
6,2657,929950000,929950100,5539,9232,930300000,930300000
6,2658,930300000,930300100,5539,9232,930650000,930650000
6,2659,930650000,930650100,5539,9232,931000000,931000000
6,2660,931000000,931000100,5539,9232,931350000,931350000
6,2661,931350000,931350100,5539,9232,931700000,931700000
6,2662,931700000,931700100,5539,9232,932050000,932050000
6,2663,932050000,932050100,5539,9232,932400000,932400000
6,2664,932400000,932400100,5539,9232,932750000,932750000
6,2665,932750000,932750100,5539,9232,933100000,933100000
6,2666,933100000,933100100,5539,9232,933450000,933450000
6,2667,933450000,933450100,5539,9232,933800000,933800000
6,2668,933800000,933800100,5539,9232,934150000,934150000
6,2669,934150000,934150100,5539,9232,934500000,934500000
6,2670,934500000,934500100,5539,9232,934850000,934850000
6,2671,934850000,934850100,5539,9232,935200000,935200000
6,2672,935200000,935200100,5539,9232,935550000,935550000
6,2673,935550000,935550100,5539,9232,935900000,935900000
6,2674,935900000,935900100,5539,9232,936250000,936250000
6,2675,936250000,936250100,5539,9232,936600000,936600000
6,2676,936600000,936600100,5539,9232,936950000,936950000
6,2677,936950000,936950100,5539,9232,937300000,937300000
6,2678,937300000,937300100,5539,9232,937650000,937650000
6,2679,937650000,937650100,5539,9232,938000000,938000000
6,2680,938000000,938000100,5539,9232,938350000,938350000
6,2681,938350000,938350100,5539,9232,938700000,938700000
6,2682,938700000,938700100,5539,9232,939050000,939050000
6,2683,939050000,939050100,5539,9232,939400000,939400000
6,2684,939400000,939400100,5539,9232,939750000,939750000
6,2685,939750000,939750100,5539,9232,940100000,940100000
6,2686,940100000,940100100,5539,9232,940450000,940450000
6,2687,940450000,940450100,5539,9232,940800000,940800000
6,2688,940800000,940800100,5539,9232,941150000,941150000
6,2689,941150000,941150100,5539,9232,941500000,941500000
6,2690,941500000,941500100,5539,9232,941850000,941850000
6,2691,941850000,941850100,5539,9232,942200000,942200000
6,2692,942200000,942200100,5539,9232,942550000,942550000
6,2693,942550000,942550100,5539,9232,942900000,942900000
6,2694,942900000,942900100,5539,9232,943250000,943250000
6,2695,943250000,943250100,5539,9232,943600000,943600000
6,2696,943600000,943600100,5539,9232,943950000,943950000
6,2697,943950000,943950100,5539,9232,944300000,944300000
6,2698,944300000,944300100,5539,9232,944650000,944650000
6,2699,944650000,944650100,5539,9232,945000000,945000000
6,2700,945000000,945000100,5539,9232,945350000,945350000
6,2701,945350000,945350100,5539,9232,945700000,945700000
6,2702,945700000,945700100,5539,9232,946050000,946050000
6,2703,946050000,946050100,5539,9232,946400000,946400000
6,2704,946400000,946400100,5539,9232,946750000,946750000
6,2705,946750000,946750100,5539,9232,947100000,947100000
6,2706,947100000,947100100,5539,9232,947450000,947450000
6,2707,947450000,947450100,5539,9232,947800000,947800000
6,2708,947800000,947800100,5539,9232,948150000,948150000
6,2709,948150000,948150100,5539,9232,948500000,948500000
6,2710,948500000,948500100,5539,9232,948850000,948850000
6,2711,948850000,948850100,5539,9232,949200000,949200000
6,2712,949200000,949200100,5539,9232,949550000,949550000
6,2713,949550000,949550100,5539,9232,949900000,949900000
6,2714,949900000,949900100,5539,9232,950250000,950250000
6,2715,950250000,950250100,5539,9232,950600000,950600000
6,2716,950600000,950600100,5539,9232,950950000,950950000
6,2717,950950000,950950100,5539,9232,951300000,951300000
6,2718,951300000,951300100,5539,9232,951650000,951650000
6,2719,951650000,951650100,5539,9232,952000000,952000000
6,2720,952000000,952000100,5539,9232,952350000,952350000
6,2721,952350000,952350100,5539,9232,952700000,952700000
6,2722,952700000,952700100,5539,9232,953050000,953050000
6,2723,953050000,953050100,5539,9232,953400000,953400000
6,2724,953400000,953400100,5539,9232,953750000,953750000
6,2725,953750000,953750100,5539,9232,954100000,954100000
6,2726,954100000,954100100,5539,9232,954450000,954450000
6,2727,954450000,954450100,5539,9232,954800000,954800000
6,2728,954800000,954800100,5539,9232,955150000,955150000
6,2729,955150000,955150100,5539,9232,955500000,955500000
6,2730,955500000,955500100,5539,9232,955850000,955850000
6,2731,955850000,955850100,5539,9232,956200000,956200000
6,2732,956200000,956200100,5539,9232,956550000,956550000
6,2733,956550000,956550100,5539,9232,956900000,956900000
6,2734,956900000,956900100,5539,9232,957250000,957250000
6,2735,957250000,957250100,5539,9232,957600000,957600000
6,2736,957600000,957600100,5539,9232,957950000,957950000
6,2737,957950000,957950100,5539,9232,958300000,958300000
6,2738,958300000,958300100,5539,9232,958650000,958650000
6,2739,958650000,958650100,5539,9232,959000000,959000000
6,2740,959000000,959000100,5539,9232,959350000,959350000
6,2741,959350000,959350100,5539,9232,959700000,959700000
6,2742,959700000,959700100,5539,9232,960050000,960050000
6,2743,960050000,960050100,5539,9232,960400000,960400000
6,2744,960400000,960400100,5539,9232,960750000,960750000
6,2745,960750000,960750100,5539,9232,961100000,961100000
6,2746,961100000,961100100,5539,9232,961450000,961450000
6,2747,961450000,961450100,5539,9232,961800000,961800000
6,2748,961800000,961800100,5539,9232,962150000,962150000
6,2749,962150000,962150100,5539,9232,962500000,962500000
6,2750,962500000,962500100,5539,9232,962850000,962850000
6,2751,962850000,962850100,5539,9232,963200000,963200000
6,2752,963200000,963200100,5539,9232,963550000,963550000
6,2753,963550000,963550100,5539,9232,963900000,963900000
6,2754,963900000,963900100,5539,9232,964250000,964250000
6,2755,964250000,964250100,5539,9232,964600000,964600000
6,2756,964600000,964600100,5539,9232,964950000,964950000
6,2757,964950000,964950100,5539,9232,965300000,965300000
6,2758,965300000,965300100,5539,9232,965650000,965650000
6,2759,965650000,965650100,5539,9232,966000000,966000000
6,2760,966000000,966000100,5539,9232,966350000,966350000
6,2761,966350000,966350100,5539,9232,966700000,966700000
6,2762,966700000,966700100,5539,9232,967050000,967050000
6,2763,967050000,967050100,5539,9232,967400000,967400000
6,2764,967400000,967400100,5539,9232,967750000,967750000
6,2765,967750000,967750100,5539,9232,968100000,968100000
6,2766,968100000,968100100,5539,9232,968450000,968450000
6,2767,968450000,968450100,5539,9232,968800000,968800000
6,2768,968800000,968800100,5539,9232,969150000,969150000
6,2769,969150000,969150100,5539,9232,969500000,969500000
6,2770,969500000,969500100,5539,9232,969850000,969850000
6,2771,969850000,969850100,5539,9232,970200000,970200000
6,2772,970200000,970200100,5539,9232,970550000,970550000
6,2773,970550000,970550100,5539,9232,970900000,970900000
6,2774,970900000,970900100,5539,9232,971250000,971250000
6,2775,971250000,971250100,5539,9232,971600000,971600000
6,2776,971600000,971600100,5539,9232,971950000,971950000
6,2777,971950000,971950100,5539,9232,972300000,972300000
6,2778,972300000,972300100,5539,9232,972650000,972650000
6,2779,972650000,972650100,5539,9232,973000000,973000000
6,2780,973000000,973000100,5539,9232,973350000,973350000
6,2781,973350000,973350100,5539,9232,973700000,973700000
6,2782,973700000,973700100,5539,9232,974050000,974050000
6,2783,974050000,974050100,5539,9232,974400000,974400000
6,2784,974400000,974400100,5539,9232,974750000,974750000
6,2785,974750000,974750100,5539,9232,975100000,975100000
6,2786,975100000,975100100,5539,9232,975450000,975450000
6,2787,975450000,975450100,5539,9232,975800000,975800000
6,2788,975800000,975800100,5539,9232,976150000,976150000
6,2789,976150000,976150100,5539,9232,976500000,976500000
6,2790,976500000,976500100,5539,9232,976850000,976850000
6,2791,976850000,976850100,5539,9232,977200000,977200000
6,2792,977200000,977200100,5539,9232,977550000,977550000
6,2793,977550000,977550100,5539,9232,977900000,977900000
6,2794,977900000,977900100,5539,9232,978250000,978250000
6,2795,978250000,978250100,5539,9232,978600000,978600000
6,2796,978600000,978600100,5539,9232,978950000,978950000
6,2797,978950000,978950100,5539,9232,979300000,979300000
6,2798,979300000,979300100,5539,9232,979650000,979650000
6,2799,979650000,979650100,5539,9232,980000000,980000000
6,2800,980000000,980000100,5539,9232,980350000,980350000
6,2801,980350000,980350100,5539,9232,980700000,980700000
6,2802,980700000,980700100,5539,9232,981050000,981050000
6,2803,981050000,981050100,5539,9232,981400000,981400000
6,2804,981400000,981400100,5539,9232,981750000,981750000
6,2805,981750000,981750100,5539,9232,982100000,982100000
6,2806,982100000,982100100,5539,9232,982450000,982450000
6,2807,982450000,982450100,5539,9232,982800000,982800000
6,2808,982800000,982800100,5539,9232,983150000,983150000
6,2809,983150000,983150100,5539,9232,983500000,983500000
6,2810,983500000,983500100,5539,9232,983850000,983850000
6,2811,983850000,983850100,5539,9232,984200000,984200000
6,2812,984200000,984200100,5539,9232,984550000,984550000
6,2813,984550000,984550100,5539,9232,984900000,984900000
6,2814,984900000,984900100,5539,9232,985250000,985250000
6,2815,985250000,985250100,5539,9232,985600000,985600000
6,2816,985600000,985600100,5539,9232,985950000,985950000
6,2817,985950000,985950100,5539,9232,986300000,986300000
6,2818,986300000,986300100,5539,9232,986650000,986650000
6,2819,986650000,986650100,5539,9232,987000000,987000000
6,2820,987000000,987000100,5539,9232,987350000,987350000
6,2821,987350000,987350100,5539,9232,987700000,987700000
6,2822,987700000,987700100,5539,9232,988050000,988050000
6,2823,988050000,988050100,5539,9232,988400000,988400000
6,2824,988400000,988400100,5539,9232,988750000,988750000
6,2825,988750000,988750100,5539,9232,989100000,989100000
6,2826,989100000,989100100,5539,9232,989450000,989450000
6,2827,989450000,989450100,5539,9232,989800000,989800000
6,2828,989800000,989800100,5539,9232,990150000,990150000
6,2829,990150000,990150100,5539,9232,990500000,990500000
6,2830,990500000,990500100,5539,9232,990850000,990850000
6,2831,990850000,990850100,5539,9232,991200000,991200000
6,2832,991200000,991200100,5539,9232,991550000,991550000
6,2833,991550000,991550100,5539,9232,991900000,991900000
6,2834,991900000,991900100,5539,9232,992250000,992250000
6,2835,992250000,992250100,5539,9232,992600000,992600000
6,2836,992600000,992600100,5539,9232,992950000,992950000
6,2837,992950000,992950100,5539,9232,993300000,993300000
6,2838,993300000,993300100,5539,9232,993650000,993650000
6,2839,993650000,993650100,5539,9232,994000000,994000000
6,2840,994000000,994000100,5539,9232,994350000,994350000
6,2841,994350000,994350100,5539,9232,994700000,994700000
6,2842,994700000,994700100,5539,9232,995050000,995050000
6,2843,995050000,995050100,5539,9232,995400000,995400000
6,2844,995400000,995400100,5539,9232,995750000,995750000
6,2845,995750000,995750100,5539,9232,996100000,996100000
6,2846,996100000,996100100,5539,9232,996450000,996450000
6,2847,996450000,996450100,5539,9232,996800000,996800000
6,2848,996800000,996800100,5539,9232,997150000,997150000
6,2849,997150000,997150100,5539,9232,997500000,997500000
6,2850,997500000,997500100,5539,9232,997850000,997850000
6,2851,997850000,997850100,5539,9232,998200000,998200000
6,2852,998200000,998200100,5539,9232,998550000,998550000
6,2853,998550000,998550100,5539,9232,998900000,998900000
6,2854,998900000,998900100,5539,9232,999250000,999250000
6,2855,999250000,999250100,5539,9232,999600000,999600000
6,2856,999600000,999600100,5539,9232,999950000,999950000
6,2857,999950000,999950100,5539,9232,1000300000,1000300000
6,2858,1000300000,1000300100,5539,9232,1000650000,1000650000
6,2859,1000650000,1000650100,5539,9232,1001000000,1001000000
6,2860,1001000000,1001000100,5539,9232,1001350000,1001350000
6,2861,1001350000,1001350100,5539,9232,1001700000,1001700000
6,2862,1001700000,1001700100,5539,9232,1002050000,1002050000
6,2863,1002050000,1002050100,5539,9232,1002400000,1002400000
6,2864,1002400000,1002400100,5539,9232,1002750000,1002750000
6,2865,1002750000,1002750100,5539,9232,1003100000,1003100000
6,2866,1003100000,1003100100,5539,9232,1003450000,1003450000
6,2867,1003450000,1003450100,5539,9232,1003800000,1003800000
6,2868,1003800000,1003800100,5539,9232,1004150000,1004150000
6,2869,1004150000,1004150100,5539,9232,1004500000,1004500000
6,2870,1004500000,1004500100,5539,9232,1004850000,1004850000
6,2871,1004850000,1004850100,5539,9232,1005200000,1005200000
6,2872,1005200000,1005200100,5539,9232,1005550000,1005550000
6,2873,1005550000,1005550100,5539,9232,1005900000,1005900000
6,2874,1005900000,1005900100,5539,9232,1006250000,1006250000
6,2875,1006250000,1006250100,5539,9232,1006600000,1006600000
6,2876,1006600000,1006600100,5539,9232,1006950000,1006950000
6,2877,1006950000,1006950100,5539,9232,1007300000,1007300000
6,2878,1007300000,1007300100,5539,9232,1007650000,1007650000
6,2879,1007650000,1007650100,5539,9232,1008000000,1008000000
6,2880,1008000000,1008000100,5539,9232,1008350000,1008350000
6,2881,1008350000,1008350100,5539,9232,1008700000,1008700000
6,2882,1008700000,1008700100,5539,9232,1009050000,1009050000
6,2883,1009050000,1009050100,5539,9232,1009400000,1009400000
6,2884,1009400000,1009400100,5539,9232,1009750000,1009750000
6,2885,1009750000,1009750100,5539,9232,1010100000,1010100000
6,2886,1010100000,1010100100,5539,9232,1010450000,1010450000
6,2887,1010450000,1010450100,5539,9232,1010800000,1010800000
6,2888,1010800000,1010800100,5539,9232,1011150000,1011150000
6,2889,1011150000,1011150100,5539,9232,1011500000,1011500000
6,2890,1011500000,1011500100,5539,9232,1011850000,1011850000
6,2891,1011850000,1011850100,5539,9232,1012200000,1012200000
6,2892,1012200000,1012200100,5539,9232,1012550000,1012550000
6,2893,1012550000,1012550100,5539,9232,1012900000,1012900000
6,2894,1012900000,1012900100,5539,9232,1013250000,1013250000
6,2895,1013250000,1013250100,5539,9232,1013600000,1013600000
6,2896,1013600000,1013600100,5539,9232,1013950000,1013950000
6,2897,1013950000,1013950100,5539,9232,1014300000,1014300000
6,2898,1014300000,1014300100,5539,9232,1014650000,1014650000
6,2899,1014650000,1014650100,5539,9232,1015000000,1015000000
6,2900,1015000000,1015000100,5539,9232,1015350000,1015350000
6,2901,1015350000,1015350100,5539,9232,1015700000,1015700000
6,2902,1015700000,1015700100,5539,9232,1016050000,1016050000
6,2903,1016050000,1016050100,5539,9232,1016400000,1016400000
6,2904,1016400000,1016400100,5539,9232,1016750000,1016750000
6,2905,1016750000,1016750100,5539,9232,1017100000,1017100000
6,2906,1017100000,1017100100,5539,9232,1017450000,1017450000
6,2907,1017450000,1017450100,5539,9232,1017800000,1017800000
6,2908,1017800000,1017800100,5539,9232,1018150000,1018150000
6,2909,1018150000,1018150100,5539,9232,1018500000,1018500000
6,2910,1018500000,1018500100,5539,9232,1018850000,1018850000
6,2911,1018850000,1018850100,5539,9232,1019200000,1019200000
6,2912,1019200000,1019200100,5539,9232,1019550000,1019550000
6,2913,1019550000,1019550100,5539,9232,1019900000,1019900000
6,2914,1019900000,1019900100,5539,9232,1020250000,1020250000
6,2915,1020250000,1020250100,5539,9232,1020600000,1020600000
6,2916,1020600000,1020600100,5539,9232,1020950000,1020950000
6,2917,1020950000,1020950100,5539,9232,1021300000,1021300000
6,2918,1021300000,1021300100,5539,9232,1021650000,1021650000
6,2919,1021650000,1021650100,5539,9232,1022000000,1022000000
6,2920,1022000000,1022000100,5539,9232,1022350000,1022350000
6,2921,1022350000,1022350100,5539,9232,1022700000,1022700000
6,2922,1022700000,1022700100,5539,9232,1023050000,1023050000
6,2923,1023050000,1023050100,5539,9232,1023400000,1023400000
6,2924,1023400000,1023400100,5539,9232,1023750000,1023750000
6,2925,1023750000,1023750100,5539,9232,1024100000,1024100000
6,2926,1024100000,1024100100,5539,9232,1024450000,1024450000
6,2927,1024450000,1024450100,5539,9232,1024800000,1024800000
6,2928,1024800000,1024800100,5539,9232,1025150000,1025150000
6,2929,1025150000,1025150100,5539,9232,1025500000,1025500000
6,2930,1025500000,1025500100,5539,9232,1025850000,1025850000
6,2931,1025850000,1025850100,5539,9232,1026200000,1026200000
6,2932,1026200000,1026200100,5539,9232,1026550000,1026550000
6,2933,1026550000,1026550100,5539,9232,1026900000,1026900000
6,2934,1026900000,1026900100,5539,9232,1027250000,1027250000
6,2935,1027250000,1027250100,5539,9232,1027600000,1027600000
6,2936,1027600000,1027600100,5539,9232,1027950000,1027950000
6,2937,1027950000,1027950100,5539,9232,1028300000,1028300000
6,2938,1028300000,1028300100,5539,9232,1028650000,1028650000
6,2939,1028650000,1028650100,5539,9232,1029000000,1029000000
6,2940,1029000000,1029000100,5539,9232,1029350000,1029350000
6,2941,1029350000,1029350100,5539,9232,1029700000,1029700000
6,2942,1029700000,1029700100,5539,9232,1030050000,1030050000
6,2943,1030050000,1030050100,5539,9232,1030400000,1030400000
6,2944,1030400000,1030400100,5539,9232,1030750000,1030750000
6,2945,1030750000,1030750100,5539,9232,1031100000,1031100000
6,2946,1031100000,1031100100,5539,9232,1031450000,1031450000
6,2947,1031450000,1031450100,5539,9232,1031800000,1031800000
6,2948,1031800000,1031800100,5539,9232,1032150000,1032150000
6,2949,1032150000,1032150100,5539,9232,1032500000,1032500000
6,2950,1032500000,1032500100,5539,9232,1032850000,1032850000
6,2951,1032850000,1032850100,5539,9232,1033200000,1033200000
6,2952,1033200000,1033200100,5539,9232,1033550000,1033550000
6,2953,1033550000,1033550100,5539,9232,1033900000,1033900000
6,2954,1033900000,1033900100,5539,9232,1034250000,1034250000
6,2955,1034250000,1034250100,5539,9232,1034600000,1034600000
6,2956,1034600000,1034600100,5539,9232,1034950000,1034950000
6,2957,1034950000,1034950100,5539,9232,1035300000,1035300000
6,2958,1035300000,1035300100,5539,9232,1035650000,1035650000
6,2959,1035650000,1035650100,5539,9232,1036000000,1036000000
6,2960,1036000000,1036000100,5539,9232,1036350000,1036350000
6,2961,1036350000,1036350100,5539,9232,1036700000,1036700000
6,2962,1036700000,1036700100,5539,9232,1037050000,1037050000
6,2963,1037050000,1037050100,5539,9232,1037400000,1037400000
6,2964,1037400000,1037400100,5539,9232,1037750000,1037750000
6,2965,1037750000,1037750100,5539,9232,1038100000,1038100000
6,2966,1038100000,1038100100,5539,9232,1038450000,1038450000
6,2967,1038450000,1038450100,5539,9232,1038800000,1038800000
6,2968,1038800000,1038800100,5539,9232,1039150000,1039150000
6,2969,1039150000,1039150100,5539,9232,1039500000,1039500000
6,2970,1039500000,1039500100,5539,9232,1039850000,1039850000
6,2971,1039850000,1039850100,5539,9232,1040200000,1040200000
6,2972,1040200000,1040200100,5539,9232,1040550000,1040550000
6,2973,1040550000,1040550100,5539,9232,1040900000,1040900000
6,2974,1040900000,1040900100,5539,9232,1041250000,1041250000
6,2975,1041250000,1041250100,5539,9232,1041600000,1041600000
6,2976,1041600000,1041600100,5539,9232,1041950000,1041950000
6,2977,1041950000,1041950100,5539,9232,1042300000,1042300000
6,2978,1042300000,1042300100,5539,9232,1042650000,1042650000
6,2979,1042650000,1042650100,5539,9232,1043000000,1043000000
6,2980,1043000000,1043000100,5539,9232,1043350000,1043350000
6,2981,1043350000,1043350100,5539,9232,1043700000,1043700000
6,2982,1043700000,1043700100,5539,9232,1044050000,1044050000
6,2983,1044050000,1044050100,5539,9232,1044400000,1044400000
6,2984,1044400000,1044400100,5539,9232,1044750000,1044750000
6,2985,1044750000,1044750100,5539,9232,1045100000,1045100000
6,2986,1045100000,1045100100,5539,9232,1045450000,1045450000
6,2987,1045450000,1045450100,5539,9232,1045800000,1045800000
6,2988,1045800000,1045800100,5539,9232,1046150000,1046150000
6,2989,1046150000,1046150100,5539,9232,1046500000,1046500000
6,2990,1046500000,1046500100,5539,9232,1046850000,1046850000
6,2991,1046850000,1046850100,5539,9232,1047200000,1047200000
6,2992,1047200000,1047200100,5539,9232,1047550000,1047550000
6,2993,1047550000,1047550100,5539,9232,1047900000,1047900000
6,2994,1047900000,1047900100,5539,9232,1048250000,1048250000
6,2995,1048250000,1048250100,5539,9232,1048600000,1048600000
6,2996,1048600000,1048600100,5539,9232,1048950000,1048950000
6,2997,1048950000,1048950100,5539,9232,1049300000,1049300000
6,2998,1049300000,1049300100,5539,9232,1049650000,1049650000
6,2999,1049650000,1049650100,5539,9232,1050000000,1050000000
6,3000,1050000000,1050000100,5539,9232,1050350000,1050350000
6,3001,1050350000,1050350100,5539,9232,1050700000,1050700000
6,3002,1050700000,1050700100,5539,9232,1051050000,1051050000
6,3003,1051050000,1051050100,5539,9232,1051400000,1051400000
6,3004,1051400000,1051400100,5539,9232,1051750000,1051750000
6,3005,1051750000,1051750100,5539,9232,1052100000,1052100000
6,3006,1052100000,1052100100,5539,9232,1052450000,1052450000
6,3007,1052450000,1052450100,5539,9232,1052800000,1052800000
6,3008,1052800000,1052800100,5539,9232,1053150000,1053150000
6,3009,1053150000,1053150100,5539,9232,1053500000,1053500000
6,3010,1053500000,1053500100,5539,9232,1053850000,1053850000
6,3011,1053850000,1053850100,5539,9232,1054200000,1054200000
6,3012,1054200000,1054200100,5539,9232,1054550000,1054550000
6,3013,1054550000,1054550100,5539,9232,1054900000,1054900000
6,3014,1054900000,1054900100,5539,9232,1055250000,1055250000
6,3015,1055250000,1055250100,5539,9232,1055600000,1055600000
6,3016,1055600000,1055600100,5539,9232,1055950000,1055950000
6,3017,1055950000,1055950100,5539,9232,1056300000,1056300000
6,3018,1056300000,1056300100,5539,9232,1056650000,1056650000
6,3019,1056650000,1056650100,5539,9232,1057000000,1057000000
6,3020,1057000000,1057000100,5539,9232,1057350000,1057350000
6,3021,1057350000,1057350100,5539,9232,1057700000,1057700000
6,3022,1057700000,1057700100,5539,9232,1058050000,1058050000
6,3023,1058050000,1058050100,5539,9232,1058400000,1058400000
6,3024,1058400000,1058400100,5539,9232,1058750000,1058750000
6,3025,1058750000,1058750100,5539,9232,1059100000,1059100000
6,3026,1059100000,1059100100,5539,9232,1059450000,1059450000
6,3027,1059450000,1059450100,5539,9232,1059800000,1059800000
6,3028,1059800000,1059800100,5539,9232,1060150000,1060150000
6,3029,1060150000,1060150100,5539,9232,1060500000,1060500000
6,3030,1060500000,1060500100,5539,9232,1060850000,1060850000
6,3031,1060850000,1060850100,5539,9232,1061200000,1061200000
6,3032,1061200000,1061200100,5539,9232,1061550000,1061550000
6,3033,1061550000,1061550100,5539,9232,1061900000,1061900000
6,3034,1061900000,1061900100,5539,9232,1062250000,1062250000
6,3035,1062250000,1062250100,5539,9232,1062600000,1062600000
6,3036,1062600000,1062600100,5539,9232,1062950000,1062950000
6,3037,1062950000,1062950100,5539,9232,1063300000,1063300000
6,3038,1063300000,1063300100,5539,9232,1063650000,1063650000
6,3039,1063650000,1063650100,5539,9232,1064000000,1064000000
6,3040,1064000000,1064000100,5539,9232,1064350000,1064350000
6,3041,1064350000,1064350100,5539,9232,1064700000,1064700000
6,3042,1064700000,1064700100,5539,9232,1065050000,1065050000
6,3043,1065050000,1065050100,5539,9232,1065400000,1065400000
6,3044,1065400000,1065400100,5539,9232,1065750000,1065750000
6,3045,1065750000,1065750100,5539,9232,1066100000,1066100000
6,3046,1066100000,1066100100,5539,9232,1066450000,1066450000
6,3047,1066450000,1066450100,5539,9232,1066800000,1066800000
6,3048,1066800000,1066800100,5539,9232,1067150000,1067150000
6,3049,1067150000,1067150100,5539,9232,1067500000,1067500000
6,3050,1067500000,1067500100,5539,9232,1067850000,1067850000
6,3051,1067850000,1067850100,5539,9232,1068200000,1068200000
6,3052,1068200000,1068200100,5539,9232,1068550000,1068550000
6,3053,1068550000,1068550100,5539,9232,1068900000,1068900000
6,3054,1068900000,1068900100,5539,9232,1069250000,1069250000
6,3055,1069250000,1069250100,5539,9232,1069600000,1069600000
6,3056,1069600000,1069600100,5539,9232,1069950000,1069950000
6,3057,1069950000,1069950100,5539,9232,1070300000,1070300000
6,3058,1070300000,1070300100,5539,9232,1070650000,1070650000
6,3059,1070650000,1070650100,5539,9232,1071000000,1071000000
6,3060,1071000000,1071000100,5539,9232,1071350000,1071350000
6,3061,1071350000,1071350100,5539,9232,1071700000,1071700000
6,3062,1071700000,1071700100,5539,9232,1072050000,1072050000
6,3063,1072050000,1072050100,5539,9232,1072400000,1072400000
6,3064,1072400000,1072400100,5539,9232,1072750000,1072750000
6,3065,1072750000,1072750100,5539,9232,1073100000,1073100000
6,3066,1073100000,1073100100,5539,9232,1073450000,1073450000
6,3067,1073450000,1073450100,5539,9232,1073800000,1073800000
6,3068,1073800000,1073800100,5539,9232,1074150000,1074150000
6,3069,1074150000,1074150100,5539,9232,1074500000,1074500000
6,3070,1074500000,1074500100,5539,9232,1074850000,1074850000
6,3071,1074850000,1074850100,5539,9232,1075200000,1075200000
6,3072,1075200000,1075200100,5539,9232,1075550000,1075550000
6,3073,1075550000,1075550100,5539,9232,1075900000,1075900000
6,3074,1075900000,1075900100,5539,9232,1076250000,1076250000
6,3075,1076250000,1076250100,5539,9232,1076600000,1076600000
6,3076,1076600000,1076600100,5539,9232,1076950000,1076950000
6,3077,1076950000,1076950100,5539,9232,1077300000,1077300000
6,3078,1077300000,1077300100,5539,9232,1077650000,1077650000
6,3079,1077650000,1077650100,5539,9232,1078000000,1078000000
6,3080,1078000000,1078000100,5539,9232,1078350000,1078350000
6,3081,1078350000,1078350100,5539,9232,1078700000,1078700000
6,3082,1078700000,1078700100,5539,9232,1079050000,1079050000
6,3083,1079050000,1079050100,5539,9232,1079400000,1079400000
6,3084,1079400000,1079400100,5539,9232,1079750000,1079750000
6,3085,1079750000,1079750100,5539,9232,1080100000,1080100000
6,3086,1080100000,1080100100,5539,9232,1080450000,1080450000
6,3087,1080450000,1080450100,5539,9232,1080800000,1080800000
6,3088,1080800000,1080800100,5539,9232,1081150000,1081150000
6,3089,1081150000,1081150100,5539,9232,1081500000,1081500000
6,3090,1081500000,1081500100,5539,9232,1081850000,1081850000
6,3091,1081850000,1081850100,5539,9232,1082200000,1082200000
6,3092,1082200000,1082200100,5539,9232,1082550000,1082550000
6,3093,1082550000,1082550100,5539,9232,1082900000,1082900000
6,3094,1082900000,1082900100,5539,9232,1083250000,1083250000
6,3095,1083250000,1083250100,5539,9232,1083600000,1083600000
6,3096,1083600000,1083600100,5539,9232,1083950000,1083950000
6,3097,1083950000,1083950100,5539,9232,1084300000,1084300000
6,3098,1084300000,1084300100,5539,9232,1084650000,1084650000
6,3099,1084650000,1084650100,5539,9232,1085000000,1085000000
6,3100,1085000000,1085000100,5539,9232,1085350000,1085350000
6,3101,1085350000,1085350100,5539,9232,1085700000,1085700000
6,3102,1085700000,1085700100,5539,9232,1086050000,1086050000
6,3103,1086050000,1086050100,5539,9232,1086400000,1086400000
6,3104,1086400000,1086400100,5539,9232,1086750000,1086750000
6,3105,1086750000,1086750100,5539,9232,1087100000,1087100000
6,3106,1087100000,1087100100,5539,9232,1087450000,1087450000
6,3107,1087450000,1087450100,5539,9232,1087800000,1087800000
6,3108,1087800000,1087800100,5539,9232,1088150000,1088150000
6,3109,1088150000,1088150100,5539,9232,1088500000,1088500000
6,3110,1088500000,1088500100,5539,9232,1088850000,1088850000
6,3111,1088850000,1088850100,5539,9232,1089200000,1089200000
6,3112,1089200000,1089200100,5539,9232,1089550000,1089550000
6,3113,1089550000,1089550100,5539,9232,1089900000,1089900000
6,3114,1089900000,1089900100,5539,9232,1090250000,1090250000
6,3115,1090250000,1090250100,5539,9232,1090600000,1090600000
6,3116,1090600000,1090600100,5539,9232,1090950000,1090950000
6,3117,1090950000,1090950100,5539,9232,1091300000,1091300000
6,3118,1091300000,1091300100,5539,9232,1091650000,1091650000
6,3119,1091650000,1091650100,5539,9232,1092000000,1092000000
6,3120,1092000000,1092000100,5539,9232,1092350000,1092350000
6,3121,1092350000,1092350100,5539,9232,1092700000,1092700000
6,3122,1092700000,1092700100,5539,9232,1093050000,1093050000
6,3123,1093050000,1093050100,5539,9232,1093400000,1093400000
6,3124,1093400000,1093400100,5539,9232,1093750000,1093750000
6,3125,1093750000,1093750100,5539,9232,1094100000,1094100000
6,3126,1094100000,1094100100,5539,9232,1094450000,1094450000
6,3127,1094450000,1094450100,5539,9232,1094800000,1094800000
6,3128,1094800000,1094800100,5539,9232,1095150000,1095150000
6,3129,1095150000,1095150100,5539,9232,1095500000,1095500000
6,3130,1095500000,1095500100,5539,9232,1095850000,1095850000
6,3131,1095850000,1095850100,5539,9232,1096200000,1096200000
6,3132,1096200000,1096200100,5539,9232,1096550000,1096550000
6,3133,1096550000,1096550100,5539,9232,1096900000,1096900000
6,3134,1096900000,1096900100,5539,9232,1097250000,1097250000
6,3135,1097250000,1097250100,5539,9232,1097600000,1097600000
6,3136,1097600000,1097600100,5539,9232,1097950000,1097950000
6,3137,1097950000,1097950100,5539,9232,1098300000,1098300000
6,3138,1098300000,1098300100,5539,9232,1098650000,1098650000
6,3139,1098650000,1098650100,5539,9232,1099000000,1099000000
6,3140,1099000000,1099000100,5539,9232,1099350000,1099350000
6,3141,1099350000,1099350100,5539,9232,1099700000,1099700000
6,3142,1099700000,1099700100,5539,9232,1100050000,1100050000
6,3143,1100050000,1100050100,5539,9232,1100400000,1100400000
6,3144,1100400000,1100400100,5539,9232,1100750000,1100750000
6,3145,1100750000,1100750100,5539,9232,1101100000,1101100000
6,3146,1101100000,1101100100,5539,9232,1101450000,1101450000
6,3147,1101450000,1101450100,5539,9232,1101800000,1101800000
6,3148,1101800000,1101800100,5539,9232,1102150000,1102150000
6,3149,1102150000,1102150100,5539,9232,1102500000,1102500000
6,3150,1102500000,1102500100,5539,9232,1102850000,1102850000
6,3151,1102850000,1102850100,5539,9232,1103200000,1103200000
6,3152,1103200000,1103200100,5539,9232,1103550000,1103550000
6,3153,1103550000,1103550100,5539,9232,1103900000,1103900000
6,3154,1103900000,1103900100,5539,9232,1104250000,1104250000
6,3155,1104250000,1104250100,5539,9232,1104600000,1104600000
6,3156,1104600000,1104600100,5539,9232,1104950000,1104950000
6,3157,1104950000,1104950100,5539,9232,1105300000,1105300000
6,3158,1105300000,1105300100,5539,9232,1105650000,1105650000
6,3159,1105650000,1105650100,5539,9232,1106000000,1106000000
6,3160,1106000000,1106000100,5539,9232,1106350000,1106350000
6,3161,1106350000,1106350100,5539,9232,1106700000,1106700000
6,3162,1106700000,1106700100,5539,9232,1107050000,1107050000
6,3163,1107050000,1107050100,5539,9232,1107400000,1107400000
6,3164,1107400000,1107400100,5539,9232,1107750000,1107750000
6,3165,1107750000,1107750100,5539,9232,1108100000,1108100000
6,3166,1108100000,1108100100,5539,9232,1108450000,1108450000
6,3167,1108450000,1108450100,5539,9232,1108800000,1108800000
6,3168,1108800000,1108800100,5539,9232,1109150000,1109150000
6,3169,1109150000,1109150100,5539,9232,1109500000,1109500000
6,3170,1109500000,1109500100,5539,9232,1109850000,1109850000
6,3171,1109850000,1109850100,5539,9232,1110200000,1110200000
6,3172,1110200000,1110200100,5539,9232,1110550000,1110550000
6,3173,1110550000,1110550100,5539,9232,1110900000,1110900000
6,3174,1110900000,1110900100,5539,9232,1111250000,1111250000
6,3175,1111250000,1111250100,5539,9232,1111600000,1111600000
6,3176,1111600000,1111600100,5539,9232,1111950000,1111950000
6,3177,1111950000,1111950100,5539,9232,1112300000,1112300000
6,3178,1112300000,1112300100,5539,9232,1112650000,1112650000
6,3179,1112650000,1112650100,5539,9232,1113000000,1113000000
6,3180,1113000000,1113000100,5539,9232,1113350000,1113350000
6,3181,1113350000,1113350100,5539,9232,1113700000,1113700000
6,3182,1113700000,1113700100,5539,9232,1114050000,1114050000
6,3183,1114050000,1114050100,5539,9232,1114400000,1114400000
6,3184,1114400000,1114400100,5539,9232,1114750000,1114750000
6,3185,1114750000,1114750100,5539,9232,1115100000,1115100000
6,3186,1115100000,1115100100,5539,9232,1115450000,1115450000
6,3187,1115450000,1115450100,5539,9232,1115800000,1115800000
6,3188,1115800000,1115800100,5539,9232,1116150000,1116150000
6,3189,1116150000,1116150100,5539,9232,1116500000,1116500000
6,3190,1116500000,1116500100,5539,9232,1116850000,1116850000
6,3191,1116850000,1116850100,5539,9232,1117200000,1117200000
6,3192,1117200000,1117200100,5539,9232,1117550000,1117550000
6,3193,1117550000,1117550100,5539,9232,1117900000,1117900000
6,3194,1117900000,1117900100,5539,9232,1118250000,1118250000
6,3195,1118250000,1118250100,5539,9232,1118600000,1118600000
6,3196,1118600000,1118600100,5539,9232,1118950000,1118950000
6,3197,1118950000,1118950100,5539,9232,1119300000,1119300000
6,3198,1119300000,1119300100,5539,9232,1119650000,1119650000
6,3199,1119650000,1119650100,5539,9232,1120000000,1120000000
6,3200,1120000000,1120000100,5539,9232,1120350000,1120350000
6,3201,1120350000,1120350100,5539,9232,1120700000,1120700000
6,3202,1120700000,1120700100,5539,9232,1121050000,1121050000
6,3203,1121050000,1121050100,5539,9232,1121400000,1121400000
6,3204,1121400000,1121400100,5539,9232,1121750000,1121750000
6,3205,1121750000,1121750100,5539,9232,1122100000,1122100000
6,3206,1122100000,1122100100,5539,9232,1122450000,1122450000
6,3207,1122450000,1122450100,5539,9232,1122800000,1122800000
6,3208,1122800000,1122800100,5539,9232,1123150000,1123150000
6,3209,1123150000,1123150100,5539,9232,1123500000,1123500000
6,3210,1123500000,1123500100,5539,9232,1123850000,1123850000
6,3211,1123850000,1123850100,5539,9232,1124200000,1124200000
6,3212,1124200000,1124200100,5539,9232,1124550000,1124550000
6,3213,1124550000,1124550100,5539,9232,1124900000,1124900000
6,3214,1124900000,1124900100,5539,9232,1125250000,1125250000
6,3215,1125250000,1125250100,5539,9232,1125600000,1125600000
6,3216,1125600000,1125600100,5539,9232,1125950000,1125950000
6,3217,1125950000,1125950100,5539,9232,1126300000,1126300000
6,3218,1126300000,1126300100,5539,9232,1126650000,1126650000
6,3219,1126650000,1126650100,5539,9232,1127000000,1127000000
6,3220,1127000000,1127000100,5539,9232,1127350000,1127350000
6,3221,1127350000,1127350100,5539,9232,1127700000,1127700000
6,3222,1127700000,1127700100,5539,9232,1128050000,1128050000
6,3223,1128050000,1128050100,5539,9232,1128400000,1128400000
6,3224,1128400000,1128400100,5539,9232,1128750000,1128750000
6,3225,1128750000,1128750100,5539,9232,1129100000,1129100000
6,3226,1129100000,1129100100,5539,9232,1129450000,1129450000
6,3227,1129450000,1129450100,5539,9232,1129800000,1129800000
6,3228,1129800000,1129800100,5539,9232,1130150000,1130150000
6,3229,1130150000,1130150100,5539,9232,1130500000,1130500000
6,3230,1130500000,1130500100,5539,9232,1130850000,1130850000
6,3231,1130850000,1130850100,5539,9232,1131200000,1131200000
6,3232,1131200000,1131200100,5539,9232,1131550000,1131550000
6,3233,1131550000,1131550100,5539,9232,1131900000,1131900000
6,3234,1131900000,1131900100,5539,9232,1132250000,1132250000
6,3235,1132250000,1132250100,5539,9232,1132600000,1132600000
6,3236,1132600000,1132600100,5539,9232,1132950000,1132950000
6,3237,1132950000,1132950100,5539,9232,1133300000,1133300000
6,3238,1133300000,1133300100,5539,9232,1133650000,1133650000
6,3239,1133650000,1133650100,5539,9232,1134000000,1134000000
6,3240,1134000000,1134000100,5539,9232,1134350000,1134350000
6,3241,1134350000,1134350100,5539,9232,1134700000,1134700000
6,3242,1134700000,1134700100,5539,9232,1135050000,1135050000
6,3243,1135050000,1135050100,5539,9232,1135400000,1135400000
6,3244,1135400000,1135400100,5539,9232,1135750000,1135750000
6,3245,1135750000,1135750100,5539,9232,1136100000,1136100000
6,3246,1136100000,1136100100,5539,9232,1136450000,1136450000
6,3247,1136450000,1136450100,5539,9232,1136800000,1136800000
6,3248,1136800000,1136800100,5539,9232,1137150000,1137150000
6,3249,1137150000,1137150100,5539,9232,1137500000,1137500000
6,3250,1137500000,1137500100,5539,9232,1137850000,1137850000
6,3251,1137850000,1137850100,5539,9232,1138200000,1138200000
6,3252,1138200000,1138200100,5539,9232,1138550000,1138550000
6,3253,1138550000,1138550100,5539,9232,1138900000,1138900000
6,3254,1138900000,1138900100,5539,9232,1139250000,1139250000
6,3255,1139250000,1139250100,5539,9232,1139600000,1139600000
6,3256,1139600000,1139600100,5539,9232,1139950000,1139950000
6,3257,1139950000,1139950100,5539,9232,1140300000,1140300000
6,3258,1140300000,1140300100,5539,9232,1140650000,1140650000
6,3259,1140650000,1140650100,5539,9232,1141000000,1141000000
6,3260,1141000000,1141000100,5539,9232,1141350000,1141350000
6,3261,1141350000,1141350100,5539,9232,1141700000,1141700000
6,3262,1141700000,1141700100,5539,9232,1142050000,1142050000
6,3263,1142050000,1142050100,5539,9232,1142400000,1142400000
6,3264,1142400000,1142400100,5539,9232,1142750000,1142750000
6,3265,1142750000,1142750100,5539,9232,1143100000,1143100000
6,3266,1143100000,1143100100,5539,9232,1143450000,1143450000
6,3267,1143450000,1143450100,5539,9232,1143800000,1143800000
6,3268,1143800000,1143800100,5539,9232,1144150000,1144150000
6,3269,1144150000,1144150100,5539,9232,1144500000,1144500000
6,3270,1144500000,1144500100,5539,9232,1144850000,1144850000
6,3271,1144850000,1144850100,5539,9232,1145200000,1145200000
6,3272,1145200000,1145200100,5539,9232,1145550000,1145550000
6,3273,1145550000,1145550100,5539,9232,1145900000,1145900000
6,3274,1145900000,1145900100,5539,9232,1146250000,1146250000
6,3275,1146250000,1146250100,5539,9232,1146600000,1146600000
6,3276,1146600000,1146600100,5539,9232,1146950000,1146950000
6,3277,1146950000,1146950100,5539,9232,1147300000,1147300000
6,3278,1147300000,1147300100,5539,9232,1147650000,1147650000
6,3279,1147650000,1147650100,5539,9232,1148000000,1148000000
6,3280,1148000000,1148000100,5539,9232,1148350000,1148350000
6,3281,1148350000,1148350100,5539,9232,1148700000,1148700000
6,3282,1148700000,1148700100,5539,9232,1149050000,1149050000
6,3283,1149050000,1149050100,5539,9232,1149400000,1149400000
6,3284,1149400000,1149400100,5539,9232,1149750000,1149750000
6,3285,1149750000,1149750100,5539,9232,1150100000,1150100000
6,3286,1150100000,1150100100,5539,9232,1150450000,1150450000
6,3287,1150450000,1150450100,5539,9232,1150800000,1150800000
6,3288,1150800000,1150800100,5539,9232,1151150000,1151150000
6,3289,1151150000,1151150100,5539,9232,1151500000,1151500000
6,3290,1151500000,1151500100,5539,9232,1151850000,1151850000
6,3291,1151850000,1151850100,5539,9232,1152200000,1152200000
6,3292,1152200000,1152200100,5539,9232,1152550000,1152550000
6,3293,1152550000,1152550100,5539,9232,1152900000,1152900000
6,3294,1152900000,1152900100,5539,9232,1153250000,1153250000
6,3295,1153250000,1153250100,5539,9232,1153600000,1153600000
6,3296,1153600000,1153600100,5539,9232,1153950000,1153950000
6,3297,1153950000,1153950100,5539,9232,1154300000,1154300000
6,3298,1154300000,1154300100,5539,9232,1154650000,1154650000
6,3299,1154650000,1154650100,5539,9232,1155000000,1155000000
6,3300,1155000000,1155000100,5539,9232,1155350000,1155350000
6,3301,1155350000,1155350100,5539,9232,1155700000,1155700000
6,3302,1155700000,1155700100,5539,9232,1156050000,1156050000
6,3303,1156050000,1156050100,5539,9232,1156400000,1156400000
6,3304,1156400000,1156400100,5539,9232,1156750000,1156750000
6,3305,1156750000,1156750100,5539,9232,1157100000,1157100000
6,3306,1157100000,1157100100,5539,9232,1157450000,1157450000
6,3307,1157450000,1157450100,5539,9232,1157800000,1157800000
6,3308,1157800000,1157800100,5539,9232,1158150000,1158150000
6,3309,1158150000,1158150100,5539,9232,1158500000,1158500000
6,3310,1158500000,1158500100,5539,9232,1158850000,1158850000
6,3311,1158850000,1158850100,5539,9232,1159200000,1159200000
6,3312,1159200000,1159200100,5539,9232,1159550000,1159550000
6,3313,1159550000,1159550100,5539,9232,1159900000,1159900000
6,3314,1159900000,1159900100,5539,9232,1160250000,1160250000
6,3315,1160250000,1160250100,5539,9232,1160600000,1160600000
6,3316,1160600000,1160600100,5539,9232,1160950000,1160950000
6,3317,1160950000,1160950100,5539,9232,1161300000,1161300000
6,3318,1161300000,1161300100,5539,9232,1161650000,1161650000
6,3319,1161650000,1161650100,5539,9232,1162000000,1162000000
6,3320,1162000000,1162000100,5539,9232,1162350000,1162350000
6,3321,1162350000,1162350100,5539,9232,1162700000,1162700000
6,3322,1162700000,1162700100,5539,9232,1163050000,1163050000
6,3323,1163050000,1163050100,5539,9232,1163400000,1163400000
6,3324,1163400000,1163400100,5539,9232,1163750000,1163750000
6,3325,1163750000,1163750100,5539,9232,1164100000,1164100000
6,3326,1164100000,1164100100,5539,9232,1164450000,1164450000
6,3327,1164450000,1164450100,5539,9232,1164800000,1164800000
6,3328,1164800000,1164800100,5539,9232,1165150000,1165150000
6,3329,1165150000,1165150100,5539,9232,1165500000,1165500000
6,3330,1165500000,1165500100,5539,9232,1165850000,1165850000
6,3331,1165850000,1165850100,5539,9232,1166200000,1166200000
6,3332,1166200000,1166200100,5539,9232,1166550000,1166550000
6,3333,1166550000,1166550100,5539,9232,1166900000,1166900000
6,3334,1166900000,1166900100,5539,9232,1167250000,1167250000
6,3335,1167250000,1167250100,5539,9232,1167600000,1167600000
6,3336,1167600000,1167600100,5539,9232,1167950000,1167950000
6,3337,1167950000,1167950100,5539,9232,1168300000,1168300000
6,3338,1168300000,1168300100,5539,9232,1168650000,1168650000
6,3339,1168650000,1168650100,5539,9232,1169000000,1169000000
6,3340,1169000000,1169000100,5539,9232,1169350000,1169350000
6,3341,1169350000,1169350100,5539,9232,1169700000,1169700000
6,3342,1169700000,1169700100,5539,9232,1170050000,1170050000
6,3343,1170050000,1170050100,5539,9232,1170400000,1170400000
6,3344,1170400000,1170400100,5539,9232,1170750000,1170750000
6,3345,1170750000,1170750100,5539,9232,1171100000,1171100000
6,3346,1171100000,1171100100,5539,9232,1171450000,1171450000
6,3347,1171450000,1171450100,5539,9232,1171800000,1171800000
6,3348,1171800000,1171800100,5539,9232,1172150000,1172150000
6,3349,1172150000,1172150100,5539,9232,1172500000,1172500000
6,3350,1172500000,1172500100,5539,9232,1172850000,1172850000
6,3351,1172850000,1172850100,5539,9232,1173200000,1173200000
6,3352,1173200000,1173200100,5539,9232,1173550000,1173550000
6,3353,1173550000,1173550100,5539,9232,1173900000,1173900000
6,3354,1173900000,1173900100,5539,9232,1174250000,1174250000
6,3355,1174250000,1174250100,5539,9232,1174600000,1174600000
6,3356,1174600000,1174600100,5539,9232,1174950000,1174950000
6,3357,1174950000,1174950100,5539,9232,1175300000,1175300000
6,3358,1175300000,1175300100,5539,9232,1175650000,1175650000
6,3359,1175650000,1175650100,5539,9232,1176000000,1176000000
6,3360,1176000000,1176000100,5539,9232,1176350000,1176350000
6,3361,1176350000,1176350100,5539,9232,1176700000,1176700000
6,3362,1176700000,1176700100,5539,9232,1177050000,1177050000
6,3363,1177050000,1177050100,5539,9232,1177400000,1177400000
6,3364,1177400000,1177400100,5539,9232,1177750000,1177750000
6,3365,1177750000,1177750100,5539,9232,1178100000,1178100000
6,3366,1178100000,1178100100,5539,9232,1178450000,1178450000
6,3367,1178450000,1178450100,5539,9232,1178800000,1178800000
6,3368,1178800000,1178800100,5539,9232,1179150000,1179150000
6,3369,1179150000,1179150100,5539,9232,1179500000,1179500000
6,3370,1179500000,1179500100,5539,9232,1179850000,1179850000
6,3371,1179850000,1179850100,5539,9232,1180200000,1180200000
6,3372,1180200000,1180200100,5539,9232,1180550000,1180550000
6,3373,1180550000,1180550100,5539,9232,1180900000,1180900000
6,3374,1180900000,1180900100,5539,9232,1181250000,1181250000
6,3375,1181250000,1181250100,5539,9232,1181600000,1181600000
6,3376,1181600000,1181600100,5539,9232,1181950000,1181950000
6,3377,1181950000,1181950100,5539,9232,1182300000,1182300000
6,3378,1182300000,1182300100,5539,9232,1182650000,1182650000
6,3379,1182650000,1182650100,5539,9232,1183000000,1183000000
6,3380,1183000000,1183000100,5539,9232,1183350000,1183350000
6,3381,1183350000,1183350100,5539,9232,1183700000,1183700000
6,3382,1183700000,1183700100,5539,9232,1184050000,1184050000
6,3383,1184050000,1184050100,5539,9232,1184400000,1184400000
6,3384,1184400000,1184400100,5539,9232,1184750000,1184750000
6,3385,1184750000,1184750100,5539,9232,1185100000,1185100000
6,3386,1185100000,1185100100,5539,9232,1185450000,1185450000
6,3387,1185450000,1185450100,5539,9232,1185800000,1185800000
6,3388,1185800000,1185800100,5539,9232,1186150000,1186150000
6,3389,1186150000,1186150100,5539,9232,1186500000,1186500000
6,3390,1186500000,1186500100,5539,9232,1186850000,1186850000
6,3391,1186850000,1186850100,5539,9232,1187200000,1187200000
6,3392,1187200000,1187200100,5539,9232,1187550000,1187550000
6,3393,1187550000,1187550100,5539,9232,1187900000,1187900000
6,3394,1187900000,1187900100,5539,9232,1188250000,1188250000
6,3395,1188250000,1188250100,5539,9232,1188600000,1188600000
6,3396,1188600000,1188600100,5539,9232,1188950000,1188950000
6,3397,1188950000,1188950100,5539,9232,1189300000,1189300000
6,3398,1189300000,1189300100,5539,9232,1189650000,1189650000
6,3399,1189650000,1189650100,5539,9232,1190000000,1190000000
6,3400,1190000000,1190000100,5539,9232,1190350000,1190350000
6,3401,1190350000,1190350100,5539,9232,1190700000,1190700000
6,3402,1190700000,1190700100,5539,9232,1191050000,1191050000
6,3403,1191050000,1191050100,5539,9232,1191400000,1191400000
6,3404,1191400000,1191400100,5539,9232,1191750000,1191750000
6,3405,1191750000,1191750100,5539,9232,1192100000,1192100000
6,3406,1192100000,1192100100,5539,9232,1192450000,1192450000
6,3407,1192450000,1192450100,5539,9232,1192800000,1192800000
6,3408,1192800000,1192800100,5539,9232,1193150000,1193150000
6,3409,1193150000,1193150100,5539,9232,1193500000,1193500000
6,3410,1193500000,1193500100,5539,9232,1193850000,1193850000
6,3411,1193850000,1193850100,5539,9232,1194200000,1194200000
6,3412,1194200000,1194200100,5539,9232,1194550000,1194550000
6,3413,1194550000,1194550100,5539,9232,1194900000,1194900000
6,3414,1194900000,1194900100,5539,9232,1195250000,1195250000
6,3415,1195250000,1195250100,5539,9232,1195600000,1195600000
6,3416,1195600000,1195600100,5539,9232,1195950000,1195950000
6,3417,1195950000,1195950100,5539,9232,1196300000,1196300000
6,3418,1196300000,1196300100,5539,9232,1196650000,1196650000
6,3419,1196650000,1196650100,5539,9232,1197000000,1197000000
7,0,0,100,13661,22769,350000,350000
7,1,350000,350100,13661,22769,700000,700000
7,2,700000,700100,13661,22769,1050000,1050000
7,3,1050000,1050100,13661,22769,1400000,1400000
7,4,1400000,1400100,13661,22769,1750000,1750000
7,5,1750000,1750100,13661,22769,2100000,2100000
7,6,2100000,2100100,13661,22769,2450000,2450000
7,7,2450000,2450100,13661,22769,2800000,2800000
7,8,2800000,2800100,13661,22769,3150000,3150000
7,9,3150000,3150100,13661,22769,3500000,3500000
7,10,3500000,3500100,13661,22769,3850000,3850000
7,11,3850000,3850100,13661,22769,4200000,4200000
7,12,4200000,4200100,13661,22769,4550000,4550000
7,13,4550000,4550100,13661,22769,4900000,4900000
7,14,4900000,4900100,13661,22769,5250000,5250000
7,15,5250000,5250100,13661,22769,5600000,5600000
7,16,5600000,5600100,13661,22769,5950000,5950000
7,17,5950000,5950100,13661,22769,6300000,6300000
7,18,6300000,6300100,13661,22769,6650000,6650000
7,19,6650000,6650100,13661,22769,7000000,7000000
7,20,7000000,7000100,13661,22769,7350000,7350000
7,21,7350000,7350100,13661,22769,7700000,7700000
7,22,7700000,7700100,13661,22769,8050000,8050000
7,23,8050000,8050100,13661,22769,8400000,8400000
7,24,8400000,8400100,13661,22769,8750000,8750000
7,25,8750000,8750100,13661,22769,9100000,9100000
7,26,9100000,9100100,13661,22769,9450000,9450000
7,27,9450000,9450100,13661,22769,9800000,9800000
7,28,9800000,9800100,13661,22769,10150000,10150000
7,29,10150000,10150100,13661,22769,10500000,10500000
7,30,10500000,10500100,13661,22769,10850000,10850000
7,31,10850000,10850100,13661,22769,11200000,11200000
7,32,11200000,11200100,13661,22769,11550000,11550000
7,33,11550000,11550100,13661,22769,11900000,11900000
7,34,11900000,11900100,13661,22769,12250000,12250000
7,35,12250000,12250100,13661,22769,12600000,12600000
7,36,12600000,12600100,13661,22769,12950000,12950000
7,37,12950000,12950100,13661,22769,13300000,13300000
7,38,13300000,13300100,13661,22769,13650000,13650000
7,39,13650000,13650100,13661,22769,14000000,14000000
7,40,14000000,14000100,13661,22769,14350000,14350000
7,41,14350000,14350100,13661,22769,14700000,14700000
7,42,14700000,14700100,13661,22769,15050000,15050000
7,43,15050000,15050100,13661,22769,15400000,15400000
7,44,15400000,15400100,13661,22769,15750000,15750000
7,45,15750000,15750100,13661,22769,16100000,16100000
7,46,16100000,16100100,13661,22769,16450000,16450000
7,47,16450000,16450100,13661,22769,16800000,16800000
7,48,16800000,16800100,13661,22769,17150000,17150000
7,49,17150000,17150100,13661,22769,17500000,17500000
7,50,17500000,17500100,13661,22769,17850000,17850000
7,51,17850000,17850100,13661,22769,18200000,18200000
7,52,18200000,18200100,13661,22769,18550000,18550000
7,53,18550000,18550100,13661,22769,18900000,18900000
7,54,18900000,18900100,13661,22769,19250000,19250000
7,55,19250000,19250100,13661,22769,19600000,19600000
7,56,19600000,19600100,13661,22769,19950000,19950000
7,57,19950000,19950100,13661,22769,20300000,20300000
7,58,20300000,20300100,13661,22769,20650000,20650000
7,59,20650000,20650100,13661,22769,21000000,21000000
7,60,21000000,21000100,13661,22769,21350000,21350000
7,61,21350000,21350100,13661,22769,21700000,21700000
7,62,21700000,21700100,13661,22769,22050000,22050000
7,63,22050000,22050100,13661,22769,22400000,22400000
7,64,22400000,22400100,13661,22769,22750000,22750000
7,65,22750000,22750100,13661,22769,23100000,23100000
7,66,23100000,23100100,13661,22769,23450000,23450000
7,67,23450000,23450100,13661,22769,23800000,23800000
7,68,23800000,23800100,13661,22769,24150000,24150000
7,69,24150000,24150100,13661,22769,24500000,24500000
7,70,24500000,24500100,13661,22769,24850000,24850000
7,71,24850000,24850100,13661,22769,25200000,25200000
7,72,25200000,25200100,13661,22769,25550000,25550000
7,73,25550000,25550100,13661,22769,25900000,25900000
7,74,25900000,25900100,13661,22769,26250000,26250000
7,75,26250000,26250100,13661,22769,26600000,26600000
7,76,26600000,26600100,13661,22769,26950000,26950000
7,77,26950000,26950100,13661,22769,27300000,27300000
7,78,27300000,27300100,13661,22769,27650000,27650000
7,79,27650000,27650100,13661,22769,28000000,28000000
7,80,28000000,28000100,13661,22769,28350000,28350000
7,81,28350000,28350100,13661,22769,28700000,28700000
7,82,28700000,28700100,13661,22769,29050000,29050000
7,83,29050000,29050100,13661,22769,29400000,29400000
7,84,29400000,29400100,13661,22769,29750000,29750000
7,85,29750000,29750100,13661,22769,30100000,30100000
7,86,30100000,30100100,13661,22769,30450000,30450000
7,87,30450000,30450100,13661,22769,30800000,30800000
7,88,30800000,30800100,13661,22769,31150000,31150000
7,89,31150000,31150100,13661,22769,31500000,31500000
7,90,31500000,31500100,13661,22769,31850000,31850000
7,91,31850000,31850100,13661,22769,32200000,32200000
7,92,32200000,32200100,13661,22769,32550000,32550000
7,93,32550000,32550100,13661,22769,32900000,32900000
7,94,32900000,32900100,13661,22769,33250000,33250000
7,95,33250000,33250100,13661,22769,33600000,33600000
7,96,33600000,33600100,13661,22769,33950000,33950000
7,97,33950000,33950100,13661,22769,34300000,34300000
7,98,34300000,34300100,13661,22769,34650000,34650000
7,99,34650000,34650100,13661,22769,35000000,35000000
7,100,35000000,35000100,13661,22769,35350000,35350000
7,101,35350000,35350100,13661,22769,35700000,35700000
7,102,35700000,35700100,13661,22769,36050000,36050000
7,103,36050000,36050100,13661,22769,36400000,36400000
7,104,36400000,36400100,13661,22769,36750000,36750000
7,105,36750000,36750100,13661,22769,37100000,37100000
7,106,37100000,37100100,13661,22769,37450000,37450000
7,107,37450000,37450100,13661,22769,37800000,37800000
7,108,37800000,37800100,13661,22769,38150000,38150000
7,109,38150000,38150100,13661,22769,38500000,38500000
7,110,38500000,38500100,13661,22769,38850000,38850000
7,111,38850000,38850100,13661,22769,39200000,39200000
7,112,39200000,39200100,13661,22769,39550000,39550000
7,113,39550000,39550100,13661,22769,39900000,39900000
7,114,39900000,39900100,13661,22769,40250000,40250000
7,115,40250000,40250100,13661,22769,40600000,40600000
7,116,40600000,40600100,13661,22769,40950000,40950000
7,117,40950000,40950100,13661,22769,41300000,41300000
7,118,41300000,41300100,13661,22769,41650000,41650000
7,119,41650000,41650100,13661,22769,42000000,42000000
7,120,42000000,42000100,13661,22769,42350000,42350000
7,121,42350000,42350100,13661,22769,42700000,42700000
7,122,42700000,42700100,13661,22769,43050000,43050000
7,123,43050000,43050100,13661,22769,43400000,43400000
7,124,43400000,43400100,13661,22769,43750000,43750000
7,125,43750000,43750100,13661,22769,44100000,44100000
7,126,44100000,44100100,13661,22769,44450000,44450000
7,127,44450000,44450100,13661,22769,44800000,44800000
7,128,44800000,44800100,13661,22769,45150000,45150000
7,129,45150000,45150100,13661,22769,45500000,45500000
7,130,45500000,45500100,13661,22769,45850000,45850000
7,131,45850000,45850100,13661,22769,46200000,46200000
7,132,46200000,46200100,13661,22769,46550000,46550000
7,133,46550000,46550100,13661,22769,46900000,46900000
7,134,46900000,46900100,13661,22769,47250000,47250000
7,135,47250000,47250100,13661,22769,47600000,47600000
7,136,47600000,47600100,13661,22769,47950000,47950000
7,137,47950000,47950100,13661,22769,48300000,48300000
7,138,48300000,48300100,13661,22769,48650000,48650000
7,139,48650000,48650100,13661,22769,49000000,49000000
7,140,49000000,49000100,13661,22769,49350000,49350000
7,141,49350000,49350100,13661,22769,49700000,49700000
7,142,49700000,49700100,13661,22769,50050000,50050000
7,143,50050000,50050100,13661,22769,50400000,50400000
7,144,50400000,50400100,13661,22769,50750000,50750000
7,145,50750000,50750100,13661,22769,51100000,51100000
7,146,51100000,51100100,13661,22769,51450000,51450000
7,147,51450000,51450100,13661,22769,51800000,51800000
7,148,51800000,51800100,13661,22769,52150000,52150000
7,149,52150000,52150100,13661,22769,52500000,52500000
7,150,52500000,52500100,13661,22769,52850000,52850000
7,151,52850000,52850100,13661,22769,53200000,53200000
7,152,53200000,53200100,13661,22769,53550000,53550000
7,153,53550000,53550100,13661,22769,53900000,53900000
7,154,53900000,53900100,13661,22769,54250000,54250000
7,155,54250000,54250100,13661,22769,54600000,54600000
7,156,54600000,54600100,13661,22769,54950000,54950000
7,157,54950000,54950100,13661,22769,55300000,55300000
7,158,55300000,55300100,13661,22769,55650000,55650000
7,159,55650000,55650100,13661,22769,56000000,56000000
7,160,56000000,56000100,13661,22769,56350000,56350000
7,161,56350000,56350100,13661,22769,56700000,56700000
7,162,56700000,56700100,13661,22769,57050000,57050000
7,163,57050000,57050100,13661,22769,57400000,57400000
7,164,57400000,57400100,13661,22769,57750000,57750000
7,165,57750000,57750100,13661,22769,58100000,58100000
7,166,58100000,58100100,13661,22769,58450000,58450000
7,167,58450000,58450100,13661,22769,58800000,58800000
7,168,58800000,58800100,13661,22769,59150000,59150000
7,169,59150000,59150100,13661,22769,59500000,59500000
7,170,59500000,59500100,13661,22769,59850000,59850000
7,171,59850000,59850100,13661,22769,60200000,60200000
7,172,60200000,60200100,13661,22769,60550000,60550000
7,173,60550000,60550100,13661,22769,60900000,60900000
7,174,60900000,60900100,13661,22769,61250000,61250000
7,175,61250000,61250100,13661,22769,61600000,61600000
7,176,61600000,61600100,13661,22769,61950000,61950000
7,177,61950000,61950100,13661,22769,62300000,62300000
7,178,62300000,62300100,13661,22769,62650000,62650000
7,179,62650000,62650100,13661,22769,63000000,63000000
7,180,63000000,63000100,13661,22769,63350000,63350000
7,181,63350000,63350100,13661,22769,63700000,63700000
7,182,63700000,63700100,13661,22769,64050000,64050000
7,183,64050000,64050100,13661,22769,64400000,64400000
7,184,64400000,64400100,13661,22769,64750000,64750000
7,185,64750000,64750100,13661,22769,65100000,65100000
7,186,65100000,65100100,13661,22769,65450000,65450000
7,187,65450000,65450100,13661,22769,65800000,65800000
7,188,65800000,65800100,13661,22769,66150000,66150000
7,189,66150000,66150100,13661,22769,66500000,66500000
7,190,66500000,66500100,13661,22769,66850000,66850000
7,191,66850000,66850100,13661,22769,67200000,67200000
7,192,67200000,67200100,13661,22769,67550000,67550000
7,193,67550000,67550100,13661,22769,67900000,67900000
7,194,67900000,67900100,13661,22769,68250000,68250000
7,195,68250000,68250100,13661,22769,68600000,68600000
7,196,68600000,68600100,13661,22769,68950000,68950000
7,197,68950000,68950100,13661,22769,69300000,69300000
7,198,69300000,69300100,13661,22769,69650000,69650000
7,199,69650000,69650100,13661,22769,70000000,70000000
7,200,70000000,70000100,13661,22769,70350000,70350000
7,201,70350000,70350100,13661,22769,70700000,70700000
7,202,70700000,70700100,13661,22769,71050000,71050000
7,203,71050000,71050100,13661,22769,71400000,71400000
7,204,71400000,71400100,13661,22769,71750000,71750000
7,205,71750000,71750100,13661,22769,72100000,72100000
7,206,72100000,72100100,13661,22769,72450000,72450000
7,207,72450000,72450100,13661,22769,72800000,72800000
7,208,72800000,72800100,13661,22769,73150000,73150000
7,209,73150000,73150100,13661,22769,73500000,73500000
7,210,73500000,73500100,13661,22769,73850000,73850000
7,211,73850000,73850100,13661,22769,74200000,74200000
7,212,74200000,74200100,13661,22769,74550000,74550000
7,213,74550000,74550100,13661,22769,74900000,74900000
7,214,74900000,74900100,13661,22769,75250000,75250000
7,215,75250000,75250100,13661,22769,75600000,75600000
7,216,75600000,75600100,13661,22769,75950000,75950000
7,217,75950000,75950100,13661,22769,76300000,76300000
7,218,76300000,76300100,13661,22769,76650000,76650000
7,219,76650000,76650100,13661,22769,77000000,77000000
7,220,77000000,77000100,13661,22769,77350000,77350000
7,221,77350000,77350100,13661,22769,77700000,77700000
7,222,77700000,77700100,13661,22769,78050000,78050000
7,223,78050000,78050100,13661,22769,78400000,78400000
7,224,78400000,78400100,13661,22769,78750000,78750000
7,225,78750000,78750100,13661,22769,79100000,79100000
7,226,79100000,79100100,13661,22769,79450000,79450000
7,227,79450000,79450100,13661,22769,79800000,79800000
7,228,79800000,79800100,13661,22769,80150000,80150000
7,229,80150000,80150100,13661,22769,80500000,80500000
7,230,80500000,80500100,13661,22769,80850000,80850000
7,231,80850000,80850100,13661,22769,81200000,81200000
7,232,81200000,81200100,13661,22769,81550000,81550000
7,233,81550000,81550100,13661,22769,81900000,81900000
7,234,81900000,81900100,13661,22769,82250000,82250000
7,235,82250000,82250100,13661,22769,82600000,82600000
7,236,82600000,82600100,13661,22769,82950000,82950000
7,237,82950000,82950100,13661,22769,83300000,83300000
7,238,83300000,83300100,13661,22769,83650000,83650000
7,239,83650000,83650100,13661,22769,84000000,84000000
7,240,84000000,84000100,13661,22769,84350000,84350000
7,241,84350000,84350100,13661,22769,84700000,84700000
7,242,84700000,84700100,13661,22769,85050000,85050000
7,243,85050000,85050100,13661,22769,85400000,85400000
7,244,85400000,85400100,13661,22769,85750000,85750000
7,245,85750000,85750100,13661,22769,86100000,86100000
7,246,86100000,86100100,13661,22769,86450000,86450000
7,247,86450000,86450100,13661,22769,86800000,86800000
7,248,86800000,86800100,13661,22769,87150000,87150000
7,249,87150000,87150100,13661,22769,87500000,87500000
7,250,87500000,87500100,13661,22769,87850000,87850000
7,251,87850000,87850100,13661,22769,88200000,88200000
7,252,88200000,88200100,13661,22769,88550000,88550000
7,253,88550000,88550100,13661,22769,88900000,88900000
7,254,88900000,88900100,13661,22769,89250000,89250000
7,255,89250000,89250100,13661,22769,89600000,89600000
7,256,89600000,89600100,13661,22769,89950000,89950000
7,257,89950000,89950100,13661,22769,90300000,90300000
7,258,90300000,90300100,13661,22769,90650000,90650000
7,259,90650000,90650100,13661,22769,91000000,91000000
7,260,91000000,91000100,13661,22769,91350000,91350000
7,261,91350000,91350100,13661,22769,91700000,91700000
7,262,91700000,91700100,13661,22769,92050000,92050000
7,263,92050000,92050100,13661,22769,92400000,92400000
7,264,92400000,92400100,13661,22769,92750000,92750000
7,265,92750000,92750100,13661,22769,93100000,93100000
7,266,93100000,93100100,13661,22769,93450000,93450000
7,267,93450000,93450100,13661,22769,93800000,93800000
7,268,93800000,93800100,13661,22769,94150000,94150000
7,269,94150000,94150100,13661,22769,94500000,94500000
7,270,94500000,94500100,13661,22769,94850000,94850000
7,271,94850000,94850100,13661,22769,95200000,95200000
7,272,95200000,95200100,13661,22769,95550000,95550000
7,273,95550000,95550100,13661,22769,95900000,95900000
7,274,95900000,95900100,13661,22769,96250000,96250000
7,275,96250000,96250100,13661,22769,96600000,96600000
7,276,96600000,96600100,13661,22769,96950000,96950000
7,277,96950000,96950100,13661,22769,97300000,97300000
7,278,97300000,97300100,13661,22769,97650000,97650000
7,279,97650000,97650100,13661,22769,98000000,98000000
7,280,98000000,98000100,13661,22769,98350000,98350000
7,281,98350000,98350100,13661,22769,98700000,98700000
7,282,98700000,98700100,13661,22769,99050000,99050000
7,283,99050000,99050100,13661,22769,99400000,99400000
7,284,99400000,99400100,13661,22769,99750000,99750000
7,285,99750000,99750100,13661,22769,100100000,100100000
7,286,100100000,100100100,13661,22769,100450000,100450000
7,287,100450000,100450100,13661,22769,100800000,100800000
7,288,100800000,100800100,13661,22769,101150000,101150000
7,289,101150000,101150100,13661,22769,101500000,101500000
7,290,101500000,101500100,13661,22769,101850000,101850000
7,291,101850000,101850100,13661,22769,102200000,102200000
7,292,102200000,102200100,13661,22769,102550000,102550000
7,293,102550000,102550100,13661,22769,102900000,102900000
7,294,102900000,102900100,13661,22769,103250000,103250000
7,295,103250000,103250100,13661,22769,103600000,103600000
7,296,103600000,103600100,13661,22769,103950000,103950000
7,297,103950000,103950100,13661,22769,104300000,104300000
7,298,104300000,104300100,13661,22769,104650000,104650000
7,299,104650000,104650100,13661,22769,105000000,105000000
7,300,105000000,105000100,13661,22769,105350000,105350000
7,301,105350000,105350100,13661,22769,105700000,105700000
7,302,105700000,105700100,13661,22769,106050000,106050000
7,303,106050000,106050100,13661,22769,106400000,106400000
7,304,106400000,106400100,13661,22769,106750000,106750000
7,305,106750000,106750100,13661,22769,107100000,107100000
7,306,107100000,107100100,13661,22769,107450000,107450000
7,307,107450000,107450100,13661,22769,107800000,107800000
7,308,107800000,107800100,13661,22769,108150000,108150000
7,309,108150000,108150100,13661,22769,108500000,108500000
7,310,108500000,108500100,13661,22769,108850000,108850000
7,311,108850000,108850100,13661,22769,109200000,109200000
7,312,109200000,109200100,13661,22769,109550000,109550000
7,313,109550000,109550100,13661,22769,109900000,109900000
7,314,109900000,109900100,13661,22769,110250000,110250000
7,315,110250000,110250100,13661,22769,110600000,110600000
7,316,110600000,110600100,13661,22769,110950000,110950000
7,317,110950000,110950100,13661,22769,111300000,111300000
7,318,111300000,111300100,13661,22769,111650000,111650000
7,319,111650000,111650100,13661,22769,112000000,112000000
7,320,112000000,112000100,13661,22769,112350000,112350000
7,321,112350000,112350100,13661,22769,112700000,112700000
7,322,112700000,112700100,13661,22769,113050000,113050000
7,323,113050000,113050100,13661,22769,113400000,113400000
7,324,113400000,113400100,13661,22769,113750000,113750000
7,325,113750000,113750100,13661,22769,114100000,114100000
7,326,114100000,114100100,13661,22769,114450000,114450000
7,327,114450000,114450100,13661,22769,114800000,114800000
7,328,114800000,114800100,13661,22769,115150000,115150000
7,329,115150000,115150100,13661,22769,115500000,115500000
7,330,115500000,115500100,13661,22769,115850000,115850000
7,331,115850000,115850100,13661,22769,116200000,116200000
7,332,116200000,116200100,13661,22769,116550000,116550000
7,333,116550000,116550100,13661,22769,116900000,116900000
7,334,116900000,116900100,13661,22769,117250000,117250000
7,335,117250000,117250100,13661,22769,117600000,117600000
7,336,117600000,117600100,13661,22769,117950000,117950000
7,337,117950000,117950100,13661,22769,118300000,118300000
7,338,118300000,118300100,13661,22769,118650000,118650000
7,339,118650000,118650100,13661,22769,119000000,119000000
7,340,119000000,119000100,13661,22769,119350000,119350000
7,341,119350000,119350100,13661,22769,119700000,119700000
7,342,119700000,119700100,13661,22769,120050000,120050000
7,343,120050000,120050100,13661,22769,120400000,120400000
7,344,120400000,120400100,13661,22769,120750000,120750000
7,345,120750000,120750100,13661,22769,121100000,121100000
7,346,121100000,121100100,13661,22769,121450000,121450000
7,347,121450000,121450100,13661,22769,121800000,121800000
7,348,121800000,121800100,13661,22769,122150000,122150000
7,349,122150000,122150100,13661,22769,122500000,122500000
7,350,122500000,122500100,13661,22769,122850000,122850000
7,351,122850000,122850100,13661,22769,123200000,123200000
7,352,123200000,123200100,13661,22769,123550000,123550000
7,353,123550000,123550100,13661,22769,123900000,123900000
7,354,123900000,123900100,13661,22769,124250000,124250000
7,355,124250000,124250100,13661,22769,124600000,124600000
7,356,124600000,124600100,13661,22769,124950000,124950000
7,357,124950000,124950100,13661,22769,125300000,125300000
7,358,125300000,125300100,13661,22769,125650000,125650000
7,359,125650000,125650100,13661,22769,126000000,126000000
7,360,126000000,126000100,13661,22769,126350000,126350000
7,361,126350000,126350100,13661,22769,126700000,126700000
7,362,126700000,126700100,13661,22769,127050000,127050000
7,363,127050000,127050100,13661,22769,127400000,127400000
7,364,127400000,127400100,13661,22769,127750000,127750000
7,365,127750000,127750100,13661,22769,128100000,128100000
7,366,128100000,128100100,13661,22769,128450000,128450000
7,367,128450000,128450100,13661,22769,128800000,128800000
7,368,128800000,128800100,13661,22769,129150000,129150000
7,369,129150000,129150100,13661,22769,129500000,129500000
7,370,129500000,129500100,13661,22769,129850000,129850000
7,371,129850000,129850100,13661,22769,130200000,130200000
7,372,130200000,130200100,13661,22769,130550000,130550000
7,373,130550000,130550100,13661,22769,130900000,130900000
7,374,130900000,130900100,13661,22769,131250000,131250000
7,375,131250000,131250100,13661,22769,131600000,131600000
7,376,131600000,131600100,13661,22769,131950000,131950000
7,377,131950000,131950100,13661,22769,132300000,132300000
7,378,132300000,132300100,13661,22769,132650000,132650000
7,379,132650000,132650100,13661,22769,133000000,133000000
7,380,133000000,133000100,13661,22769,133350000,133350000
7,381,133350000,133350100,13661,22769,133700000,133700000
7,382,133700000,133700100,13661,22769,134050000,134050000
7,383,134050000,134050100,13661,22769,134400000,134400000
7,384,134400000,134400100,13661,22769,134750000,134750000
7,385,134750000,134750100,13661,22769,135100000,135100000
7,386,135100000,135100100,13661,22769,135450000,135450000
7,387,135450000,135450100,13661,22769,135800000,135800000
7,388,135800000,135800100,13661,22769,136150000,136150000
7,389,136150000,136150100,13661,22769,136500000,136500000
7,390,136500000,136500100,13661,22769,136850000,136850000
7,391,136850000,136850100,13661,22769,137200000,137200000
7,392,137200000,137200100,13661,22769,137550000,137550000
7,393,137550000,137550100,13661,22769,137900000,137900000
7,394,137900000,137900100,13661,22769,138250000,138250000
7,395,138250000,138250100,13661,22769,138600000,138600000
7,396,138600000,138600100,13661,22769,138950000,138950000
7,397,138950000,138950100,13661,22769,139300000,139300000
7,398,139300000,139300100,13661,22769,139650000,139650000
7,399,139650000,139650100,13661,22769,140000000,140000000
7,400,140000000,140000100,13661,22769,140350000,140350000
7,401,140350000,140350100,13661,22769,140700000,140700000
7,402,140700000,140700100,13661,22769,141050000,141050000
7,403,141050000,141050100,13661,22769,141400000,141400000
7,404,141400000,141400100,13661,22769,141750000,141750000
7,405,141750000,141750100,13661,22769,142100000,142100000
7,406,142100000,142100100,13661,22769,142450000,142450000
7,407,142450000,142450100,13661,22769,142800000,142800000
7,408,142800000,142800100,13661,22769,143150000,143150000
7,409,143150000,143150100,13661,22769,143500000,143500000
7,410,143500000,143500100,13661,22769,143850000,143850000
7,411,143850000,143850100,13661,22769,144200000,144200000
7,412,144200000,144200100,13661,22769,144550000,144550000
7,413,144550000,144550100,13661,22769,144900000,144900000
7,414,144900000,144900100,13661,22769,145250000,145250000
7,415,145250000,145250100,13661,22769,145600000,145600000
7,416,145600000,145600100,13661,22769,145950000,145950000
7,417,145950000,145950100,13661,22769,146300000,146300000
7,418,146300000,146300100,13661,22769,146650000,146650000
7,419,146650000,146650100,13661,22769,147000000,147000000
7,420,147000000,147000100,13661,22769,147350000,147350000
7,421,147350000,147350100,13661,22769,147700000,147700000
7,422,147700000,147700100,13661,22769,148050000,148050000
7,423,148050000,148050100,13661,22769,148400000,148400000
7,424,148400000,148400100,13661,22769,148750000,148750000
7,425,148750000,148750100,13661,22769,149100000,149100000
7,426,149100000,149100100,13661,22769,149450000,149450000
7,427,149450000,149450100,13661,22769,149800000,149800000
7,428,149800000,149800100,13661,22769,150150000,150150000
7,429,150150000,150150100,13661,22769,150500000,150500000
7,430,150500000,150500100,13661,22769,150850000,150850000
7,431,150850000,150850100,13661,22769,151200000,151200000
7,432,151200000,151200100,13661,22769,151550000,151550000
7,433,151550000,151550100,13661,22769,151900000,151900000
7,434,151900000,151900100,13661,22769,152250000,152250000
7,435,152250000,152250100,13661,22769,152600000,152600000
7,436,152600000,152600100,13661,22769,152950000,152950000
7,437,152950000,152950100,13661,22769,153300000,153300000
7,438,153300000,153300100,13661,22769,153650000,153650000
7,439,153650000,153650100,13661,22769,154000000,154000000
7,440,154000000,154000100,13661,22769,154350000,154350000
7,441,154350000,154350100,13661,22769,154700000,154700000
7,442,154700000,154700100,13661,22769,155050000,155050000
7,443,155050000,155050100,13661,22769,155400000,155400000
7,444,155400000,155400100,13661,22769,155750000,155750000
7,445,155750000,155750100,13661,22769,156100000,156100000
7,446,156100000,156100100,13661,22769,156450000,156450000
7,447,156450000,156450100,13661,22769,156800000,156800000
7,448,156800000,156800100,13661,22769,157150000,157150000
7,449,157150000,157150100,13661,22769,157500000,157500000
7,450,157500000,157500100,13661,22769,157850000,157850000
7,451,157850000,157850100,13661,22769,158200000,158200000
7,452,158200000,158200100,13661,22769,158550000,158550000
7,453,158550000,158550100,13661,22769,158900000,158900000
7,454,158900000,158900100,13661,22769,159250000,159250000
7,455,159250000,159250100,13661,22769,159600000,159600000
7,456,159600000,159600100,13661,22769,159950000,159950000
7,457,159950000,159950100,13661,22769,160300000,160300000
7,458,160300000,160300100,13661,22769,160650000,160650000
7,459,160650000,160650100,13661,22769,161000000,161000000
7,460,161000000,161000100,13661,22769,161350000,161350000
7,461,161350000,161350100,13661,22769,161700000,161700000
7,462,161700000,161700100,13661,22769,162050000,162050000
7,463,162050000,162050100,13661,22769,162400000,162400000
7,464,162400000,162400100,13661,22769,162750000,162750000
7,465,162750000,162750100,13661,22769,163100000,163100000
7,466,163100000,163100100,13661,22769,163450000,163450000
7,467,163450000,163450100,13661,22769,163800000,163800000
7,468,163800000,163800100,13661,22769,164150000,164150000
7,469,164150000,164150100,13661,22769,164500000,164500000
7,470,164500000,164500100,13661,22769,164850000,164850000
7,471,164850000,164850100,13661,22769,165200000,165200000
7,472,165200000,165200100,13661,22769,165550000,165550000
7,473,165550000,165550100,13661,22769,165900000,165900000
7,474,165900000,165900100,13661,22769,166250000,166250000
7,475,166250000,166250100,13661,22769,166600000,166600000
7,476,166600000,166600100,13661,22769,166950000,166950000
7,477,166950000,166950100,13661,22769,167300000,167300000
7,478,167300000,167300100,13661,22769,167650000,167650000
7,479,167650000,167650100,13661,22769,168000000,168000000
7,480,168000000,168000100,13661,22769,168350000,168350000
7,481,168350000,168350100,13661,22769,168700000,168700000
7,482,168700000,168700100,13661,22769,169050000,169050000
7,483,169050000,169050100,13661,22769,169400000,169400000
7,484,169400000,169400100,13661,22769,169750000,169750000
7,485,169750000,169750100,13661,22769,170100000,170100000
7,486,170100000,170100100,13661,22769,170450000,170450000
7,487,170450000,170450100,13661,22769,170800000,170800000
7,488,170800000,170800100,13661,22769,171150000,171150000
7,489,171150000,171150100,13661,22769,171500000,171500000
7,490,171500000,171500100,13661,22769,171850000,171850000
7,491,171850000,171850100,13661,22769,172200000,172200000
7,492,172200000,172200100,13661,22769,172550000,172550000
7,493,172550000,172550100,13661,22769,172900000,172900000
7,494,172900000,172900100,13661,22769,173250000,173250000
7,495,173250000,173250100,13661,22769,173600000,173600000
7,496,173600000,173600100,13661,22769,173950000,173950000
7,497,173950000,173950100,13661,22769,174300000,174300000
7,498,174300000,174300100,13661,22769,174650000,174650000
7,499,174650000,174650100,13661,22769,175000000,175000000
7,500,175000000,175000100,13661,22769,175350000,175350000
7,501,175350000,175350100,13661,22769,175700000,175700000
7,502,175700000,175700100,13661,22769,176050000,176050000
7,503,176050000,176050100,13661,22769,176400000,176400000
7,504,176400000,176400100,13661,22769,176750000,176750000
7,505,176750000,176750100,13661,22769,177100000,177100000
7,506,177100000,177100100,13661,22769,177450000,177450000
7,507,177450000,177450100,13661,22769,177800000,177800000
7,508,177800000,177800100,13661,22769,178150000,178150000
7,509,178150000,178150100,13661,22769,178500000,178500000
7,510,178500000,178500100,13661,22769,178850000,178850000
7,511,178850000,178850100,13661,22769,179200000,179200000
7,512,179200000,179200100,13661,22769,179550000,179550000
7,513,179550000,179550100,13661,22769,179900000,179900000
7,514,179900000,179900100,13661,22769,180250000,180250000
7,515,180250000,180250100,13661,22769,180600000,180600000
7,516,180600000,180600100,13661,22769,180950000,180950000
7,517,180950000,180950100,13661,22769,181300000,181300000
7,518,181300000,181300100,13661,22769,181650000,181650000
7,519,181650000,181650100,13661,22769,182000000,182000000
7,520,182000000,182000100,13661,22769,182350000,182350000
7,521,182350000,182350100,13661,22769,182700000,182700000
7,522,182700000,182700100,13661,22769,183050000,183050000
7,523,183050000,183050100,13661,22769,183400000,183400000
7,524,183400000,183400100,13661,22769,183750000,183750000
7,525,183750000,183750100,13661,22769,184100000,184100000
7,526,184100000,184100100,13661,22769,184450000,184450000
7,527,184450000,184450100,13661,22769,184800000,184800000
7,528,184800000,184800100,13661,22769,185150000,185150000
7,529,185150000,185150100,13661,22769,185500000,185500000
7,530,185500000,185500100,13661,22769,185850000,185850000
7,531,185850000,185850100,13661,22769,186200000,186200000
7,532,186200000,186200100,13661,22769,186550000,186550000
7,533,186550000,186550100,13661,22769,186900000,186900000
7,534,186900000,186900100,13661,22769,187250000,187250000
7,535,187250000,187250100,13661,22769,187600000,187600000
7,536,187600000,187600100,13661,22769,187950000,187950000
7,537,187950000,187950100,13661,22769,188300000,188300000
7,538,188300000,188300100,13661,22769,188650000,188650000
7,539,188650000,188650100,13661,22769,189000000,189000000
7,540,189000000,189000100,13661,22769,189350000,189350000
7,541,189350000,189350100,13661,22769,189700000,189700000
7,542,189700000,189700100,13661,22769,190050000,190050000
7,543,190050000,190050100,13661,22769,190400000,190400000
7,544,190400000,190400100,13661,22769,190750000,190750000
7,545,190750000,190750100,13661,22769,191100000,191100000
7,546,191100000,191100100,13661,22769,191450000,191450000
7,547,191450000,191450100,13661,22769,191800000,191800000
7,548,191800000,191800100,13661,22769,192150000,192150000
7,549,192150000,192150100,13661,22769,192500000,192500000
7,550,192500000,192500100,13661,22769,192850000,192850000
7,551,192850000,192850100,13661,22769,193200000,193200000
7,552,193200000,193200100,13661,22769,193550000,193550000
7,553,193550000,193550100,13661,22769,193900000,193900000
7,554,193900000,193900100,13661,22769,194250000,194250000
7,555,194250000,194250100,13661,22769,194600000,194600000
7,556,194600000,194600100,13661,22769,194950000,194950000
7,557,194950000,194950100,13661,22769,195300000,195300000
7,558,195300000,195300100,13661,22769,195650000,195650000
7,559,195650000,195650100,13661,22769,196000000,196000000
7,560,196000000,196000100,13661,22769,196350000,196350000
7,561,196350000,196350100,13661,22769,196700000,196700000
7,562,196700000,196700100,13661,22769,197050000,197050000
7,563,197050000,197050100,13661,22769,197400000,197400000
7,564,197400000,197400100,13661,22769,197750000,197750000
7,565,197750000,197750100,13661,22769,198100000,198100000
7,566,198100000,198100100,13661,22769,198450000,198450000
7,567,198450000,198450100,13661,22769,198800000,198800000
7,568,198800000,198800100,13661,22769,199150000,199150000
7,569,199150000,199150100,13661,22769,199500000,199500000
7,570,199500000,199500100,13661,22769,199850000,199850000
7,571,199850000,199850100,13661,22769,200200000,200200000
7,572,200200000,200200100,13661,22769,200550000,200550000
7,573,200550000,200550100,13661,22769,200900000,200900000
7,574,200900000,200900100,13661,22769,201250000,201250000
7,575,201250000,201250100,13661,22769,201600000,201600000
7,576,201600000,201600100,13661,22769,201950000,201950000
7,577,201950000,201950100,13661,22769,202300000,202300000
7,578,202300000,202300100,13661,22769,202650000,202650000
7,579,202650000,202650100,13661,22769,203000000,203000000
7,580,203000000,203000100,13661,22769,203350000,203350000
7,581,203350000,203350100,13661,22769,203700000,203700000
7,582,203700000,203700100,13661,22769,204050000,204050000
7,583,204050000,204050100,13661,22769,204400000,204400000
7,584,204400000,204400100,13661,22769,204750000,204750000
7,585,204750000,204750100,13661,22769,205100000,205100000
7,586,205100000,205100100,13661,22769,205450000,205450000
7,587,205450000,205450100,13661,22769,205800000,205800000
7,588,205800000,205800100,13661,22769,206150000,206150000
7,589,206150000,206150100,13661,22769,206500000,206500000
7,590,206500000,206500100,13661,22769,206850000,206850000
7,591,206850000,206850100,13661,22769,207200000,207200000
7,592,207200000,207200100,13661,22769,207550000,207550000
7,593,207550000,207550100,13661,22769,207900000,207900000
7,594,207900000,207900100,13661,22769,208250000,208250000
7,595,208250000,208250100,13661,22769,208600000,208600000
7,596,208600000,208600100,13661,22769,208950000,208950000
7,597,208950000,208950100,13661,22769,209300000,209300000
7,598,209300000,209300100,13661,22769,209650000,209650000
7,599,209650000,209650100,13661,22769,210000000,210000000
7,600,210000000,210000100,13661,22769,210350000,210350000
7,601,210350000,210350100,13661,22769,210700000,210700000
7,602,210700000,210700100,13661,22769,211050000,211050000
7,603,211050000,211050100,13661,22769,211400000,211400000
7,604,211400000,211400100,13661,22769,211750000,211750000
7,605,211750000,211750100,13661,22769,212100000,212100000
7,606,212100000,212100100,13661,22769,212450000,212450000
7,607,212450000,212450100,13661,22769,212800000,212800000
7,608,212800000,212800100,13661,22769,213150000,213150000
7,609,213150000,213150100,13661,22769,213500000,213500000
7,610,213500000,213500100,13661,22769,213850000,213850000
7,611,213850000,213850100,13661,22769,214200000,214200000
7,612,214200000,214200100,13661,22769,214550000,214550000
7,613,214550000,214550100,13661,22769,214900000,214900000
7,614,214900000,214900100,13661,22769,215250000,215250000
7,615,215250000,215250100,13661,22769,215600000,215600000
7,616,215600000,215600100,13661,22769,215950000,215950000
7,617,215950000,215950100,13661,22769,216300000,216300000
7,618,216300000,216300100,13661,22769,216650000,216650000
7,619,216650000,216650100,13661,22769,217000000,217000000
7,620,217000000,217000100,13661,22769,217350000,217350000
7,621,217350000,217350100,13661,22769,217700000,217700000
7,622,217700000,217700100,13661,22769,218050000,218050000
7,623,218050000,218050100,13661,22769,218400000,218400000
7,624,218400000,218400100,13661,22769,218750000,218750000
7,625,218750000,218750100,13661,22769,219100000,219100000
7,626,219100000,219100100,13661,22769,219450000,219450000
7,627,219450000,219450100,13661,22769,219800000,219800000
7,628,219800000,219800100,13661,22769,220150000,220150000
7,629,220150000,220150100,13661,22769,220500000,220500000
7,630,220500000,220500100,13661,22769,220850000,220850000
7,631,220850000,220850100,13661,22769,221200000,221200000
7,632,221200000,221200100,13661,22769,221550000,221550000
7,633,221550000,221550100,13661,22769,221900000,221900000
7,634,221900000,221900100,13661,22769,222250000,222250000
7,635,222250000,222250100,13661,22769,222600000,222600000
7,636,222600000,222600100,13661,22769,222950000,222950000
7,637,222950000,222950100,13661,22769,223300000,223300000
7,638,223300000,223300100,13661,22769,223650000,223650000
7,639,223650000,223650100,13661,22769,224000000,224000000
7,640,224000000,224000100,13661,22769,224350000,224350000
7,641,224350000,224350100,13661,22769,224700000,224700000
7,642,224700000,224700100,13661,22769,225050000,225050000
7,643,225050000,225050100,13661,22769,225400000,225400000
7,644,225400000,225400100,13661,22769,225750000,225750000
7,645,225750000,225750100,13661,22769,226100000,226100000
7,646,226100000,226100100,13661,22769,226450000,226450000
7,647,226450000,226450100,13661,22769,226800000,226800000
7,648,226800000,226800100,13661,22769,227150000,227150000
7,649,227150000,227150100,13661,22769,227500000,227500000
7,650,227500000,227500100,13661,22769,227850000,227850000
7,651,227850000,227850100,13661,22769,228200000,228200000
7,652,228200000,228200100,13661,22769,228550000,228550000
7,653,228550000,228550100,13661,22769,228900000,228900000
7,654,228900000,228900100,13661,22769,229250000,229250000
7,655,229250000,229250100,13661,22769,229600000,229600000
7,656,229600000,229600100,13661,22769,229950000,229950000
7,657,229950000,229950100,13661,22769,230300000,230300000
7,658,230300000,230300100,13661,22769,230650000,230650000
7,659,230650000,230650100,13661,22769,231000000,231000000
7,660,231000000,231000100,13661,22769,231350000,231350000
7,661,231350000,231350100,13661,22769,231700000,231700000
7,662,231700000,231700100,13661,22769,232050000,232050000
7,663,232050000,232050100,13661,22769,232400000,232400000
7,664,232400000,232400100,13661,22769,232750000,232750000
7,665,232750000,232750100,13661,22769,233100000,233100000
7,666,233100000,233100100,13661,22769,233450000,233450000
7,667,233450000,233450100,13661,22769,233800000,233800000
7,668,233800000,233800100,13661,22769,234150000,234150000
7,669,234150000,234150100,13661,22769,234500000,234500000
7,670,234500000,234500100,13661,22769,234850000,234850000
7,671,234850000,234850100,13661,22769,235200000,235200000
7,672,235200000,235200100,13661,22769,235550000,235550000
7,673,235550000,235550100,13661,22769,235900000,235900000
7,674,235900000,235900100,13661,22769,236250000,236250000
7,675,236250000,236250100,13661,22769,236600000,236600000
7,676,236600000,236600100,13661,22769,236950000,236950000
7,677,236950000,236950100,13661,22769,237300000,237300000
7,678,237300000,237300100,13661,22769,237650000,237650000
7,679,237650000,237650100,13661,22769,238000000,238000000
7,680,238000000,238000100,13661,22769,238350000,238350000
7,681,238350000,238350100,13661,22769,238700000,238700000
7,682,238700000,238700100,13661,22769,239050000,239050000
7,683,239050000,239050100,13661,22769,239400000,239400000
7,684,239400000,239400100,13661,22769,239750000,239750000
7,685,239750000,239750100,13661,22769,240100000,240100000
7,686,240100000,240100100,13661,22769,240450000,240450000
7,687,240450000,240450100,13661,22769,240800000,240800000
7,688,240800000,240800100,13661,22769,241150000,241150000
7,689,241150000,241150100,13661,22769,241500000,241500000
7,690,241500000,241500100,13661,22769,241850000,241850000
7,691,241850000,241850100,13661,22769,242200000,242200000
7,692,242200000,242200100,13661,22769,242550000,242550000
7,693,242550000,242550100,13661,22769,242900000,242900000
7,694,242900000,242900100,13661,22769,243250000,243250000
7,695,243250000,243250100,13661,22769,243600000,243600000
7,696,243600000,243600100,13661,22769,243950000,243950000
7,697,243950000,243950100,13661,22769,244300000,244300000
7,698,244300000,244300100,13661,22769,244650000,244650000
7,699,244650000,244650100,13661,22769,245000000,245000000
7,700,245000000,245000100,13661,22769,245350000,245350000
7,701,245350000,245350100,13661,22769,245700000,245700000
7,702,245700000,245700100,13661,22769,246050000,246050000
7,703,246050000,246050100,13661,22769,246400000,246400000
7,704,246400000,246400100,13661,22769,246750000,246750000
7,705,246750000,246750100,13661,22769,247100000,247100000
7,706,247100000,247100100,13661,22769,247450000,247450000
7,707,247450000,247450100,13661,22769,247800000,247800000
7,708,247800000,247800100,13661,22769,248150000,248150000
7,709,248150000,248150100,13661,22769,248500000,248500000
7,710,248500000,248500100,13661,22769,248850000,248850000
7,711,248850000,248850100,13661,22769,249200000,249200000
7,712,249200000,249200100,13661,22769,249550000,249550000
7,713,249550000,249550100,13661,22769,249900000,249900000
7,714,249900000,249900100,13661,22769,250250000,250250000
7,715,250250000,250250100,13661,22769,250600000,250600000
7,716,250600000,250600100,13661,22769,250950000,250950000
7,717,250950000,250950100,13661,22769,251300000,251300000
7,718,251300000,251300100,13661,22769,251650000,251650000
7,719,251650000,251650100,13661,22769,252000000,252000000
7,720,252000000,252000100,13661,22769,252350000,252350000
7,721,252350000,252350100,13661,22769,252700000,252700000
7,722,252700000,252700100,13661,22769,253050000,253050000
7,723,253050000,253050100,13661,22769,253400000,253400000
7,724,253400000,253400100,13661,22769,253750000,253750000
7,725,253750000,253750100,13661,22769,254100000,254100000
7,726,254100000,254100100,13661,22769,254450000,254450000
7,727,254450000,254450100,13661,22769,254800000,254800000
7,728,254800000,254800100,13661,22769,255150000,255150000
7,729,255150000,255150100,13661,22769,255500000,255500000
7,730,255500000,255500100,13661,22769,255850000,255850000
7,731,255850000,255850100,13661,22769,256200000,256200000
7,732,256200000,256200100,13661,22769,256550000,256550000
7,733,256550000,256550100,13661,22769,256900000,256900000
7,734,256900000,256900100,13661,22769,257250000,257250000
7,735,257250000,257250100,13661,22769,257600000,257600000
7,736,257600000,257600100,13661,22769,257950000,257950000
7,737,257950000,257950100,13661,22769,258300000,258300000
7,738,258300000,258300100,13661,22769,258650000,258650000
7,739,258650000,258650100,13661,22769,259000000,259000000
7,740,259000000,259000100,13661,22769,259350000,259350000
7,741,259350000,259350100,13661,22769,259700000,259700000
7,742,259700000,259700100,13661,22769,260050000,260050000
7,743,260050000,260050100,13661,22769,260400000,260400000
7,744,260400000,260400100,13661,22769,260750000,260750000
7,745,260750000,260750100,13661,22769,261100000,261100000
7,746,261100000,261100100,13661,22769,261450000,261450000
7,747,261450000,261450100,13661,22769,261800000,261800000
7,748,261800000,261800100,13661,22769,262150000,262150000
7,749,262150000,262150100,13661,22769,262500000,262500000
7,750,262500000,262500100,13661,22769,262850000,262850000
7,751,262850000,262850100,13661,22769,263200000,263200000
7,752,263200000,263200100,13661,22769,263550000,263550000
7,753,263550000,263550100,13661,22769,263900000,263900000
7,754,263900000,263900100,13661,22769,264250000,264250000
7,755,264250000,264250100,13661,22769,264600000,264600000
7,756,264600000,264600100,13661,22769,264950000,264950000
7,757,264950000,264950100,13661,22769,265300000,265300000
7,758,265300000,265300100,13661,22769,265650000,265650000
7,759,265650000,265650100,13661,22769,266000000,266000000
7,760,266000000,266000100,13661,22769,266350000,266350000
7,761,266350000,266350100,13661,22769,266700000,266700000
7,762,266700000,266700100,13661,22769,267050000,267050000
7,763,267050000,267050100,13661,22769,267400000,267400000
7,764,267400000,267400100,13661,22769,267750000,267750000
7,765,267750000,267750100,13661,22769,268100000,268100000
7,766,268100000,268100100,13661,22769,268450000,268450000
7,767,268450000,268450100,13661,22769,268800000,268800000
7,768,268800000,268800100,13661,22769,269150000,269150000
7,769,269150000,269150100,13661,22769,269500000,269500000
7,770,269500000,269500100,13661,22769,269850000,269850000
7,771,269850000,269850100,13661,22769,270200000,270200000
7,772,270200000,270200100,13661,22769,270550000,270550000
7,773,270550000,270550100,13661,22769,270900000,270900000
7,774,270900000,270900100,13661,22769,271250000,271250000
7,775,271250000,271250100,13661,22769,271600000,271600000
7,776,271600000,271600100,13661,22769,271950000,271950000
7,777,271950000,271950100,13661,22769,272300000,272300000
7,778,272300000,272300100,13661,22769,272650000,272650000
7,779,272650000,272650100,13661,22769,273000000,273000000
7,780,273000000,273000100,13661,22769,273350000,273350000
7,781,273350000,273350100,13661,22769,273700000,273700000
7,782,273700000,273700100,13661,22769,274050000,274050000
7,783,274050000,274050100,13661,22769,274400000,274400000
7,784,274400000,274400100,13661,22769,274750000,274750000
7,785,274750000,274750100,13661,22769,275100000,275100000
7,786,275100000,275100100,13661,22769,275450000,275450000
7,787,275450000,275450100,13661,22769,275800000,275800000
7,788,275800000,275800100,13661,22769,276150000,276150000
7,789,276150000,276150100,13661,22769,276500000,276500000
7,790,276500000,276500100,13661,22769,276850000,276850000
7,791,276850000,276850100,13661,22769,277200000,277200000
7,792,277200000,277200100,13661,22769,277550000,277550000
7,793,277550000,277550100,13661,22769,277900000,277900000
7,794,277900000,277900100,13661,22769,278250000,278250000
7,795,278250000,278250100,13661,22769,278600000,278600000
7,796,278600000,278600100,13661,22769,278950000,278950000
7,797,278950000,278950100,13661,22769,279300000,279300000
7,798,279300000,279300100,13661,22769,279650000,279650000
7,799,279650000,279650100,13661,22769,280000000,280000000
7,800,280000000,280000100,13661,22769,280350000,280350000
7,801,280350000,280350100,13661,22769,280700000,280700000
7,802,280700000,280700100,13661,22769,281050000,281050000
7,803,281050000,281050100,13661,22769,281400000,281400000
7,804,281400000,281400100,13661,22769,281750000,281750000
7,805,281750000,281750100,13661,22769,282100000,282100000
7,806,282100000,282100100,13661,22769,282450000,282450000
7,807,282450000,282450100,13661,22769,282800000,282800000
7,808,282800000,282800100,13661,22769,283150000,283150000
7,809,283150000,283150100,13661,22769,283500000,283500000
7,810,283500000,283500100,13661,22769,283850000,283850000
7,811,283850000,283850100,13661,22769,284200000,284200000
7,812,284200000,284200100,13661,22769,284550000,284550000
7,813,284550000,284550100,13661,22769,284900000,284900000
7,814,284900000,284900100,13661,22769,285250000,285250000
7,815,285250000,285250100,13661,22769,285600000,285600000
7,816,285600000,285600100,13661,22769,285950000,285950000
7,817,285950000,285950100,13661,22769,286300000,286300000
7,818,286300000,286300100,13661,22769,286650000,286650000
7,819,286650000,286650100,13661,22769,287000000,287000000
7,820,287000000,287000100,13661,22769,287350000,287350000
7,821,287350000,287350100,13661,22769,287700000,287700000
7,822,287700000,287700100,13661,22769,288050000,288050000
7,823,288050000,288050100,13661,22769,288400000,288400000
7,824,288400000,288400100,13661,22769,288750000,288750000
7,825,288750000,288750100,13661,22769,289100000,289100000
7,826,289100000,289100100,13661,22769,289450000,289450000
7,827,289450000,289450100,13661,22769,289800000,289800000
7,828,289800000,289800100,13661,22769,290150000,290150000
7,829,290150000,290150100,13661,22769,290500000,290500000
7,830,290500000,290500100,13661,22769,290850000,290850000
7,831,290850000,290850100,13661,22769,291200000,291200000
7,832,291200000,291200100,13661,22769,291550000,291550000
7,833,291550000,291550100,13661,22769,291900000,291900000
7,834,291900000,291900100,13661,22769,292250000,292250000
7,835,292250000,292250100,13661,22769,292600000,292600000
7,836,292600000,292600100,13661,22769,292950000,292950000
7,837,292950000,292950100,13661,22769,293300000,293300000
7,838,293300000,293300100,13661,22769,293650000,293650000
7,839,293650000,293650100,13661,22769,294000000,294000000
7,840,294000000,294000100,13661,22769,294350000,294350000
7,841,294350000,294350100,13661,22769,294700000,294700000
7,842,294700000,294700100,13661,22769,295050000,295050000
7,843,295050000,295050100,13661,22769,295400000,295400000
7,844,295400000,295400100,13661,22769,295750000,295750000
7,845,295750000,295750100,13661,22769,296100000,296100000
7,846,296100000,296100100,13661,22769,296450000,296450000
7,847,296450000,296450100,13661,22769,296800000,296800000
7,848,296800000,296800100,13661,22769,297150000,297150000
7,849,297150000,297150100,13661,22769,297500000,297500000
7,850,297500000,297500100,13661,22769,297850000,297850000
7,851,297850000,297850100,13661,22769,298200000,298200000
7,852,298200000,298200100,13661,22769,298550000,298550000
7,853,298550000,298550100,13661,22769,298900000,298900000
7,854,298900000,298900100,13661,22769,299250000,299250000
7,855,299250000,299250100,13661,22769,299600000,299600000
7,856,299600000,299600100,13661,22769,299950000,299950000
7,857,299950000,299950100,13661,22769,300300000,300300000
7,858,300300000,300300100,13661,22769,300650000,300650000
7,859,300650000,300650100,13661,22769,301000000,301000000
7,860,301000000,301000100,13661,22769,301350000,301350000
7,861,301350000,301350100,13661,22769,301700000,301700000
7,862,301700000,301700100,13661,22769,302050000,302050000
7,863,302050000,302050100,13661,22769,302400000,302400000
7,864,302400000,302400100,13661,22769,302750000,302750000
7,865,302750000,302750100,13661,22769,303100000,303100000
7,866,303100000,303100100,13661,22769,303450000,303450000
7,867,303450000,303450100,13661,22769,303800000,303800000
7,868,303800000,303800100,13661,22769,304150000,304150000
7,869,304150000,304150100,13661,22769,304500000,304500000
7,870,304500000,304500100,13661,22769,304850000,304850000
7,871,304850000,304850100,13661,22769,305200000,305200000
7,872,305200000,305200100,13661,22769,305550000,305550000
7,873,305550000,305550100,13661,22769,305900000,305900000
7,874,305900000,305900100,13661,22769,306250000,306250000
7,875,306250000,306250100,13661,22769,306600000,306600000
7,876,306600000,306600100,13661,22769,306950000,306950000
7,877,306950000,306950100,13661,22769,307300000,307300000
7,878,307300000,307300100,13661,22769,307650000,307650000
7,879,307650000,307650100,13661,22769,308000000,308000000
7,880,308000000,308000100,13661,22769,308350000,308350000
7,881,308350000,308350100,13661,22769,308700000,308700000
7,882,308700000,308700100,13661,22769,309050000,309050000
7,883,309050000,309050100,13661,22769,309400000,309400000
7,884,309400000,309400100,13661,22769,309750000,309750000
7,885,309750000,309750100,13661,22769,310100000,310100000
7,886,310100000,310100100,13661,22769,310450000,310450000
7,887,310450000,310450100,13661,22769,310800000,310800000
7,888,310800000,310800100,13661,22769,311150000,311150000
7,889,311150000,311150100,13661,22769,311500000,311500000
7,890,311500000,311500100,13661,22769,311850000,311850000
7,891,311850000,311850100,13661,22769,312200000,312200000
7,892,312200000,312200100,13661,22769,312550000,312550000
7,893,312550000,312550100,13661,22769,312900000,312900000
7,894,312900000,312900100,13661,22769,313250000,313250000
7,895,313250000,313250100,13661,22769,313600000,313600000
7,896,313600000,313600100,13661,22769,313950000,313950000
7,897,313950000,313950100,13661,22769,314300000,314300000
7,898,314300000,314300100,13661,22769,314650000,314650000
7,899,314650000,314650100,13661,22769,315000000,315000000
7,900,315000000,315000100,13661,22769,315350000,315350000
7,901,315350000,315350100,13661,22769,315700000,315700000
7,902,315700000,315700100,13661,22769,316050000,316050000
7,903,316050000,316050100,13661,22769,316400000,316400000
7,904,316400000,316400100,13661,22769,316750000,316750000
7,905,316750000,316750100,13661,22769,317100000,317100000
7,906,317100000,317100100,13661,22769,317450000,317450000
7,907,317450000,317450100,13661,22769,317800000,317800000
7,908,317800000,317800100,13661,22769,318150000,318150000
7,909,318150000,318150100,13661,22769,318500000,318500000
7,910,318500000,318500100,13661,22769,318850000,318850000
7,911,318850000,318850100,13661,22769,319200000,319200000
7,912,319200000,319200100,13661,22769,319550000,319550000
7,913,319550000,319550100,13661,22769,319900000,319900000
7,914,319900000,319900100,13661,22769,320250000,320250000
7,915,320250000,320250100,13661,22769,320600000,320600000
7,916,320600000,320600100,13661,22769,320950000,320950000
7,917,320950000,320950100,13661,22769,321300000,321300000
7,918,321300000,321300100,13661,22769,321650000,321650000
7,919,321650000,321650100,13661,22769,322000000,322000000
7,920,322000000,322000100,13661,22769,322350000,322350000
7,921,322350000,322350100,13661,22769,322700000,322700000
7,922,322700000,322700100,13661,22769,323050000,323050000
7,923,323050000,323050100,13661,22769,323400000,323400000
7,924,323400000,323400100,13661,22769,323750000,323750000
7,925,323750000,323750100,13661,22769,324100000,324100000
7,926,324100000,324100100,13661,22769,324450000,324450000
7,927,324450000,324450100,13661,22769,324800000,324800000
7,928,324800000,324800100,13661,22769,325150000,325150000
7,929,325150000,325150100,13661,22769,325500000,325500000
7,930,325500000,325500100,13661,22769,325850000,325850000
7,931,325850000,325850100,13661,22769,326200000,326200000
7,932,326200000,326200100,13661,22769,326550000,326550000
7,933,326550000,326550100,13661,22769,326900000,326900000
7,934,326900000,326900100,13661,22769,327250000,327250000
7,935,327250000,327250100,13661,22769,327600000,327600000
7,936,327600000,327600100,13661,22769,327950000,327950000
7,937,327950000,327950100,13661,22769,328300000,328300000
7,938,328300000,328300100,13661,22769,328650000,328650000
7,939,328650000,328650100,13661,22769,329000000,329000000
7,940,329000000,329000100,13661,22769,329350000,329350000
7,941,329350000,329350100,13661,22769,329700000,329700000
7,942,329700000,329700100,13661,22769,330050000,330050000
7,943,330050000,330050100,13661,22769,330400000,330400000
7,944,330400000,330400100,13661,22769,330750000,330750000
7,945,330750000,330750100,13661,22769,331100000,331100000
7,946,331100000,331100100,13661,22769,331450000,331450000
7,947,331450000,331450100,13661,22769,331800000,331800000
7,948,331800000,331800100,13661,22769,332150000,332150000
7,949,332150000,332150100,13661,22769,332500000,332500000
7,950,332500000,332500100,13661,22769,332850000,332850000
7,951,332850000,332850100,13661,22769,333200000,333200000
7,952,333200000,333200100,13661,22769,333550000,333550000
7,953,333550000,333550100,13661,22769,333900000,333900000
7,954,333900000,333900100,13661,22769,334250000,334250000
7,955,334250000,334250100,13661,22769,334600000,334600000
7,956,334600000,334600100,13661,22769,334950000,334950000
7,957,334950000,334950100,13661,22769,335300000,335300000
7,958,335300000,335300100,13661,22769,335650000,335650000
7,959,335650000,335650100,13661,22769,336000000,336000000
7,960,336000000,336000100,13661,22769,336350000,336350000
7,961,336350000,336350100,13661,22769,336700000,336700000
7,962,336700000,336700100,13661,22769,337050000,337050000
7,963,337050000,337050100,13661,22769,337400000,337400000
7,964,337400000,337400100,13661,22769,337750000,337750000
7,965,337750000,337750100,13661,22769,338100000,338100000
7,966,338100000,338100100,13661,22769,338450000,338450000
7,967,338450000,338450100,13661,22769,338800000,338800000
7,968,338800000,338800100,13661,22769,339150000,339150000
7,969,339150000,339150100,13661,22769,339500000,339500000
7,970,339500000,339500100,13661,22769,339850000,339850000
7,971,339850000,339850100,13661,22769,340200000,340200000
7,972,340200000,340200100,13661,22769,340550000,340550000
7,973,340550000,340550100,13661,22769,340900000,340900000
7,974,340900000,340900100,13661,22769,341250000,341250000
7,975,341250000,341250100,13661,22769,341600000,341600000
7,976,341600000,341600100,13661,22769,341950000,341950000
7,977,341950000,341950100,13661,22769,342300000,342300000
7,978,342300000,342300100,13661,22769,342650000,342650000
7,979,342650000,342650100,13661,22769,343000000,343000000
7,980,343000000,343000100,13661,22769,343350000,343350000
7,981,343350000,343350100,13661,22769,343700000,343700000
7,982,343700000,343700100,13661,22769,344050000,344050000
7,983,344050000,344050100,13661,22769,344400000,344400000
7,984,344400000,344400100,13661,22769,344750000,344750000
7,985,344750000,344750100,13661,22769,345100000,345100000
7,986,345100000,345100100,13661,22769,345450000,345450000
7,987,345450000,345450100,13661,22769,345800000,345800000
7,988,345800000,345800100,13661,22769,346150000,346150000
7,989,346150000,346150100,13661,22769,346500000,346500000
7,990,346500000,346500100,13661,22769,346850000,346850000
7,991,346850000,346850100,13661,22769,347200000,347200000
7,992,347200000,347200100,13661,22769,347550000,347550000
7,993,347550000,347550100,13661,22769,347900000,347900000
7,994,347900000,347900100,13661,22769,348250000,348250000
7,995,348250000,348250100,13661,22769,348600000,348600000
7,996,348600000,348600100,13661,22769,348950000,348950000
7,997,348950000,348950100,13661,22769,349300000,349300000
7,998,349300000,349300100,13661,22769,349650000,349650000
7,999,349650000,349650100,13661,22769,350000000,350000000
7,1000,350000000,350000100,13661,22769,350350000,350350000
7,1001,350350000,350350100,13661,22769,350700000,350700000
7,1002,350700000,350700100,13661,22769,351050000,351050000
7,1003,351050000,351050100,13661,22769,351400000,351400000
7,1004,351400000,351400100,13661,22769,351750000,351750000
7,1005,351750000,351750100,13661,22769,352100000,352100000
7,1006,352100000,352100100,13661,22769,352450000,352450000
7,1007,352450000,352450100,13661,22769,352800000,352800000
7,1008,352800000,352800100,13661,22769,353150000,353150000
7,1009,353150000,353150100,13661,22769,353500000,353500000
7,1010,353500000,353500100,13661,22769,353850000,353850000
7,1011,353850000,353850100,13661,22769,354200000,354200000
7,1012,354200000,354200100,13661,22769,354550000,354550000
7,1013,354550000,354550100,13661,22769,354900000,354900000
7,1014,354900000,354900100,13661,22769,355250000,355250000
7,1015,355250000,355250100,13661,22769,355600000,355600000
7,1016,355600000,355600100,13661,22769,355950000,355950000
7,1017,355950000,355950100,13661,22769,356300000,356300000
7,1018,356300000,356300100,13661,22769,356650000,356650000
7,1019,356650000,356650100,13661,22769,357000000,357000000
7,1020,357000000,357000100,13661,22769,357350000,357350000
7,1021,357350000,357350100,13661,22769,357700000,357700000
7,1022,357700000,357700100,13661,22769,358050000,358050000
7,1023,358050000,358050100,13661,22769,358400000,358400000
7,1024,358400000,358400100,13661,22769,358750000,358750000
7,1025,358750000,358750100,13661,22769,359100000,359100000
7,1026,359100000,359100100,13661,22769,359450000,359450000
7,1027,359450000,359450100,13661,22769,359800000,359800000
7,1028,359800000,359800100,13661,22769,360150000,360150000
7,1029,360150000,360150100,13661,22769,360500000,360500000
7,1030,360500000,360500100,13661,22769,360850000,360850000
7,1031,360850000,360850100,13661,22769,361200000,361200000
7,1032,361200000,361200100,13661,22769,361550000,361550000
7,1033,361550000,361550100,13661,22769,361900000,361900000
7,1034,361900000,361900100,13661,22769,362250000,362250000
7,1035,362250000,362250100,13661,22769,362600000,362600000
7,1036,362600000,362600100,13661,22769,362950000,362950000
7,1037,362950000,362950100,13661,22769,363300000,363300000
7,1038,363300000,363300100,13661,22769,363650000,363650000
7,1039,363650000,363650100,13661,22769,364000000,364000000
7,1040,364000000,364000100,13661,22769,364350000,364350000
7,1041,364350000,364350100,13661,22769,364700000,364700000
7,1042,364700000,364700100,13661,22769,365050000,365050000
7,1043,365050000,365050100,13661,22769,365400000,365400000
7,1044,365400000,365400100,13661,22769,365750000,365750000
7,1045,365750000,365750100,13661,22769,366100000,366100000
7,1046,366100000,366100100,13661,22769,366450000,366450000
7,1047,366450000,366450100,13661,22769,366800000,366800000
7,1048,366800000,366800100,13661,22769,367150000,367150000
7,1049,367150000,367150100,13661,22769,367500000,367500000
7,1050,367500000,367500100,13661,22769,367850000,367850000
7,1051,367850000,367850100,13661,22769,368200000,368200000
7,1052,368200000,368200100,13661,22769,368550000,368550000
7,1053,368550000,368550100,13661,22769,368900000,368900000
7,1054,368900000,368900100,13661,22769,369250000,369250000
7,1055,369250000,369250100,13661,22769,369600000,369600000
7,1056,369600000,369600100,13661,22769,369950000,369950000
7,1057,369950000,369950100,13661,22769,370300000,370300000
7,1058,370300000,370300100,13661,22769,370650000,370650000
7,1059,370650000,370650100,13661,22769,371000000,371000000
7,1060,371000000,371000100,13661,22769,371350000,371350000
7,1061,371350000,371350100,13661,22769,371700000,371700000
7,1062,371700000,371700100,13661,22769,372050000,372050000
7,1063,372050000,372050100,13661,22769,372400000,372400000
7,1064,372400000,372400100,13661,22769,372750000,372750000
7,1065,372750000,372750100,13661,22769,373100000,373100000
7,1066,373100000,373100100,13661,22769,373450000,373450000
7,1067,373450000,373450100,13661,22769,373800000,373800000
7,1068,373800000,373800100,13661,22769,374150000,374150000
7,1069,374150000,374150100,13661,22769,374500000,374500000
7,1070,374500000,374500100,13661,22769,374850000,374850000
7,1071,374850000,374850100,13661,22769,375200000,375200000
7,1072,375200000,375200100,13661,22769,375550000,375550000
7,1073,375550000,375550100,13661,22769,375900000,375900000
7,1074,375900000,375900100,13661,22769,376250000,376250000
7,1075,376250000,376250100,13661,22769,376600000,376600000
7,1076,376600000,376600100,13661,22769,376950000,376950000
7,1077,376950000,376950100,13661,22769,377300000,377300000
7,1078,377300000,377300100,13661,22769,377650000,377650000
7,1079,377650000,377650100,13661,22769,378000000,378000000
7,1080,378000000,378000100,13661,22769,378350000,378350000
7,1081,378350000,378350100,13661,22769,378700000,378700000
7,1082,378700000,378700100,13661,22769,379050000,379050000
7,1083,379050000,379050100,13661,22769,379400000,379400000
7,1084,379400000,379400100,13661,22769,379750000,379750000
7,1085,379750000,379750100,13661,22769,380100000,380100000
7,1086,380100000,380100100,13661,22769,380450000,380450000
7,1087,380450000,380450100,13661,22769,380800000,380800000
7,1088,380800000,380800100,13661,22769,381150000,381150000
7,1089,381150000,381150100,13661,22769,381500000,381500000
7,1090,381500000,381500100,13661,22769,381850000,381850000
7,1091,381850000,381850100,13661,22769,382200000,382200000
7,1092,382200000,382200100,13661,22769,382550000,382550000
7,1093,382550000,382550100,13661,22769,382900000,382900000
7,1094,382900000,382900100,13661,22769,383250000,383250000
7,1095,383250000,383250100,13661,22769,383600000,383600000
7,1096,383600000,383600100,13661,22769,383950000,383950000
7,1097,383950000,383950100,13661,22769,384300000,384300000
7,1098,384300000,384300100,13661,22769,384650000,384650000
7,1099,384650000,384650100,13661,22769,385000000,385000000
7,1100,385000000,385000100,13661,22769,385350000,385350000
7,1101,385350000,385350100,13661,22769,385700000,385700000
7,1102,385700000,385700100,13661,22769,386050000,386050000
7,1103,386050000,386050100,13661,22769,386400000,386400000
7,1104,386400000,386400100,13661,22769,386750000,386750000
7,1105,386750000,386750100,13661,22769,387100000,387100000
7,1106,387100000,387100100,13661,22769,387450000,387450000
7,1107,387450000,387450100,13661,22769,387800000,387800000
7,1108,387800000,387800100,13661,22769,388150000,388150000
7,1109,388150000,388150100,13661,22769,388500000,388500000
7,1110,388500000,388500100,13661,22769,388850000,388850000
7,1111,388850000,388850100,13661,22769,389200000,389200000
7,1112,389200000,389200100,13661,22769,389550000,389550000
7,1113,389550000,389550100,13661,22769,389900000,389900000
7,1114,389900000,389900100,13661,22769,390250000,390250000
7,1115,390250000,390250100,13661,22769,390600000,390600000
7,1116,390600000,390600100,13661,22769,390950000,390950000
7,1117,390950000,390950100,13661,22769,391300000,391300000
7,1118,391300000,391300100,13661,22769,391650000,391650000
7,1119,391650000,391650100,13661,22769,392000000,392000000
7,1120,392000000,392000100,13661,22769,392350000,392350000
7,1121,392350000,392350100,13661,22769,392700000,392700000
7,1122,392700000,392700100,13661,22769,393050000,393050000
7,1123,393050000,393050100,13661,22769,393400000,393400000
7,1124,393400000,393400100,13661,22769,393750000,393750000
7,1125,393750000,393750100,13661,22769,394100000,394100000
7,1126,394100000,394100100,13661,22769,394450000,394450000
7,1127,394450000,394450100,13661,22769,394800000,394800000
7,1128,394800000,394800100,13661,22769,395150000,395150000
7,1129,395150000,395150100,13661,22769,395500000,395500000
7,1130,395500000,395500100,13661,22769,395850000,395850000
7,1131,395850000,395850100,13661,22769,396200000,396200000
7,1132,396200000,396200100,13661,22769,396550000,396550000
7,1133,396550000,396550100,13661,22769,396900000,396900000
7,1134,396900000,396900100,13661,22769,397250000,397250000
7,1135,397250000,397250100,13661,22769,397600000,397600000
7,1136,397600000,397600100,13661,22769,397950000,397950000
7,1137,397950000,397950100,13661,22769,398300000,398300000
7,1138,398300000,398300100,13661,22769,398650000,398650000
7,1139,398650000,398650100,13661,22769,399000000,399000000
7,1140,399000000,399000100,13661,22769,399350000,399350000
7,1141,399350000,399350100,13661,22769,399700000,399700000
7,1142,399700000,399700100,13661,22769,400050000,400050000
7,1143,400050000,400050100,13661,22769,400400000,400400000
7,1144,400400000,400400100,13661,22769,400750000,400750000
7,1145,400750000,400750100,13661,22769,401100000,401100000
7,1146,401100000,401100100,13661,22769,401450000,401450000
7,1147,401450000,401450100,13661,22769,401800000,401800000
7,1148,401800000,401800100,13661,22769,402150000,402150000
7,1149,402150000,402150100,13661,22769,402500000,402500000
7,1150,402500000,402500100,13661,22769,402850000,402850000
7,1151,402850000,402850100,13661,22769,403200000,403200000
7,1152,403200000,403200100,13661,22769,403550000,403550000
7,1153,403550000,403550100,13661,22769,403900000,403900000
7,1154,403900000,403900100,13661,22769,404250000,404250000
7,1155,404250000,404250100,13661,22769,404600000,404600000
7,1156,404600000,404600100,13661,22769,404950000,404950000
7,1157,404950000,404950100,13661,22769,405300000,405300000
7,1158,405300000,405300100,13661,22769,405650000,405650000
7,1159,405650000,405650100,13661,22769,406000000,406000000
7,1160,406000000,406000100,13661,22769,406350000,406350000
7,1161,406350000,406350100,13661,22769,406700000,406700000
7,1162,406700000,406700100,13661,22769,407050000,407050000
7,1163,407050000,407050100,13661,22769,407400000,407400000
7,1164,407400000,407400100,13661,22769,407750000,407750000
7,1165,407750000,407750100,13661,22769,408100000,408100000
7,1166,408100000,408100100,13661,22769,408450000,408450000
7,1167,408450000,408450100,13661,22769,408800000,408800000
7,1168,408800000,408800100,13661,22769,409150000,409150000
7,1169,409150000,409150100,13661,22769,409500000,409500000
7,1170,409500000,409500100,13661,22769,409850000,409850000
7,1171,409850000,409850100,13661,22769,410200000,410200000
7,1172,410200000,410200100,13661,22769,410550000,410550000
7,1173,410550000,410550100,13661,22769,410900000,410900000
7,1174,410900000,410900100,13661,22769,411250000,411250000
7,1175,411250000,411250100,13661,22769,411600000,411600000
7,1176,411600000,411600100,13661,22769,411950000,411950000
7,1177,411950000,411950100,13661,22769,412300000,412300000
7,1178,412300000,412300100,13661,22769,412650000,412650000
7,1179,412650000,412650100,13661,22769,413000000,413000000
7,1180,413000000,413000100,13661,22769,413350000,413350000
7,1181,413350000,413350100,13661,22769,413700000,413700000
7,1182,413700000,413700100,13661,22769,414050000,414050000
7,1183,414050000,414050100,13661,22769,414400000,414400000
7,1184,414400000,414400100,13661,22769,414750000,414750000
7,1185,414750000,414750100,13661,22769,415100000,415100000
7,1186,415100000,415100100,13661,22769,415450000,415450000
7,1187,415450000,415450100,13661,22769,415800000,415800000
7,1188,415800000,415800100,13661,22769,416150000,416150000
7,1189,416150000,416150100,13661,22769,416500000,416500000
7,1190,416500000,416500100,13661,22769,416850000,416850000
7,1191,416850000,416850100,13661,22769,417200000,417200000
7,1192,417200000,417200100,13661,22769,417550000,417550000
7,1193,417550000,417550100,13661,22769,417900000,417900000
7,1194,417900000,417900100,13661,22769,418250000,418250000
7,1195,418250000,418250100,13661,22769,418600000,418600000
7,1196,418600000,418600100,13661,22769,418950000,418950000
7,1197,418950000,418950100,13661,22769,419300000,419300000
7,1198,419300000,419300100,13661,22769,419650000,419650000
7,1199,419650000,419650100,13661,22769,420000000,420000000
7,1200,420000000,420000100,13661,22769,420350000,420350000
7,1201,420350000,420350100,13661,22769,420700000,420700000
7,1202,420700000,420700100,13661,22769,421050000,421050000
7,1203,421050000,421050100,13661,22769,421400000,421400000
7,1204,421400000,421400100,13661,22769,421750000,421750000
7,1205,421750000,421750100,13661,22769,422100000,422100000
7,1206,422100000,422100100,13661,22769,422450000,422450000
7,1207,422450000,422450100,13661,22769,422800000,422800000
7,1208,422800000,422800100,13661,22769,423150000,423150000
7,1209,423150000,423150100,13661,22769,423500000,423500000
7,1210,423500000,423500100,13661,22769,423850000,423850000
7,1211,423850000,423850100,13661,22769,424200000,424200000
7,1212,424200000,424200100,13661,22769,424550000,424550000
7,1213,424550000,424550100,13661,22769,424900000,424900000
7,1214,424900000,424900100,13661,22769,425250000,425250000
7,1215,425250000,425250100,13661,22769,425600000,425600000
7,1216,425600000,425600100,13661,22769,425950000,425950000
7,1217,425950000,425950100,13661,22769,426300000,426300000
7,1218,426300000,426300100,13661,22769,426650000,426650000
7,1219,426650000,426650100,13661,22769,427000000,427000000
7,1220,427000000,427000100,13661,22769,427350000,427350000
7,1221,427350000,427350100,13661,22769,427700000,427700000
7,1222,427700000,427700100,13661,22769,428050000,428050000
7,1223,428050000,428050100,13661,22769,428400000,428400000
7,1224,428400000,428400100,13661,22769,428750000,428750000
7,1225,428750000,428750100,13661,22769,429100000,429100000
7,1226,429100000,429100100,13661,22769,429450000,429450000
7,1227,429450000,429450100,13661,22769,429800000,429800000
7,1228,429800000,429800100,13661,22769,430150000,430150000
7,1229,430150000,430150100,13661,22769,430500000,430500000
7,1230,430500000,430500100,13661,22769,430850000,430850000
7,1231,430850000,430850100,13661,22769,431200000,431200000
7,1232,431200000,431200100,13661,22769,431550000,431550000
7,1233,431550000,431550100,13661,22769,431900000,431900000
7,1234,431900000,431900100,13661,22769,432250000,432250000
7,1235,432250000,432250100,13661,22769,432600000,432600000
7,1236,432600000,432600100,13661,22769,432950000,432950000
7,1237,432950000,432950100,13661,22769,433300000,433300000
7,1238,433300000,433300100,13661,22769,433650000,433650000
7,1239,433650000,433650100,13661,22769,434000000,434000000
7,1240,434000000,434000100,13661,22769,434350000,434350000
7,1241,434350000,434350100,13661,22769,434700000,434700000
7,1242,434700000,434700100,13661,22769,435050000,435050000
7,1243,435050000,435050100,13661,22769,435400000,435400000
7,1244,435400000,435400100,13661,22769,435750000,435750000
7,1245,435750000,435750100,13661,22769,436100000,436100000
7,1246,436100000,436100100,13661,22769,436450000,436450000
7,1247,436450000,436450100,13661,22769,436800000,436800000
7,1248,436800000,436800100,13661,22769,437150000,437150000
7,1249,437150000,437150100,13661,22769,437500000,437500000
7,1250,437500000,437500100,13661,22769,437850000,437850000
7,1251,437850000,437850100,13661,22769,438200000,438200000
7,1252,438200000,438200100,13661,22769,438550000,438550000
7,1253,438550000,438550100,13661,22769,438900000,438900000
7,1254,438900000,438900100,13661,22769,439250000,439250000
7,1255,439250000,439250100,13661,22769,439600000,439600000
7,1256,439600000,439600100,13661,22769,439950000,439950000
7,1257,439950000,439950100,13661,22769,440300000,440300000
7,1258,440300000,440300100,13661,22769,440650000,440650000
7,1259,440650000,440650100,13661,22769,441000000,441000000
7,1260,441000000,441000100,13661,22769,441350000,441350000
7,1261,441350000,441350100,13661,22769,441700000,441700000
7,1262,441700000,441700100,13661,22769,442050000,442050000
7,1263,442050000,442050100,13661,22769,442400000,442400000
7,1264,442400000,442400100,13661,22769,442750000,442750000
7,1265,442750000,442750100,13661,22769,443100000,443100000
7,1266,443100000,443100100,13661,22769,443450000,443450000
7,1267,443450000,443450100,13661,22769,443800000,443800000
7,1268,443800000,443800100,13661,22769,444150000,444150000
7,1269,444150000,444150100,13661,22769,444500000,444500000
7,1270,444500000,444500100,13661,22769,444850000,444850000
7,1271,444850000,444850100,13661,22769,445200000,445200000
7,1272,445200000,445200100,13661,22769,445550000,445550000
7,1273,445550000,445550100,13661,22769,445900000,445900000
7,1274,445900000,445900100,13661,22769,446250000,446250000
7,1275,446250000,446250100,13661,22769,446600000,446600000
7,1276,446600000,446600100,13661,22769,446950000,446950000
7,1277,446950000,446950100,13661,22769,447300000,447300000
7,1278,447300000,447300100,13661,22769,447650000,447650000
7,1279,447650000,447650100,13661,22769,448000000,448000000
7,1280,448000000,448000100,13661,22769,448350000,448350000
7,1281,448350000,448350100,13661,22769,448700000,448700000
7,1282,448700000,448700100,13661,22769,449050000,449050000
7,1283,449050000,449050100,13661,22769,449400000,449400000
7,1284,449400000,449400100,13661,22769,449750000,449750000
7,1285,449750000,449750100,13661,22769,450100000,450100000
7,1286,450100000,450100100,13661,22769,450450000,450450000
7,1287,450450000,450450100,13661,22769,450800000,450800000
7,1288,450800000,450800100,13661,22769,451150000,451150000
7,1289,451150000,451150100,13661,22769,451500000,451500000
7,1290,451500000,451500100,13661,22769,451850000,451850000
7,1291,451850000,451850100,13661,22769,452200000,452200000
7,1292,452200000,452200100,13661,22769,452550000,452550000
7,1293,452550000,452550100,13661,22769,452900000,452900000
7,1294,452900000,452900100,13661,22769,453250000,453250000
7,1295,453250000,453250100,13661,22769,453600000,453600000
7,1296,453600000,453600100,13661,22769,453950000,453950000
7,1297,453950000,453950100,13661,22769,454300000,454300000
7,1298,454300000,454300100,13661,22769,454650000,454650000
7,1299,454650000,454650100,13661,22769,455000000,455000000
7,1300,455000000,455000100,13661,22769,455350000,455350000
7,1301,455350000,455350100,13661,22769,455700000,455700000
7,1302,455700000,455700100,13661,22769,456050000,456050000
7,1303,456050000,456050100,13661,22769,456400000,456400000
7,1304,456400000,456400100,13661,22769,456750000,456750000
7,1305,456750000,456750100,13661,22769,457100000,457100000
7,1306,457100000,457100100,13661,22769,457450000,457450000
7,1307,457450000,457450100,13661,22769,457800000,457800000
7,1308,457800000,457800100,13661,22769,458150000,458150000
7,1309,458150000,458150100,13661,22769,458500000,458500000
7,1310,458500000,458500100,13661,22769,458850000,458850000
7,1311,458850000,458850100,13661,22769,459200000,459200000
7,1312,459200000,459200100,13661,22769,459550000,459550000
7,1313,459550000,459550100,13661,22769,459900000,459900000
7,1314,459900000,459900100,13661,22769,460250000,460250000
7,1315,460250000,460250100,13661,22769,460600000,460600000
7,1316,460600000,460600100,13661,22769,460950000,460950000
7,1317,460950000,460950100,13661,22769,461300000,461300000
7,1318,461300000,461300100,13661,22769,461650000,461650000
7,1319,461650000,461650100,13661,22769,462000000,462000000
7,1320,462000000,462000100,13661,22769,462350000,462350000
7,1321,462350000,462350100,13661,22769,462700000,462700000
7,1322,462700000,462700100,13661,22769,463050000,463050000
7,1323,463050000,463050100,13661,22769,463400000,463400000
7,1324,463400000,463400100,13661,22769,463750000,463750000
7,1325,463750000,463750100,13661,22769,464100000,464100000
7,1326,464100000,464100100,13661,22769,464450000,464450000
7,1327,464450000,464450100,13661,22769,464800000,464800000
7,1328,464800000,464800100,13661,22769,465150000,465150000
7,1329,465150000,465150100,13661,22769,465500000,465500000
7,1330,465500000,465500100,13661,22769,465850000,465850000
7,1331,465850000,465850100,13661,22769,466200000,466200000
7,1332,466200000,466200100,13661,22769,466550000,466550000
7,1333,466550000,466550100,13661,22769,466900000,466900000
7,1334,466900000,466900100,13661,22769,467250000,467250000
7,1335,467250000,467250100,13661,22769,467600000,467600000
7,1336,467600000,467600100,13661,22769,467950000,467950000
7,1337,467950000,467950100,13661,22769,468300000,468300000
7,1338,468300000,468300100,13661,22769,468650000,468650000
7,1339,468650000,468650100,13661,22769,469000000,469000000
7,1340,469000000,469000100,13661,22769,469350000,469350000
7,1341,469350000,469350100,13661,22769,469700000,469700000
7,1342,469700000,469700100,13661,22769,470050000,470050000
7,1343,470050000,470050100,13661,22769,470400000,470400000
7,1344,470400000,470400100,13661,22769,470750000,470750000
7,1345,470750000,470750100,13661,22769,471100000,471100000
7,1346,471100000,471100100,13661,22769,471450000,471450000
7,1347,471450000,471450100,13661,22769,471800000,471800000
7,1348,471800000,471800100,13661,22769,472150000,472150000
7,1349,472150000,472150100,13661,22769,472500000,472500000
7,1350,472500000,472500100,13661,22769,472850000,472850000
7,1351,472850000,472850100,13661,22769,473200000,473200000
7,1352,473200000,473200100,13661,22769,473550000,473550000
7,1353,473550000,473550100,13661,22769,473900000,473900000
7,1354,473900000,473900100,13661,22769,474250000,474250000
7,1355,474250000,474250100,13661,22769,474600000,474600000
7,1356,474600000,474600100,13661,22769,474950000,474950000
7,1357,474950000,474950100,13661,22769,475300000,475300000
7,1358,475300000,475300100,13661,22769,475650000,475650000
7,1359,475650000,475650100,13661,22769,476000000,476000000
7,1360,476000000,476000100,13661,22769,476350000,476350000
7,1361,476350000,476350100,13661,22769,476700000,476700000
7,1362,476700000,476700100,13661,22769,477050000,477050000
7,1363,477050000,477050100,13661,22769,477400000,477400000
7,1364,477400000,477400100,13661,22769,477750000,477750000
7,1365,477750000,477750100,13661,22769,478100000,478100000
7,1366,478100000,478100100,13661,22769,478450000,478450000
7,1367,478450000,478450100,13661,22769,478800000,478800000
7,1368,478800000,478800100,13661,22769,479150000,479150000
7,1369,479150000,479150100,13661,22769,479500000,479500000
7,1370,479500000,479500100,13661,22769,479850000,479850000
7,1371,479850000,479850100,13661,22769,480200000,480200000
7,1372,480200000,480200100,13661,22769,480550000,480550000
7,1373,480550000,480550100,13661,22769,480900000,480900000
7,1374,480900000,480900100,13661,22769,481250000,481250000
7,1375,481250000,481250100,13661,22769,481600000,481600000
7,1376,481600000,481600100,13661,22769,481950000,481950000
7,1377,481950000,481950100,13661,22769,482300000,482300000
7,1378,482300000,482300100,13661,22769,482650000,482650000
7,1379,482650000,482650100,13661,22769,483000000,483000000
7,1380,483000000,483000100,13661,22769,483350000,483350000
7,1381,483350000,483350100,13661,22769,483700000,483700000
7,1382,483700000,483700100,13661,22769,484050000,484050000
7,1383,484050000,484050100,13661,22769,484400000,484400000
7,1384,484400000,484400100,13661,22769,484750000,484750000
7,1385,484750000,484750100,13661,22769,485100000,485100000
7,1386,485100000,485100100,13661,22769,485450000,485450000
7,1387,485450000,485450100,13661,22769,485800000,485800000
7,1388,485800000,485800100,13661,22769,486150000,486150000
7,1389,486150000,486150100,13661,22769,486500000,486500000
7,1390,486500000,486500100,13661,22769,486850000,486850000
7,1391,486850000,486850100,13661,22769,487200000,487200000
7,1392,487200000,487200100,13661,22769,487550000,487550000
7,1393,487550000,487550100,13661,22769,487900000,487900000
7,1394,487900000,487900100,13661,22769,488250000,488250000
7,1395,488250000,488250100,13661,22769,488600000,488600000
7,1396,488600000,488600100,13661,22769,488950000,488950000
7,1397,488950000,488950100,13661,22769,489300000,489300000
7,1398,489300000,489300100,13661,22769,489650000,489650000
7,1399,489650000,489650100,13661,22769,490000000,490000000
7,1400,490000000,490000100,13661,22769,490350000,490350000
7,1401,490350000,490350100,13661,22769,490700000,490700000
7,1402,490700000,490700100,13661,22769,491050000,491050000
7,1403,491050000,491050100,13661,22769,491400000,491400000
7,1404,491400000,491400100,13661,22769,491750000,491750000
7,1405,491750000,491750100,13661,22769,492100000,492100000
7,1406,492100000,492100100,13661,22769,492450000,492450000
7,1407,492450000,492450100,13661,22769,492800000,492800000
7,1408,492800000,492800100,13661,22769,493150000,493150000
7,1409,493150000,493150100,13661,22769,493500000,493500000
7,1410,493500000,493500100,13661,22769,493850000,493850000
7,1411,493850000,493850100,13661,22769,494200000,494200000
7,1412,494200000,494200100,13661,22769,494550000,494550000
7,1413,494550000,494550100,13661,22769,494900000,494900000
7,1414,494900000,494900100,13661,22769,495250000,495250000
7,1415,495250000,495250100,13661,22769,495600000,495600000
7,1416,495600000,495600100,13661,22769,495950000,495950000
7,1417,495950000,495950100,13661,22769,496300000,496300000
7,1418,496300000,496300100,13661,22769,496650000,496650000
7,1419,496650000,496650100,13661,22769,497000000,497000000
7,1420,497000000,497000100,13661,22769,497350000,497350000
7,1421,497350000,497350100,13661,22769,497700000,497700000
7,1422,497700000,497700100,13661,22769,498050000,498050000
7,1423,498050000,498050100,13661,22769,498400000,498400000
7,1424,498400000,498400100,13661,22769,498750000,498750000
7,1425,498750000,498750100,13661,22769,499100000,499100000
7,1426,499100000,499100100,13661,22769,499450000,499450000
7,1427,499450000,499450100,13661,22769,499800000,499800000
7,1428,499800000,499800100,13661,22769,500150000,500150000
7,1429,500150000,500150100,13661,22769,500500000,500500000
7,1430,500500000,500500100,13661,22769,500850000,500850000
7,1431,500850000,500850100,13661,22769,501200000,501200000
7,1432,501200000,501200100,13661,22769,501550000,501550000
7,1433,501550000,501550100,13661,22769,501900000,501900000
7,1434,501900000,501900100,13661,22769,502250000,502250000
7,1435,502250000,502250100,13661,22769,502600000,502600000
7,1436,502600000,502600100,13661,22769,502950000,502950000
7,1437,502950000,502950100,13661,22769,503300000,503300000
7,1438,503300000,503300100,13661,22769,503650000,503650000
7,1439,503650000,503650100,13661,22769,504000000,504000000
7,1440,504000000,504000100,13661,22769,504350000,504350000
7,1441,504350000,504350100,13661,22769,504700000,504700000
7,1442,504700000,504700100,13661,22769,505050000,505050000
7,1443,505050000,505050100,13661,22769,505400000,505400000
7,1444,505400000,505400100,13661,22769,505750000,505750000
7,1445,505750000,505750100,13661,22769,506100000,506100000
7,1446,506100000,506100100,13661,22769,506450000,506450000
7,1447,506450000,506450100,13661,22769,506800000,506800000
7,1448,506800000,506800100,13661,22769,507150000,507150000
7,1449,507150000,507150100,13661,22769,507500000,507500000
7,1450,507500000,507500100,13661,22769,507850000,507850000
7,1451,507850000,507850100,13661,22769,508200000,508200000
7,1452,508200000,508200100,13661,22769,508550000,508550000
7,1453,508550000,508550100,13661,22769,508900000,508900000
7,1454,508900000,508900100,13661,22769,509250000,509250000
7,1455,509250000,509250100,13661,22769,509600000,509600000
7,1456,509600000,509600100,13661,22769,509950000,509950000
7,1457,509950000,509950100,13661,22769,510300000,510300000
7,1458,510300000,510300100,13661,22769,510650000,510650000
7,1459,510650000,510650100,13661,22769,511000000,511000000
7,1460,511000000,511000100,13661,22769,511350000,511350000
7,1461,511350000,511350100,13661,22769,511700000,511700000
7,1462,511700000,511700100,13661,22769,512050000,512050000
7,1463,512050000,512050100,13661,22769,512400000,512400000
7,1464,512400000,512400100,13661,22769,512750000,512750000
7,1465,512750000,512750100,13661,22769,513100000,513100000
7,1466,513100000,513100100,13661,22769,513450000,513450000
7,1467,513450000,513450100,13661,22769,513800000,513800000
7,1468,513800000,513800100,13661,22769,514150000,514150000
7,1469,514150000,514150100,13661,22769,514500000,514500000
7,1470,514500000,514500100,13661,22769,514850000,514850000
7,1471,514850000,514850100,13661,22769,515200000,515200000
7,1472,515200000,515200100,13661,22769,515550000,515550000
7,1473,515550000,515550100,13661,22769,515900000,515900000
7,1474,515900000,515900100,13661,22769,516250000,516250000
7,1475,516250000,516250100,13661,22769,516600000,516600000
7,1476,516600000,516600100,13661,22769,516950000,516950000
7,1477,516950000,516950100,13661,22769,517300000,517300000
7,1478,517300000,517300100,13661,22769,517650000,517650000
7,1479,517650000,517650100,13661,22769,518000000,518000000
7,1480,518000000,518000100,13661,22769,518350000,518350000
7,1481,518350000,518350100,13661,22769,518700000,518700000
7,1482,518700000,518700100,13661,22769,519050000,519050000
7,1483,519050000,519050100,13661,22769,519400000,519400000
7,1484,519400000,519400100,13661,22769,519750000,519750000
7,1485,519750000,519750100,13661,22769,520100000,520100000
7,1486,520100000,520100100,13661,22769,520450000,520450000
7,1487,520450000,520450100,13661,22769,520800000,520800000
7,1488,520800000,520800100,13661,22769,521150000,521150000
7,1489,521150000,521150100,13661,22769,521500000,521500000
7,1490,521500000,521500100,13661,22769,521850000,521850000
7,1491,521850000,521850100,13661,22769,522200000,522200000
7,1492,522200000,522200100,13661,22769,522550000,522550000
7,1493,522550000,522550100,13661,22769,522900000,522900000
7,1494,522900000,522900100,13661,22769,523250000,523250000
7,1495,523250000,523250100,13661,22769,523600000,523600000
7,1496,523600000,523600100,13661,22769,523950000,523950000
7,1497,523950000,523950100,13661,22769,524300000,524300000
7,1498,524300000,524300100,13661,22769,524650000,524650000
7,1499,524650000,524650100,13661,22769,525000000,525000000
7,1500,525000000,525000100,13661,22769,525350000,525350000
7,1501,525350000,525350100,13661,22769,525700000,525700000
7,1502,525700000,525700100,13661,22769,526050000,526050000
7,1503,526050000,526050100,13661,22769,526400000,526400000
7,1504,526400000,526400100,13661,22769,526750000,526750000
7,1505,526750000,526750100,13661,22769,527100000,527100000
7,1506,527100000,527100100,13661,22769,527450000,527450000
7,1507,527450000,527450100,13661,22769,527800000,527800000
7,1508,527800000,527800100,13661,22769,528150000,528150000
7,1509,528150000,528150100,13661,22769,528500000,528500000
7,1510,528500000,528500100,13661,22769,528850000,528850000
7,1511,528850000,528850100,13661,22769,529200000,529200000
7,1512,529200000,529200100,13661,22769,529550000,529550000
7,1513,529550000,529550100,13661,22769,529900000,529900000
7,1514,529900000,529900100,13661,22769,530250000,530250000
7,1515,530250000,530250100,13661,22769,530600000,530600000
7,1516,530600000,530600100,13661,22769,530950000,530950000
7,1517,530950000,530950100,13661,22769,531300000,531300000
7,1518,531300000,531300100,13661,22769,531650000,531650000
7,1519,531650000,531650100,13661,22769,532000000,532000000
7,1520,532000000,532000100,13661,22769,532350000,532350000
7,1521,532350000,532350100,13661,22769,532700000,532700000
7,1522,532700000,532700100,13661,22769,533050000,533050000
7,1523,533050000,533050100,13661,22769,533400000,533400000
7,1524,533400000,533400100,13661,22769,533750000,533750000
7,1525,533750000,533750100,13661,22769,534100000,534100000
7,1526,534100000,534100100,13661,22769,534450000,534450000
7,1527,534450000,534450100,13661,22769,534800000,534800000
7,1528,534800000,534800100,13661,22769,535150000,535150000
7,1529,535150000,535150100,13661,22769,535500000,535500000
7,1530,535500000,535500100,13661,22769,535850000,535850000
7,1531,535850000,535850100,13661,22769,536200000,536200000
7,1532,536200000,536200100,13661,22769,536550000,536550000
7,1533,536550000,536550100,13661,22769,536900000,536900000
7,1534,536900000,536900100,13661,22769,537250000,537250000
7,1535,537250000,537250100,13661,22769,537600000,537600000
7,1536,537600000,537600100,13661,22769,537950000,537950000
7,1537,537950000,537950100,13661,22769,538300000,538300000
7,1538,538300000,538300100,13661,22769,538650000,538650000
7,1539,538650000,538650100,13661,22769,539000000,539000000
7,1540,539000000,539000100,13661,22769,539350000,539350000
7,1541,539350000,539350100,13661,22769,539700000,539700000
7,1542,539700000,539700100,13661,22769,540050000,540050000
7,1543,540050000,540050100,13661,22769,540400000,540400000
7,1544,540400000,540400100,13661,22769,540750000,540750000
7,1545,540750000,540750100,13661,22769,541100000,541100000
7,1546,541100000,541100100,13661,22769,541450000,541450000
7,1547,541450000,541450100,13661,22769,541800000,541800000
7,1548,541800000,541800100,13661,22769,542150000,542150000
7,1549,542150000,542150100,13661,22769,542500000,542500000
7,1550,542500000,542500100,13661,22769,542850000,542850000
7,1551,542850000,542850100,13661,22769,543200000,543200000
7,1552,543200000,543200100,13661,22769,543550000,543550000
7,1553,543550000,543550100,13661,22769,543900000,543900000
7,1554,543900000,543900100,13661,22769,544250000,544250000
7,1555,544250000,544250100,13661,22769,544600000,544600000
7,1556,544600000,544600100,13661,22769,544950000,544950000
7,1557,544950000,544950100,13661,22769,545300000,545300000
7,1558,545300000,545300100,13661,22769,545650000,545650000
7,1559,545650000,545650100,13661,22769,546000000,546000000
7,1560,546000000,546000100,13661,22769,546350000,546350000
7,1561,546350000,546350100,13661,22769,546700000,546700000
7,1562,546700000,546700100,13661,22769,547050000,547050000
7,1563,547050000,547050100,13661,22769,547400000,547400000
7,1564,547400000,547400100,13661,22769,547750000,547750000
7,1565,547750000,547750100,13661,22769,548100000,548100000
7,1566,548100000,548100100,13661,22769,548450000,548450000
7,1567,548450000,548450100,13661,22769,548800000,548800000
7,1568,548800000,548800100,13661,22769,549150000,549150000
7,1569,549150000,549150100,13661,22769,549500000,549500000
7,1570,549500000,549500100,13661,22769,549850000,549850000
7,1571,549850000,549850100,13661,22769,550200000,550200000
7,1572,550200000,550200100,13661,22769,550550000,550550000
7,1573,550550000,550550100,13661,22769,550900000,550900000
7,1574,550900000,550900100,13661,22769,551250000,551250000
7,1575,551250000,551250100,13661,22769,551600000,551600000
7,1576,551600000,551600100,13661,22769,551950000,551950000
7,1577,551950000,551950100,13661,22769,552300000,552300000
7,1578,552300000,552300100,13661,22769,552650000,552650000
7,1579,552650000,552650100,13661,22769,553000000,553000000
7,1580,553000000,553000100,13661,22769,553350000,553350000
7,1581,553350000,553350100,13661,22769,553700000,553700000
7,1582,553700000,553700100,13661,22769,554050000,554050000
7,1583,554050000,554050100,13661,22769,554400000,554400000
7,1584,554400000,554400100,13661,22769,554750000,554750000
7,1585,554750000,554750100,13661,22769,555100000,555100000
7,1586,555100000,555100100,13661,22769,555450000,555450000
7,1587,555450000,555450100,13661,22769,555800000,555800000
7,1588,555800000,555800100,13661,22769,556150000,556150000
7,1589,556150000,556150100,13661,22769,556500000,556500000
7,1590,556500000,556500100,13661,22769,556850000,556850000
7,1591,556850000,556850100,13661,22769,557200000,557200000
7,1592,557200000,557200100,13661,22769,557550000,557550000
7,1593,557550000,557550100,13661,22769,557900000,557900000
7,1594,557900000,557900100,13661,22769,558250000,558250000
7,1595,558250000,558250100,13661,22769,558600000,558600000
7,1596,558600000,558600100,13661,22769,558950000,558950000
7,1597,558950000,558950100,13661,22769,559300000,559300000
7,1598,559300000,559300100,13661,22769,559650000,559650000
7,1599,559650000,559650100,13661,22769,560000000,560000000
7,1600,560000000,560000100,13661,22769,560350000,560350000
7,1601,560350000,560350100,13661,22769,560700000,560700000
7,1602,560700000,560700100,13661,22769,561050000,561050000
7,1603,561050000,561050100,13661,22769,561400000,561400000
7,1604,561400000,561400100,13661,22769,561750000,561750000
7,1605,561750000,561750100,13661,22769,562100000,562100000
7,1606,562100000,562100100,13661,22769,562450000,562450000
7,1607,562450000,562450100,13661,22769,562800000,562800000
7,1608,562800000,562800100,13661,22769,563150000,563150000
7,1609,563150000,563150100,13661,22769,563500000,563500000
7,1610,563500000,563500100,13661,22769,563850000,563850000
7,1611,563850000,563850100,13661,22769,564200000,564200000
7,1612,564200000,564200100,13661,22769,564550000,564550000
7,1613,564550000,564550100,13661,22769,564900000,564900000
7,1614,564900000,564900100,13661,22769,565250000,565250000
7,1615,565250000,565250100,13661,22769,565600000,565600000
7,1616,565600000,565600100,13661,22769,565950000,565950000
7,1617,565950000,565950100,13661,22769,566300000,566300000
7,1618,566300000,566300100,13661,22769,566650000,566650000
7,1619,566650000,566650100,13661,22769,567000000,567000000
7,1620,567000000,567000100,13661,22769,567350000,567350000
7,1621,567350000,567350100,13661,22769,567700000,567700000
7,1622,567700000,567700100,13661,22769,568050000,568050000
7,1623,568050000,568050100,13661,22769,568400000,568400000
7,1624,568400000,568400100,13661,22769,568750000,568750000
7,1625,568750000,568750100,13661,22769,569100000,569100000
7,1626,569100000,569100100,13661,22769,569450000,569450000
7,1627,569450000,569450100,13661,22769,569800000,569800000
7,1628,569800000,569800100,13661,22769,570150000,570150000
7,1629,570150000,570150100,13661,22769,570500000,570500000
7,1630,570500000,570500100,13661,22769,570850000,570850000
7,1631,570850000,570850100,13661,22769,571200000,571200000
7,1632,571200000,571200100,13661,22769,571550000,571550000
7,1633,571550000,571550100,13661,22769,571900000,571900000
7,1634,571900000,571900100,13661,22769,572250000,572250000
7,1635,572250000,572250100,13661,22769,572600000,572600000
7,1636,572600000,572600100,13661,22769,572950000,572950000
7,1637,572950000,572950100,13661,22769,573300000,573300000
7,1638,573300000,573300100,13661,22769,573650000,573650000
7,1639,573650000,573650100,13661,22769,574000000,574000000
7,1640,574000000,574000100,13661,22769,574350000,574350000
7,1641,574350000,574350100,13661,22769,574700000,574700000
7,1642,574700000,574700100,13661,22769,575050000,575050000
7,1643,575050000,575050100,13661,22769,575400000,575400000
7,1644,575400000,575400100,13661,22769,575750000,575750000
7,1645,575750000,575750100,13661,22769,576100000,576100000
7,1646,576100000,576100100,13661,22769,576450000,576450000
7,1647,576450000,576450100,13661,22769,576800000,576800000
7,1648,576800000,576800100,13661,22769,577150000,577150000
7,1649,577150000,577150100,13661,22769,577500000,577500000
7,1650,577500000,577500100,13661,22769,577850000,577850000
7,1651,577850000,577850100,13661,22769,578200000,578200000
7,1652,578200000,578200100,13661,22769,578550000,578550000
7,1653,578550000,578550100,13661,22769,578900000,578900000
7,1654,578900000,578900100,13661,22769,579250000,579250000
7,1655,579250000,579250100,13661,22769,579600000,579600000
7,1656,579600000,579600100,13661,22769,579950000,579950000
7,1657,579950000,579950100,13661,22769,580300000,580300000
7,1658,580300000,580300100,13661,22769,580650000,580650000
7,1659,580650000,580650100,13661,22769,581000000,581000000
7,1660,581000000,581000100,13661,22769,581350000,581350000
7,1661,581350000,581350100,13661,22769,581700000,581700000
7,1662,581700000,581700100,13661,22769,582050000,582050000
7,1663,582050000,582050100,13661,22769,582400000,582400000
7,1664,582400000,582400100,13661,22769,582750000,582750000
7,1665,582750000,582750100,13661,22769,583100000,583100000
7,1666,583100000,583100100,13661,22769,583450000,583450000
7,1667,583450000,583450100,13661,22769,583800000,583800000
7,1668,583800000,583800100,13661,22769,584150000,584150000
7,1669,584150000,584150100,13661,22769,584500000,584500000
7,1670,584500000,584500100,13661,22769,584850000,584850000
7,1671,584850000,584850100,13661,22769,585200000,585200000
7,1672,585200000,585200100,13661,22769,585550000,585550000
7,1673,585550000,585550100,13661,22769,585900000,585900000
7,1674,585900000,585900100,13661,22769,586250000,586250000
7,1675,586250000,586250100,13661,22769,586600000,586600000
7,1676,586600000,586600100,13661,22769,586950000,586950000
7,1677,586950000,586950100,13661,22769,587300000,587300000
7,1678,587300000,587300100,13661,22769,587650000,587650000
7,1679,587650000,587650100,13661,22769,588000000,588000000
7,1680,588000000,588000100,13661,22769,588350000,588350000
7,1681,588350000,588350100,13661,22769,588700000,588700000
7,1682,588700000,588700100,13661,22769,589050000,589050000
7,1683,589050000,589050100,13661,22769,589400000,589400000
7,1684,589400000,589400100,13661,22769,589750000,589750000
7,1685,589750000,589750100,13661,22769,590100000,590100000
7,1686,590100000,590100100,13661,22769,590450000,590450000
7,1687,590450000,590450100,13661,22769,590800000,590800000
7,1688,590800000,590800100,13661,22769,591150000,591150000
7,1689,591150000,591150100,13661,22769,591500000,591500000
7,1690,591500000,591500100,13661,22769,591850000,591850000
7,1691,591850000,591850100,13661,22769,592200000,592200000
7,1692,592200000,592200100,13661,22769,592550000,592550000
7,1693,592550000,592550100,13661,22769,592900000,592900000
7,1694,592900000,592900100,13661,22769,593250000,593250000
7,1695,593250000,593250100,13661,22769,593600000,593600000
7,1696,593600000,593600100,13661,22769,593950000,593950000
7,1697,593950000,593950100,13661,22769,594300000,594300000
7,1698,594300000,594300100,13661,22769,594650000,594650000
7,1699,594650000,594650100,13661,22769,595000000,595000000
7,1700,595000000,595000100,13661,22769,595350000,595350000
7,1701,595350000,595350100,13661,22769,595700000,595700000
7,1702,595700000,595700100,13661,22769,596050000,596050000
7,1703,596050000,596050100,13661,22769,596400000,596400000
7,1704,596400000,596400100,13661,22769,596750000,596750000
7,1705,596750000,596750100,13661,22769,597100000,597100000
7,1706,597100000,597100100,13661,22769,597450000,597450000
7,1707,597450000,597450100,13661,22769,597800000,597800000
7,1708,597800000,597800100,13661,22769,598150000,598150000
7,1709,598150000,598150100,13661,22769,598500000,598500000
7,1710,598500000,598500100,13661,22769,598850000,598850000
7,1711,598850000,598850100,13661,22769,599200000,599200000
7,1712,599200000,599200100,13661,22769,599550000,599550000
7,1713,599550000,599550100,13661,22769,599900000,599900000
7,1714,599900000,599900100,13661,22769,600250000,600250000
7,1715,600250000,600250100,13661,22769,600600000,600600000
7,1716,600600000,600600100,13661,22769,600950000,600950000
7,1717,600950000,600950100,13661,22769,601300000,601300000
7,1718,601300000,601300100,13661,22769,601650000,601650000
7,1719,601650000,601650100,13661,22769,602000000,602000000
7,1720,602000000,602000100,13661,22769,602350000,602350000
7,1721,602350000,602350100,13661,22769,602700000,602700000
7,1722,602700000,602700100,13661,22769,603050000,603050000
7,1723,603050000,603050100,13661,22769,603400000,603400000
7,1724,603400000,603400100,13661,22769,603750000,603750000
7,1725,603750000,603750100,13661,22769,604100000,604100000
7,1726,604100000,604100100,13661,22769,604450000,604450000
7,1727,604450000,604450100,13661,22769,604800000,604800000
7,1728,604800000,604800100,13661,22769,605150000,605150000
7,1729,605150000,605150100,13661,22769,605500000,605500000
7,1730,605500000,605500100,13661,22769,605850000,605850000
7,1731,605850000,605850100,13661,22769,606200000,606200000
7,1732,606200000,606200100,13661,22769,606550000,606550000
7,1733,606550000,606550100,13661,22769,606900000,606900000
7,1734,606900000,606900100,13661,22769,607250000,607250000
7,1735,607250000,607250100,13661,22769,607600000,607600000
7,1736,607600000,607600100,13661,22769,607950000,607950000
7,1737,607950000,607950100,13661,22769,608300000,608300000
7,1738,608300000,608300100,13661,22769,608650000,608650000
7,1739,608650000,608650100,13661,22769,609000000,609000000
7,1740,609000000,609000100,13661,22769,609350000,609350000
7,1741,609350000,609350100,13661,22769,609700000,609700000
7,1742,609700000,609700100,13661,22769,610050000,610050000
7,1743,610050000,610050100,13661,22769,610400000,610400000
7,1744,610400000,610400100,13661,22769,610750000,610750000
7,1745,610750000,610750100,13661,22769,611100000,611100000
7,1746,611100000,611100100,13661,22769,611450000,611450000
7,1747,611450000,611450100,13661,22769,611800000,611800000
7,1748,611800000,611800100,13661,22769,612150000,612150000
7,1749,612150000,612150100,13661,22769,612500000,612500000
7,1750,612500000,612500100,13661,22769,612850000,612850000
7,1751,612850000,612850100,13661,22769,613200000,613200000
7,1752,613200000,613200100,13661,22769,613550000,613550000
7,1753,613550000,613550100,13661,22769,613900000,613900000
7,1754,613900000,613900100,13661,22769,614250000,614250000
7,1755,614250000,614250100,13661,22769,614600000,614600000
7,1756,614600000,614600100,13661,22769,614950000,614950000
7,1757,614950000,614950100,13661,22769,615300000,615300000
7,1758,615300000,615300100,13661,22769,615650000,615650000
7,1759,615650000,615650100,13661,22769,616000000,616000000
7,1760,616000000,616000100,13661,22769,616350000,616350000
7,1761,616350000,616350100,13661,22769,616700000,616700000
7,1762,616700000,616700100,13661,22769,617050000,617050000
7,1763,617050000,617050100,13661,22769,617400000,617400000
7,1764,617400000,617400100,13661,22769,617750000,617750000
7,1765,617750000,617750100,13661,22769,618100000,618100000
7,1766,618100000,618100100,13661,22769,618450000,618450000
7,1767,618450000,618450100,13661,22769,618800000,618800000
7,1768,618800000,618800100,13661,22769,619150000,619150000
7,1769,619150000,619150100,13661,22769,619500000,619500000
7,1770,619500000,619500100,13661,22769,619850000,619850000
7,1771,619850000,619850100,13661,22769,620200000,620200000
7,1772,620200000,620200100,13661,22769,620550000,620550000
7,1773,620550000,620550100,13661,22769,620900000,620900000
7,1774,620900000,620900100,13661,22769,621250000,621250000
7,1775,621250000,621250100,13661,22769,621600000,621600000
7,1776,621600000,621600100,13661,22769,621950000,621950000
7,1777,621950000,621950100,13661,22769,622300000,622300000
7,1778,622300000,622300100,13661,22769,622650000,622650000
7,1779,622650000,622650100,13661,22769,623000000,623000000
7,1780,623000000,623000100,13661,22769,623350000,623350000
7,1781,623350000,623350100,13661,22769,623700000,623700000
7,1782,623700000,623700100,13661,22769,624050000,624050000
7,1783,624050000,624050100,13661,22769,624400000,624400000
7,1784,624400000,624400100,13661,22769,624750000,624750000
7,1785,624750000,624750100,13661,22769,625100000,625100000
7,1786,625100000,625100100,13661,22769,625450000,625450000
7,1787,625450000,625450100,13661,22769,625800000,625800000
7,1788,625800000,625800100,13661,22769,626150000,626150000
7,1789,626150000,626150100,13661,22769,626500000,626500000
7,1790,626500000,626500100,13661,22769,626850000,626850000
7,1791,626850000,626850100,13661,22769,627200000,627200000
7,1792,627200000,627200100,13661,22769,627550000,627550000
7,1793,627550000,627550100,13661,22769,627900000,627900000
7,1794,627900000,627900100,13661,22769,628250000,628250000
7,1795,628250000,628250100,13661,22769,628600000,628600000
7,1796,628600000,628600100,13661,22769,628950000,628950000
7,1797,628950000,628950100,13661,22769,629300000,629300000
7,1798,629300000,629300100,13661,22769,629650000,629650000
7,1799,629650000,629650100,13661,22769,630000000,630000000
7,1800,630000000,630000100,13661,22769,630350000,630350000
7,1801,630350000,630350100,13661,22769,630700000,630700000
7,1802,630700000,630700100,13661,22769,631050000,631050000
7,1803,631050000,631050100,13661,22769,631400000,631400000
7,1804,631400000,631400100,13661,22769,631750000,631750000
7,1805,631750000,631750100,13661,22769,632100000,632100000
7,1806,632100000,632100100,13661,22769,632450000,632450000
7,1807,632450000,632450100,13661,22769,632800000,632800000
7,1808,632800000,632800100,13661,22769,633150000,633150000
7,1809,633150000,633150100,13661,22769,633500000,633500000
7,1810,633500000,633500100,13661,22769,633850000,633850000
7,1811,633850000,633850100,13661,22769,634200000,634200000
7,1812,634200000,634200100,13661,22769,634550000,634550000
7,1813,634550000,634550100,13661,22769,634900000,634900000
7,1814,634900000,634900100,13661,22769,635250000,635250000
7,1815,635250000,635250100,13661,22769,635600000,635600000
7,1816,635600000,635600100,13661,22769,635950000,635950000
7,1817,635950000,635950100,13661,22769,636300000,636300000
7,1818,636300000,636300100,13661,22769,636650000,636650000
7,1819,636650000,636650100,13661,22769,637000000,637000000
7,1820,637000000,637000100,13661,22769,637350000,637350000
7,1821,637350000,637350100,13661,22769,637700000,637700000
7,1822,637700000,637700100,13661,22769,638050000,638050000
7,1823,638050000,638050100,13661,22769,638400000,638400000
7,1824,638400000,638400100,13661,22769,638750000,638750000
7,1825,638750000,638750100,13661,22769,639100000,639100000
7,1826,639100000,639100100,13661,22769,639450000,639450000
7,1827,639450000,639450100,13661,22769,639800000,639800000
7,1828,639800000,639800100,13661,22769,640150000,640150000
7,1829,640150000,640150100,13661,22769,640500000,640500000
7,1830,640500000,640500100,13661,22769,640850000,640850000
7,1831,640850000,640850100,13661,22769,641200000,641200000
7,1832,641200000,641200100,13661,22769,641550000,641550000
7,1833,641550000,641550100,13661,22769,641900000,641900000
7,1834,641900000,641900100,13661,22769,642250000,642250000
7,1835,642250000,642250100,13661,22769,642600000,642600000
7,1836,642600000,642600100,13661,22769,642950000,642950000
7,1837,642950000,642950100,13661,22769,643300000,643300000
7,1838,643300000,643300100,13661,22769,643650000,643650000
7,1839,643650000,643650100,13661,22769,644000000,644000000
7,1840,644000000,644000100,13661,22769,644350000,644350000
7,1841,644350000,644350100,13661,22769,644700000,644700000
7,1842,644700000,644700100,13661,22769,645050000,645050000
7,1843,645050000,645050100,13661,22769,645400000,645400000
7,1844,645400000,645400100,13661,22769,645750000,645750000
7,1845,645750000,645750100,13661,22769,646100000,646100000
7,1846,646100000,646100100,13661,22769,646450000,646450000
7,1847,646450000,646450100,13661,22769,646800000,646800000
7,1848,646800000,646800100,13661,22769,647150000,647150000
7,1849,647150000,647150100,13661,22769,647500000,647500000
7,1850,647500000,647500100,13661,22769,647850000,647850000
7,1851,647850000,647850100,13661,22769,648200000,648200000
7,1852,648200000,648200100,13661,22769,648550000,648550000
7,1853,648550000,648550100,13661,22769,648900000,648900000
7,1854,648900000,648900100,13661,22769,649250000,649250000
7,1855,649250000,649250100,13661,22769,649600000,649600000
7,1856,649600000,649600100,13661,22769,649950000,649950000
7,1857,649950000,649950100,13661,22769,650300000,650300000
7,1858,650300000,650300100,13661,22769,650650000,650650000
7,1859,650650000,650650100,13661,22769,651000000,651000000
7,1860,651000000,651000100,13661,22769,651350000,651350000
7,1861,651350000,651350100,13661,22769,651700000,651700000
7,1862,651700000,651700100,13661,22769,652050000,652050000
7,1863,652050000,652050100,13661,22769,652400000,652400000
7,1864,652400000,652400100,13661,22769,652750000,652750000
7,1865,652750000,652750100,13661,22769,653100000,653100000
7,1866,653100000,653100100,13661,22769,653450000,653450000
7,1867,653450000,653450100,13661,22769,653800000,653800000
7,1868,653800000,653800100,13661,22769,654150000,654150000
7,1869,654150000,654150100,13661,22769,654500000,654500000
7,1870,654500000,654500100,13661,22769,654850000,654850000
7,1871,654850000,654850100,13661,22769,655200000,655200000
7,1872,655200000,655200100,13661,22769,655550000,655550000
7,1873,655550000,655550100,13661,22769,655900000,655900000
7,1874,655900000,655900100,13661,22769,656250000,656250000
7,1875,656250000,656250100,13661,22769,656600000,656600000
7,1876,656600000,656600100,13661,22769,656950000,656950000
7,1877,656950000,656950100,13661,22769,657300000,657300000
7,1878,657300000,657300100,13661,22769,657650000,657650000
7,1879,657650000,657650100,13661,22769,658000000,658000000
7,1880,658000000,658000100,13661,22769,658350000,658350000
7,1881,658350000,658350100,13661,22769,658700000,658700000
7,1882,658700000,658700100,13661,22769,659050000,659050000
7,1883,659050000,659050100,13661,22769,659400000,659400000
7,1884,659400000,659400100,13661,22769,659750000,659750000
7,1885,659750000,659750100,13661,22769,660100000,660100000
7,1886,660100000,660100100,13661,22769,660450000,660450000
7,1887,660450000,660450100,13661,22769,660800000,660800000
7,1888,660800000,660800100,13661,22769,661150000,661150000
7,1889,661150000,661150100,13661,22769,661500000,661500000
7,1890,661500000,661500100,13661,22769,661850000,661850000
7,1891,661850000,661850100,13661,22769,662200000,662200000
7,1892,662200000,662200100,13661,22769,662550000,662550000
7,1893,662550000,662550100,13661,22769,662900000,662900000
7,1894,662900000,662900100,13661,22769,663250000,663250000
7,1895,663250000,663250100,13661,22769,663600000,663600000
7,1896,663600000,663600100,13661,22769,663950000,663950000
7,1897,663950000,663950100,13661,22769,664300000,664300000
7,1898,664300000,664300100,13661,22769,664650000,664650000
7,1899,664650000,664650100,13661,22769,665000000,665000000
7,1900,665000000,665000100,13661,22769,665350000,665350000
7,1901,665350000,665350100,13661,22769,665700000,665700000
7,1902,665700000,665700100,13661,22769,666050000,666050000
7,1903,666050000,666050100,13661,22769,666400000,666400000
7,1904,666400000,666400100,13661,22769,666750000,666750000
7,1905,666750000,666750100,13661,22769,667100000,667100000
7,1906,667100000,667100100,13661,22769,667450000,667450000
7,1907,667450000,667450100,13661,22769,667800000,667800000
7,1908,667800000,667800100,13661,22769,668150000,668150000
7,1909,668150000,668150100,13661,22769,668500000,668500000
7,1910,668500000,668500100,13661,22769,668850000,668850000
7,1911,668850000,668850100,13661,22769,669200000,669200000
7,1912,669200000,669200100,13661,22769,669550000,669550000
7,1913,669550000,669550100,13661,22769,669900000,669900000
7,1914,669900000,669900100,13661,22769,670250000,670250000
7,1915,670250000,670250100,13661,22769,670600000,670600000
7,1916,670600000,670600100,13661,22769,670950000,670950000
7,1917,670950000,670950100,13661,22769,671300000,671300000
7,1918,671300000,671300100,13661,22769,671650000,671650000
7,1919,671650000,671650100,13661,22769,672000000,672000000
7,1920,672000000,672000100,13661,22769,672350000,672350000
7,1921,672350000,672350100,13661,22769,672700000,672700000
7,1922,672700000,672700100,13661,22769,673050000,673050000
7,1923,673050000,673050100,13661,22769,673400000,673400000
7,1924,673400000,673400100,13661,22769,673750000,673750000
7,1925,673750000,673750100,13661,22769,674100000,674100000
7,1926,674100000,674100100,13661,22769,674450000,674450000
7,1927,674450000,674450100,13661,22769,674800000,674800000
7,1928,674800000,674800100,13661,22769,675150000,675150000
7,1929,675150000,675150100,13661,22769,675500000,675500000
7,1930,675500000,675500100,13661,22769,675850000,675850000
7,1931,675850000,675850100,13661,22769,676200000,676200000
7,1932,676200000,676200100,13661,22769,676550000,676550000
7,1933,676550000,676550100,13661,22769,676900000,676900000
7,1934,676900000,676900100,13661,22769,677250000,677250000
7,1935,677250000,677250100,13661,22769,677600000,677600000
7,1936,677600000,677600100,13661,22769,677950000,677950000
7,1937,677950000,677950100,13661,22769,678300000,678300000
7,1938,678300000,678300100,13661,22769,678650000,678650000
7,1939,678650000,678650100,13661,22769,679000000,679000000
7,1940,679000000,679000100,13661,22769,679350000,679350000
7,1941,679350000,679350100,13661,22769,679700000,679700000
7,1942,679700000,679700100,13661,22769,680050000,680050000
7,1943,680050000,680050100,13661,22769,680400000,680400000
7,1944,680400000,680400100,13661,22769,680750000,680750000
7,1945,680750000,680750100,13661,22769,681100000,681100000
7,1946,681100000,681100100,13661,22769,681450000,681450000
7,1947,681450000,681450100,13661,22769,681800000,681800000
7,1948,681800000,681800100,13661,22769,682150000,682150000
7,1949,682150000,682150100,13661,22769,682500000,682500000
7,1950,682500000,682500100,13661,22769,682850000,682850000
7,1951,682850000,682850100,13661,22769,683200000,683200000
7,1952,683200000,683200100,13661,22769,683550000,683550000
7,1953,683550000,683550100,13661,22769,683900000,683900000
7,1954,683900000,683900100,13661,22769,684250000,684250000
7,1955,684250000,684250100,13661,22769,684600000,684600000
7,1956,684600000,684600100,13661,22769,684950000,684950000
7,1957,684950000,684950100,13661,22769,685300000,685300000
7,1958,685300000,685300100,13661,22769,685650000,685650000
7,1959,685650000,685650100,13661,22769,686000000,686000000
7,1960,686000000,686000100,13661,22769,686350000,686350000
7,1961,686350000,686350100,13661,22769,686700000,686700000
7,1962,686700000,686700100,13661,22769,687050000,687050000
7,1963,687050000,687050100,13661,22769,687400000,687400000
7,1964,687400000,687400100,13661,22769,687750000,687750000
7,1965,687750000,687750100,13661,22769,688100000,688100000
7,1966,688100000,688100100,13661,22769,688450000,688450000
7,1967,688450000,688450100,13661,22769,688800000,688800000
7,1968,688800000,688800100,13661,22769,689150000,689150000
7,1969,689150000,689150100,13661,22769,689500000,689500000
7,1970,689500000,689500100,13661,22769,689850000,689850000
7,1971,689850000,689850100,13661,22769,690200000,690200000
7,1972,690200000,690200100,13661,22769,690550000,690550000
7,1973,690550000,690550100,13661,22769,690900000,690900000
7,1974,690900000,690900100,13661,22769,691250000,691250000
7,1975,691250000,691250100,13661,22769,691600000,691600000
7,1976,691600000,691600100,13661,22769,691950000,691950000
7,1977,691950000,691950100,13661,22769,692300000,692300000
7,1978,692300000,692300100,13661,22769,692650000,692650000
7,1979,692650000,692650100,13661,22769,693000000,693000000
7,1980,693000000,693000100,13661,22769,693350000,693350000
7,1981,693350000,693350100,13661,22769,693700000,693700000
7,1982,693700000,693700100,13661,22769,694050000,694050000
7,1983,694050000,694050100,13661,22769,694400000,694400000
7,1984,694400000,694400100,13661,22769,694750000,694750000
7,1985,694750000,694750100,13661,22769,695100000,695100000
7,1986,695100000,695100100,13661,22769,695450000,695450000
7,1987,695450000,695450100,13661,22769,695800000,695800000
7,1988,695800000,695800100,13661,22769,696150000,696150000
7,1989,696150000,696150100,13661,22769,696500000,696500000
7,1990,696500000,696500100,13661,22769,696850000,696850000
7,1991,696850000,696850100,13661,22769,697200000,697200000
7,1992,697200000,697200100,13661,22769,697550000,697550000
7,1993,697550000,697550100,13661,22769,697900000,697900000
7,1994,697900000,697900100,13661,22769,698250000,698250000
7,1995,698250000,698250100,13661,22769,698600000,698600000
7,1996,698600000,698600100,13661,22769,698950000,698950000
7,1997,698950000,698950100,13661,22769,699300000,699300000
7,1998,699300000,699300100,13661,22769,699650000,699650000
7,1999,699650000,699650100,13661,22769,700000000,700000000
7,2000,700000000,700000100,13661,22769,700350000,700350000
7,2001,700350000,700350100,13661,22769,700700000,700700000
7,2002,700700000,700700100,13661,22769,701050000,701050000
7,2003,701050000,701050100,13661,22769,701400000,701400000
7,2004,701400000,701400100,13661,22769,701750000,701750000
7,2005,701750000,701750100,13661,22769,702100000,702100000
7,2006,702100000,702100100,13661,22769,702450000,702450000
7,2007,702450000,702450100,13661,22769,702800000,702800000
7,2008,702800000,702800100,13661,22769,703150000,703150000
7,2009,703150000,703150100,13661,22769,703500000,703500000
7,2010,703500000,703500100,13661,22769,703850000,703850000
7,2011,703850000,703850100,13661,22769,704200000,704200000
7,2012,704200000,704200100,13661,22769,704550000,704550000
7,2013,704550000,704550100,13661,22769,704900000,704900000
7,2014,704900000,704900100,13661,22769,705250000,705250000
7,2015,705250000,705250100,13661,22769,705600000,705600000
7,2016,705600000,705600100,13661,22769,705950000,705950000
7,2017,705950000,705950100,13661,22769,706300000,706300000
7,2018,706300000,706300100,13661,22769,706650000,706650000
7,2019,706650000,706650100,13661,22769,707000000,707000000
7,2020,707000000,707000100,13661,22769,707350000,707350000
7,2021,707350000,707350100,13661,22769,707700000,707700000
7,2022,707700000,707700100,13661,22769,708050000,708050000
7,2023,708050000,708050100,13661,22769,708400000,708400000
7,2024,708400000,708400100,13661,22769,708750000,708750000
7,2025,708750000,708750100,13661,22769,709100000,709100000
7,2026,709100000,709100100,13661,22769,709450000,709450000
7,2027,709450000,709450100,13661,22769,709800000,709800000
7,2028,709800000,709800100,13661,22769,710150000,710150000
7,2029,710150000,710150100,13661,22769,710500000,710500000
7,2030,710500000,710500100,13661,22769,710850000,710850000
7,2031,710850000,710850100,13661,22769,711200000,711200000
7,2032,711200000,711200100,13661,22769,711550000,711550000
7,2033,711550000,711550100,13661,22769,711900000,711900000
7,2034,711900000,711900100,13661,22769,712250000,712250000
7,2035,712250000,712250100,13661,22769,712600000,712600000
7,2036,712600000,712600100,13661,22769,712950000,712950000
7,2037,712950000,712950100,13661,22769,713300000,713300000
7,2038,713300000,713300100,13661,22769,713650000,713650000
7,2039,713650000,713650100,13661,22769,714000000,714000000
7,2040,714000000,714000100,13661,22769,714350000,714350000
7,2041,714350000,714350100,13661,22769,714700000,714700000
7,2042,714700000,714700100,13661,22769,715050000,715050000
7,2043,715050000,715050100,13661,22769,715400000,715400000
7,2044,715400000,715400100,13661,22769,715750000,715750000
7,2045,715750000,715750100,13661,22769,716100000,716100000
7,2046,716100000,716100100,13661,22769,716450000,716450000
7,2047,716450000,716450100,13661,22769,716800000,716800000
7,2048,716800000,716800100,13661,22769,717150000,717150000
7,2049,717150000,717150100,13661,22769,717500000,717500000
7,2050,717500000,717500100,13661,22769,717850000,717850000
7,2051,717850000,717850100,13661,22769,718200000,718200000
7,2052,718200000,718200100,13661,22769,718550000,718550000
7,2053,718550000,718550100,13661,22769,718900000,718900000
7,2054,718900000,718900100,13661,22769,719250000,719250000
7,2055,719250000,719250100,13661,22769,719600000,719600000
7,2056,719600000,719600100,13661,22769,719950000,719950000
7,2057,719950000,719950100,13661,22769,720300000,720300000
7,2058,720300000,720300100,13661,22769,720650000,720650000
7,2059,720650000,720650100,13661,22769,721000000,721000000
7,2060,721000000,721000100,13661,22769,721350000,721350000
7,2061,721350000,721350100,13661,22769,721700000,721700000
7,2062,721700000,721700100,13661,22769,722050000,722050000
7,2063,722050000,722050100,13661,22769,722400000,722400000
7,2064,722400000,722400100,13661,22769,722750000,722750000
7,2065,722750000,722750100,13661,22769,723100000,723100000
7,2066,723100000,723100100,13661,22769,723450000,723450000
7,2067,723450000,723450100,13661,22769,723800000,723800000
7,2068,723800000,723800100,13661,22769,724150000,724150000
7,2069,724150000,724150100,13661,22769,724500000,724500000
7,2070,724500000,724500100,13661,22769,724850000,724850000
7,2071,724850000,724850100,13661,22769,725200000,725200000
7,2072,725200000,725200100,13661,22769,725550000,725550000
7,2073,725550000,725550100,13661,22769,725900000,725900000
7,2074,725900000,725900100,13661,22769,726250000,726250000
7,2075,726250000,726250100,13661,22769,726600000,726600000
7,2076,726600000,726600100,13661,22769,726950000,726950000
7,2077,726950000,726950100,13661,22769,727300000,727300000
7,2078,727300000,727300100,13661,22769,727650000,727650000
7,2079,727650000,727650100,13661,22769,728000000,728000000
7,2080,728000000,728000100,13661,22769,728350000,728350000
7,2081,728350000,728350100,13661,22769,728700000,728700000
7,2082,728700000,728700100,13661,22769,729050000,729050000
7,2083,729050000,729050100,13661,22769,729400000,729400000
7,2084,729400000,729400100,13661,22769,729750000,729750000
7,2085,729750000,729750100,13661,22769,730100000,730100000
7,2086,730100000,730100100,13661,22769,730450000,730450000
7,2087,730450000,730450100,13661,22769,730800000,730800000
7,2088,730800000,730800100,13661,22769,731150000,731150000
7,2089,731150000,731150100,13661,22769,731500000,731500000
7,2090,731500000,731500100,13661,22769,731850000,731850000
7,2091,731850000,731850100,13661,22769,732200000,732200000
7,2092,732200000,732200100,13661,22769,732550000,732550000
7,2093,732550000,732550100,13661,22769,732900000,732900000
7,2094,732900000,732900100,13661,22769,733250000,733250000
7,2095,733250000,733250100,13661,22769,733600000,733600000
7,2096,733600000,733600100,13661,22769,733950000,733950000
7,2097,733950000,733950100,13661,22769,734300000,734300000
7,2098,734300000,734300100,13661,22769,734650000,734650000
7,2099,734650000,734650100,13661,22769,735000000,735000000
7,2100,735000000,735000100,13661,22769,735350000,735350000
7,2101,735350000,735350100,13661,22769,735700000,735700000
7,2102,735700000,735700100,13661,22769,736050000,736050000
7,2103,736050000,736050100,13661,22769,736400000,736400000
7,2104,736400000,736400100,13661,22769,736750000,736750000
7,2105,736750000,736750100,13661,22769,737100000,737100000
7,2106,737100000,737100100,13661,22769,737450000,737450000
7,2107,737450000,737450100,13661,22769,737800000,737800000
7,2108,737800000,737800100,13661,22769,738150000,738150000
7,2109,738150000,738150100,13661,22769,738500000,738500000
7,2110,738500000,738500100,13661,22769,738850000,738850000
7,2111,738850000,738850100,13661,22769,739200000,739200000
7,2112,739200000,739200100,13661,22769,739550000,739550000
7,2113,739550000,739550100,13661,22769,739900000,739900000
7,2114,739900000,739900100,13661,22769,740250000,740250000
7,2115,740250000,740250100,13661,22769,740600000,740600000
7,2116,740600000,740600100,13661,22769,740950000,740950000
7,2117,740950000,740950100,13661,22769,741300000,741300000
7,2118,741300000,741300100,13661,22769,741650000,741650000
7,2119,741650000,741650100,13661,22769,742000000,742000000
7,2120,742000000,742000100,13661,22769,742350000,742350000
7,2121,742350000,742350100,13661,22769,742700000,742700000
7,2122,742700000,742700100,13661,22769,743050000,743050000
7,2123,743050000,743050100,13661,22769,743400000,743400000
7,2124,743400000,743400100,13661,22769,743750000,743750000
7,2125,743750000,743750100,13661,22769,744100000,744100000
7,2126,744100000,744100100,13661,22769,744450000,744450000
7,2127,744450000,744450100,13661,22769,744800000,744800000
7,2128,744800000,744800100,13661,22769,745150000,745150000
7,2129,745150000,745150100,13661,22769,745500000,745500000
7,2130,745500000,745500100,13661,22769,745850000,745850000
7,2131,745850000,745850100,13661,22769,746200000,746200000
7,2132,746200000,746200100,13661,22769,746550000,746550000
7,2133,746550000,746550100,13661,22769,746900000,746900000
7,2134,746900000,746900100,13661,22769,747250000,747250000
7,2135,747250000,747250100,13661,22769,747600000,747600000
7,2136,747600000,747600100,13661,22769,747950000,747950000
7,2137,747950000,747950100,13661,22769,748300000,748300000
7,2138,748300000,748300100,13661,22769,748650000,748650000
7,2139,748650000,748650100,13661,22769,749000000,749000000
7,2140,749000000,749000100,13661,22769,749350000,749350000
7,2141,749350000,749350100,13661,22769,749700000,749700000
7,2142,749700000,749700100,13661,22769,750050000,750050000
7,2143,750050000,750050100,13661,22769,750400000,750400000
7,2144,750400000,750400100,13661,22769,750750000,750750000
7,2145,750750000,750750100,13661,22769,751100000,751100000
7,2146,751100000,751100100,13661,22769,751450000,751450000
7,2147,751450000,751450100,13661,22769,751800000,751800000
7,2148,751800000,751800100,13661,22769,752150000,752150000
7,2149,752150000,752150100,13661,22769,752500000,752500000
7,2150,752500000,752500100,13661,22769,752850000,752850000
7,2151,752850000,752850100,13661,22769,753200000,753200000
7,2152,753200000,753200100,13661,22769,753550000,753550000
7,2153,753550000,753550100,13661,22769,753900000,753900000
7,2154,753900000,753900100,13661,22769,754250000,754250000
7,2155,754250000,754250100,13661,22769,754600000,754600000
7,2156,754600000,754600100,13661,22769,754950000,754950000
7,2157,754950000,754950100,13661,22769,755300000,755300000
7,2158,755300000,755300100,13661,22769,755650000,755650000
7,2159,755650000,755650100,13661,22769,756000000,756000000
7,2160,756000000,756000100,13661,22769,756350000,756350000
7,2161,756350000,756350100,13661,22769,756700000,756700000
7,2162,756700000,756700100,13661,22769,757050000,757050000
7,2163,757050000,757050100,13661,22769,757400000,757400000
7,2164,757400000,757400100,13661,22769,757750000,757750000
7,2165,757750000,757750100,13661,22769,758100000,758100000
7,2166,758100000,758100100,13661,22769,758450000,758450000
7,2167,758450000,758450100,13661,22769,758800000,758800000
7,2168,758800000,758800100,13661,22769,759150000,759150000
7,2169,759150000,759150100,13661,22769,759500000,759500000
7,2170,759500000,759500100,13661,22769,759850000,759850000
7,2171,759850000,759850100,13661,22769,760200000,760200000
7,2172,760200000,760200100,13661,22769,760550000,760550000
7,2173,760550000,760550100,13661,22769,760900000,760900000
7,2174,760900000,760900100,13661,22769,761250000,761250000
7,2175,761250000,761250100,13661,22769,761600000,761600000
7,2176,761600000,761600100,13661,22769,761950000,761950000
7,2177,761950000,761950100,13661,22769,762300000,762300000
7,2178,762300000,762300100,13661,22769,762650000,762650000
7,2179,762650000,762650100,13661,22769,763000000,763000000
7,2180,763000000,763000100,13661,22769,763350000,763350000
7,2181,763350000,763350100,13661,22769,763700000,763700000
7,2182,763700000,763700100,13661,22769,764050000,764050000
7,2183,764050000,764050100,13661,22769,764400000,764400000
7,2184,764400000,764400100,13661,22769,764750000,764750000
7,2185,764750000,764750100,13661,22769,765100000,765100000
7,2186,765100000,765100100,13661,22769,765450000,765450000
7,2187,765450000,765450100,13661,22769,765800000,765800000
7,2188,765800000,765800100,13661,22769,766150000,766150000
7,2189,766150000,766150100,13661,22769,766500000,766500000
7,2190,766500000,766500100,13661,22769,766850000,766850000
7,2191,766850000,766850100,13661,22769,767200000,767200000
7,2192,767200000,767200100,13661,22769,767550000,767550000
7,2193,767550000,767550100,13661,22769,767900000,767900000
7,2194,767900000,767900100,13661,22769,768250000,768250000
7,2195,768250000,768250100,13661,22769,768600000,768600000
7,2196,768600000,768600100,13661,22769,768950000,768950000
7,2197,768950000,768950100,13661,22769,769300000,769300000
7,2198,769300000,769300100,13661,22769,769650000,769650000
7,2199,769650000,769650100,13661,22769,770000000,770000000
7,2200,770000000,770000100,13661,22769,770350000,770350000
7,2201,770350000,770350100,13661,22769,770700000,770700000
7,2202,770700000,770700100,13661,22769,771050000,771050000
7,2203,771050000,771050100,13661,22769,771400000,771400000
7,2204,771400000,771400100,13661,22769,771750000,771750000
7,2205,771750000,771750100,13661,22769,772100000,772100000
7,2206,772100000,772100100,13661,22769,772450000,772450000
7,2207,772450000,772450100,13661,22769,772800000,772800000
7,2208,772800000,772800100,13661,22769,773150000,773150000
7,2209,773150000,773150100,13661,22769,773500000,773500000
7,2210,773500000,773500100,13661,22769,773850000,773850000
7,2211,773850000,773850100,13661,22769,774200000,774200000
7,2212,774200000,774200100,13661,22769,774550000,774550000
7,2213,774550000,774550100,13661,22769,774900000,774900000
7,2214,774900000,774900100,13661,22769,775250000,775250000
7,2215,775250000,775250100,13661,22769,775600000,775600000
7,2216,775600000,775600100,13661,22769,775950000,775950000
7,2217,775950000,775950100,13661,22769,776300000,776300000
7,2218,776300000,776300100,13661,22769,776650000,776650000
7,2219,776650000,776650100,13661,22769,777000000,777000000
7,2220,777000000,777000100,13661,22769,777350000,777350000
7,2221,777350000,777350100,13661,22769,777700000,777700000
7,2222,777700000,777700100,13661,22769,778050000,778050000
7,2223,778050000,778050100,13661,22769,778400000,778400000
7,2224,778400000,778400100,13661,22769,778750000,778750000
7,2225,778750000,778750100,13661,22769,779100000,779100000
7,2226,779100000,779100100,13661,22769,779450000,779450000
7,2227,779450000,779450100,13661,22769,779800000,779800000
7,2228,779800000,779800100,13661,22769,780150000,780150000
7,2229,780150000,780150100,13661,22769,780500000,780500000
7,2230,780500000,780500100,13661,22769,780850000,780850000
7,2231,780850000,780850100,13661,22769,781200000,781200000
7,2232,781200000,781200100,13661,22769,781550000,781550000
7,2233,781550000,781550100,13661,22769,781900000,781900000
7,2234,781900000,781900100,13661,22769,782250000,782250000
7,2235,782250000,782250100,13661,22769,782600000,782600000
7,2236,782600000,782600100,13661,22769,782950000,782950000
7,2237,782950000,782950100,13661,22769,783300000,783300000
7,2238,783300000,783300100,13661,22769,783650000,783650000
7,2239,783650000,783650100,13661,22769,784000000,784000000
7,2240,784000000,784000100,13661,22769,784350000,784350000
7,2241,784350000,784350100,13661,22769,784700000,784700000
7,2242,784700000,784700100,13661,22769,785050000,785050000
7,2243,785050000,785050100,13661,22769,785400000,785400000
7,2244,785400000,785400100,13661,22769,785750000,785750000
7,2245,785750000,785750100,13661,22769,786100000,786100000
7,2246,786100000,786100100,13661,22769,786450000,786450000
7,2247,786450000,786450100,13661,22769,786800000,786800000
7,2248,786800000,786800100,13661,22769,787150000,787150000
7,2249,787150000,787150100,13661,22769,787500000,787500000
7,2250,787500000,787500100,13661,22769,787850000,787850000
7,2251,787850000,787850100,13661,22769,788200000,788200000
7,2252,788200000,788200100,13661,22769,788550000,788550000
7,2253,788550000,788550100,13661,22769,788900000,788900000
7,2254,788900000,788900100,13661,22769,789250000,789250000
7,2255,789250000,789250100,13661,22769,789600000,789600000
7,2256,789600000,789600100,13661,22769,789950000,789950000
7,2257,789950000,789950100,13661,22769,790300000,790300000
7,2258,790300000,790300100,13661,22769,790650000,790650000
7,2259,790650000,790650100,13661,22769,791000000,791000000
7,2260,791000000,791000100,13661,22769,791350000,791350000
7,2261,791350000,791350100,13661,22769,791700000,791700000
7,2262,791700000,791700100,13661,22769,792050000,792050000
7,2263,792050000,792050100,13661,22769,792400000,792400000
7,2264,792400000,792400100,13661,22769,792750000,792750000
7,2265,792750000,792750100,13661,22769,793100000,793100000
7,2266,793100000,793100100,13661,22769,793450000,793450000
7,2267,793450000,793450100,13661,22769,793800000,793800000
7,2268,793800000,793800100,13661,22769,794150000,794150000
7,2269,794150000,794150100,13661,22769,794500000,794500000
7,2270,794500000,794500100,13661,22769,794850000,794850000
7,2271,794850000,794850100,13661,22769,795200000,795200000
7,2272,795200000,795200100,13661,22769,795550000,795550000
7,2273,795550000,795550100,13661,22769,795900000,795900000
7,2274,795900000,795900100,13661,22769,796250000,796250000
7,2275,796250000,796250100,13661,22769,796600000,796600000
7,2276,796600000,796600100,13661,22769,796950000,796950000
7,2277,796950000,796950100,13661,22769,797300000,797300000
7,2278,797300000,797300100,13661,22769,797650000,797650000
7,2279,797650000,797650100,13661,22769,798000000,798000000
7,2280,798000000,798000100,13661,22769,798350000,798350000
7,2281,798350000,798350100,13661,22769,798700000,798700000
7,2282,798700000,798700100,13661,22769,799050000,799050000
7,2283,799050000,799050100,13661,22769,799400000,799400000
7,2284,799400000,799400100,13661,22769,799750000,799750000
7,2285,799750000,799750100,13661,22769,800100000,800100000
7,2286,800100000,800100100,13661,22769,800450000,800450000
7,2287,800450000,800450100,13661,22769,800800000,800800000
7,2288,800800000,800800100,13661,22769,801150000,801150000
7,2289,801150000,801150100,13661,22769,801500000,801500000
7,2290,801500000,801500100,13661,22769,801850000,801850000
7,2291,801850000,801850100,13661,22769,802200000,802200000
7,2292,802200000,802200100,13661,22769,802550000,802550000
7,2293,802550000,802550100,13661,22769,802900000,802900000
7,2294,802900000,802900100,13661,22769,803250000,803250000
7,2295,803250000,803250100,13661,22769,803600000,803600000
7,2296,803600000,803600100,13661,22769,803950000,803950000
7,2297,803950000,803950100,13661,22769,804300000,804300000
7,2298,804300000,804300100,13661,22769,804650000,804650000
7,2299,804650000,804650100,13661,22769,805000000,805000000
7,2300,805000000,805000100,13661,22769,805350000,805350000
7,2301,805350000,805350100,13661,22769,805700000,805700000
7,2302,805700000,805700100,13661,22769,806050000,806050000
7,2303,806050000,806050100,13661,22769,806400000,806400000
7,2304,806400000,806400100,13661,22769,806750000,806750000
7,2305,806750000,806750100,13661,22769,807100000,807100000
7,2306,807100000,807100100,13661,22769,807450000,807450000
7,2307,807450000,807450100,13661,22769,807800000,807800000
7,2308,807800000,807800100,13661,22769,808150000,808150000
7,2309,808150000,808150100,13661,22769,808500000,808500000
7,2310,808500000,808500100,13661,22769,808850000,808850000
7,2311,808850000,808850100,13661,22769,809200000,809200000
7,2312,809200000,809200100,13661,22769,809550000,809550000
7,2313,809550000,809550100,13661,22769,809900000,809900000
7,2314,809900000,809900100,13661,22769,810250000,810250000
7,2315,810250000,810250100,13661,22769,810600000,810600000
7,2316,810600000,810600100,13661,22769,810950000,810950000
7,2317,810950000,810950100,13661,22769,811300000,811300000
7,2318,811300000,811300100,13661,22769,811650000,811650000
7,2319,811650000,811650100,13661,22769,812000000,812000000
7,2320,812000000,812000100,13661,22769,812350000,812350000
7,2321,812350000,812350100,13661,22769,812700000,812700000
7,2322,812700000,812700100,13661,22769,813050000,813050000
7,2323,813050000,813050100,13661,22769,813400000,813400000
7,2324,813400000,813400100,13661,22769,813750000,813750000
7,2325,813750000,813750100,13661,22769,814100000,814100000
7,2326,814100000,814100100,13661,22769,814450000,814450000
7,2327,814450000,814450100,13661,22769,814800000,814800000
7,2328,814800000,814800100,13661,22769,815150000,815150000
7,2329,815150000,815150100,13661,22769,815500000,815500000
7,2330,815500000,815500100,13661,22769,815850000,815850000
7,2331,815850000,815850100,13661,22769,816200000,816200000
7,2332,816200000,816200100,13661,22769,816550000,816550000
7,2333,816550000,816550100,13661,22769,816900000,816900000
7,2334,816900000,816900100,13661,22769,817250000,817250000
7,2335,817250000,817250100,13661,22769,817600000,817600000
7,2336,817600000,817600100,13661,22769,817950000,817950000
7,2337,817950000,817950100,13661,22769,818300000,818300000
7,2338,818300000,818300100,13661,22769,818650000,818650000
7,2339,818650000,818650100,13661,22769,819000000,819000000
7,2340,819000000,819000100,13661,22769,819350000,819350000
7,2341,819350000,819350100,13661,22769,819700000,819700000
7,2342,819700000,819700100,13661,22769,820050000,820050000
7,2343,820050000,820050100,13661,22769,820400000,820400000
7,2344,820400000,820400100,13661,22769,820750000,820750000
7,2345,820750000,820750100,13661,22769,821100000,821100000
7,2346,821100000,821100100,13661,22769,821450000,821450000
7,2347,821450000,821450100,13661,22769,821800000,821800000
7,2348,821800000,821800100,13661,22769,822150000,822150000
7,2349,822150000,822150100,13661,22769,822500000,822500000
7,2350,822500000,822500100,13661,22769,822850000,822850000
7,2351,822850000,822850100,13661,22769,823200000,823200000
7,2352,823200000,823200100,13661,22769,823550000,823550000
7,2353,823550000,823550100,13661,22769,823900000,823900000
7,2354,823900000,823900100,13661,22769,824250000,824250000
7,2355,824250000,824250100,13661,22769,824600000,824600000
7,2356,824600000,824600100,13661,22769,824950000,824950000
7,2357,824950000,824950100,13661,22769,825300000,825300000
7,2358,825300000,825300100,13661,22769,825650000,825650000
7,2359,825650000,825650100,13661,22769,826000000,826000000
7,2360,826000000,826000100,13661,22769,826350000,826350000
7,2361,826350000,826350100,13661,22769,826700000,826700000
7,2362,826700000,826700100,13661,22769,827050000,827050000
7,2363,827050000,827050100,13661,22769,827400000,827400000
7,2364,827400000,827400100,13661,22769,827750000,827750000
7,2365,827750000,827750100,13661,22769,828100000,828100000
7,2366,828100000,828100100,13661,22769,828450000,828450000
7,2367,828450000,828450100,13661,22769,828800000,828800000
7,2368,828800000,828800100,13661,22769,829150000,829150000
7,2369,829150000,829150100,13661,22769,829500000,829500000
7,2370,829500000,829500100,13661,22769,829850000,829850000
7,2371,829850000,829850100,13661,22769,830200000,830200000
7,2372,830200000,830200100,13661,22769,830550000,830550000
7,2373,830550000,830550100,13661,22769,830900000,830900000
7,2374,830900000,830900100,13661,22769,831250000,831250000
7,2375,831250000,831250100,13661,22769,831600000,831600000
7,2376,831600000,831600100,13661,22769,831950000,831950000
7,2377,831950000,831950100,13661,22769,832300000,832300000
7,2378,832300000,832300100,13661,22769,832650000,832650000
7,2379,832650000,832650100,13661,22769,833000000,833000000
7,2380,833000000,833000100,13661,22769,833350000,833350000
7,2381,833350000,833350100,13661,22769,833700000,833700000
7,2382,833700000,833700100,13661,22769,834050000,834050000
7,2383,834050000,834050100,13661,22769,834400000,834400000
7,2384,834400000,834400100,13661,22769,834750000,834750000
7,2385,834750000,834750100,13661,22769,835100000,835100000
7,2386,835100000,835100100,13661,22769,835450000,835450000
7,2387,835450000,835450100,13661,22769,835800000,835800000
7,2388,835800000,835800100,13661,22769,836150000,836150000
7,2389,836150000,836150100,13661,22769,836500000,836500000
7,2390,836500000,836500100,13661,22769,836850000,836850000
7,2391,836850000,836850100,13661,22769,837200000,837200000
7,2392,837200000,837200100,13661,22769,837550000,837550000
7,2393,837550000,837550100,13661,22769,837900000,837900000
7,2394,837900000,837900100,13661,22769,838250000,838250000
7,2395,838250000,838250100,13661,22769,838600000,838600000
7,2396,838600000,838600100,13661,22769,838950000,838950000
7,2397,838950000,838950100,13661,22769,839300000,839300000
7,2398,839300000,839300100,13661,22769,839650000,839650000
7,2399,839650000,839650100,13661,22769,840000000,840000000
7,2400,840000000,840000100,13661,22769,840350000,840350000
7,2401,840350000,840350100,13661,22769,840700000,840700000
7,2402,840700000,840700100,13661,22769,841050000,841050000
7,2403,841050000,841050100,13661,22769,841400000,841400000
7,2404,841400000,841400100,13661,22769,841750000,841750000
7,2405,841750000,841750100,13661,22769,842100000,842100000
7,2406,842100000,842100100,13661,22769,842450000,842450000
7,2407,842450000,842450100,13661,22769,842800000,842800000
7,2408,842800000,842800100,13661,22769,843150000,843150000
7,2409,843150000,843150100,13661,22769,843500000,843500000
7,2410,843500000,843500100,13661,22769,843850000,843850000
7,2411,843850000,843850100,13661,22769,844200000,844200000
7,2412,844200000,844200100,13661,22769,844550000,844550000
7,2413,844550000,844550100,13661,22769,844900000,844900000
7,2414,844900000,844900100,13661,22769,845250000,845250000
7,2415,845250000,845250100,13661,22769,845600000,845600000
7,2416,845600000,845600100,13661,22769,845950000,845950000
7,2417,845950000,845950100,13661,22769,846300000,846300000
7,2418,846300000,846300100,13661,22769,846650000,846650000
7,2419,846650000,846650100,13661,22769,847000000,847000000
7,2420,847000000,847000100,13661,22769,847350000,847350000
7,2421,847350000,847350100,13661,22769,847700000,847700000
7,2422,847700000,847700100,13661,22769,848050000,848050000
7,2423,848050000,848050100,13661,22769,848400000,848400000
7,2424,848400000,848400100,13661,22769,848750000,848750000
7,2425,848750000,848750100,13661,22769,849100000,849100000
7,2426,849100000,849100100,13661,22769,849450000,849450000
7,2427,849450000,849450100,13661,22769,849800000,849800000
7,2428,849800000,849800100,13661,22769,850150000,850150000
7,2429,850150000,850150100,13661,22769,850500000,850500000
7,2430,850500000,850500100,13661,22769,850850000,850850000
7,2431,850850000,850850100,13661,22769,851200000,851200000
7,2432,851200000,851200100,13661,22769,851550000,851550000
7,2433,851550000,851550100,13661,22769,851900000,851900000
7,2434,851900000,851900100,13661,22769,852250000,852250000
7,2435,852250000,852250100,13661,22769,852600000,852600000
7,2436,852600000,852600100,13661,22769,852950000,852950000
7,2437,852950000,852950100,13661,22769,853300000,853300000
7,2438,853300000,853300100,13661,22769,853650000,853650000
7,2439,853650000,853650100,13661,22769,854000000,854000000
7,2440,854000000,854000100,13661,22769,854350000,854350000
7,2441,854350000,854350100,13661,22769,854700000,854700000
7,2442,854700000,854700100,13661,22769,855050000,855050000
7,2443,855050000,855050100,13661,22769,855400000,855400000
7,2444,855400000,855400100,13661,22769,855750000,855750000
7,2445,855750000,855750100,13661,22769,856100000,856100000
7,2446,856100000,856100100,13661,22769,856450000,856450000
7,2447,856450000,856450100,13661,22769,856800000,856800000
7,2448,856800000,856800100,13661,22769,857150000,857150000
7,2449,857150000,857150100,13661,22769,857500000,857500000
7,2450,857500000,857500100,13661,22769,857850000,857850000
7,2451,857850000,857850100,13661,22769,858200000,858200000
7,2452,858200000,858200100,13661,22769,858550000,858550000
7,2453,858550000,858550100,13661,22769,858900000,858900000
7,2454,858900000,858900100,13661,22769,859250000,859250000
7,2455,859250000,859250100,13661,22769,859600000,859600000
7,2456,859600000,859600100,13661,22769,859950000,859950000
7,2457,859950000,859950100,13661,22769,860300000,860300000
7,2458,860300000,860300100,13661,22769,860650000,860650000
7,2459,860650000,860650100,13661,22769,861000000,861000000
7,2460,861000000,861000100,13661,22769,861350000,861350000
7,2461,861350000,861350100,13661,22769,861700000,861700000
7,2462,861700000,861700100,13661,22769,862050000,862050000
7,2463,862050000,862050100,13661,22769,862400000,862400000
7,2464,862400000,862400100,13661,22769,862750000,862750000
7,2465,862750000,862750100,13661,22769,863100000,863100000
7,2466,863100000,863100100,13661,22769,863450000,863450000
7,2467,863450000,863450100,13661,22769,863800000,863800000
7,2468,863800000,863800100,13661,22769,864150000,864150000
7,2469,864150000,864150100,13661,22769,864500000,864500000
7,2470,864500000,864500100,13661,22769,864850000,864850000
7,2471,864850000,864850100,13661,22769,865200000,865200000
7,2472,865200000,865200100,13661,22769,865550000,865550000
7,2473,865550000,865550100,13661,22769,865900000,865900000
7,2474,865900000,865900100,13661,22769,866250000,866250000
7,2475,866250000,866250100,13661,22769,866600000,866600000
7,2476,866600000,866600100,13661,22769,866950000,866950000
7,2477,866950000,866950100,13661,22769,867300000,867300000
7,2478,867300000,867300100,13661,22769,867650000,867650000
7,2479,867650000,867650100,13661,22769,868000000,868000000
7,2480,868000000,868000100,13661,22769,868350000,868350000
7,2481,868350000,868350100,13661,22769,868700000,868700000
7,2482,868700000,868700100,13661,22769,869050000,869050000
7,2483,869050000,869050100,13661,22769,869400000,869400000
7,2484,869400000,869400100,13661,22769,869750000,869750000
7,2485,869750000,869750100,13661,22769,870100000,870100000
7,2486,870100000,870100100,13661,22769,870450000,870450000
7,2487,870450000,870450100,13661,22769,870800000,870800000
7,2488,870800000,870800100,13661,22769,871150000,871150000
7,2489,871150000,871150100,13661,22769,871500000,871500000
7,2490,871500000,871500100,13661,22769,871850000,871850000
7,2491,871850000,871850100,13661,22769,872200000,872200000
7,2492,872200000,872200100,13661,22769,872550000,872550000
7,2493,872550000,872550100,13661,22769,872900000,872900000
7,2494,872900000,872900100,13661,22769,873250000,873250000
7,2495,873250000,873250100,13661,22769,873600000,873600000
7,2496,873600000,873600100,13661,22769,873950000,873950000
7,2497,873950000,873950100,13661,22769,874300000,874300000
7,2498,874300000,874300100,13661,22769,874650000,874650000
7,2499,874650000,874650100,13661,22769,875000000,875000000
7,2500,875000000,875000100,13661,22769,875350000,875350000
7,2501,875350000,875350100,13661,22769,875700000,875700000
7,2502,875700000,875700100,13661,22769,876050000,876050000
7,2503,876050000,876050100,13661,22769,876400000,876400000
7,2504,876400000,876400100,13661,22769,876750000,876750000
7,2505,876750000,876750100,13661,22769,877100000,877100000
7,2506,877100000,877100100,13661,22769,877450000,877450000
7,2507,877450000,877450100,13661,22769,877800000,877800000
7,2508,877800000,877800100,13661,22769,878150000,878150000
7,2509,878150000,878150100,13661,22769,878500000,878500000
7,2510,878500000,878500100,13661,22769,878850000,878850000
7,2511,878850000,878850100,13661,22769,879200000,879200000
7,2512,879200000,879200100,13661,22769,879550000,879550000
7,2513,879550000,879550100,13661,22769,879900000,879900000
7,2514,879900000,879900100,13661,22769,880250000,880250000
7,2515,880250000,880250100,13661,22769,880600000,880600000
7,2516,880600000,880600100,13661,22769,880950000,880950000
7,2517,880950000,880950100,13661,22769,881300000,881300000
7,2518,881300000,881300100,13661,22769,881650000,881650000
7,2519,881650000,881650100,13661,22769,882000000,882000000
7,2520,882000000,882000100,13661,22769,882350000,882350000
7,2521,882350000,882350100,13661,22769,882700000,882700000
7,2522,882700000,882700100,13661,22769,883050000,883050000
7,2523,883050000,883050100,13661,22769,883400000,883400000
7,2524,883400000,883400100,13661,22769,883750000,883750000
7,2525,883750000,883750100,13661,22769,884100000,884100000
7,2526,884100000,884100100,13661,22769,884450000,884450000
7,2527,884450000,884450100,13661,22769,884800000,884800000
7,2528,884800000,884800100,13661,22769,885150000,885150000
7,2529,885150000,885150100,13661,22769,885500000,885500000
7,2530,885500000,885500100,13661,22769,885850000,885850000
7,2531,885850000,885850100,13661,22769,886200000,886200000
7,2532,886200000,886200100,13661,22769,886550000,886550000
7,2533,886550000,886550100,13661,22769,886900000,886900000
7,2534,886900000,886900100,13661,22769,887250000,887250000
7,2535,887250000,887250100,13661,22769,887600000,887600000
7,2536,887600000,887600100,13661,22769,887950000,887950000
7,2537,887950000,887950100,13661,22769,888300000,888300000
7,2538,888300000,888300100,13661,22769,888650000,888650000
7,2539,888650000,888650100,13661,22769,889000000,889000000
7,2540,889000000,889000100,13661,22769,889350000,889350000
7,2541,889350000,889350100,13661,22769,889700000,889700000
7,2542,889700000,889700100,13661,22769,890050000,890050000
7,2543,890050000,890050100,13661,22769,890400000,890400000
7,2544,890400000,890400100,13661,22769,890750000,890750000
7,2545,890750000,890750100,13661,22769,891100000,891100000
7,2546,891100000,891100100,13661,22769,891450000,891450000
7,2547,891450000,891450100,13661,22769,891800000,891800000
7,2548,891800000,891800100,13661,22769,892150000,892150000
7,2549,892150000,892150100,13661,22769,892500000,892500000
7,2550,892500000,892500100,13661,22769,892850000,892850000
7,2551,892850000,892850100,13661,22769,893200000,893200000
7,2552,893200000,893200100,13661,22769,893550000,893550000
7,2553,893550000,893550100,13661,22769,893900000,893900000
7,2554,893900000,893900100,13661,22769,894250000,894250000
7,2555,894250000,894250100,13661,22769,894600000,894600000
7,2556,894600000,894600100,13661,22769,894950000,894950000
7,2557,894950000,894950100,13661,22769,895300000,895300000
7,2558,895300000,895300100,13661,22769,895650000,895650000
7,2559,895650000,895650100,13661,22769,896000000,896000000
7,2560,896000000,896000100,13661,22769,896350000,896350000
7,2561,896350000,896350100,13661,22769,896700000,896700000
7,2562,896700000,896700100,13661,22769,897050000,897050000
7,2563,897050000,897050100,13661,22769,897400000,897400000
7,2564,897400000,897400100,13661,22769,897750000,897750000
7,2565,897750000,897750100,13661,22769,898100000,898100000
7,2566,898100000,898100100,13661,22769,898450000,898450000
7,2567,898450000,898450100,13661,22769,898800000,898800000
7,2568,898800000,898800100,13661,22769,899150000,899150000
7,2569,899150000,899150100,13661,22769,899500000,899500000
7,2570,899500000,899500100,13661,22769,899850000,899850000
7,2571,899850000,899850100,13661,22769,900200000,900200000
7,2572,900200000,900200100,13661,22769,900550000,900550000
7,2573,900550000,900550100,13661,22769,900900000,900900000
7,2574,900900000,900900100,13661,22769,901250000,901250000
7,2575,901250000,901250100,13661,22769,901600000,901600000
7,2576,901600000,901600100,13661,22769,901950000,901950000
7,2577,901950000,901950100,13661,22769,902300000,902300000
7,2578,902300000,902300100,13661,22769,902650000,902650000
7,2579,902650000,902650100,13661,22769,903000000,903000000
7,2580,903000000,903000100,13661,22769,903350000,903350000
7,2581,903350000,903350100,13661,22769,903700000,903700000
7,2582,903700000,903700100,13661,22769,904050000,904050000
7,2583,904050000,904050100,13661,22769,904400000,904400000
7,2584,904400000,904400100,13661,22769,904750000,904750000
7,2585,904750000,904750100,13661,22769,905100000,905100000
7,2586,905100000,905100100,13661,22769,905450000,905450000
7,2587,905450000,905450100,13661,22769,905800000,905800000
7,2588,905800000,905800100,13661,22769,906150000,906150000
7,2589,906150000,906150100,13661,22769,906500000,906500000
7,2590,906500000,906500100,13661,22769,906850000,906850000
7,2591,906850000,906850100,13661,22769,907200000,907200000
7,2592,907200000,907200100,13661,22769,907550000,907550000
7,2593,907550000,907550100,13661,22769,907900000,907900000
7,2594,907900000,907900100,13661,22769,908250000,908250000
7,2595,908250000,908250100,13661,22769,908600000,908600000
7,2596,908600000,908600100,13661,22769,908950000,908950000
7,2597,908950000,908950100,13661,22769,909300000,909300000
7,2598,909300000,909300100,13661,22769,909650000,909650000
7,2599,909650000,909650100,13661,22769,910000000,910000000
7,2600,910000000,910000100,13661,22769,910350000,910350000
7,2601,910350000,910350100,13661,22769,910700000,910700000
7,2602,910700000,910700100,13661,22769,911050000,911050000
7,2603,911050000,911050100,13661,22769,911400000,911400000
7,2604,911400000,911400100,13661,22769,911750000,911750000
7,2605,911750000,911750100,13661,22769,912100000,912100000
7,2606,912100000,912100100,13661,22769,912450000,912450000
7,2607,912450000,912450100,13661,22769,912800000,912800000
7,2608,912800000,912800100,13661,22769,913150000,913150000
7,2609,913150000,913150100,13661,22769,913500000,913500000
7,2610,913500000,913500100,13661,22769,913850000,913850000
7,2611,913850000,913850100,13661,22769,914200000,914200000
7,2612,914200000,914200100,13661,22769,914550000,914550000
7,2613,914550000,914550100,13661,22769,914900000,914900000
7,2614,914900000,914900100,13661,22769,915250000,915250000
7,2615,915250000,915250100,13661,22769,915600000,915600000
7,2616,915600000,915600100,13661,22769,915950000,915950000
7,2617,915950000,915950100,13661,22769,916300000,916300000
7,2618,916300000,916300100,13661,22769,916650000,916650000
7,2619,916650000,916650100,13661,22769,917000000,917000000
7,2620,917000000,917000100,13661,22769,917350000,917350000
7,2621,917350000,917350100,13661,22769,917700000,917700000
7,2622,917700000,917700100,13661,22769,918050000,918050000
7,2623,918050000,918050100,13661,22769,918400000,918400000
7,2624,918400000,918400100,13661,22769,918750000,918750000
7,2625,918750000,918750100,13661,22769,919100000,919100000
7,2626,919100000,919100100,13661,22769,919450000,919450000
7,2627,919450000,919450100,13661,22769,919800000,919800000
7,2628,919800000,919800100,13661,22769,920150000,920150000
7,2629,920150000,920150100,13661,22769,920500000,920500000
7,2630,920500000,920500100,13661,22769,920850000,920850000
7,2631,920850000,920850100,13661,22769,921200000,921200000
7,2632,921200000,921200100,13661,22769,921550000,921550000
7,2633,921550000,921550100,13661,22769,921900000,921900000
7,2634,921900000,921900100,13661,22769,922250000,922250000
7,2635,922250000,922250100,13661,22769,922600000,922600000
7,2636,922600000,922600100,13661,22769,922950000,922950000
7,2637,922950000,922950100,13661,22769,923300000,923300000
7,2638,923300000,923300100,13661,22769,923650000,923650000
7,2639,923650000,923650100,13661,22769,924000000,924000000
7,2640,924000000,924000100,13661,22769,924350000,924350000
7,2641,924350000,924350100,13661,22769,924700000,924700000
7,2642,924700000,924700100,13661,22769,925050000,925050000
7,2643,925050000,925050100,13661,22769,925400000,925400000
7,2644,925400000,925400100,13661,22769,925750000,925750000
7,2645,925750000,925750100,13661,22769,926100000,926100000
7,2646,926100000,926100100,13661,22769,926450000,926450000
7,2647,926450000,926450100,13661,22769,926800000,926800000
7,2648,926800000,926800100,13661,22769,927150000,927150000
7,2649,927150000,927150100,13661,22769,927500000,927500000
7,2650,927500000,927500100,13661,22769,927850000,927850000
7,2651,927850000,927850100,13661,22769,928200000,928200000
7,2652,928200000,928200100,13661,22769,928550000,928550000
7,2653,928550000,928550100,13661,22769,928900000,928900000
7,2654,928900000,928900100,13661,22769,929250000,929250000
7,2655,929250000,929250100,13661,22769,929600000,929600000
7,2656,929600000,929600100,13661,22769,929950000,929950000
7,2657,929950000,929950100,13661,22769,930300000,930300000
7,2658,930300000,930300100,13661,22769,930650000,930650000
7,2659,930650000,930650100,13661,22769,931000000,931000000
7,2660,931000000,931000100,13661,22769,931350000,931350000
7,2661,931350000,931350100,13661,22769,931700000,931700000
7,2662,931700000,931700100,13661,22769,932050000,932050000
7,2663,932050000,932050100,13661,22769,932400000,932400000
7,2664,932400000,932400100,13661,22769,932750000,932750000
7,2665,932750000,932750100,13661,22769,933100000,933100000
7,2666,933100000,933100100,13661,22769,933450000,933450000
7,2667,933450000,933450100,13661,22769,933800000,933800000
7,2668,933800000,933800100,13661,22769,934150000,934150000
7,2669,934150000,934150100,13661,22769,934500000,934500000
7,2670,934500000,934500100,13661,22769,934850000,934850000
7,2671,934850000,934850100,13661,22769,935200000,935200000
7,2672,935200000,935200100,13661,22769,935550000,935550000
7,2673,935550000,935550100,13661,22769,935900000,935900000
7,2674,935900000,935900100,13661,22769,936250000,936250000
7,2675,936250000,936250100,13661,22769,936600000,936600000
7,2676,936600000,936600100,13661,22769,936950000,936950000
7,2677,936950000,936950100,13661,22769,937300000,937300000
7,2678,937300000,937300100,13661,22769,937650000,937650000
7,2679,937650000,937650100,13661,22769,938000000,938000000
7,2680,938000000,938000100,13661,22769,938350000,938350000
7,2681,938350000,938350100,13661,22769,938700000,938700000
7,2682,938700000,938700100,13661,22769,939050000,939050000
7,2683,939050000,939050100,13661,22769,939400000,939400000
7,2684,939400000,939400100,13661,22769,939750000,939750000
7,2685,939750000,939750100,13661,22769,940100000,940100000
7,2686,940100000,940100100,13661,22769,940450000,940450000
7,2687,940450000,940450100,13661,22769,940800000,940800000
7,2688,940800000,940800100,13661,22769,941150000,941150000
7,2689,941150000,941150100,13661,22769,941500000,941500000
7,2690,941500000,941500100,13661,22769,941850000,941850000
7,2691,941850000,941850100,13661,22769,942200000,942200000
7,2692,942200000,942200100,13661,22769,942550000,942550000
7,2693,942550000,942550100,13661,22769,942900000,942900000
7,2694,942900000,942900100,13661,22769,943250000,943250000
7,2695,943250000,943250100,13661,22769,943600000,943600000
7,2696,943600000,943600100,13661,22769,943950000,943950000
7,2697,943950000,943950100,13661,22769,944300000,944300000
7,2698,944300000,944300100,13661,22769,944650000,944650000
7,2699,944650000,944650100,13661,22769,945000000,945000000
7,2700,945000000,945000100,13661,22769,945350000,945350000
7,2701,945350000,945350100,13661,22769,945700000,945700000
7,2702,945700000,945700100,13661,22769,946050000,946050000
7,2703,946050000,946050100,13661,22769,946400000,946400000
7,2704,946400000,946400100,13661,22769,946750000,946750000
7,2705,946750000,946750100,13661,22769,947100000,947100000
7,2706,947100000,947100100,13661,22769,947450000,947450000
7,2707,947450000,947450100,13661,22769,947800000,947800000
7,2708,947800000,947800100,13661,22769,948150000,948150000
7,2709,948150000,948150100,13661,22769,948500000,948500000
7,2710,948500000,948500100,13661,22769,948850000,948850000
7,2711,948850000,948850100,13661,22769,949200000,949200000
7,2712,949200000,949200100,13661,22769,949550000,949550000
7,2713,949550000,949550100,13661,22769,949900000,949900000
7,2714,949900000,949900100,13661,22769,950250000,950250000
7,2715,950250000,950250100,13661,22769,950600000,950600000
7,2716,950600000,950600100,13661,22769,950950000,950950000
7,2717,950950000,950950100,13661,22769,951300000,951300000
7,2718,951300000,951300100,13661,22769,951650000,951650000
7,2719,951650000,951650100,13661,22769,952000000,952000000
7,2720,952000000,952000100,13661,22769,952350000,952350000
7,2721,952350000,952350100,13661,22769,952700000,952700000
7,2722,952700000,952700100,13661,22769,953050000,953050000
7,2723,953050000,953050100,13661,22769,953400000,953400000
7,2724,953400000,953400100,13661,22769,953750000,953750000
7,2725,953750000,953750100,13661,22769,954100000,954100000
7,2726,954100000,954100100,13661,22769,954450000,954450000
7,2727,954450000,954450100,13661,22769,954800000,954800000
7,2728,954800000,954800100,13661,22769,955150000,955150000
7,2729,955150000,955150100,13661,22769,955500000,955500000
7,2730,955500000,955500100,13661,22769,955850000,955850000
7,2731,955850000,955850100,13661,22769,956200000,956200000
7,2732,956200000,956200100,13661,22769,956550000,956550000
7,2733,956550000,956550100,13661,22769,956900000,956900000
7,2734,956900000,956900100,13661,22769,957250000,957250000
7,2735,957250000,957250100,13661,22769,957600000,957600000
7,2736,957600000,957600100,13661,22769,957950000,957950000
7,2737,957950000,957950100,13661,22769,958300000,958300000
7,2738,958300000,958300100,13661,22769,958650000,958650000
7,2739,958650000,958650100,13661,22769,959000000,959000000
7,2740,959000000,959000100,13661,22769,959350000,959350000
7,2741,959350000,959350100,13661,22769,959700000,959700000
7,2742,959700000,959700100,13661,22769,960050000,960050000
7,2743,960050000,960050100,13661,22769,960400000,960400000
7,2744,960400000,960400100,13661,22769,960750000,960750000
7,2745,960750000,960750100,13661,22769,961100000,961100000
7,2746,961100000,961100100,13661,22769,961450000,961450000
7,2747,961450000,961450100,13661,22769,961800000,961800000
7,2748,961800000,961800100,13661,22769,962150000,962150000
7,2749,962150000,962150100,13661,22769,962500000,962500000
7,2750,962500000,962500100,13661,22769,962850000,962850000
7,2751,962850000,962850100,13661,22769,963200000,963200000
7,2752,963200000,963200100,13661,22769,963550000,963550000
7,2753,963550000,963550100,13661,22769,963900000,963900000
7,2754,963900000,963900100,13661,22769,964250000,964250000
7,2755,964250000,964250100,13661,22769,964600000,964600000
7,2756,964600000,964600100,13661,22769,964950000,964950000
7,2757,964950000,964950100,13661,22769,965300000,965300000
7,2758,965300000,965300100,13661,22769,965650000,965650000
7,2759,965650000,965650100,13661,22769,966000000,966000000
7,2760,966000000,966000100,13661,22769,966350000,966350000
7,2761,966350000,966350100,13661,22769,966700000,966700000
7,2762,966700000,966700100,13661,22769,967050000,967050000
7,2763,967050000,967050100,13661,22769,967400000,967400000
7,2764,967400000,967400100,13661,22769,967750000,967750000
7,2765,967750000,967750100,13661,22769,968100000,968100000
7,2766,968100000,968100100,13661,22769,968450000,968450000
7,2767,968450000,968450100,13661,22769,968800000,968800000
7,2768,968800000,968800100,13661,22769,969150000,969150000
7,2769,969150000,969150100,13661,22769,969500000,969500000
7,2770,969500000,969500100,13661,22769,969850000,969850000
7,2771,969850000,969850100,13661,22769,970200000,970200000
7,2772,970200000,970200100,13661,22769,970550000,970550000
7,2773,970550000,970550100,13661,22769,970900000,970900000
7,2774,970900000,970900100,13661,22769,971250000,971250000
7,2775,971250000,971250100,13661,22769,971600000,971600000
7,2776,971600000,971600100,13661,22769,971950000,971950000
7,2777,971950000,971950100,13661,22769,972300000,972300000
7,2778,972300000,972300100,13661,22769,972650000,972650000
7,2779,972650000,972650100,13661,22769,973000000,973000000
7,2780,973000000,973000100,13661,22769,973350000,973350000
7,2781,973350000,973350100,13661,22769,973700000,973700000
7,2782,973700000,973700100,13661,22769,974050000,974050000
7,2783,974050000,974050100,13661,22769,974400000,974400000
7,2784,974400000,974400100,13661,22769,974750000,974750000
7,2785,974750000,974750100,13661,22769,975100000,975100000
7,2786,975100000,975100100,13661,22769,975450000,975450000
7,2787,975450000,975450100,13661,22769,975800000,975800000
7,2788,975800000,975800100,13661,22769,976150000,976150000
7,2789,976150000,976150100,13661,22769,976500000,976500000
7,2790,976500000,976500100,13661,22769,976850000,976850000
7,2791,976850000,976850100,13661,22769,977200000,977200000
7,2792,977200000,977200100,13661,22769,977550000,977550000
7,2793,977550000,977550100,13661,22769,977900000,977900000
7,2794,977900000,977900100,13661,22769,978250000,978250000
7,2795,978250000,978250100,13661,22769,978600000,978600000
7,2796,978600000,978600100,13661,22769,978950000,978950000
7,2797,978950000,978950100,13661,22769,979300000,979300000
7,2798,979300000,979300100,13661,22769,979650000,979650000
7,2799,979650000,979650100,13661,22769,980000000,980000000
7,2800,980000000,980000100,13661,22769,980350000,980350000
7,2801,980350000,980350100,13661,22769,980700000,980700000
7,2802,980700000,980700100,13661,22769,981050000,981050000
7,2803,981050000,981050100,13661,22769,981400000,981400000
7,2804,981400000,981400100,13661,22769,981750000,981750000
7,2805,981750000,981750100,13661,22769,982100000,982100000
7,2806,982100000,982100100,13661,22769,982450000,982450000
7,2807,982450000,982450100,13661,22769,982800000,982800000
7,2808,982800000,982800100,13661,22769,983150000,983150000
7,2809,983150000,983150100,13661,22769,983500000,983500000
7,2810,983500000,983500100,13661,22769,983850000,983850000
7,2811,983850000,983850100,13661,22769,984200000,984200000
7,2812,984200000,984200100,13661,22769,984550000,984550000
7,2813,984550000,984550100,13661,22769,984900000,984900000
7,2814,984900000,984900100,13661,22769,985250000,985250000
7,2815,985250000,985250100,13661,22769,985600000,985600000
7,2816,985600000,985600100,13661,22769,985950000,985950000
7,2817,985950000,985950100,13661,22769,986300000,986300000
7,2818,986300000,986300100,13661,22769,986650000,986650000
7,2819,986650000,986650100,13661,22769,987000000,987000000
7,2820,987000000,987000100,13661,22769,987350000,987350000
7,2821,987350000,987350100,13661,22769,987700000,987700000
7,2822,987700000,987700100,13661,22769,988050000,988050000
7,2823,988050000,988050100,13661,22769,988400000,988400000
7,2824,988400000,988400100,13661,22769,988750000,988750000
7,2825,988750000,988750100,13661,22769,989100000,989100000
7,2826,989100000,989100100,13661,22769,989450000,989450000
7,2827,989450000,989450100,13661,22769,989800000,989800000
7,2828,989800000,989800100,13661,22769,990150000,990150000
7,2829,990150000,990150100,13661,22769,990500000,990500000
7,2830,990500000,990500100,13661,22769,990850000,990850000
7,2831,990850000,990850100,13661,22769,991200000,991200000
7,2832,991200000,991200100,13661,22769,991550000,991550000
7,2833,991550000,991550100,13661,22769,991900000,991900000
7,2834,991900000,991900100,13661,22769,992250000,992250000
7,2835,992250000,992250100,13661,22769,992600000,992600000
7,2836,992600000,992600100,13661,22769,992950000,992950000
7,2837,992950000,992950100,13661,22769,993300000,993300000
7,2838,993300000,993300100,13661,22769,993650000,993650000
7,2839,993650000,993650100,13661,22769,994000000,994000000
7,2840,994000000,994000100,13661,22769,994350000,994350000
7,2841,994350000,994350100,13661,22769,994700000,994700000
7,2842,994700000,994700100,13661,22769,995050000,995050000
7,2843,995050000,995050100,13661,22769,995400000,995400000
7,2844,995400000,995400100,13661,22769,995750000,995750000
7,2845,995750000,995750100,13661,22769,996100000,996100000
7,2846,996100000,996100100,13661,22769,996450000,996450000
7,2847,996450000,996450100,13661,22769,996800000,996800000
7,2848,996800000,996800100,13661,22769,997150000,997150000
7,2849,997150000,997150100,13661,22769,997500000,997500000
7,2850,997500000,997500100,13661,22769,997850000,997850000
7,2851,997850000,997850100,13661,22769,998200000,998200000
7,2852,998200000,998200100,13661,22769,998550000,998550000
7,2853,998550000,998550100,13661,22769,998900000,998900000
7,2854,998900000,998900100,13661,22769,999250000,999250000
7,2855,999250000,999250100,13661,22769,999600000,999600000
7,2856,999600000,999600100,13661,22769,999950000,999950000
7,2857,999950000,999950100,13661,22769,1000300000,1000300000
7,2858,1000300000,1000300100,13661,22769,1000650000,1000650000
7,2859,1000650000,1000650100,13661,22769,1001000000,1001000000
7,2860,1001000000,1001000100,13661,22769,1001350000,1001350000
7,2861,1001350000,1001350100,13661,22769,1001700000,1001700000
7,2862,1001700000,1001700100,13661,22769,1002050000,1002050000
7,2863,1002050000,1002050100,13661,22769,1002400000,1002400000
7,2864,1002400000,1002400100,13661,22769,1002750000,1002750000
7,2865,1002750000,1002750100,13661,22769,1003100000,1003100000
7,2866,1003100000,1003100100,13661,22769,1003450000,1003450000
7,2867,1003450000,1003450100,13661,22769,1003800000,1003800000
7,2868,1003800000,1003800100,13661,22769,1004150000,1004150000
7,2869,1004150000,1004150100,13661,22769,1004500000,1004500000
7,2870,1004500000,1004500100,13661,22769,1004850000,1004850000
7,2871,1004850000,1004850100,13661,22769,1005200000,1005200000
7,2872,1005200000,1005200100,13661,22769,1005550000,1005550000
7,2873,1005550000,1005550100,13661,22769,1005900000,1005900000
7,2874,1005900000,1005900100,13661,22769,1006250000,1006250000
7,2875,1006250000,1006250100,13661,22769,1006600000,1006600000
7,2876,1006600000,1006600100,13661,22769,1006950000,1006950000
7,2877,1006950000,1006950100,13661,22769,1007300000,1007300000
7,2878,1007300000,1007300100,13661,22769,1007650000,1007650000
7,2879,1007650000,1007650100,13661,22769,1008000000,1008000000
7,2880,1008000000,1008000100,13661,22769,1008350000,1008350000
7,2881,1008350000,1008350100,13661,22769,1008700000,1008700000
7,2882,1008700000,1008700100,13661,22769,1009050000,1009050000
7,2883,1009050000,1009050100,13661,22769,1009400000,1009400000
7,2884,1009400000,1009400100,13661,22769,1009750000,1009750000
7,2885,1009750000,1009750100,13661,22769,1010100000,1010100000
7,2886,1010100000,1010100100,13661,22769,1010450000,1010450000
7,2887,1010450000,1010450100,13661,22769,1010800000,1010800000
7,2888,1010800000,1010800100,13661,22769,1011150000,1011150000
7,2889,1011150000,1011150100,13661,22769,1011500000,1011500000
7,2890,1011500000,1011500100,13661,22769,1011850000,1011850000
7,2891,1011850000,1011850100,13661,22769,1012200000,1012200000
7,2892,1012200000,1012200100,13661,22769,1012550000,1012550000
7,2893,1012550000,1012550100,13661,22769,1012900000,1012900000
7,2894,1012900000,1012900100,13661,22769,1013250000,1013250000
7,2895,1013250000,1013250100,13661,22769,1013600000,1013600000
7,2896,1013600000,1013600100,13661,22769,1013950000,1013950000
7,2897,1013950000,1013950100,13661,22769,1014300000,1014300000
7,2898,1014300000,1014300100,13661,22769,1014650000,1014650000
7,2899,1014650000,1014650100,13661,22769,1015000000,1015000000
7,2900,1015000000,1015000100,13661,22769,1015350000,1015350000
7,2901,1015350000,1015350100,13661,22769,1015700000,1015700000
7,2902,1015700000,1015700100,13661,22769,1016050000,1016050000
7,2903,1016050000,1016050100,13661,22769,1016400000,1016400000
7,2904,1016400000,1016400100,13661,22769,1016750000,1016750000
7,2905,1016750000,1016750100,13661,22769,1017100000,1017100000
7,2906,1017100000,1017100100,13661,22769,1017450000,1017450000
7,2907,1017450000,1017450100,13661,22769,1017800000,1017800000
7,2908,1017800000,1017800100,13661,22769,1018150000,1018150000
7,2909,1018150000,1018150100,13661,22769,1018500000,1018500000
7,2910,1018500000,1018500100,13661,22769,1018850000,1018850000
7,2911,1018850000,1018850100,13661,22769,1019200000,1019200000
7,2912,1019200000,1019200100,13661,22769,1019550000,1019550000
7,2913,1019550000,1019550100,13661,22769,1019900000,1019900000
7,2914,1019900000,1019900100,13661,22769,1020250000,1020250000
7,2915,1020250000,1020250100,13661,22769,1020600000,1020600000
7,2916,1020600000,1020600100,13661,22769,1020950000,1020950000
7,2917,1020950000,1020950100,13661,22769,1021300000,1021300000
7,2918,1021300000,1021300100,13661,22769,1021650000,1021650000
7,2919,1021650000,1021650100,13661,22769,1022000000,1022000000
7,2920,1022000000,1022000100,13661,22769,1022350000,1022350000
7,2921,1022350000,1022350100,13661,22769,1022700000,1022700000
7,2922,1022700000,1022700100,13661,22769,1023050000,1023050000
7,2923,1023050000,1023050100,13661,22769,1023400000,1023400000
7,2924,1023400000,1023400100,13661,22769,1023750000,1023750000
7,2925,1023750000,1023750100,13661,22769,1024100000,1024100000
7,2926,1024100000,1024100100,13661,22769,1024450000,1024450000
7,2927,1024450000,1024450100,13661,22769,1024800000,1024800000
7,2928,1024800000,1024800100,13661,22769,1025150000,1025150000
7,2929,1025150000,1025150100,13661,22769,1025500000,1025500000
7,2930,1025500000,1025500100,13661,22769,1025850000,1025850000
7,2931,1025850000,1025850100,13661,22769,1026200000,1026200000
7,2932,1026200000,1026200100,13661,22769,1026550000,1026550000
7,2933,1026550000,1026550100,13661,22769,1026900000,1026900000
7,2934,1026900000,1026900100,13661,22769,1027250000,1027250000
7,2935,1027250000,1027250100,13661,22769,1027600000,1027600000
7,2936,1027600000,1027600100,13661,22769,1027950000,1027950000
7,2937,1027950000,1027950100,13661,22769,1028300000,1028300000
7,2938,1028300000,1028300100,13661,22769,1028650000,1028650000
7,2939,1028650000,1028650100,13661,22769,1029000000,1029000000
7,2940,1029000000,1029000100,13661,22769,1029350000,1029350000
7,2941,1029350000,1029350100,13661,22769,1029700000,1029700000
7,2942,1029700000,1029700100,13661,22769,1030050000,1030050000
7,2943,1030050000,1030050100,13661,22769,1030400000,1030400000
7,2944,1030400000,1030400100,13661,22769,1030750000,1030750000
7,2945,1030750000,1030750100,13661,22769,1031100000,1031100000
7,2946,1031100000,1031100100,13661,22769,1031450000,1031450000
7,2947,1031450000,1031450100,13661,22769,1031800000,1031800000
7,2948,1031800000,1031800100,13661,22769,1032150000,1032150000
7,2949,1032150000,1032150100,13661,22769,1032500000,1032500000
7,2950,1032500000,1032500100,13661,22769,1032850000,1032850000
7,2951,1032850000,1032850100,13661,22769,1033200000,1033200000
7,2952,1033200000,1033200100,13661,22769,1033550000,1033550000
7,2953,1033550000,1033550100,13661,22769,1033900000,1033900000
7,2954,1033900000,1033900100,13661,22769,1034250000,1034250000
7,2955,1034250000,1034250100,13661,22769,1034600000,1034600000
7,2956,1034600000,1034600100,13661,22769,1034950000,1034950000
7,2957,1034950000,1034950100,13661,22769,1035300000,1035300000
7,2958,1035300000,1035300100,13661,22769,1035650000,1035650000
7,2959,1035650000,1035650100,13661,22769,1036000000,1036000000
7,2960,1036000000,1036000100,13661,22769,1036350000,1036350000
7,2961,1036350000,1036350100,13661,22769,1036700000,1036700000
7,2962,1036700000,1036700100,13661,22769,1037050000,1037050000
7,2963,1037050000,1037050100,13661,22769,1037400000,1037400000
7,2964,1037400000,1037400100,13661,22769,1037750000,1037750000
7,2965,1037750000,1037750100,13661,22769,1038100000,1038100000
7,2966,1038100000,1038100100,13661,22769,1038450000,1038450000
7,2967,1038450000,1038450100,13661,22769,1038800000,1038800000
7,2968,1038800000,1038800100,13661,22769,1039150000,1039150000
7,2969,1039150000,1039150100,13661,22769,1039500000,1039500000
7,2970,1039500000,1039500100,13661,22769,1039850000,1039850000
7,2971,1039850000,1039850100,13661,22769,1040200000,1040200000
7,2972,1040200000,1040200100,13661,22769,1040550000,1040550000
7,2973,1040550000,1040550100,13661,22769,1040900000,1040900000
7,2974,1040900000,1040900100,13661,22769,1041250000,1041250000
7,2975,1041250000,1041250100,13661,22769,1041600000,1041600000
7,2976,1041600000,1041600100,13661,22769,1041950000,1041950000
7,2977,1041950000,1041950100,13661,22769,1042300000,1042300000
7,2978,1042300000,1042300100,13661,22769,1042650000,1042650000
7,2979,1042650000,1042650100,13661,22769,1043000000,1043000000
7,2980,1043000000,1043000100,13661,22769,1043350000,1043350000
7,2981,1043350000,1043350100,13661,22769,1043700000,1043700000
7,2982,1043700000,1043700100,13661,22769,1044050000,1044050000
7,2983,1044050000,1044050100,13661,22769,1044400000,1044400000
7,2984,1044400000,1044400100,13661,22769,1044750000,1044750000
7,2985,1044750000,1044750100,13661,22769,1045100000,1045100000
7,2986,1045100000,1045100100,13661,22769,1045450000,1045450000
7,2987,1045450000,1045450100,13661,22769,1045800000,1045800000
7,2988,1045800000,1045800100,13661,22769,1046150000,1046150000
7,2989,1046150000,1046150100,13661,22769,1046500000,1046500000
7,2990,1046500000,1046500100,13661,22769,1046850000,1046850000
7,2991,1046850000,1046850100,13661,22769,1047200000,1047200000
7,2992,1047200000,1047200100,13661,22769,1047550000,1047550000
7,2993,1047550000,1047550100,13661,22769,1047900000,1047900000
7,2994,1047900000,1047900100,13661,22769,1048250000,1048250000
7,2995,1048250000,1048250100,13661,22769,1048600000,1048600000
7,2996,1048600000,1048600100,13661,22769,1048950000,1048950000
7,2997,1048950000,1048950100,13661,22769,1049300000,1049300000
7,2998,1049300000,1049300100,13661,22769,1049650000,1049650000
7,2999,1049650000,1049650100,13661,22769,1050000000,1050000000
7,3000,1050000000,1050000100,13661,22769,1050350000,1050350000
7,3001,1050350000,1050350100,13661,22769,1050700000,1050700000
7,3002,1050700000,1050700100,13661,22769,1051050000,1051050000
7,3003,1051050000,1051050100,13661,22769,1051400000,1051400000
7,3004,1051400000,1051400100,13661,22769,1051750000,1051750000
7,3005,1051750000,1051750100,13661,22769,1052100000,1052100000
7,3006,1052100000,1052100100,13661,22769,1052450000,1052450000
7,3007,1052450000,1052450100,13661,22769,1052800000,1052800000
7,3008,1052800000,1052800100,13661,22769,1053150000,1053150000
7,3009,1053150000,1053150100,13661,22769,1053500000,1053500000
7,3010,1053500000,1053500100,13661,22769,1053850000,1053850000
7,3011,1053850000,1053850100,13661,22769,1054200000,1054200000
7,3012,1054200000,1054200100,13661,22769,1054550000,1054550000
7,3013,1054550000,1054550100,13661,22769,1054900000,1054900000
7,3014,1054900000,1054900100,13661,22769,1055250000,1055250000
7,3015,1055250000,1055250100,13661,22769,1055600000,1055600000
7,3016,1055600000,1055600100,13661,22769,1055950000,1055950000
7,3017,1055950000,1055950100,13661,22769,1056300000,1056300000
7,3018,1056300000,1056300100,13661,22769,1056650000,1056650000
7,3019,1056650000,1056650100,13661,22769,1057000000,1057000000
7,3020,1057000000,1057000100,13661,22769,1057350000,1057350000
7,3021,1057350000,1057350100,13661,22769,1057700000,1057700000
7,3022,1057700000,1057700100,13661,22769,1058050000,1058050000
7,3023,1058050000,1058050100,13661,22769,1058400000,1058400000
7,3024,1058400000,1058400100,13661,22769,1058750000,1058750000
7,3025,1058750000,1058750100,13661,22769,1059100000,1059100000
7,3026,1059100000,1059100100,13661,22769,1059450000,1059450000
7,3027,1059450000,1059450100,13661,22769,1059800000,1059800000
7,3028,1059800000,1059800100,13661,22769,1060150000,1060150000
7,3029,1060150000,1060150100,13661,22769,1060500000,1060500000
7,3030,1060500000,1060500100,13661,22769,1060850000,1060850000
7,3031,1060850000,1060850100,13661,22769,1061200000,1061200000
7,3032,1061200000,1061200100,13661,22769,1061550000,1061550000
7,3033,1061550000,1061550100,13661,22769,1061900000,1061900000
7,3034,1061900000,1061900100,13661,22769,1062250000,1062250000
7,3035,1062250000,1062250100,13661,22769,1062600000,1062600000
7,3036,1062600000,1062600100,13661,22769,1062950000,1062950000
7,3037,1062950000,1062950100,13661,22769,1063300000,1063300000
7,3038,1063300000,1063300100,13661,22769,1063650000,1063650000
7,3039,1063650000,1063650100,13661,22769,1064000000,1064000000
7,3040,1064000000,1064000100,13661,22769,1064350000,1064350000
7,3041,1064350000,1064350100,13661,22769,1064700000,1064700000
7,3042,1064700000,1064700100,13661,22769,1065050000,1065050000
7,3043,1065050000,1065050100,13661,22769,1065400000,1065400000
7,3044,1065400000,1065400100,13661,22769,1065750000,1065750000
7,3045,1065750000,1065750100,13661,22769,1066100000,1066100000
7,3046,1066100000,1066100100,13661,22769,1066450000,1066450000
7,3047,1066450000,1066450100,13661,22769,1066800000,1066800000
7,3048,1066800000,1066800100,13661,22769,1067150000,1067150000
7,3049,1067150000,1067150100,13661,22769,1067500000,1067500000
7,3050,1067500000,1067500100,13661,22769,1067850000,1067850000
7,3051,1067850000,1067850100,13661,22769,1068200000,1068200000
7,3052,1068200000,1068200100,13661,22769,1068550000,1068550000
7,3053,1068550000,1068550100,13661,22769,1068900000,1068900000
7,3054,1068900000,1068900100,13661,22769,1069250000,1069250000
7,3055,1069250000,1069250100,13661,22769,1069600000,1069600000
7,3056,1069600000,1069600100,13661,22769,1069950000,1069950000
7,3057,1069950000,1069950100,13661,22769,1070300000,1070300000
7,3058,1070300000,1070300100,13661,22769,1070650000,1070650000
7,3059,1070650000,1070650100,13661,22769,1071000000,1071000000
7,3060,1071000000,1071000100,13661,22769,1071350000,1071350000
7,3061,1071350000,1071350100,13661,22769,1071700000,1071700000
7,3062,1071700000,1071700100,13661,22769,1072050000,1072050000
7,3063,1072050000,1072050100,13661,22769,1072400000,1072400000
7,3064,1072400000,1072400100,13661,22769,1072750000,1072750000
7,3065,1072750000,1072750100,13661,22769,1073100000,1073100000
7,3066,1073100000,1073100100,13661,22769,1073450000,1073450000
7,3067,1073450000,1073450100,13661,22769,1073800000,1073800000
7,3068,1073800000,1073800100,13661,22769,1074150000,1074150000
7,3069,1074150000,1074150100,13661,22769,1074500000,1074500000
7,3070,1074500000,1074500100,13661,22769,1074850000,1074850000
7,3071,1074850000,1074850100,13661,22769,1075200000,1075200000
7,3072,1075200000,1075200100,13661,22769,1075550000,1075550000
7,3073,1075550000,1075550100,13661,22769,1075900000,1075900000
7,3074,1075900000,1075900100,13661,22769,1076250000,1076250000
7,3075,1076250000,1076250100,13661,22769,1076600000,1076600000
7,3076,1076600000,1076600100,13661,22769,1076950000,1076950000
7,3077,1076950000,1076950100,13661,22769,1077300000,1077300000
7,3078,1077300000,1077300100,13661,22769,1077650000,1077650000
7,3079,1077650000,1077650100,13661,22769,1078000000,1078000000
7,3080,1078000000,1078000100,13661,22769,1078350000,1078350000
7,3081,1078350000,1078350100,13661,22769,1078700000,1078700000
7,3082,1078700000,1078700100,13661,22769,1079050000,1079050000
7,3083,1079050000,1079050100,13661,22769,1079400000,1079400000
7,3084,1079400000,1079400100,13661,22769,1079750000,1079750000
7,3085,1079750000,1079750100,13661,22769,1080100000,1080100000
7,3086,1080100000,1080100100,13661,22769,1080450000,1080450000
7,3087,1080450000,1080450100,13661,22769,1080800000,1080800000
7,3088,1080800000,1080800100,13661,22769,1081150000,1081150000
7,3089,1081150000,1081150100,13661,22769,1081500000,1081500000
7,3090,1081500000,1081500100,13661,22769,1081850000,1081850000
7,3091,1081850000,1081850100,13661,22769,1082200000,1082200000
7,3092,1082200000,1082200100,13661,22769,1082550000,1082550000
7,3093,1082550000,1082550100,13661,22769,1082900000,1082900000
7,3094,1082900000,1082900100,13661,22769,1083250000,1083250000
7,3095,1083250000,1083250100,13661,22769,1083600000,1083600000
7,3096,1083600000,1083600100,13661,22769,1083950000,1083950000
7,3097,1083950000,1083950100,13661,22769,1084300000,1084300000
7,3098,1084300000,1084300100,13661,22769,1084650000,1084650000
7,3099,1084650000,1084650100,13661,22769,1085000000,1085000000
7,3100,1085000000,1085000100,13661,22769,1085350000,1085350000
7,3101,1085350000,1085350100,13661,22769,1085700000,1085700000
7,3102,1085700000,1085700100,13661,22769,1086050000,1086050000
7,3103,1086050000,1086050100,13661,22769,1086400000,1086400000
7,3104,1086400000,1086400100,13661,22769,1086750000,1086750000
7,3105,1086750000,1086750100,13661,22769,1087100000,1087100000
7,3106,1087100000,1087100100,13661,22769,1087450000,1087450000
7,3107,1087450000,1087450100,13661,22769,1087800000,1087800000
7,3108,1087800000,1087800100,13661,22769,1088150000,1088150000
7,3109,1088150000,1088150100,13661,22769,1088500000,1088500000
7,3110,1088500000,1088500100,13661,22769,1088850000,1088850000
7,3111,1088850000,1088850100,13661,22769,1089200000,1089200000
7,3112,1089200000,1089200100,13661,22769,1089550000,1089550000
7,3113,1089550000,1089550100,13661,22769,1089900000,1089900000
7,3114,1089900000,1089900100,13661,22769,1090250000,1090250000
7,3115,1090250000,1090250100,13661,22769,1090600000,1090600000
7,3116,1090600000,1090600100,13661,22769,1090950000,1090950000
7,3117,1090950000,1090950100,13661,22769,1091300000,1091300000
7,3118,1091300000,1091300100,13661,22769,1091650000,1091650000
7,3119,1091650000,1091650100,13661,22769,1092000000,1092000000
7,3120,1092000000,1092000100,13661,22769,1092350000,1092350000
7,3121,1092350000,1092350100,13661,22769,1092700000,1092700000
7,3122,1092700000,1092700100,13661,22769,1093050000,1093050000
7,3123,1093050000,1093050100,13661,22769,1093400000,1093400000
7,3124,1093400000,1093400100,13661,22769,1093750000,1093750000
7,3125,1093750000,1093750100,13661,22769,1094100000,1094100000
7,3126,1094100000,1094100100,13661,22769,1094450000,1094450000
7,3127,1094450000,1094450100,13661,22769,1094800000,1094800000
7,3128,1094800000,1094800100,13661,22769,1095150000,1095150000
7,3129,1095150000,1095150100,13661,22769,1095500000,1095500000
7,3130,1095500000,1095500100,13661,22769,1095850000,1095850000
7,3131,1095850000,1095850100,13661,22769,1096200000,1096200000
7,3132,1096200000,1096200100,13661,22769,1096550000,1096550000
7,3133,1096550000,1096550100,13661,22769,1096900000,1096900000
7,3134,1096900000,1096900100,13661,22769,1097250000,1097250000
7,3135,1097250000,1097250100,13661,22769,1097600000,1097600000
7,3136,1097600000,1097600100,13661,22769,1097950000,1097950000
7,3137,1097950000,1097950100,13661,22769,1098300000,1098300000
7,3138,1098300000,1098300100,13661,22769,1098650000,1098650000
7,3139,1098650000,1098650100,13661,22769,1099000000,1099000000
7,3140,1099000000,1099000100,13661,22769,1099350000,1099350000
7,3141,1099350000,1099350100,13661,22769,1099700000,1099700000
7,3142,1099700000,1099700100,13661,22769,1100050000,1100050000
7,3143,1100050000,1100050100,13661,22769,1100400000,1100400000
7,3144,1100400000,1100400100,13661,22769,1100750000,1100750000
7,3145,1100750000,1100750100,13661,22769,1101100000,1101100000
7,3146,1101100000,1101100100,13661,22769,1101450000,1101450000
7,3147,1101450000,1101450100,13661,22769,1101800000,1101800000
7,3148,1101800000,1101800100,13661,22769,1102150000,1102150000
7,3149,1102150000,1102150100,13661,22769,1102500000,1102500000
7,3150,1102500000,1102500100,13661,22769,1102850000,1102850000
7,3151,1102850000,1102850100,13661,22769,1103200000,1103200000
7,3152,1103200000,1103200100,13661,22769,1103550000,1103550000
7,3153,1103550000,1103550100,13661,22769,1103900000,1103900000
7,3154,1103900000,1103900100,13661,22769,1104250000,1104250000
7,3155,1104250000,1104250100,13661,22769,1104600000,1104600000
7,3156,1104600000,1104600100,13661,22769,1104950000,1104950000
7,3157,1104950000,1104950100,13661,22769,1105300000,1105300000
7,3158,1105300000,1105300100,13661,22769,1105650000,1105650000
7,3159,1105650000,1105650100,13661,22769,1106000000,1106000000
7,3160,1106000000,1106000100,13661,22769,1106350000,1106350000
7,3161,1106350000,1106350100,13661,22769,1106700000,1106700000
7,3162,1106700000,1106700100,13661,22769,1107050000,1107050000
7,3163,1107050000,1107050100,13661,22769,1107400000,1107400000
7,3164,1107400000,1107400100,13661,22769,1107750000,1107750000
7,3165,1107750000,1107750100,13661,22769,1108100000,1108100000
7,3166,1108100000,1108100100,13661,22769,1108450000,1108450000
7,3167,1108450000,1108450100,13661,22769,1108800000,1108800000
7,3168,1108800000,1108800100,13661,22769,1109150000,1109150000
7,3169,1109150000,1109150100,13661,22769,1109500000,1109500000
7,3170,1109500000,1109500100,13661,22769,1109850000,1109850000
7,3171,1109850000,1109850100,13661,22769,1110200000,1110200000
7,3172,1110200000,1110200100,13661,22769,1110550000,1110550000
7,3173,1110550000,1110550100,13661,22769,1110900000,1110900000
7,3174,1110900000,1110900100,13661,22769,1111250000,1111250000
7,3175,1111250000,1111250100,13661,22769,1111600000,1111600000
7,3176,1111600000,1111600100,13661,22769,1111950000,1111950000
7,3177,1111950000,1111950100,13661,22769,1112300000,1112300000
7,3178,1112300000,1112300100,13661,22769,1112650000,1112650000
7,3179,1112650000,1112650100,13661,22769,1113000000,1113000000
7,3180,1113000000,1113000100,13661,22769,1113350000,1113350000
7,3181,1113350000,1113350100,13661,22769,1113700000,1113700000
7,3182,1113700000,1113700100,13661,22769,1114050000,1114050000
7,3183,1114050000,1114050100,13661,22769,1114400000,1114400000
7,3184,1114400000,1114400100,13661,22769,1114750000,1114750000
7,3185,1114750000,1114750100,13661,22769,1115100000,1115100000
7,3186,1115100000,1115100100,13661,22769,1115450000,1115450000
7,3187,1115450000,1115450100,13661,22769,1115800000,1115800000
7,3188,1115800000,1115800100,13661,22769,1116150000,1116150000
7,3189,1116150000,1116150100,13661,22769,1116500000,1116500000
7,3190,1116500000,1116500100,13661,22769,1116850000,1116850000
7,3191,1116850000,1116850100,13661,22769,1117200000,1117200000
7,3192,1117200000,1117200100,13661,22769,1117550000,1117550000
7,3193,1117550000,1117550100,13661,22769,1117900000,1117900000
7,3194,1117900000,1117900100,13661,22769,1118250000,1118250000
7,3195,1118250000,1118250100,13661,22769,1118600000,1118600000
7,3196,1118600000,1118600100,13661,22769,1118950000,1118950000
7,3197,1118950000,1118950100,13661,22769,1119300000,1119300000
7,3198,1119300000,1119300100,13661,22769,1119650000,1119650000
7,3199,1119650000,1119650100,13661,22769,1120000000,1120000000
7,3200,1120000000,1120000100,13661,22769,1120350000,1120350000
7,3201,1120350000,1120350100,13661,22769,1120700000,1120700000
7,3202,1120700000,1120700100,13661,22769,1121050000,1121050000
7,3203,1121050000,1121050100,13661,22769,1121400000,1121400000
7,3204,1121400000,1121400100,13661,22769,1121750000,1121750000
7,3205,1121750000,1121750100,13661,22769,1122100000,1122100000
7,3206,1122100000,1122100100,13661,22769,1122450000,1122450000
7,3207,1122450000,1122450100,13661,22769,1122800000,1122800000
7,3208,1122800000,1122800100,13661,22769,1123150000,1123150000
7,3209,1123150000,1123150100,13661,22769,1123500000,1123500000
7,3210,1123500000,1123500100,13661,22769,1123850000,1123850000
7,3211,1123850000,1123850100,13661,22769,1124200000,1124200000
7,3212,1124200000,1124200100,13661,22769,1124550000,1124550000
7,3213,1124550000,1124550100,13661,22769,1124900000,1124900000
7,3214,1124900000,1124900100,13661,22769,1125250000,1125250000
7,3215,1125250000,1125250100,13661,22769,1125600000,1125600000
7,3216,1125600000,1125600100,13661,22769,1125950000,1125950000
7,3217,1125950000,1125950100,13661,22769,1126300000,1126300000
7,3218,1126300000,1126300100,13661,22769,1126650000,1126650000
7,3219,1126650000,1126650100,13661,22769,1127000000,1127000000
7,3220,1127000000,1127000100,13661,22769,1127350000,1127350000
7,3221,1127350000,1127350100,13661,22769,1127700000,1127700000
7,3222,1127700000,1127700100,13661,22769,1128050000,1128050000
7,3223,1128050000,1128050100,13661,22769,1128400000,1128400000
7,3224,1128400000,1128400100,13661,22769,1128750000,1128750000
7,3225,1128750000,1128750100,13661,22769,1129100000,1129100000
7,3226,1129100000,1129100100,13661,22769,1129450000,1129450000
7,3227,1129450000,1129450100,13661,22769,1129800000,1129800000
7,3228,1129800000,1129800100,13661,22769,1130150000,1130150000
7,3229,1130150000,1130150100,13661,22769,1130500000,1130500000
7,3230,1130500000,1130500100,13661,22769,1130850000,1130850000
7,3231,1130850000,1130850100,13661,22769,1131200000,1131200000
7,3232,1131200000,1131200100,13661,22769,1131550000,1131550000
7,3233,1131550000,1131550100,13661,22769,1131900000,1131900000
7,3234,1131900000,1131900100,13661,22769,1132250000,1132250000
7,3235,1132250000,1132250100,13661,22769,1132600000,1132600000
7,3236,1132600000,1132600100,13661,22769,1132950000,1132950000
7,3237,1132950000,1132950100,13661,22769,1133300000,1133300000
7,3238,1133300000,1133300100,13661,22769,1133650000,1133650000
7,3239,1133650000,1133650100,13661,22769,1134000000,1134000000
7,3240,1134000000,1134000100,13661,22769,1134350000,1134350000
7,3241,1134350000,1134350100,13661,22769,1134700000,1134700000
7,3242,1134700000,1134700100,13661,22769,1135050000,1135050000
7,3243,1135050000,1135050100,13661,22769,1135400000,1135400000
7,3244,1135400000,1135400100,13661,22769,1135750000,1135750000
7,3245,1135750000,1135750100,13661,22769,1136100000,1136100000
7,3246,1136100000,1136100100,13661,22769,1136450000,1136450000
7,3247,1136450000,1136450100,13661,22769,1136800000,1136800000
7,3248,1136800000,1136800100,13661,22769,1137150000,1137150000
7,3249,1137150000,1137150100,13661,22769,1137500000,1137500000
7,3250,1137500000,1137500100,13661,22769,1137850000,1137850000
7,3251,1137850000,1137850100,13661,22769,1138200000,1138200000
7,3252,1138200000,1138200100,13661,22769,1138550000,1138550000
7,3253,1138550000,1138550100,13661,22769,1138900000,1138900000
7,3254,1138900000,1138900100,13661,22769,1139250000,1139250000
7,3255,1139250000,1139250100,13661,22769,1139600000,1139600000
7,3256,1139600000,1139600100,13661,22769,1139950000,1139950000
7,3257,1139950000,1139950100,13661,22769,1140300000,1140300000
7,3258,1140300000,1140300100,13661,22769,1140650000,1140650000
7,3259,1140650000,1140650100,13661,22769,1141000000,1141000000
7,3260,1141000000,1141000100,13661,22769,1141350000,1141350000
7,3261,1141350000,1141350100,13661,22769,1141700000,1141700000
7,3262,1141700000,1141700100,13661,22769,1142050000,1142050000
7,3263,1142050000,1142050100,13661,22769,1142400000,1142400000
7,3264,1142400000,1142400100,13661,22769,1142750000,1142750000
7,3265,1142750000,1142750100,13661,22769,1143100000,1143100000
7,3266,1143100000,1143100100,13661,22769,1143450000,1143450000
7,3267,1143450000,1143450100,13661,22769,1143800000,1143800000
7,3268,1143800000,1143800100,13661,22769,1144150000,1144150000
7,3269,1144150000,1144150100,13661,22769,1144500000,1144500000
7,3270,1144500000,1144500100,13661,22769,1144850000,1144850000
7,3271,1144850000,1144850100,13661,22769,1145200000,1145200000
7,3272,1145200000,1145200100,13661,22769,1145550000,1145550000
7,3273,1145550000,1145550100,13661,22769,1145900000,1145900000
7,3274,1145900000,1145900100,13661,22769,1146250000,1146250000
7,3275,1146250000,1146250100,13661,22769,1146600000,1146600000
7,3276,1146600000,1146600100,13661,22769,1146950000,1146950000
7,3277,1146950000,1146950100,13661,22769,1147300000,1147300000
7,3278,1147300000,1147300100,13661,22769,1147650000,1147650000
7,3279,1147650000,1147650100,13661,22769,1148000000,1148000000
7,3280,1148000000,1148000100,13661,22769,1148350000,1148350000
7,3281,1148350000,1148350100,13661,22769,1148700000,1148700000
7,3282,1148700000,1148700100,13661,22769,1149050000,1149050000
7,3283,1149050000,1149050100,13661,22769,1149400000,1149400000
7,3284,1149400000,1149400100,13661,22769,1149750000,1149750000
7,3285,1149750000,1149750100,13661,22769,1150100000,1150100000
7,3286,1150100000,1150100100,13661,22769,1150450000,1150450000
7,3287,1150450000,1150450100,13661,22769,1150800000,1150800000
7,3288,1150800000,1150800100,13661,22769,1151150000,1151150000
7,3289,1151150000,1151150100,13661,22769,1151500000,1151500000
7,3290,1151500000,1151500100,13661,22769,1151850000,1151850000
7,3291,1151850000,1151850100,13661,22769,1152200000,1152200000
7,3292,1152200000,1152200100,13661,22769,1152550000,1152550000
7,3293,1152550000,1152550100,13661,22769,1152900000,1152900000
7,3294,1152900000,1152900100,13661,22769,1153250000,1153250000
7,3295,1153250000,1153250100,13661,22769,1153600000,1153600000
7,3296,1153600000,1153600100,13661,22769,1153950000,1153950000
7,3297,1153950000,1153950100,13661,22769,1154300000,1154300000
7,3298,1154300000,1154300100,13661,22769,1154650000,1154650000
7,3299,1154650000,1154650100,13661,22769,1155000000,1155000000
7,3300,1155000000,1155000100,13661,22769,1155350000,1155350000
7,3301,1155350000,1155350100,13661,22769,1155700000,1155700000
7,3302,1155700000,1155700100,13661,22769,1156050000,1156050000
7,3303,1156050000,1156050100,13661,22769,1156400000,1156400000
7,3304,1156400000,1156400100,13661,22769,1156750000,1156750000
7,3305,1156750000,1156750100,13661,22769,1157100000,1157100000
7,3306,1157100000,1157100100,13661,22769,1157450000,1157450000
7,3307,1157450000,1157450100,13661,22769,1157800000,1157800000
7,3308,1157800000,1157800100,13661,22769,1158150000,1158150000
7,3309,1158150000,1158150100,13661,22769,1158500000,1158500000
7,3310,1158500000,1158500100,13661,22769,1158850000,1158850000
7,3311,1158850000,1158850100,13661,22769,1159200000,1159200000
7,3312,1159200000,1159200100,13661,22769,1159550000,1159550000
7,3313,1159550000,1159550100,13661,22769,1159900000,1159900000
7,3314,1159900000,1159900100,13661,22769,1160250000,1160250000
7,3315,1160250000,1160250100,13661,22769,1160600000,1160600000
7,3316,1160600000,1160600100,13661,22769,1160950000,1160950000
7,3317,1160950000,1160950100,13661,22769,1161300000,1161300000
7,3318,1161300000,1161300100,13661,22769,1161650000,1161650000
7,3319,1161650000,1161650100,13661,22769,1162000000,1162000000
7,3320,1162000000,1162000100,13661,22769,1162350000,1162350000
7,3321,1162350000,1162350100,13661,22769,1162700000,1162700000
7,3322,1162700000,1162700100,13661,22769,1163050000,1163050000
7,3323,1163050000,1163050100,13661,22769,1163400000,1163400000
7,3324,1163400000,1163400100,13661,22769,1163750000,1163750000
7,3325,1163750000,1163750100,13661,22769,1164100000,1164100000
7,3326,1164100000,1164100100,13661,22769,1164450000,1164450000
7,3327,1164450000,1164450100,13661,22769,1164800000,1164800000
7,3328,1164800000,1164800100,13661,22769,1165150000,1165150000
7,3329,1165150000,1165150100,13661,22769,1165500000,1165500000
7,3330,1165500000,1165500100,13661,22769,1165850000,1165850000
7,3331,1165850000,1165850100,13661,22769,1166200000,1166200000
7,3332,1166200000,1166200100,13661,22769,1166550000,1166550000
7,3333,1166550000,1166550100,13661,22769,1166900000,1166900000
7,3334,1166900000,1166900100,13661,22769,1167250000,1167250000
7,3335,1167250000,1167250100,13661,22769,1167600000,1167600000
7,3336,1167600000,1167600100,13661,22769,1167950000,1167950000
7,3337,1167950000,1167950100,13661,22769,1168300000,1168300000
7,3338,1168300000,1168300100,13661,22769,1168650000,1168650000
7,3339,1168650000,1168650100,13661,22769,1169000000,1169000000
7,3340,1169000000,1169000100,13661,22769,1169350000,1169350000
7,3341,1169350000,1169350100,13661,22769,1169700000,1169700000
7,3342,1169700000,1169700100,13661,22769,1170050000,1170050000
7,3343,1170050000,1170050100,13661,22769,1170400000,1170400000
7,3344,1170400000,1170400100,13661,22769,1170750000,1170750000
7,3345,1170750000,1170750100,13661,22769,1171100000,1171100000
7,3346,1171100000,1171100100,13661,22769,1171450000,1171450000
7,3347,1171450000,1171450100,13661,22769,1171800000,1171800000
7,3348,1171800000,1171800100,13661,22769,1172150000,1172150000
7,3349,1172150000,1172150100,13661,22769,1172500000,1172500000
7,3350,1172500000,1172500100,13661,22769,1172850000,1172850000
7,3351,1172850000,1172850100,13661,22769,1173200000,1173200000
7,3352,1173200000,1173200100,13661,22769,1173550000,1173550000
7,3353,1173550000,1173550100,13661,22769,1173900000,1173900000
7,3354,1173900000,1173900100,13661,22769,1174250000,1174250000
7,3355,1174250000,1174250100,13661,22769,1174600000,1174600000
7,3356,1174600000,1174600100,13661,22769,1174950000,1174950000
7,3357,1174950000,1174950100,13661,22769,1175300000,1175300000
7,3358,1175300000,1175300100,13661,22769,1175650000,1175650000
7,3359,1175650000,1175650100,13661,22769,1176000000,1176000000
7,3360,1176000000,1176000100,13661,22769,1176350000,1176350000
7,3361,1176350000,1176350100,13661,22769,1176700000,1176700000
7,3362,1176700000,1176700100,13661,22769,1177050000,1177050000
7,3363,1177050000,1177050100,13661,22769,1177400000,1177400000
7,3364,1177400000,1177400100,13661,22769,1177750000,1177750000
7,3365,1177750000,1177750100,13661,22769,1178100000,1178100000
7,3366,1178100000,1178100100,13661,22769,1178450000,1178450000
7,3367,1178450000,1178450100,13661,22769,1178800000,1178800000
7,3368,1178800000,1178800100,13661,22769,1179150000,1179150000
7,3369,1179150000,1179150100,13661,22769,1179500000,1179500000
7,3370,1179500000,1179500100,13661,22769,1179850000,1179850000
7,3371,1179850000,1179850100,13661,22769,1180200000,1180200000
7,3372,1180200000,1180200100,13661,22769,1180550000,1180550000
7,3373,1180550000,1180550100,13661,22769,1180900000,1180900000
7,3374,1180900000,1180900100,13661,22769,1181250000,1181250000
7,3375,1181250000,1181250100,13661,22769,1181600000,1181600000
7,3376,1181600000,1181600100,13661,22769,1181950000,1181950000
7,3377,1181950000,1181950100,13661,22769,1182300000,1182300000
7,3378,1182300000,1182300100,13661,22769,1182650000,1182650000
7,3379,1182650000,1182650100,13661,22769,1183000000,1183000000
7,3380,1183000000,1183000100,13661,22769,1183350000,1183350000
7,3381,1183350000,1183350100,13661,22769,1183700000,1183700000
7,3382,1183700000,1183700100,13661,22769,1184050000,1184050000
7,3383,1184050000,1184050100,13661,22769,1184400000,1184400000
7,3384,1184400000,1184400100,13661,22769,1184750000,1184750000
7,3385,1184750000,1184750100,13661,22769,1185100000,1185100000
7,3386,1185100000,1185100100,13661,22769,1185450000,1185450000
7,3387,1185450000,1185450100,13661,22769,1185800000,1185800000
7,3388,1185800000,1185800100,13661,22769,1186150000,1186150000
7,3389,1186150000,1186150100,13661,22769,1186500000,1186500000
7,3390,1186500000,1186500100,13661,22769,1186850000,1186850000
7,3391,1186850000,1186850100,13661,22769,1187200000,1187200000
7,3392,1187200000,1187200100,13661,22769,1187550000,1187550000
7,3393,1187550000,1187550100,13661,22769,1187900000,1187900000
7,3394,1187900000,1187900100,13661,22769,1188250000,1188250000
7,3395,1188250000,1188250100,13661,22769,1188600000,1188600000
7,3396,1188600000,1188600100,13661,22769,1188950000,1188950000
7,3397,1188950000,1188950100,13661,22769,1189300000,1189300000
7,3398,1189300000,1189300100,13661,22769,1189650000,1189650000
7,3399,1189650000,1189650100,13661,22769,1190000000,1190000000
7,3400,1190000000,1190000100,13661,22769,1190350000,1190350000
7,3401,1190350000,1190350100,13661,22769,1190700000,1190700000
7,3402,1190700000,1190700100,13661,22769,1191050000,1191050000
7,3403,1191050000,1191050100,13661,22769,1191400000,1191400000
7,3404,1191400000,1191400100,13661,22769,1191750000,1191750000
7,3405,1191750000,1191750100,13661,22769,1192100000,1192100000
7,3406,1192100000,1192100100,13661,22769,1192450000,1192450000
7,3407,1192450000,1192450100,13661,22769,1192800000,1192800000
7,3408,1192800000,1192800100,13661,22769,1193150000,1193150000
7,3409,1193150000,1193150100,13661,22769,1193500000,1193500000
7,3410,1193500000,1193500100,13661,22769,1193850000,1193850000
7,3411,1193850000,1193850100,13661,22769,1194200000,1194200000
7,3412,1194200000,1194200100,13661,22769,1194550000,1194550000
7,3413,1194550000,1194550100,13661,22769,1194900000,1194900000
7,3414,1194900000,1194900100,13661,22769,1195250000,1195250000
7,3415,1195250000,1195250100,13661,22769,1195600000,1195600000
7,3416,1195600000,1195600100,13661,22769,1195950000,1195950000
7,3417,1195950000,1195950100,13661,22769,1196300000,1196300000
7,3418,1196300000,1196300100,13661,22769,1196650000,1196650000
7,3419,1196650000,1196650100,13661,22769,1197000000,1197000000
8,0,0,100,23496,39161,450000,450000
8,1,450000,450100,23496,39161,900000,900000
8,2,900000,900100,23496,39161,1350000,1350000
8,3,1350000,1350100,23496,39161,1800000,1800000
8,4,1800000,1800100,23496,39161,2250000,2250000
8,5,2250000,2250100,23496,39161,2700000,2700000
8,6,2700000,2700100,23496,39161,3150000,3150000
8,7,3150000,3150100,23496,39161,3600000,3600000
8,8,3600000,3600100,23496,39161,4050000,4050000
8,9,4050000,4050100,23496,39161,4500000,4500000
8,10,4500000,4500100,23496,39161,4950000,4950000
8,11,4950000,4950100,23496,39161,5400000,5400000
8,12,5400000,5400100,23496,39161,5850000,5850000
8,13,5850000,5850100,23496,39161,6300000,6300000
8,14,6300000,6300100,23496,39161,6750000,6750000
8,15,6750000,6750100,23496,39161,7200000,7200000
8,16,7200000,7200100,23496,39161,7650000,7650000
8,17,7650000,7650100,23496,39161,8100000,8100000
8,18,8100000,8100100,23496,39161,8550000,8550000
8,19,8550000,8550100,23496,39161,9000000,9000000
8,20,9000000,9000100,23496,39161,9450000,9450000
8,21,9450000,9450100,23496,39161,9900000,9900000
8,22,9900000,9900100,23496,39161,10350000,10350000
8,23,10350000,10350100,23496,39161,10800000,10800000
8,24,10800000,10800100,23496,39161,11250000,11250000
8,25,11250000,11250100,23496,39161,11700000,11700000
8,26,11700000,11700100,23496,39161,12150000,12150000
8,27,12150000,12150100,23496,39161,12600000,12600000
8,28,12600000,12600100,23496,39161,13050000,13050000
8,29,13050000,13050100,23496,39161,13500000,13500000
8,30,13500000,13500100,23496,39161,13950000,13950000
8,31,13950000,13950100,23496,39161,14400000,14400000
8,32,14400000,14400100,23496,39161,14850000,14850000
8,33,14850000,14850100,23496,39161,15300000,15300000
8,34,15300000,15300100,23496,39161,15750000,15750000
8,35,15750000,15750100,23496,39161,16200000,16200000
8,36,16200000,16200100,23496,39161,16650000,16650000
8,37,16650000,16650100,23496,39161,17100000,17100000
8,38,17100000,17100100,23496,39161,17550000,17550000
8,39,17550000,17550100,23496,39161,18000000,18000000
8,40,18000000,18000100,23496,39161,18450000,18450000
8,41,18450000,18450100,23496,39161,18900000,18900000
8,42,18900000,18900100,23496,39161,19350000,19350000
8,43,19350000,19350100,23496,39161,19800000,19800000
8,44,19800000,19800100,23496,39161,20250000,20250000
8,45,20250000,20250100,23496,39161,20700000,20700000
8,46,20700000,20700100,23496,39161,21150000,21150000
8,47,21150000,21150100,23496,39161,21600000,21600000
8,48,21600000,21600100,23496,39161,22050000,22050000
8,49,22050000,22050100,23496,39161,22500000,22500000
8,50,22500000,22500100,23496,39161,22950000,22950000
8,51,22950000,22950100,23496,39161,23400000,23400000
8,52,23400000,23400100,23496,39161,23850000,23850000
8,53,23850000,23850100,23496,39161,24300000,24300000
8,54,24300000,24300100,23496,39161,24750000,24750000
8,55,24750000,24750100,23496,39161,25200000,25200000
8,56,25200000,25200100,23496,39161,25650000,25650000
8,57,25650000,25650100,23496,39161,26100000,26100000
8,58,26100000,26100100,23496,39161,26550000,26550000
8,59,26550000,26550100,23496,39161,27000000,27000000
8,60,27000000,27000100,23496,39161,27450000,27450000
8,61,27450000,27450100,23496,39161,27900000,27900000
8,62,27900000,27900100,23496,39161,28350000,28350000
8,63,28350000,28350100,23496,39161,28800000,28800000
8,64,28800000,28800100,23496,39161,29250000,29250000
8,65,29250000,29250100,23496,39161,29700000,29700000
8,66,29700000,29700100,23496,39161,30150000,30150000
8,67,30150000,30150100,23496,39161,30600000,30600000
8,68,30600000,30600100,23496,39161,31050000,31050000
8,69,31050000,31050100,23496,39161,31500000,31500000
8,70,31500000,31500100,23496,39161,31950000,31950000
8,71,31950000,31950100,23496,39161,32400000,32400000
8,72,32400000,32400100,23496,39161,32850000,32850000
8,73,32850000,32850100,23496,39161,33300000,33300000
8,74,33300000,33300100,23496,39161,33750000,33750000
8,75,33750000,33750100,23496,39161,34200000,34200000
8,76,34200000,34200100,23496,39161,34650000,34650000
8,77,34650000,34650100,23496,39161,35100000,35100000
8,78,35100000,35100100,23496,39161,35550000,35550000
8,79,35550000,35550100,23496,39161,36000000,36000000
8,80,36000000,36000100,23496,39161,36450000,36450000
8,81,36450000,36450100,23496,39161,36900000,36900000
8,82,36900000,36900100,23496,39161,37350000,37350000
8,83,37350000,37350100,23496,39161,37800000,37800000
8,84,37800000,37800100,23496,39161,38250000,38250000
8,85,38250000,38250100,23496,39161,38700000,38700000
8,86,38700000,38700100,23496,39161,39150000,39150000
8,87,39150000,39150100,23496,39161,39600000,39600000
8,88,39600000,39600100,23496,39161,40050000,40050000
8,89,40050000,40050100,23496,39161,40500000,40500000
8,90,40500000,40500100,23496,39161,40950000,40950000
8,91,40950000,40950100,23496,39161,41400000,41400000
8,92,41400000,41400100,23496,39161,41850000,41850000
8,93,41850000,41850100,23496,39161,42300000,42300000
8,94,42300000,42300100,23496,39161,42750000,42750000
8,95,42750000,42750100,23496,39161,43200000,43200000
8,96,43200000,43200100,23496,39161,43650000,43650000
8,97,43650000,43650100,23496,39161,44100000,44100000
8,98,44100000,44100100,23496,39161,44550000,44550000
8,99,44550000,44550100,23496,39161,45000000,45000000
8,100,45000000,45000100,23496,39161,45450000,45450000
8,101,45450000,45450100,23496,39161,45900000,45900000
8,102,45900000,45900100,23496,39161,46350000,46350000
8,103,46350000,46350100,23496,39161,46800000,46800000
8,104,46800000,46800100,23496,39161,47250000,47250000
8,105,47250000,47250100,23496,39161,47700000,47700000
8,106,47700000,47700100,23496,39161,48150000,48150000
8,107,48150000,48150100,23496,39161,48600000,48600000
8,108,48600000,48600100,23496,39161,49050000,49050000
8,109,49050000,49050100,23496,39161,49500000,49500000
8,110,49500000,49500100,23496,39161,49950000,49950000
8,111,49950000,49950100,23496,39161,50400000,50400000
8,112,50400000,50400100,23496,39161,50850000,50850000
8,113,50850000,50850100,23496,39161,51300000,51300000
8,114,51300000,51300100,23496,39161,51750000,51750000
8,115,51750000,51750100,23496,39161,52200000,52200000
8,116,52200000,52200100,23496,39161,52650000,52650000
8,117,52650000,52650100,23496,39161,53100000,53100000
8,118,53100000,53100100,23496,39161,53550000,53550000
8,119,53550000,53550100,23496,39161,54000000,54000000
8,120,54000000,54000100,23496,39161,54450000,54450000
8,121,54450000,54450100,23496,39161,54900000,54900000
8,122,54900000,54900100,23496,39161,55350000,55350000
8,123,55350000,55350100,23496,39161,55800000,55800000
8,124,55800000,55800100,23496,39161,56250000,56250000
8,125,56250000,56250100,23496,39161,56700000,56700000
8,126,56700000,56700100,23496,39161,57150000,57150000
8,127,57150000,57150100,23496,39161,57600000,57600000
8,128,57600000,57600100,23496,39161,58050000,58050000
8,129,58050000,58050100,23496,39161,58500000,58500000
8,130,58500000,58500100,23496,39161,58950000,58950000
8,131,58950000,58950100,23496,39161,59400000,59400000
8,132,59400000,59400100,23496,39161,59850000,59850000
8,133,59850000,59850100,23496,39161,60300000,60300000
8,134,60300000,60300100,23496,39161,60750000,60750000
8,135,60750000,60750100,23496,39161,61200000,61200000
8,136,61200000,61200100,23496,39161,61650000,61650000
8,137,61650000,61650100,23496,39161,62100000,62100000
8,138,62100000,62100100,23496,39161,62550000,62550000
8,139,62550000,62550100,23496,39161,63000000,63000000
8,140,63000000,63000100,23496,39161,63450000,63450000
8,141,63450000,63450100,23496,39161,63900000,63900000
8,142,63900000,63900100,23496,39161,64350000,64350000
8,143,64350000,64350100,23496,39161,64800000,64800000
8,144,64800000,64800100,23496,39161,65250000,65250000
8,145,65250000,65250100,23496,39161,65700000,65700000
8,146,65700000,65700100,23496,39161,66150000,66150000
8,147,66150000,66150100,23496,39161,66600000,66600000
8,148,66600000,66600100,23496,39161,67050000,67050000
8,149,67050000,67050100,23496,39161,67500000,67500000
8,150,67500000,67500100,23496,39161,67950000,67950000
8,151,67950000,67950100,23496,39161,68400000,68400000
8,152,68400000,68400100,23496,39161,68850000,68850000
8,153,68850000,68850100,23496,39161,69300000,69300000
8,154,69300000,69300100,23496,39161,69750000,69750000
8,155,69750000,69750100,23496,39161,70200000,70200000
8,156,70200000,70200100,23496,39161,70650000,70650000
8,157,70650000,70650100,23496,39161,71100000,71100000
8,158,71100000,71100100,23496,39161,71550000,71550000
8,159,71550000,71550100,23496,39161,72000000,72000000
8,160,72000000,72000100,23496,39161,72450000,72450000
8,161,72450000,72450100,23496,39161,72900000,72900000
8,162,72900000,72900100,23496,39161,73350000,73350000
8,163,73350000,73350100,23496,39161,73800000,73800000
8,164,73800000,73800100,23496,39161,74250000,74250000
8,165,74250000,74250100,23496,39161,74700000,74700000
8,166,74700000,74700100,23496,39161,75150000,75150000
8,167,75150000,75150100,23496,39161,75600000,75600000
8,168,75600000,75600100,23496,39161,76050000,76050000
8,169,76050000,76050100,23496,39161,76500000,76500000
8,170,76500000,76500100,23496,39161,76950000,76950000
8,171,76950000,76950100,23496,39161,77400000,77400000
8,172,77400000,77400100,23496,39161,77850000,77850000
8,173,77850000,77850100,23496,39161,78300000,78300000
8,174,78300000,78300100,23496,39161,78750000,78750000
8,175,78750000,78750100,23496,39161,79200000,79200000
8,176,79200000,79200100,23496,39161,79650000,79650000
8,177,79650000,79650100,23496,39161,80100000,80100000
8,178,80100000,80100100,23496,39161,80550000,80550000
8,179,80550000,80550100,23496,39161,81000000,81000000
8,180,81000000,81000100,23496,39161,81450000,81450000
8,181,81450000,81450100,23496,39161,81900000,81900000
8,182,81900000,81900100,23496,39161,82350000,82350000
8,183,82350000,82350100,23496,39161,82800000,82800000
8,184,82800000,82800100,23496,39161,83250000,83250000
8,185,83250000,83250100,23496,39161,83700000,83700000
8,186,83700000,83700100,23496,39161,84150000,84150000
8,187,84150000,84150100,23496,39161,84600000,84600000
8,188,84600000,84600100,23496,39161,85050000,85050000
8,189,85050000,85050100,23496,39161,85500000,85500000
8,190,85500000,85500100,23496,39161,85950000,85950000
8,191,85950000,85950100,23496,39161,86400000,86400000
8,192,86400000,86400100,23496,39161,86850000,86850000
8,193,86850000,86850100,23496,39161,87300000,87300000
8,194,87300000,87300100,23496,39161,87750000,87750000
8,195,87750000,87750100,23496,39161,88200000,88200000
8,196,88200000,88200100,23496,39161,88650000,88650000
8,197,88650000,88650100,23496,39161,89100000,89100000
8,198,89100000,89100100,23496,39161,89550000,89550000
8,199,89550000,89550100,23496,39161,90000000,90000000
8,200,90000000,90000100,23496,39161,90450000,90450000
8,201,90450000,90450100,23496,39161,90900000,90900000
8,202,90900000,90900100,23496,39161,91350000,91350000
8,203,91350000,91350100,23496,39161,91800000,91800000
8,204,91800000,91800100,23496,39161,92250000,92250000
8,205,92250000,92250100,23496,39161,92700000,92700000
8,206,92700000,92700100,23496,39161,93150000,93150000
8,207,93150000,93150100,23496,39161,93600000,93600000
8,208,93600000,93600100,23496,39161,94050000,94050000
8,209,94050000,94050100,23496,39161,94500000,94500000
8,210,94500000,94500100,23496,39161,94950000,94950000
8,211,94950000,94950100,23496,39161,95400000,95400000
8,212,95400000,95400100,23496,39161,95850000,95850000
8,213,95850000,95850100,23496,39161,96300000,96300000
8,214,96300000,96300100,23496,39161,96750000,96750000
8,215,96750000,96750100,23496,39161,97200000,97200000
8,216,97200000,97200100,23496,39161,97650000,97650000
8,217,97650000,97650100,23496,39161,98100000,98100000
8,218,98100000,98100100,23496,39161,98550000,98550000
8,219,98550000,98550100,23496,39161,99000000,99000000
8,220,99000000,99000100,23496,39161,99450000,99450000
8,221,99450000,99450100,23496,39161,99900000,99900000
8,222,99900000,99900100,23496,39161,100350000,100350000
8,223,100350000,100350100,23496,39161,100800000,100800000
8,224,100800000,100800100,23496,39161,101250000,101250000
8,225,101250000,101250100,23496,39161,101700000,101700000
8,226,101700000,101700100,23496,39161,102150000,102150000
8,227,102150000,102150100,23496,39161,102600000,102600000
8,228,102600000,102600100,23496,39161,103050000,103050000
8,229,103050000,103050100,23496,39161,103500000,103500000
8,230,103500000,103500100,23496,39161,103950000,103950000
8,231,103950000,103950100,23496,39161,104400000,104400000
8,232,104400000,104400100,23496,39161,104850000,104850000
8,233,104850000,104850100,23496,39161,105300000,105300000
8,234,105300000,105300100,23496,39161,105750000,105750000
8,235,105750000,105750100,23496,39161,106200000,106200000
8,236,106200000,106200100,23496,39161,106650000,106650000
8,237,106650000,106650100,23496,39161,107100000,107100000
8,238,107100000,107100100,23496,39161,107550000,107550000
8,239,107550000,107550100,23496,39161,108000000,108000000
8,240,108000000,108000100,23496,39161,108450000,108450000
8,241,108450000,108450100,23496,39161,108900000,108900000
8,242,108900000,108900100,23496,39161,109350000,109350000
8,243,109350000,109350100,23496,39161,109800000,109800000
8,244,109800000,109800100,23496,39161,110250000,110250000
8,245,110250000,110250100,23496,39161,110700000,110700000
8,246,110700000,110700100,23496,39161,111150000,111150000
8,247,111150000,111150100,23496,39161,111600000,111600000
8,248,111600000,111600100,23496,39161,112050000,112050000
8,249,112050000,112050100,23496,39161,112500000,112500000
8,250,112500000,112500100,23496,39161,112950000,112950000
8,251,112950000,112950100,23496,39161,113400000,113400000
8,252,113400000,113400100,23496,39161,113850000,113850000
8,253,113850000,113850100,23496,39161,114300000,114300000
8,254,114300000,114300100,23496,39161,114750000,114750000
8,255,114750000,114750100,23496,39161,115200000,115200000
8,256,115200000,115200100,23496,39161,115650000,115650000
8,257,115650000,115650100,23496,39161,116100000,116100000
8,258,116100000,116100100,23496,39161,116550000,116550000
8,259,116550000,116550100,23496,39161,117000000,117000000
8,260,117000000,117000100,23496,39161,117450000,117450000
8,261,117450000,117450100,23496,39161,117900000,117900000
8,262,117900000,117900100,23496,39161,118350000,118350000
8,263,118350000,118350100,23496,39161,118800000,118800000
8,264,118800000,118800100,23496,39161,119250000,119250000
8,265,119250000,119250100,23496,39161,119700000,119700000
8,266,119700000,119700100,23496,39161,120150000,120150000
8,267,120150000,120150100,23496,39161,120600000,120600000
8,268,120600000,120600100,23496,39161,121050000,121050000
8,269,121050000,121050100,23496,39161,121500000,121500000
8,270,121500000,121500100,23496,39161,121950000,121950000
8,271,121950000,121950100,23496,39161,122400000,122400000
8,272,122400000,122400100,23496,39161,122850000,122850000
8,273,122850000,122850100,23496,39161,123300000,123300000
8,274,123300000,123300100,23496,39161,123750000,123750000
8,275,123750000,123750100,23496,39161,124200000,124200000
8,276,124200000,124200100,23496,39161,124650000,124650000
8,277,124650000,124650100,23496,39161,125100000,125100000
8,278,125100000,125100100,23496,39161,125550000,125550000
8,279,125550000,125550100,23496,39161,126000000,126000000
8,280,126000000,126000100,23496,39161,126450000,126450000
8,281,126450000,126450100,23496,39161,126900000,126900000
8,282,126900000,126900100,23496,39161,127350000,127350000
8,283,127350000,127350100,23496,39161,127800000,127800000
8,284,127800000,127800100,23496,39161,128250000,128250000
8,285,128250000,128250100,23496,39161,128700000,128700000
8,286,128700000,128700100,23496,39161,129150000,129150000
8,287,129150000,129150100,23496,39161,129600000,129600000
8,288,129600000,129600100,23496,39161,130050000,130050000
8,289,130050000,130050100,23496,39161,130500000,130500000
8,290,130500000,130500100,23496,39161,130950000,130950000
8,291,130950000,130950100,23496,39161,131400000,131400000
8,292,131400000,131400100,23496,39161,131850000,131850000
8,293,131850000,131850100,23496,39161,132300000,132300000
8,294,132300000,132300100,23496,39161,132750000,132750000
8,295,132750000,132750100,23496,39161,133200000,133200000
8,296,133200000,133200100,23496,39161,133650000,133650000
8,297,133650000,133650100,23496,39161,134100000,134100000
8,298,134100000,134100100,23496,39161,134550000,134550000
8,299,134550000,134550100,23496,39161,135000000,135000000
8,300,135000000,135000100,23496,39161,135450000,135450000
8,301,135450000,135450100,23496,39161,135900000,135900000
8,302,135900000,135900100,23496,39161,136350000,136350000
8,303,136350000,136350100,23496,39161,136800000,136800000
8,304,136800000,136800100,23496,39161,137250000,137250000
8,305,137250000,137250100,23496,39161,137700000,137700000
8,306,137700000,137700100,23496,39161,138150000,138150000
8,307,138150000,138150100,23496,39161,138600000,138600000
8,308,138600000,138600100,23496,39161,139050000,139050000
8,309,139050000,139050100,23496,39161,139500000,139500000
8,310,139500000,139500100,23496,39161,139950000,139950000
8,311,139950000,139950100,23496,39161,140400000,140400000
8,312,140400000,140400100,23496,39161,140850000,140850000
8,313,140850000,140850100,23496,39161,141300000,141300000
8,314,141300000,141300100,23496,39161,141750000,141750000
8,315,141750000,141750100,23496,39161,142200000,142200000
8,316,142200000,142200100,23496,39161,142650000,142650000
8,317,142650000,142650100,23496,39161,143100000,143100000
8,318,143100000,143100100,23496,39161,143550000,143550000
8,319,143550000,143550100,23496,39161,144000000,144000000
8,320,144000000,144000100,23496,39161,144450000,144450000
8,321,144450000,144450100,23496,39161,144900000,144900000
8,322,144900000,144900100,23496,39161,145350000,145350000
8,323,145350000,145350100,23496,39161,145800000,145800000
8,324,145800000,145800100,23496,39161,146250000,146250000
8,325,146250000,146250100,23496,39161,146700000,146700000
8,326,146700000,146700100,23496,39161,147150000,147150000
8,327,147150000,147150100,23496,39161,147600000,147600000
8,328,147600000,147600100,23496,39161,148050000,148050000
8,329,148050000,148050100,23496,39161,148500000,148500000
8,330,148500000,148500100,23496,39161,148950000,148950000
8,331,148950000,148950100,23496,39161,149400000,149400000
8,332,149400000,149400100,23496,39161,149850000,149850000
8,333,149850000,149850100,23496,39161,150300000,150300000
8,334,150300000,150300100,23496,39161,150750000,150750000
8,335,150750000,150750100,23496,39161,151200000,151200000
8,336,151200000,151200100,23496,39161,151650000,151650000
8,337,151650000,151650100,23496,39161,152100000,152100000
8,338,152100000,152100100,23496,39161,152550000,152550000
8,339,152550000,152550100,23496,39161,153000000,153000000
8,340,153000000,153000100,23496,39161,153450000,153450000
8,341,153450000,153450100,23496,39161,153900000,153900000
8,342,153900000,153900100,23496,39161,154350000,154350000
8,343,154350000,154350100,23496,39161,154800000,154800000
8,344,154800000,154800100,23496,39161,155250000,155250000
8,345,155250000,155250100,23496,39161,155700000,155700000
8,346,155700000,155700100,23496,39161,156150000,156150000
8,347,156150000,156150100,23496,39161,156600000,156600000
8,348,156600000,156600100,23496,39161,157050000,157050000
8,349,157050000,157050100,23496,39161,157500000,157500000
8,350,157500000,157500100,23496,39161,157950000,157950000
8,351,157950000,157950100,23496,39161,158400000,158400000
8,352,158400000,158400100,23496,39161,158850000,158850000
8,353,158850000,158850100,23496,39161,159300000,159300000
8,354,159300000,159300100,23496,39161,159750000,159750000
8,355,159750000,159750100,23496,39161,160200000,160200000
8,356,160200000,160200100,23496,39161,160650000,160650000
8,357,160650000,160650100,23496,39161,161100000,161100000
8,358,161100000,161100100,23496,39161,161550000,161550000
8,359,161550000,161550100,23496,39161,162000000,162000000
8,360,162000000,162000100,23496,39161,162450000,162450000
8,361,162450000,162450100,23496,39161,162900000,162900000
8,362,162900000,162900100,23496,39161,163350000,163350000
8,363,163350000,163350100,23496,39161,163800000,163800000
8,364,163800000,163800100,23496,39161,164250000,164250000
8,365,164250000,164250100,23496,39161,164700000,164700000
8,366,164700000,164700100,23496,39161,165150000,165150000
8,367,165150000,165150100,23496,39161,165600000,165600000
8,368,165600000,165600100,23496,39161,166050000,166050000
8,369,166050000,166050100,23496,39161,166500000,166500000
8,370,166500000,166500100,23496,39161,166950000,166950000
8,371,166950000,166950100,23496,39161,167400000,167400000
8,372,167400000,167400100,23496,39161,167850000,167850000
8,373,167850000,167850100,23496,39161,168300000,168300000
8,374,168300000,168300100,23496,39161,168750000,168750000
8,375,168750000,168750100,23496,39161,169200000,169200000
8,376,169200000,169200100,23496,39161,169650000,169650000
8,377,169650000,169650100,23496,39161,170100000,170100000
8,378,170100000,170100100,23496,39161,170550000,170550000
8,379,170550000,170550100,23496,39161,171000000,171000000
8,380,171000000,171000100,23496,39161,171450000,171450000
8,381,171450000,171450100,23496,39161,171900000,171900000
8,382,171900000,171900100,23496,39161,172350000,172350000
8,383,172350000,172350100,23496,39161,172800000,172800000
8,384,172800000,172800100,23496,39161,173250000,173250000
8,385,173250000,173250100,23496,39161,173700000,173700000
8,386,173700000,173700100,23496,39161,174150000,174150000
8,387,174150000,174150100,23496,39161,174600000,174600000
8,388,174600000,174600100,23496,39161,175050000,175050000
8,389,175050000,175050100,23496,39161,175500000,175500000
8,390,175500000,175500100,23496,39161,175950000,175950000
8,391,175950000,175950100,23496,39161,176400000,176400000
8,392,176400000,176400100,23496,39161,176850000,176850000
8,393,176850000,176850100,23496,39161,177300000,177300000
8,394,177300000,177300100,23496,39161,177750000,177750000
8,395,177750000,177750100,23496,39161,178200000,178200000
8,396,178200000,178200100,23496,39161,178650000,178650000
8,397,178650000,178650100,23496,39161,179100000,179100000
8,398,179100000,179100100,23496,39161,179550000,179550000
8,399,179550000,179550100,23496,39161,180000000,180000000
8,400,180000000,180000100,23496,39161,180450000,180450000
8,401,180450000,180450100,23496,39161,180900000,180900000
8,402,180900000,180900100,23496,39161,181350000,181350000
8,403,181350000,181350100,23496,39161,181800000,181800000
8,404,181800000,181800100,23496,39161,182250000,182250000
8,405,182250000,182250100,23496,39161,182700000,182700000
8,406,182700000,182700100,23496,39161,183150000,183150000
8,407,183150000,183150100,23496,39161,183600000,183600000
8,408,183600000,183600100,23496,39161,184050000,184050000
8,409,184050000,184050100,23496,39161,184500000,184500000
8,410,184500000,184500100,23496,39161,184950000,184950000
8,411,184950000,184950100,23496,39161,185400000,185400000
8,412,185400000,185400100,23496,39161,185850000,185850000
8,413,185850000,185850100,23496,39161,186300000,186300000
8,414,186300000,186300100,23496,39161,186750000,186750000
8,415,186750000,186750100,23496,39161,187200000,187200000
8,416,187200000,187200100,23496,39161,187650000,187650000
8,417,187650000,187650100,23496,39161,188100000,188100000
8,418,188100000,188100100,23496,39161,188550000,188550000
8,419,188550000,188550100,23496,39161,189000000,189000000
8,420,189000000,189000100,23496,39161,189450000,189450000
8,421,189450000,189450100,23496,39161,189900000,189900000
8,422,189900000,189900100,23496,39161,190350000,190350000
8,423,190350000,190350100,23496,39161,190800000,190800000
8,424,190800000,190800100,23496,39161,191250000,191250000
8,425,191250000,191250100,23496,39161,191700000,191700000
8,426,191700000,191700100,23496,39161,192150000,192150000
8,427,192150000,192150100,23496,39161,192600000,192600000
8,428,192600000,192600100,23496,39161,193050000,193050000
8,429,193050000,193050100,23496,39161,193500000,193500000
8,430,193500000,193500100,23496,39161,193950000,193950000
8,431,193950000,193950100,23496,39161,194400000,194400000
8,432,194400000,194400100,23496,39161,194850000,194850000
8,433,194850000,194850100,23496,39161,195300000,195300000
8,434,195300000,195300100,23496,39161,195750000,195750000
8,435,195750000,195750100,23496,39161,196200000,196200000
8,436,196200000,196200100,23496,39161,196650000,196650000
8,437,196650000,196650100,23496,39161,197100000,197100000
8,438,197100000,197100100,23496,39161,197550000,197550000
8,439,197550000,197550100,23496,39161,198000000,198000000
8,440,198000000,198000100,23496,39161,198450000,198450000
8,441,198450000,198450100,23496,39161,198900000,198900000
8,442,198900000,198900100,23496,39161,199350000,199350000
8,443,199350000,199350100,23496,39161,199800000,199800000
8,444,199800000,199800100,23496,39161,200250000,200250000
8,445,200250000,200250100,23496,39161,200700000,200700000
8,446,200700000,200700100,23496,39161,201150000,201150000
8,447,201150000,201150100,23496,39161,201600000,201600000
8,448,201600000,201600100,23496,39161,202050000,202050000
8,449,202050000,202050100,23496,39161,202500000,202500000
8,450,202500000,202500100,23496,39161,202950000,202950000
8,451,202950000,202950100,23496,39161,203400000,203400000
8,452,203400000,203400100,23496,39161,203850000,203850000
8,453,203850000,203850100,23496,39161,204300000,204300000
8,454,204300000,204300100,23496,39161,204750000,204750000
8,455,204750000,204750100,23496,39161,205200000,205200000
8,456,205200000,205200100,23496,39161,205650000,205650000
8,457,205650000,205650100,23496,39161,206100000,206100000
8,458,206100000,206100100,23496,39161,206550000,206550000
8,459,206550000,206550100,23496,39161,207000000,207000000
8,460,207000000,207000100,23496,39161,207450000,207450000
8,461,207450000,207450100,23496,39161,207900000,207900000
8,462,207900000,207900100,23496,39161,208350000,208350000
8,463,208350000,208350100,23496,39161,208800000,208800000
8,464,208800000,208800100,23496,39161,209250000,209250000
8,465,209250000,209250100,23496,39161,209700000,209700000
8,466,209700000,209700100,23496,39161,210150000,210150000
8,467,210150000,210150100,23496,39161,210600000,210600000
8,468,210600000,210600100,23496,39161,211050000,211050000
8,469,211050000,211050100,23496,39161,211500000,211500000
8,470,211500000,211500100,23496,39161,211950000,211950000
8,471,211950000,211950100,23496,39161,212400000,212400000
8,472,212400000,212400100,23496,39161,212850000,212850000
8,473,212850000,212850100,23496,39161,213300000,213300000
8,474,213300000,213300100,23496,39161,213750000,213750000
8,475,213750000,213750100,23496,39161,214200000,214200000
8,476,214200000,214200100,23496,39161,214650000,214650000
8,477,214650000,214650100,23496,39161,215100000,215100000
8,478,215100000,215100100,23496,39161,215550000,215550000
8,479,215550000,215550100,23496,39161,216000000,216000000
8,480,216000000,216000100,23496,39161,216450000,216450000
8,481,216450000,216450100,23496,39161,216900000,216900000
8,482,216900000,216900100,23496,39161,217350000,217350000
8,483,217350000,217350100,23496,39161,217800000,217800000
8,484,217800000,217800100,23496,39161,218250000,218250000
8,485,218250000,218250100,23496,39161,218700000,218700000
8,486,218700000,218700100,23496,39161,219150000,219150000
8,487,219150000,219150100,23496,39161,219600000,219600000
8,488,219600000,219600100,23496,39161,220050000,220050000
8,489,220050000,220050100,23496,39161,220500000,220500000
8,490,220500000,220500100,23496,39161,220950000,220950000
8,491,220950000,220950100,23496,39161,221400000,221400000
8,492,221400000,221400100,23496,39161,221850000,221850000
8,493,221850000,221850100,23496,39161,222300000,222300000
8,494,222300000,222300100,23496,39161,222750000,222750000
8,495,222750000,222750100,23496,39161,223200000,223200000
8,496,223200000,223200100,23496,39161,223650000,223650000
8,497,223650000,223650100,23496,39161,224100000,224100000
8,498,224100000,224100100,23496,39161,224550000,224550000
8,499,224550000,224550100,23496,39161,225000000,225000000
8,500,225000000,225000100,23496,39161,225450000,225450000
8,501,225450000,225450100,23496,39161,225900000,225900000
8,502,225900000,225900100,23496,39161,226350000,226350000
8,503,226350000,226350100,23496,39161,226800000,226800000
8,504,226800000,226800100,23496,39161,227250000,227250000
8,505,227250000,227250100,23496,39161,227700000,227700000
8,506,227700000,227700100,23496,39161,228150000,228150000
8,507,228150000,228150100,23496,39161,228600000,228600000
8,508,228600000,228600100,23496,39161,229050000,229050000
8,509,229050000,229050100,23496,39161,229500000,229500000
8,510,229500000,229500100,23496,39161,229950000,229950000
8,511,229950000,229950100,23496,39161,230400000,230400000
8,512,230400000,230400100,23496,39161,230850000,230850000
8,513,230850000,230850100,23496,39161,231300000,231300000
8,514,231300000,231300100,23496,39161,231750000,231750000
8,515,231750000,231750100,23496,39161,232200000,232200000
8,516,232200000,232200100,23496,39161,232650000,232650000
8,517,232650000,232650100,23496,39161,233100000,233100000
8,518,233100000,233100100,23496,39161,233550000,233550000
8,519,233550000,233550100,23496,39161,234000000,234000000
8,520,234000000,234000100,23496,39161,234450000,234450000
8,521,234450000,234450100,23496,39161,234900000,234900000
8,522,234900000,234900100,23496,39161,235350000,235350000
8,523,235350000,235350100,23496,39161,235800000,235800000
8,524,235800000,235800100,23496,39161,236250000,236250000
8,525,236250000,236250100,23496,39161,236700000,236700000
8,526,236700000,236700100,23496,39161,237150000,237150000
8,527,237150000,237150100,23496,39161,237600000,237600000
8,528,237600000,237600100,23496,39161,238050000,238050000
8,529,238050000,238050100,23496,39161,238500000,238500000
8,530,238500000,238500100,23496,39161,238950000,238950000
8,531,238950000,238950100,23496,39161,239400000,239400000
8,532,239400000,239400100,23496,39161,239850000,239850000
8,533,239850000,239850100,23496,39161,240300000,240300000
8,534,240300000,240300100,23496,39161,240750000,240750000
8,535,240750000,240750100,23496,39161,241200000,241200000
8,536,241200000,241200100,23496,39161,241650000,241650000
8,537,241650000,241650100,23496,39161,242100000,242100000
8,538,242100000,242100100,23496,39161,242550000,242550000
8,539,242550000,242550100,23496,39161,243000000,243000000
8,540,243000000,243000100,23496,39161,243450000,243450000
8,541,243450000,243450100,23496,39161,243900000,243900000
8,542,243900000,243900100,23496,39161,244350000,244350000
8,543,244350000,244350100,23496,39161,244800000,244800000
8,544,244800000,244800100,23496,39161,245250000,245250000
8,545,245250000,245250100,23496,39161,245700000,245700000
8,546,245700000,245700100,23496,39161,246150000,246150000
8,547,246150000,246150100,23496,39161,246600000,246600000
8,548,246600000,246600100,23496,39161,247050000,247050000
8,549,247050000,247050100,23496,39161,247500000,247500000
8,550,247500000,247500100,23496,39161,247950000,247950000
8,551,247950000,247950100,23496,39161,248400000,248400000
8,552,248400000,248400100,23496,39161,248850000,248850000
8,553,248850000,248850100,23496,39161,249300000,249300000
8,554,249300000,249300100,23496,39161,249750000,249750000
8,555,249750000,249750100,23496,39161,250200000,250200000
8,556,250200000,250200100,23496,39161,250650000,250650000
8,557,250650000,250650100,23496,39161,251100000,251100000
8,558,251100000,251100100,23496,39161,251550000,251550000
8,559,251550000,251550100,23496,39161,252000000,252000000
8,560,252000000,252000100,23496,39161,252450000,252450000
8,561,252450000,252450100,23496,39161,252900000,252900000
8,562,252900000,252900100,23496,39161,253350000,253350000
8,563,253350000,253350100,23496,39161,253800000,253800000
8,564,253800000,253800100,23496,39161,254250000,254250000
8,565,254250000,254250100,23496,39161,254700000,254700000
8,566,254700000,254700100,23496,39161,255150000,255150000
8,567,255150000,255150100,23496,39161,255600000,255600000
8,568,255600000,255600100,23496,39161,256050000,256050000
8,569,256050000,256050100,23496,39161,256500000,256500000
8,570,256500000,256500100,23496,39161,256950000,256950000
8,571,256950000,256950100,23496,39161,257400000,257400000
8,572,257400000,257400100,23496,39161,257850000,257850000
8,573,257850000,257850100,23496,39161,258300000,258300000
8,574,258300000,258300100,23496,39161,258750000,258750000
8,575,258750000,258750100,23496,39161,259200000,259200000
8,576,259200000,259200100,23496,39161,259650000,259650000
8,577,259650000,259650100,23496,39161,260100000,260100000
8,578,260100000,260100100,23496,39161,260550000,260550000
8,579,260550000,260550100,23496,39161,261000000,261000000
8,580,261000000,261000100,23496,39161,261450000,261450000
8,581,261450000,261450100,23496,39161,261900000,261900000
8,582,261900000,261900100,23496,39161,262350000,262350000
8,583,262350000,262350100,23496,39161,262800000,262800000
8,584,262800000,262800100,23496,39161,263250000,263250000
8,585,263250000,263250100,23496,39161,263700000,263700000
8,586,263700000,263700100,23496,39161,264150000,264150000
8,587,264150000,264150100,23496,39161,264600000,264600000
8,588,264600000,264600100,23496,39161,265050000,265050000
8,589,265050000,265050100,23496,39161,265500000,265500000
8,590,265500000,265500100,23496,39161,265950000,265950000
8,591,265950000,265950100,23496,39161,266400000,266400000
8,592,266400000,266400100,23496,39161,266850000,266850000
8,593,266850000,266850100,23496,39161,267300000,267300000
8,594,267300000,267300100,23496,39161,267750000,267750000
8,595,267750000,267750100,23496,39161,268200000,268200000
8,596,268200000,268200100,23496,39161,268650000,268650000
8,597,268650000,268650100,23496,39161,269100000,269100000
8,598,269100000,269100100,23496,39161,269550000,269550000
8,599,269550000,269550100,23496,39161,270000000,270000000
8,600,270000000,270000100,23496,39161,270450000,270450000
8,601,270450000,270450100,23496,39161,270900000,270900000
8,602,270900000,270900100,23496,39161,271350000,271350000
8,603,271350000,271350100,23496,39161,271800000,271800000
8,604,271800000,271800100,23496,39161,272250000,272250000
8,605,272250000,272250100,23496,39161,272700000,272700000
8,606,272700000,272700100,23496,39161,273150000,273150000
8,607,273150000,273150100,23496,39161,273600000,273600000
8,608,273600000,273600100,23496,39161,274050000,274050000
8,609,274050000,274050100,23496,39161,274500000,274500000
8,610,274500000,274500100,23496,39161,274950000,274950000
8,611,274950000,274950100,23496,39161,275400000,275400000
8,612,275400000,275400100,23496,39161,275850000,275850000
8,613,275850000,275850100,23496,39161,276300000,276300000
8,614,276300000,276300100,23496,39161,276750000,276750000
8,615,276750000,276750100,23496,39161,277200000,277200000
8,616,277200000,277200100,23496,39161,277650000,277650000
8,617,277650000,277650100,23496,39161,278100000,278100000
8,618,278100000,278100100,23496,39161,278550000,278550000
8,619,278550000,278550100,23496,39161,279000000,279000000
8,620,279000000,279000100,23496,39161,279450000,279450000
8,621,279450000,279450100,23496,39161,279900000,279900000
8,622,279900000,279900100,23496,39161,280350000,280350000
8,623,280350000,280350100,23496,39161,280800000,280800000
8,624,280800000,280800100,23496,39161,281250000,281250000
8,625,281250000,281250100,23496,39161,281700000,281700000
8,626,281700000,281700100,23496,39161,282150000,282150000
8,627,282150000,282150100,23496,39161,282600000,282600000
8,628,282600000,282600100,23496,39161,283050000,283050000
8,629,283050000,283050100,23496,39161,283500000,283500000
8,630,283500000,283500100,23496,39161,283950000,283950000
8,631,283950000,283950100,23496,39161,284400000,284400000
8,632,284400000,284400100,23496,39161,284850000,284850000
8,633,284850000,284850100,23496,39161,285300000,285300000
8,634,285300000,285300100,23496,39161,285750000,285750000
8,635,285750000,285750100,23496,39161,286200000,286200000
8,636,286200000,286200100,23496,39161,286650000,286650000
8,637,286650000,286650100,23496,39161,287100000,287100000
8,638,287100000,287100100,23496,39161,287550000,287550000
8,639,287550000,287550100,23496,39161,288000000,288000000
8,640,288000000,288000100,23496,39161,288450000,288450000
8,641,288450000,288450100,23496,39161,288900000,288900000
8,642,288900000,288900100,23496,39161,289350000,289350000
8,643,289350000,289350100,23496,39161,289800000,289800000
8,644,289800000,289800100,23496,39161,290250000,290250000
8,645,290250000,290250100,23496,39161,290700000,290700000
8,646,290700000,290700100,23496,39161,291150000,291150000
8,647,291150000,291150100,23496,39161,291600000,291600000
8,648,291600000,291600100,23496,39161,292050000,292050000
8,649,292050000,292050100,23496,39161,292500000,292500000
8,650,292500000,292500100,23496,39161,292950000,292950000
8,651,292950000,292950100,23496,39161,293400000,293400000
8,652,293400000,293400100,23496,39161,293850000,293850000
8,653,293850000,293850100,23496,39161,294300000,294300000
8,654,294300000,294300100,23496,39161,294750000,294750000
8,655,294750000,294750100,23496,39161,295200000,295200000
8,656,295200000,295200100,23496,39161,295650000,295650000
8,657,295650000,295650100,23496,39161,296100000,296100000
8,658,296100000,296100100,23496,39161,296550000,296550000
8,659,296550000,296550100,23496,39161,297000000,297000000
8,660,297000000,297000100,23496,39161,297450000,297450000
8,661,297450000,297450100,23496,39161,297900000,297900000
8,662,297900000,297900100,23496,39161,298350000,298350000
8,663,298350000,298350100,23496,39161,298800000,298800000
8,664,298800000,298800100,23496,39161,299250000,299250000
8,665,299250000,299250100,23496,39161,299700000,299700000
8,666,299700000,299700100,23496,39161,300150000,300150000
8,667,300150000,300150100,23496,39161,300600000,300600000
8,668,300600000,300600100,23496,39161,301050000,301050000
8,669,301050000,301050100,23496,39161,301500000,301500000
8,670,301500000,301500100,23496,39161,301950000,301950000
8,671,301950000,301950100,23496,39161,302400000,302400000
8,672,302400000,302400100,23496,39161,302850000,302850000
8,673,302850000,302850100,23496,39161,303300000,303300000
8,674,303300000,303300100,23496,39161,303750000,303750000
8,675,303750000,303750100,23496,39161,304200000,304200000
8,676,304200000,304200100,23496,39161,304650000,304650000
8,677,304650000,304650100,23496,39161,305100000,305100000
8,678,305100000,305100100,23496,39161,305550000,305550000
8,679,305550000,305550100,23496,39161,306000000,306000000
8,680,306000000,306000100,23496,39161,306450000,306450000
8,681,306450000,306450100,23496,39161,306900000,306900000
8,682,306900000,306900100,23496,39161,307350000,307350000
8,683,307350000,307350100,23496,39161,307800000,307800000
8,684,307800000,307800100,23496,39161,308250000,308250000
8,685,308250000,308250100,23496,39161,308700000,308700000
8,686,308700000,308700100,23496,39161,309150000,309150000
8,687,309150000,309150100,23496,39161,309600000,309600000
8,688,309600000,309600100,23496,39161,310050000,310050000
8,689,310050000,310050100,23496,39161,310500000,310500000
8,690,310500000,310500100,23496,39161,310950000,310950000
8,691,310950000,310950100,23496,39161,311400000,311400000
8,692,311400000,311400100,23496,39161,311850000,311850000
8,693,311850000,311850100,23496,39161,312300000,312300000
8,694,312300000,312300100,23496,39161,312750000,312750000
8,695,312750000,312750100,23496,39161,313200000,313200000
8,696,313200000,313200100,23496,39161,313650000,313650000
8,697,313650000,313650100,23496,39161,314100000,314100000
8,698,314100000,314100100,23496,39161,314550000,314550000
8,699,314550000,314550100,23496,39161,315000000,315000000
8,700,315000000,315000100,23496,39161,315450000,315450000
8,701,315450000,315450100,23496,39161,315900000,315900000
8,702,315900000,315900100,23496,39161,316350000,316350000
8,703,316350000,316350100,23496,39161,316800000,316800000
8,704,316800000,316800100,23496,39161,317250000,317250000
8,705,317250000,317250100,23496,39161,317700000,317700000
8,706,317700000,317700100,23496,39161,318150000,318150000
8,707,318150000,318150100,23496,39161,318600000,318600000
8,708,318600000,318600100,23496,39161,319050000,319050000
8,709,319050000,319050100,23496,39161,319500000,319500000
8,710,319500000,319500100,23496,39161,319950000,319950000
8,711,319950000,319950100,23496,39161,320400000,320400000
8,712,320400000,320400100,23496,39161,320850000,320850000
8,713,320850000,320850100,23496,39161,321300000,321300000
8,714,321300000,321300100,23496,39161,321750000,321750000
8,715,321750000,321750100,23496,39161,322200000,322200000
8,716,322200000,322200100,23496,39161,322650000,322650000
8,717,322650000,322650100,23496,39161,323100000,323100000
8,718,323100000,323100100,23496,39161,323550000,323550000
8,719,323550000,323550100,23496,39161,324000000,324000000
8,720,324000000,324000100,23496,39161,324450000,324450000
8,721,324450000,324450100,23496,39161,324900000,324900000
8,722,324900000,324900100,23496,39161,325350000,325350000
8,723,325350000,325350100,23496,39161,325800000,325800000
8,724,325800000,325800100,23496,39161,326250000,326250000
8,725,326250000,326250100,23496,39161,326700000,326700000
8,726,326700000,326700100,23496,39161,327150000,327150000
8,727,327150000,327150100,23496,39161,327600000,327600000
8,728,327600000,327600100,23496,39161,328050000,328050000
8,729,328050000,328050100,23496,39161,328500000,328500000
8,730,328500000,328500100,23496,39161,328950000,328950000
8,731,328950000,328950100,23496,39161,329400000,329400000
8,732,329400000,329400100,23496,39161,329850000,329850000
8,733,329850000,329850100,23496,39161,330300000,330300000
8,734,330300000,330300100,23496,39161,330750000,330750000
8,735,330750000,330750100,23496,39161,331200000,331200000
8,736,331200000,331200100,23496,39161,331650000,331650000
8,737,331650000,331650100,23496,39161,332100000,332100000
8,738,332100000,332100100,23496,39161,332550000,332550000
8,739,332550000,332550100,23496,39161,333000000,333000000
8,740,333000000,333000100,23496,39161,333450000,333450000
8,741,333450000,333450100,23496,39161,333900000,333900000
8,742,333900000,333900100,23496,39161,334350000,334350000
8,743,334350000,334350100,23496,39161,334800000,334800000
8,744,334800000,334800100,23496,39161,335250000,335250000
8,745,335250000,335250100,23496,39161,335700000,335700000
8,746,335700000,335700100,23496,39161,336150000,336150000
8,747,336150000,336150100,23496,39161,336600000,336600000
8,748,336600000,336600100,23496,39161,337050000,337050000
8,749,337050000,337050100,23496,39161,337500000,337500000
8,750,337500000,337500100,23496,39161,337950000,337950000
8,751,337950000,337950100,23496,39161,338400000,338400000
8,752,338400000,338400100,23496,39161,338850000,338850000
8,753,338850000,338850100,23496,39161,339300000,339300000
8,754,339300000,339300100,23496,39161,339750000,339750000
8,755,339750000,339750100,23496,39161,340200000,340200000
8,756,340200000,340200100,23496,39161,340650000,340650000
8,757,340650000,340650100,23496,39161,341100000,341100000
8,758,341100000,341100100,23496,39161,341550000,341550000
8,759,341550000,341550100,23496,39161,342000000,342000000
8,760,342000000,342000100,23496,39161,342450000,342450000
8,761,342450000,342450100,23496,39161,342900000,342900000
8,762,342900000,342900100,23496,39161,343350000,343350000
8,763,343350000,343350100,23496,39161,343800000,343800000
8,764,343800000,343800100,23496,39161,344250000,344250000
8,765,344250000,344250100,23496,39161,344700000,344700000
8,766,344700000,344700100,23496,39161,345150000,345150000
8,767,345150000,345150100,23496,39161,345600000,345600000
8,768,345600000,345600100,23496,39161,346050000,346050000
8,769,346050000,346050100,23496,39161,346500000,346500000
8,770,346500000,346500100,23496,39161,346950000,346950000
8,771,346950000,346950100,23496,39161,347400000,347400000
8,772,347400000,347400100,23496,39161,347850000,347850000
8,773,347850000,347850100,23496,39161,348300000,348300000
8,774,348300000,348300100,23496,39161,348750000,348750000
8,775,348750000,348750100,23496,39161,349200000,349200000
8,776,349200000,349200100,23496,39161,349650000,349650000
8,777,349650000,349650100,23496,39161,350100000,350100000
8,778,350100000,350100100,23496,39161,350550000,350550000
8,779,350550000,350550100,23496,39161,351000000,351000000
8,780,351000000,351000100,23496,39161,351450000,351450000
8,781,351450000,351450100,23496,39161,351900000,351900000
8,782,351900000,351900100,23496,39161,352350000,352350000
8,783,352350000,352350100,23496,39161,352800000,352800000
8,784,352800000,352800100,23496,39161,353250000,353250000
8,785,353250000,353250100,23496,39161,353700000,353700000
8,786,353700000,353700100,23496,39161,354150000,354150000
8,787,354150000,354150100,23496,39161,354600000,354600000
8,788,354600000,354600100,23496,39161,355050000,355050000
8,789,355050000,355050100,23496,39161,355500000,355500000
8,790,355500000,355500100,23496,39161,355950000,355950000
8,791,355950000,355950100,23496,39161,356400000,356400000
8,792,356400000,356400100,23496,39161,356850000,356850000
8,793,356850000,356850100,23496,39161,357300000,357300000
8,794,357300000,357300100,23496,39161,357750000,357750000
8,795,357750000,357750100,23496,39161,358200000,358200000
8,796,358200000,358200100,23496,39161,358650000,358650000
8,797,358650000,358650100,23496,39161,359100000,359100000
8,798,359100000,359100100,23496,39161,359550000,359550000
8,799,359550000,359550100,23496,39161,360000000,360000000
8,800,360000000,360000100,23496,39161,360450000,360450000
8,801,360450000,360450100,23496,39161,360900000,360900000
8,802,360900000,360900100,23496,39161,361350000,361350000
8,803,361350000,361350100,23496,39161,361800000,361800000
8,804,361800000,361800100,23496,39161,362250000,362250000
8,805,362250000,362250100,23496,39161,362700000,362700000
8,806,362700000,362700100,23496,39161,363150000,363150000
8,807,363150000,363150100,23496,39161,363600000,363600000
8,808,363600000,363600100,23496,39161,364050000,364050000
8,809,364050000,364050100,23496,39161,364500000,364500000
8,810,364500000,364500100,23496,39161,364950000,364950000
8,811,364950000,364950100,23496,39161,365400000,365400000
8,812,365400000,365400100,23496,39161,365850000,365850000
8,813,365850000,365850100,23496,39161,366300000,366300000
8,814,366300000,366300100,23496,39161,366750000,366750000
8,815,366750000,366750100,23496,39161,367200000,367200000
8,816,367200000,367200100,23496,39161,367650000,367650000
8,817,367650000,367650100,23496,39161,368100000,368100000
8,818,368100000,368100100,23496,39161,368550000,368550000
8,819,368550000,368550100,23496,39161,369000000,369000000
8,820,369000000,369000100,23496,39161,369450000,369450000
8,821,369450000,369450100,23496,39161,369900000,369900000
8,822,369900000,369900100,23496,39161,370350000,370350000
8,823,370350000,370350100,23496,39161,370800000,370800000
8,824,370800000,370800100,23496,39161,371250000,371250000
8,825,371250000,371250100,23496,39161,371700000,371700000
8,826,371700000,371700100,23496,39161,372150000,372150000
8,827,372150000,372150100,23496,39161,372600000,372600000
8,828,372600000,372600100,23496,39161,373050000,373050000
8,829,373050000,373050100,23496,39161,373500000,373500000
8,830,373500000,373500100,23496,39161,373950000,373950000
8,831,373950000,373950100,23496,39161,374400000,374400000
8,832,374400000,374400100,23496,39161,374850000,374850000
8,833,374850000,374850100,23496,39161,375300000,375300000
8,834,375300000,375300100,23496,39161,375750000,375750000
8,835,375750000,375750100,23496,39161,376200000,376200000
8,836,376200000,376200100,23496,39161,376650000,376650000
8,837,376650000,376650100,23496,39161,377100000,377100000
8,838,377100000,377100100,23496,39161,377550000,377550000
8,839,377550000,377550100,23496,39161,378000000,378000000
8,840,378000000,378000100,23496,39161,378450000,378450000
8,841,378450000,378450100,23496,39161,378900000,378900000
8,842,378900000,378900100,23496,39161,379350000,379350000
8,843,379350000,379350100,23496,39161,379800000,379800000
8,844,379800000,379800100,23496,39161,380250000,380250000
8,845,380250000,380250100,23496,39161,380700000,380700000
8,846,380700000,380700100,23496,39161,381150000,381150000
8,847,381150000,381150100,23496,39161,381600000,381600000
8,848,381600000,381600100,23496,39161,382050000,382050000
8,849,382050000,382050100,23496,39161,382500000,382500000
8,850,382500000,382500100,23496,39161,382950000,382950000
8,851,382950000,382950100,23496,39161,383400000,383400000
8,852,383400000,383400100,23496,39161,383850000,383850000
8,853,383850000,383850100,23496,39161,384300000,384300000
8,854,384300000,384300100,23496,39161,384750000,384750000
8,855,384750000,384750100,23496,39161,385200000,385200000
8,856,385200000,385200100,23496,39161,385650000,385650000
8,857,385650000,385650100,23496,39161,386100000,386100000
8,858,386100000,386100100,23496,39161,386550000,386550000
8,859,386550000,386550100,23496,39161,387000000,387000000
8,860,387000000,387000100,23496,39161,387450000,387450000
8,861,387450000,387450100,23496,39161,387900000,387900000
8,862,387900000,387900100,23496,39161,388350000,388350000
8,863,388350000,388350100,23496,39161,388800000,388800000
8,864,388800000,388800100,23496,39161,389250000,389250000
8,865,389250000,389250100,23496,39161,389700000,389700000
8,866,389700000,389700100,23496,39161,390150000,390150000
8,867,390150000,390150100,23496,39161,390600000,390600000
8,868,390600000,390600100,23496,39161,391050000,391050000
8,869,391050000,391050100,23496,39161,391500000,391500000
8,870,391500000,391500100,23496,39161,391950000,391950000
8,871,391950000,391950100,23496,39161,392400000,392400000
8,872,392400000,392400100,23496,39161,392850000,392850000
8,873,392850000,392850100,23496,39161,393300000,393300000
8,874,393300000,393300100,23496,39161,393750000,393750000
8,875,393750000,393750100,23496,39161,394200000,394200000
8,876,394200000,394200100,23496,39161,394650000,394650000
8,877,394650000,394650100,23496,39161,395100000,395100000
8,878,395100000,395100100,23496,39161,395550000,395550000
8,879,395550000,395550100,23496,39161,396000000,396000000
8,880,396000000,396000100,23496,39161,396450000,396450000
8,881,396450000,396450100,23496,39161,396900000,396900000
8,882,396900000,396900100,23496,39161,397350000,397350000
8,883,397350000,397350100,23496,39161,397800000,397800000
8,884,397800000,397800100,23496,39161,398250000,398250000
8,885,398250000,398250100,23496,39161,398700000,398700000
8,886,398700000,398700100,23496,39161,399150000,399150000
8,887,399150000,399150100,23496,39161,399600000,399600000
8,888,399600000,399600100,23496,39161,400050000,400050000
8,889,400050000,400050100,23496,39161,400500000,400500000
8,890,400500000,400500100,23496,39161,400950000,400950000
8,891,400950000,400950100,23496,39161,401400000,401400000
8,892,401400000,401400100,23496,39161,401850000,401850000
8,893,401850000,401850100,23496,39161,402300000,402300000
8,894,402300000,402300100,23496,39161,402750000,402750000
8,895,402750000,402750100,23496,39161,403200000,403200000
8,896,403200000,403200100,23496,39161,403650000,403650000
8,897,403650000,403650100,23496,39161,404100000,404100000
8,898,404100000,404100100,23496,39161,404550000,404550000
8,899,404550000,404550100,23496,39161,405000000,405000000
8,900,405000000,405000100,23496,39161,405450000,405450000
8,901,405450000,405450100,23496,39161,405900000,405900000
8,902,405900000,405900100,23496,39161,406350000,406350000
8,903,406350000,406350100,23496,39161,406800000,406800000
8,904,406800000,406800100,23496,39161,407250000,407250000
8,905,407250000,407250100,23496,39161,407700000,407700000
8,906,407700000,407700100,23496,39161,408150000,408150000
8,907,408150000,408150100,23496,39161,408600000,408600000
8,908,408600000,408600100,23496,39161,409050000,409050000
8,909,409050000,409050100,23496,39161,409500000,409500000
8,910,409500000,409500100,23496,39161,409950000,409950000
8,911,409950000,409950100,23496,39161,410400000,410400000
8,912,410400000,410400100,23496,39161,410850000,410850000
8,913,410850000,410850100,23496,39161,411300000,411300000
8,914,411300000,411300100,23496,39161,411750000,411750000
8,915,411750000,411750100,23496,39161,412200000,412200000
8,916,412200000,412200100,23496,39161,412650000,412650000
8,917,412650000,412650100,23496,39161,413100000,413100000
8,918,413100000,413100100,23496,39161,413550000,413550000
8,919,413550000,413550100,23496,39161,414000000,414000000
8,920,414000000,414000100,23496,39161,414450000,414450000
8,921,414450000,414450100,23496,39161,414900000,414900000
8,922,414900000,414900100,23496,39161,415350000,415350000
8,923,415350000,415350100,23496,39161,415800000,415800000
8,924,415800000,415800100,23496,39161,416250000,416250000
8,925,416250000,416250100,23496,39161,416700000,416700000
8,926,416700000,416700100,23496,39161,417150000,417150000
8,927,417150000,417150100,23496,39161,417600000,417600000
8,928,417600000,417600100,23496,39161,418050000,418050000
8,929,418050000,418050100,23496,39161,418500000,418500000
8,930,418500000,418500100,23496,39161,418950000,418950000
8,931,418950000,418950100,23496,39161,419400000,419400000
8,932,419400000,419400100,23496,39161,419850000,419850000
8,933,419850000,419850100,23496,39161,420300000,420300000
8,934,420300000,420300100,23496,39161,420750000,420750000
8,935,420750000,420750100,23496,39161,421200000,421200000
8,936,421200000,421200100,23496,39161,421650000,421650000
8,937,421650000,421650100,23496,39161,422100000,422100000
8,938,422100000,422100100,23496,39161,422550000,422550000
8,939,422550000,422550100,23496,39161,423000000,423000000
8,940,423000000,423000100,23496,39161,423450000,423450000
8,941,423450000,423450100,23496,39161,423900000,423900000
8,942,423900000,423900100,23496,39161,424350000,424350000
8,943,424350000,424350100,23496,39161,424800000,424800000
8,944,424800000,424800100,23496,39161,425250000,425250000
8,945,425250000,425250100,23496,39161,425700000,425700000
8,946,425700000,425700100,23496,39161,426150000,426150000
8,947,426150000,426150100,23496,39161,426600000,426600000
8,948,426600000,426600100,23496,39161,427050000,427050000
8,949,427050000,427050100,23496,39161,427500000,427500000
8,950,427500000,427500100,23496,39161,427950000,427950000
8,951,427950000,427950100,23496,39161,428400000,428400000
8,952,428400000,428400100,23496,39161,428850000,428850000
8,953,428850000,428850100,23496,39161,429300000,429300000
8,954,429300000,429300100,23496,39161,429750000,429750000
8,955,429750000,429750100,23496,39161,430200000,430200000
8,956,430200000,430200100,23496,39161,430650000,430650000
8,957,430650000,430650100,23496,39161,431100000,431100000
8,958,431100000,431100100,23496,39161,431550000,431550000
8,959,431550000,431550100,23496,39161,432000000,432000000
8,960,432000000,432000100,23496,39161,432450000,432450000
8,961,432450000,432450100,23496,39161,432900000,432900000
8,962,432900000,432900100,23496,39161,433350000,433350000
8,963,433350000,433350100,23496,39161,433800000,433800000
8,964,433800000,433800100,23496,39161,434250000,434250000
8,965,434250000,434250100,23496,39161,434700000,434700000
8,966,434700000,434700100,23496,39161,435150000,435150000
8,967,435150000,435150100,23496,39161,435600000,435600000
8,968,435600000,435600100,23496,39161,436050000,436050000
8,969,436050000,436050100,23496,39161,436500000,436500000
8,970,436500000,436500100,23496,39161,436950000,436950000
8,971,436950000,436950100,23496,39161,437400000,437400000
8,972,437400000,437400100,23496,39161,437850000,437850000
8,973,437850000,437850100,23496,39161,438300000,438300000
8,974,438300000,438300100,23496,39161,438750000,438750000
8,975,438750000,438750100,23496,39161,439200000,439200000
8,976,439200000,439200100,23496,39161,439650000,439650000
8,977,439650000,439650100,23496,39161,440100000,440100000
8,978,440100000,440100100,23496,39161,440550000,440550000
8,979,440550000,440550100,23496,39161,441000000,441000000
8,980,441000000,441000100,23496,39161,441450000,441450000
8,981,441450000,441450100,23496,39161,441900000,441900000
8,982,441900000,441900100,23496,39161,442350000,442350000
8,983,442350000,442350100,23496,39161,442800000,442800000
8,984,442800000,442800100,23496,39161,443250000,443250000
8,985,443250000,443250100,23496,39161,443700000,443700000
8,986,443700000,443700100,23496,39161,444150000,444150000
8,987,444150000,444150100,23496,39161,444600000,444600000
8,988,444600000,444600100,23496,39161,445050000,445050000
8,989,445050000,445050100,23496,39161,445500000,445500000
8,990,445500000,445500100,23496,39161,445950000,445950000
8,991,445950000,445950100,23496,39161,446400000,446400000
8,992,446400000,446400100,23496,39161,446850000,446850000
8,993,446850000,446850100,23496,39161,447300000,447300000
8,994,447300000,447300100,23496,39161,447750000,447750000
8,995,447750000,447750100,23496,39161,448200000,448200000
8,996,448200000,448200100,23496,39161,448650000,448650000
8,997,448650000,448650100,23496,39161,449100000,449100000
8,998,449100000,449100100,23496,39161,449550000,449550000
8,999,449550000,449550100,23496,39161,450000000,450000000
8,1000,450000000,450000100,23496,39161,450450000,450450000
8,1001,450450000,450450100,23496,39161,450900000,450900000
8,1002,450900000,450900100,23496,39161,451350000,451350000
8,1003,451350000,451350100,23496,39161,451800000,451800000
8,1004,451800000,451800100,23496,39161,452250000,452250000
8,1005,452250000,452250100,23496,39161,452700000,452700000
8,1006,452700000,452700100,23496,39161,453150000,453150000
8,1007,453150000,453150100,23496,39161,453600000,453600000
8,1008,453600000,453600100,23496,39161,454050000,454050000
8,1009,454050000,454050100,23496,39161,454500000,454500000
8,1010,454500000,454500100,23496,39161,454950000,454950000
8,1011,454950000,454950100,23496,39161,455400000,455400000
8,1012,455400000,455400100,23496,39161,455850000,455850000
8,1013,455850000,455850100,23496,39161,456300000,456300000
8,1014,456300000,456300100,23496,39161,456750000,456750000
8,1015,456750000,456750100,23496,39161,457200000,457200000
8,1016,457200000,457200100,23496,39161,457650000,457650000
8,1017,457650000,457650100,23496,39161,458100000,458100000
8,1018,458100000,458100100,23496,39161,458550000,458550000
8,1019,458550000,458550100,23496,39161,459000000,459000000
8,1020,459000000,459000100,23496,39161,459450000,459450000
8,1021,459450000,459450100,23496,39161,459900000,459900000
8,1022,459900000,459900100,23496,39161,460350000,460350000
8,1023,460350000,460350100,23496,39161,460800000,460800000
8,1024,460800000,460800100,23496,39161,461250000,461250000
8,1025,461250000,461250100,23496,39161,461700000,461700000
8,1026,461700000,461700100,23496,39161,462150000,462150000
8,1027,462150000,462150100,23496,39161,462600000,462600000
8,1028,462600000,462600100,23496,39161,463050000,463050000
8,1029,463050000,463050100,23496,39161,463500000,463500000
8,1030,463500000,463500100,23496,39161,463950000,463950000
8,1031,463950000,463950100,23496,39161,464400000,464400000
8,1032,464400000,464400100,23496,39161,464850000,464850000
8,1033,464850000,464850100,23496,39161,465300000,465300000
8,1034,465300000,465300100,23496,39161,465750000,465750000
8,1035,465750000,465750100,23496,39161,466200000,466200000
8,1036,466200000,466200100,23496,39161,466650000,466650000
8,1037,466650000,466650100,23496,39161,467100000,467100000
8,1038,467100000,467100100,23496,39161,467550000,467550000
8,1039,467550000,467550100,23496,39161,468000000,468000000
8,1040,468000000,468000100,23496,39161,468450000,468450000
8,1041,468450000,468450100,23496,39161,468900000,468900000
8,1042,468900000,468900100,23496,39161,469350000,469350000
8,1043,469350000,469350100,23496,39161,469800000,469800000
8,1044,469800000,469800100,23496,39161,470250000,470250000
8,1045,470250000,470250100,23496,39161,470700000,470700000
8,1046,470700000,470700100,23496,39161,471150000,471150000
8,1047,471150000,471150100,23496,39161,471600000,471600000
8,1048,471600000,471600100,23496,39161,472050000,472050000
8,1049,472050000,472050100,23496,39161,472500000,472500000
8,1050,472500000,472500100,23496,39161,472950000,472950000
8,1051,472950000,472950100,23496,39161,473400000,473400000
8,1052,473400000,473400100,23496,39161,473850000,473850000
8,1053,473850000,473850100,23496,39161,474300000,474300000
8,1054,474300000,474300100,23496,39161,474750000,474750000
8,1055,474750000,474750100,23496,39161,475200000,475200000
8,1056,475200000,475200100,23496,39161,475650000,475650000
8,1057,475650000,475650100,23496,39161,476100000,476100000
8,1058,476100000,476100100,23496,39161,476550000,476550000
8,1059,476550000,476550100,23496,39161,477000000,477000000
8,1060,477000000,477000100,23496,39161,477450000,477450000
8,1061,477450000,477450100,23496,39161,477900000,477900000
8,1062,477900000,477900100,23496,39161,478350000,478350000
8,1063,478350000,478350100,23496,39161,478800000,478800000
8,1064,478800000,478800100,23496,39161,479250000,479250000
8,1065,479250000,479250100,23496,39161,479700000,479700000
8,1066,479700000,479700100,23496,39161,480150000,480150000
8,1067,480150000,480150100,23496,39161,480600000,480600000
8,1068,480600000,480600100,23496,39161,481050000,481050000
8,1069,481050000,481050100,23496,39161,481500000,481500000
8,1070,481500000,481500100,23496,39161,481950000,481950000
8,1071,481950000,481950100,23496,39161,482400000,482400000
8,1072,482400000,482400100,23496,39161,482850000,482850000
8,1073,482850000,482850100,23496,39161,483300000,483300000
8,1074,483300000,483300100,23496,39161,483750000,483750000
8,1075,483750000,483750100,23496,39161,484200000,484200000
8,1076,484200000,484200100,23496,39161,484650000,484650000
8,1077,484650000,484650100,23496,39161,485100000,485100000
8,1078,485100000,485100100,23496,39161,485550000,485550000
8,1079,485550000,485550100,23496,39161,486000000,486000000
8,1080,486000000,486000100,23496,39161,486450000,486450000
8,1081,486450000,486450100,23496,39161,486900000,486900000
8,1082,486900000,486900100,23496,39161,487350000,487350000
8,1083,487350000,487350100,23496,39161,487800000,487800000
8,1084,487800000,487800100,23496,39161,488250000,488250000
8,1085,488250000,488250100,23496,39161,488700000,488700000
8,1086,488700000,488700100,23496,39161,489150000,489150000
8,1087,489150000,489150100,23496,39161,489600000,489600000
8,1088,489600000,489600100,23496,39161,490050000,490050000
8,1089,490050000,490050100,23496,39161,490500000,490500000
8,1090,490500000,490500100,23496,39161,490950000,490950000
8,1091,490950000,490950100,23496,39161,491400000,491400000
8,1092,491400000,491400100,23496,39161,491850000,491850000
8,1093,491850000,491850100,23496,39161,492300000,492300000
8,1094,492300000,492300100,23496,39161,492750000,492750000
8,1095,492750000,492750100,23496,39161,493200000,493200000
8,1096,493200000,493200100,23496,39161,493650000,493650000
8,1097,493650000,493650100,23496,39161,494100000,494100000
8,1098,494100000,494100100,23496,39161,494550000,494550000
8,1099,494550000,494550100,23496,39161,495000000,495000000
8,1100,495000000,495000100,23496,39161,495450000,495450000
8,1101,495450000,495450100,23496,39161,495900000,495900000
8,1102,495900000,495900100,23496,39161,496350000,496350000
8,1103,496350000,496350100,23496,39161,496800000,496800000
8,1104,496800000,496800100,23496,39161,497250000,497250000
8,1105,497250000,497250100,23496,39161,497700000,497700000
8,1106,497700000,497700100,23496,39161,498150000,498150000
8,1107,498150000,498150100,23496,39161,498600000,498600000
8,1108,498600000,498600100,23496,39161,499050000,499050000
8,1109,499050000,499050100,23496,39161,499500000,499500000
8,1110,499500000,499500100,23496,39161,499950000,499950000
8,1111,499950000,499950100,23496,39161,500400000,500400000
8,1112,500400000,500400100,23496,39161,500850000,500850000
8,1113,500850000,500850100,23496,39161,501300000,501300000
8,1114,501300000,501300100,23496,39161,501750000,501750000
8,1115,501750000,501750100,23496,39161,502200000,502200000
8,1116,502200000,502200100,23496,39161,502650000,502650000
8,1117,502650000,502650100,23496,39161,503100000,503100000
8,1118,503100000,503100100,23496,39161,503550000,503550000
8,1119,503550000,503550100,23496,39161,504000000,504000000
8,1120,504000000,504000100,23496,39161,504450000,504450000
8,1121,504450000,504450100,23496,39161,504900000,504900000
8,1122,504900000,504900100,23496,39161,505350000,505350000
8,1123,505350000,505350100,23496,39161,505800000,505800000
8,1124,505800000,505800100,23496,39161,506250000,506250000
8,1125,506250000,506250100,23496,39161,506700000,506700000
8,1126,506700000,506700100,23496,39161,507150000,507150000
8,1127,507150000,507150100,23496,39161,507600000,507600000
8,1128,507600000,507600100,23496,39161,508050000,508050000
8,1129,508050000,508050100,23496,39161,508500000,508500000
8,1130,508500000,508500100,23496,39161,508950000,508950000
8,1131,508950000,508950100,23496,39161,509400000,509400000
8,1132,509400000,509400100,23496,39161,509850000,509850000
8,1133,509850000,509850100,23496,39161,510300000,510300000
8,1134,510300000,510300100,23496,39161,510750000,510750000
8,1135,510750000,510750100,23496,39161,511200000,511200000
8,1136,511200000,511200100,23496,39161,511650000,511650000
8,1137,511650000,511650100,23496,39161,512100000,512100000
8,1138,512100000,512100100,23496,39161,512550000,512550000
8,1139,512550000,512550100,23496,39161,513000000,513000000
8,1140,513000000,513000100,23496,39161,513450000,513450000
8,1141,513450000,513450100,23496,39161,513900000,513900000
8,1142,513900000,513900100,23496,39161,514350000,514350000
8,1143,514350000,514350100,23496,39161,514800000,514800000
8,1144,514800000,514800100,23496,39161,515250000,515250000
8,1145,515250000,515250100,23496,39161,515700000,515700000
8,1146,515700000,515700100,23496,39161,516150000,516150000
8,1147,516150000,516150100,23496,39161,516600000,516600000
8,1148,516600000,516600100,23496,39161,517050000,517050000
8,1149,517050000,517050100,23496,39161,517500000,517500000
8,1150,517500000,517500100,23496,39161,517950000,517950000
8,1151,517950000,517950100,23496,39161,518400000,518400000
8,1152,518400000,518400100,23496,39161,518850000,518850000
8,1153,518850000,518850100,23496,39161,519300000,519300000
8,1154,519300000,519300100,23496,39161,519750000,519750000
8,1155,519750000,519750100,23496,39161,520200000,520200000
8,1156,520200000,520200100,23496,39161,520650000,520650000
8,1157,520650000,520650100,23496,39161,521100000,521100000
8,1158,521100000,521100100,23496,39161,521550000,521550000
8,1159,521550000,521550100,23496,39161,522000000,522000000
8,1160,522000000,522000100,23496,39161,522450000,522450000
8,1161,522450000,522450100,23496,39161,522900000,522900000
8,1162,522900000,522900100,23496,39161,523350000,523350000
8,1163,523350000,523350100,23496,39161,523800000,523800000
8,1164,523800000,523800100,23496,39161,524250000,524250000
8,1165,524250000,524250100,23496,39161,524700000,524700000
8,1166,524700000,524700100,23496,39161,525150000,525150000
8,1167,525150000,525150100,23496,39161,525600000,525600000
8,1168,525600000,525600100,23496,39161,526050000,526050000
8,1169,526050000,526050100,23496,39161,526500000,526500000
8,1170,526500000,526500100,23496,39161,526950000,526950000
8,1171,526950000,526950100,23496,39161,527400000,527400000
8,1172,527400000,527400100,23496,39161,527850000,527850000
8,1173,527850000,527850100,23496,39161,528300000,528300000
8,1174,528300000,528300100,23496,39161,528750000,528750000
8,1175,528750000,528750100,23496,39161,529200000,529200000
8,1176,529200000,529200100,23496,39161,529650000,529650000
8,1177,529650000,529650100,23496,39161,530100000,530100000
8,1178,530100000,530100100,23496,39161,530550000,530550000
8,1179,530550000,530550100,23496,39161,531000000,531000000
8,1180,531000000,531000100,23496,39161,531450000,531450000
8,1181,531450000,531450100,23496,39161,531900000,531900000
8,1182,531900000,531900100,23496,39161,532350000,532350000
8,1183,532350000,532350100,23496,39161,532800000,532800000
8,1184,532800000,532800100,23496,39161,533250000,533250000
8,1185,533250000,533250100,23496,39161,533700000,533700000
8,1186,533700000,533700100,23496,39161,534150000,534150000
8,1187,534150000,534150100,23496,39161,534600000,534600000
8,1188,534600000,534600100,23496,39161,535050000,535050000
8,1189,535050000,535050100,23496,39161,535500000,535500000
8,1190,535500000,535500100,23496,39161,535950000,535950000
8,1191,535950000,535950100,23496,39161,536400000,536400000
8,1192,536400000,536400100,23496,39161,536850000,536850000
8,1193,536850000,536850100,23496,39161,537300000,537300000
8,1194,537300000,537300100,23496,39161,537750000,537750000
8,1195,537750000,537750100,23496,39161,538200000,538200000
8,1196,538200000,538200100,23496,39161,538650000,538650000
8,1197,538650000,538650100,23496,39161,539100000,539100000
8,1198,539100000,539100100,23496,39161,539550000,539550000
8,1199,539550000,539550100,23496,39161,540000000,540000000
8,1200,540000000,540000100,23496,39161,540450000,540450000
8,1201,540450000,540450100,23496,39161,540900000,540900000
8,1202,540900000,540900100,23496,39161,541350000,541350000
8,1203,541350000,541350100,23496,39161,541800000,541800000
8,1204,541800000,541800100,23496,39161,542250000,542250000
8,1205,542250000,542250100,23496,39161,542700000,542700000
8,1206,542700000,542700100,23496,39161,543150000,543150000
8,1207,543150000,543150100,23496,39161,543600000,543600000
8,1208,543600000,543600100,23496,39161,544050000,544050000
8,1209,544050000,544050100,23496,39161,544500000,544500000
8,1210,544500000,544500100,23496,39161,544950000,544950000
8,1211,544950000,544950100,23496,39161,545400000,545400000
8,1212,545400000,545400100,23496,39161,545850000,545850000
8,1213,545850000,545850100,23496,39161,546300000,546300000
8,1214,546300000,546300100,23496,39161,546750000,546750000
8,1215,546750000,546750100,23496,39161,547200000,547200000
8,1216,547200000,547200100,23496,39161,547650000,547650000
8,1217,547650000,547650100,23496,39161,548100000,548100000
8,1218,548100000,548100100,23496,39161,548550000,548550000
8,1219,548550000,548550100,23496,39161,549000000,549000000
8,1220,549000000,549000100,23496,39161,549450000,549450000
8,1221,549450000,549450100,23496,39161,549900000,549900000
8,1222,549900000,549900100,23496,39161,550350000,550350000
8,1223,550350000,550350100,23496,39161,550800000,550800000
8,1224,550800000,550800100,23496,39161,551250000,551250000
8,1225,551250000,551250100,23496,39161,551700000,551700000
8,1226,551700000,551700100,23496,39161,552150000,552150000
8,1227,552150000,552150100,23496,39161,552600000,552600000
8,1228,552600000,552600100,23496,39161,553050000,553050000
8,1229,553050000,553050100,23496,39161,553500000,553500000
8,1230,553500000,553500100,23496,39161,553950000,553950000
8,1231,553950000,553950100,23496,39161,554400000,554400000
8,1232,554400000,554400100,23496,39161,554850000,554850000
8,1233,554850000,554850100,23496,39161,555300000,555300000
8,1234,555300000,555300100,23496,39161,555750000,555750000
8,1235,555750000,555750100,23496,39161,556200000,556200000
8,1236,556200000,556200100,23496,39161,556650000,556650000
8,1237,556650000,556650100,23496,39161,557100000,557100000
8,1238,557100000,557100100,23496,39161,557550000,557550000
8,1239,557550000,557550100,23496,39161,558000000,558000000
8,1240,558000000,558000100,23496,39161,558450000,558450000
8,1241,558450000,558450100,23496,39161,558900000,558900000
8,1242,558900000,558900100,23496,39161,559350000,559350000
8,1243,559350000,559350100,23496,39161,559800000,559800000
8,1244,559800000,559800100,23496,39161,560250000,560250000
8,1245,560250000,560250100,23496,39161,560700000,560700000
8,1246,560700000,560700100,23496,39161,561150000,561150000
8,1247,561150000,561150100,23496,39161,561600000,561600000
8,1248,561600000,561600100,23496,39161,562050000,562050000
8,1249,562050000,562050100,23496,39161,562500000,562500000
8,1250,562500000,562500100,23496,39161,562950000,562950000
8,1251,562950000,562950100,23496,39161,563400000,563400000
8,1252,563400000,563400100,23496,39161,563850000,563850000
8,1253,563850000,563850100,23496,39161,564300000,564300000
8,1254,564300000,564300100,23496,39161,564750000,564750000
8,1255,564750000,564750100,23496,39161,565200000,565200000
8,1256,565200000,565200100,23496,39161,565650000,565650000
8,1257,565650000,565650100,23496,39161,566100000,566100000
8,1258,566100000,566100100,23496,39161,566550000,566550000
8,1259,566550000,566550100,23496,39161,567000000,567000000
8,1260,567000000,567000100,23496,39161,567450000,567450000
8,1261,567450000,567450100,23496,39161,567900000,567900000
8,1262,567900000,567900100,23496,39161,568350000,568350000
8,1263,568350000,568350100,23496,39161,568800000,568800000
8,1264,568800000,568800100,23496,39161,569250000,569250000
8,1265,569250000,569250100,23496,39161,569700000,569700000
8,1266,569700000,569700100,23496,39161,570150000,570150000
8,1267,570150000,570150100,23496,39161,570600000,570600000
8,1268,570600000,570600100,23496,39161,571050000,571050000
8,1269,571050000,571050100,23496,39161,571500000,571500000
8,1270,571500000,571500100,23496,39161,571950000,571950000
8,1271,571950000,571950100,23496,39161,572400000,572400000
8,1272,572400000,572400100,23496,39161,572850000,572850000
8,1273,572850000,572850100,23496,39161,573300000,573300000
8,1274,573300000,573300100,23496,39161,573750000,573750000
8,1275,573750000,573750100,23496,39161,574200000,574200000
8,1276,574200000,574200100,23496,39161,574650000,574650000
8,1277,574650000,574650100,23496,39161,575100000,575100000
8,1278,575100000,575100100,23496,39161,575550000,575550000
8,1279,575550000,575550100,23496,39161,576000000,576000000
8,1280,576000000,576000100,23496,39161,576450000,576450000
8,1281,576450000,576450100,23496,39161,576900000,576900000
8,1282,576900000,576900100,23496,39161,577350000,577350000
8,1283,577350000,577350100,23496,39161,577800000,577800000
8,1284,577800000,577800100,23496,39161,578250000,578250000
8,1285,578250000,578250100,23496,39161,578700000,578700000
8,1286,578700000,578700100,23496,39161,579150000,579150000
8,1287,579150000,579150100,23496,39161,579600000,579600000
8,1288,579600000,579600100,23496,39161,580050000,580050000
8,1289,580050000,580050100,23496,39161,580500000,580500000
8,1290,580500000,580500100,23496,39161,580950000,580950000
8,1291,580950000,580950100,23496,39161,581400000,581400000
8,1292,581400000,581400100,23496,39161,581850000,581850000
8,1293,581850000,581850100,23496,39161,582300000,582300000
8,1294,582300000,582300100,23496,39161,582750000,582750000
8,1295,582750000,582750100,23496,39161,583200000,583200000
8,1296,583200000,583200100,23496,39161,583650000,583650000
8,1297,583650000,583650100,23496,39161,584100000,584100000
8,1298,584100000,584100100,23496,39161,584550000,584550000
8,1299,584550000,584550100,23496,39161,585000000,585000000
8,1300,585000000,585000100,23496,39161,585450000,585450000
8,1301,585450000,585450100,23496,39161,585900000,585900000
8,1302,585900000,585900100,23496,39161,586350000,586350000
8,1303,586350000,586350100,23496,39161,586800000,586800000
8,1304,586800000,586800100,23496,39161,587250000,587250000
8,1305,587250000,587250100,23496,39161,587700000,587700000
8,1306,587700000,587700100,23496,39161,588150000,588150000
8,1307,588150000,588150100,23496,39161,588600000,588600000
8,1308,588600000,588600100,23496,39161,589050000,589050000
8,1309,589050000,589050100,23496,39161,589500000,589500000
8,1310,589500000,589500100,23496,39161,589950000,589950000
8,1311,589950000,589950100,23496,39161,590400000,590400000
8,1312,590400000,590400100,23496,39161,590850000,590850000
8,1313,590850000,590850100,23496,39161,591300000,591300000
8,1314,591300000,591300100,23496,39161,591750000,591750000
8,1315,591750000,591750100,23496,39161,592200000,592200000
8,1316,592200000,592200100,23496,39161,592650000,592650000
8,1317,592650000,592650100,23496,39161,593100000,593100000
8,1318,593100000,593100100,23496,39161,593550000,593550000
8,1319,593550000,593550100,23496,39161,594000000,594000000
8,1320,594000000,594000100,23496,39161,594450000,594450000
8,1321,594450000,594450100,23496,39161,594900000,594900000
8,1322,594900000,594900100,23496,39161,595350000,595350000
8,1323,595350000,595350100,23496,39161,595800000,595800000
8,1324,595800000,595800100,23496,39161,596250000,596250000
8,1325,596250000,596250100,23496,39161,596700000,596700000
8,1326,596700000,596700100,23496,39161,597150000,597150000
8,1327,597150000,597150100,23496,39161,597600000,597600000
8,1328,597600000,597600100,23496,39161,598050000,598050000
8,1329,598050000,598050100,23496,39161,598500000,598500000
8,1330,598500000,598500100,23496,39161,598950000,598950000
8,1331,598950000,598950100,23496,39161,599400000,599400000
8,1332,599400000,599400100,23496,39161,599850000,599850000
8,1333,599850000,599850100,23496,39161,600300000,600300000
8,1334,600300000,600300100,23496,39161,600750000,600750000
8,1335,600750000,600750100,23496,39161,601200000,601200000
8,1336,601200000,601200100,23496,39161,601650000,601650000
8,1337,601650000,601650100,23496,39161,602100000,602100000
8,1338,602100000,602100100,23496,39161,602550000,602550000
8,1339,602550000,602550100,23496,39161,603000000,603000000
8,1340,603000000,603000100,23496,39161,603450000,603450000
8,1341,603450000,603450100,23496,39161,603900000,603900000
8,1342,603900000,603900100,23496,39161,604350000,604350000
8,1343,604350000,604350100,23496,39161,604800000,604800000
8,1344,604800000,604800100,23496,39161,605250000,605250000
8,1345,605250000,605250100,23496,39161,605700000,605700000
8,1346,605700000,605700100,23496,39161,606150000,606150000
8,1347,606150000,606150100,23496,39161,606600000,606600000
8,1348,606600000,606600100,23496,39161,607050000,607050000
8,1349,607050000,607050100,23496,39161,607500000,607500000
8,1350,607500000,607500100,23496,39161,607950000,607950000
8,1351,607950000,607950100,23496,39161,608400000,608400000
8,1352,608400000,608400100,23496,39161,608850000,608850000
8,1353,608850000,608850100,23496,39161,609300000,609300000
8,1354,609300000,609300100,23496,39161,609750000,609750000
8,1355,609750000,609750100,23496,39161,610200000,610200000
8,1356,610200000,610200100,23496,39161,610650000,610650000
8,1357,610650000,610650100,23496,39161,611100000,611100000
8,1358,611100000,611100100,23496,39161,611550000,611550000
8,1359,611550000,611550100,23496,39161,612000000,612000000
8,1360,612000000,612000100,23496,39161,612450000,612450000
8,1361,612450000,612450100,23496,39161,612900000,612900000
8,1362,612900000,612900100,23496,39161,613350000,613350000
8,1363,613350000,613350100,23496,39161,613800000,613800000
8,1364,613800000,613800100,23496,39161,614250000,614250000
8,1365,614250000,614250100,23496,39161,614700000,614700000
8,1366,614700000,614700100,23496,39161,615150000,615150000
8,1367,615150000,615150100,23496,39161,615600000,615600000
8,1368,615600000,615600100,23496,39161,616050000,616050000
8,1369,616050000,616050100,23496,39161,616500000,616500000
8,1370,616500000,616500100,23496,39161,616950000,616950000
8,1371,616950000,616950100,23496,39161,617400000,617400000
8,1372,617400000,617400100,23496,39161,617850000,617850000
8,1373,617850000,617850100,23496,39161,618300000,618300000
8,1374,618300000,618300100,23496,39161,618750000,618750000
8,1375,618750000,618750100,23496,39161,619200000,619200000
8,1376,619200000,619200100,23496,39161,619650000,619650000
8,1377,619650000,619650100,23496,39161,620100000,620100000
8,1378,620100000,620100100,23496,39161,620550000,620550000
8,1379,620550000,620550100,23496,39161,621000000,621000000
8,1380,621000000,621000100,23496,39161,621450000,621450000
8,1381,621450000,621450100,23496,39161,621900000,621900000
8,1382,621900000,621900100,23496,39161,622350000,622350000
8,1383,622350000,622350100,23496,39161,622800000,622800000
8,1384,622800000,622800100,23496,39161,623250000,623250000
8,1385,623250000,623250100,23496,39161,623700000,623700000
8,1386,623700000,623700100,23496,39161,624150000,624150000
8,1387,624150000,624150100,23496,39161,624600000,624600000
8,1388,624600000,624600100,23496,39161,625050000,625050000
8,1389,625050000,625050100,23496,39161,625500000,625500000
8,1390,625500000,625500100,23496,39161,625950000,625950000
8,1391,625950000,625950100,23496,39161,626400000,626400000
8,1392,626400000,626400100,23496,39161,626850000,626850000
8,1393,626850000,626850100,23496,39161,627300000,627300000
8,1394,627300000,627300100,23496,39161,627750000,627750000
8,1395,627750000,627750100,23496,39161,628200000,628200000
8,1396,628200000,628200100,23496,39161,628650000,628650000
8,1397,628650000,628650100,23496,39161,629100000,629100000
8,1398,629100000,629100100,23496,39161,629550000,629550000
8,1399,629550000,629550100,23496,39161,630000000,630000000
8,1400,630000000,630000100,23496,39161,630450000,630450000
8,1401,630450000,630450100,23496,39161,630900000,630900000
8,1402,630900000,630900100,23496,39161,631350000,631350000
8,1403,631350000,631350100,23496,39161,631800000,631800000
8,1404,631800000,631800100,23496,39161,632250000,632250000
8,1405,632250000,632250100,23496,39161,632700000,632700000
8,1406,632700000,632700100,23496,39161,633150000,633150000
8,1407,633150000,633150100,23496,39161,633600000,633600000
8,1408,633600000,633600100,23496,39161,634050000,634050000
8,1409,634050000,634050100,23496,39161,634500000,634500000
8,1410,634500000,634500100,23496,39161,634950000,634950000
8,1411,634950000,634950100,23496,39161,635400000,635400000
8,1412,635400000,635400100,23496,39161,635850000,635850000
8,1413,635850000,635850100,23496,39161,636300000,636300000
8,1414,636300000,636300100,23496,39161,636750000,636750000
8,1415,636750000,636750100,23496,39161,637200000,637200000
8,1416,637200000,637200100,23496,39161,637650000,637650000
8,1417,637650000,637650100,23496,39161,638100000,638100000
8,1418,638100000,638100100,23496,39161,638550000,638550000
8,1419,638550000,638550100,23496,39161,639000000,639000000
8,1420,639000000,639000100,23496,39161,639450000,639450000
8,1421,639450000,639450100,23496,39161,639900000,639900000
8,1422,639900000,639900100,23496,39161,640350000,640350000
8,1423,640350000,640350100,23496,39161,640800000,640800000
8,1424,640800000,640800100,23496,39161,641250000,641250000
8,1425,641250000,641250100,23496,39161,641700000,641700000
8,1426,641700000,641700100,23496,39161,642150000,642150000
8,1427,642150000,642150100,23496,39161,642600000,642600000
8,1428,642600000,642600100,23496,39161,643050000,643050000
8,1429,643050000,643050100,23496,39161,643500000,643500000
8,1430,643500000,643500100,23496,39161,643950000,643950000
8,1431,643950000,643950100,23496,39161,644400000,644400000
8,1432,644400000,644400100,23496,39161,644850000,644850000
8,1433,644850000,644850100,23496,39161,645300000,645300000
8,1434,645300000,645300100,23496,39161,645750000,645750000
8,1435,645750000,645750100,23496,39161,646200000,646200000
8,1436,646200000,646200100,23496,39161,646650000,646650000
8,1437,646650000,646650100,23496,39161,647100000,647100000
8,1438,647100000,647100100,23496,39161,647550000,647550000
8,1439,647550000,647550100,23496,39161,648000000,648000000
8,1440,648000000,648000100,23496,39161,648450000,648450000
8,1441,648450000,648450100,23496,39161,648900000,648900000
8,1442,648900000,648900100,23496,39161,649350000,649350000
8,1443,649350000,649350100,23496,39161,649800000,649800000
8,1444,649800000,649800100,23496,39161,650250000,650250000
8,1445,650250000,650250100,23496,39161,650700000,650700000
8,1446,650700000,650700100,23496,39161,651150000,651150000
8,1447,651150000,651150100,23496,39161,651600000,651600000
8,1448,651600000,651600100,23496,39161,652050000,652050000
8,1449,652050000,652050100,23496,39161,652500000,652500000
8,1450,652500000,652500100,23496,39161,652950000,652950000
8,1451,652950000,652950100,23496,39161,653400000,653400000
8,1452,653400000,653400100,23496,39161,653850000,653850000
8,1453,653850000,653850100,23496,39161,654300000,654300000
8,1454,654300000,654300100,23496,39161,654750000,654750000
8,1455,654750000,654750100,23496,39161,655200000,655200000
8,1456,655200000,655200100,23496,39161,655650000,655650000
8,1457,655650000,655650100,23496,39161,656100000,656100000
8,1458,656100000,656100100,23496,39161,656550000,656550000
8,1459,656550000,656550100,23496,39161,657000000,657000000
8,1460,657000000,657000100,23496,39161,657450000,657450000
8,1461,657450000,657450100,23496,39161,657900000,657900000
8,1462,657900000,657900100,23496,39161,658350000,658350000
8,1463,658350000,658350100,23496,39161,658800000,658800000
8,1464,658800000,658800100,23496,39161,659250000,659250000
8,1465,659250000,659250100,23496,39161,659700000,659700000
8,1466,659700000,659700100,23496,39161,660150000,660150000
8,1467,660150000,660150100,23496,39161,660600000,660600000
8,1468,660600000,660600100,23496,39161,661050000,661050000
8,1469,661050000,661050100,23496,39161,661500000,661500000
8,1470,661500000,661500100,23496,39161,661950000,661950000
8,1471,661950000,661950100,23496,39161,662400000,662400000
8,1472,662400000,662400100,23496,39161,662850000,662850000
8,1473,662850000,662850100,23496,39161,663300000,663300000
8,1474,663300000,663300100,23496,39161,663750000,663750000
8,1475,663750000,663750100,23496,39161,664200000,664200000
8,1476,664200000,664200100,23496,39161,664650000,664650000
8,1477,664650000,664650100,23496,39161,665100000,665100000
8,1478,665100000,665100100,23496,39161,665550000,665550000
8,1479,665550000,665550100,23496,39161,666000000,666000000
8,1480,666000000,666000100,23496,39161,666450000,666450000
8,1481,666450000,666450100,23496,39161,666900000,666900000
8,1482,666900000,666900100,23496,39161,667350000,667350000
8,1483,667350000,667350100,23496,39161,667800000,667800000
8,1484,667800000,667800100,23496,39161,668250000,668250000
8,1485,668250000,668250100,23496,39161,668700000,668700000
8,1486,668700000,668700100,23496,39161,669150000,669150000
8,1487,669150000,669150100,23496,39161,669600000,669600000
8,1488,669600000,669600100,23496,39161,670050000,670050000
8,1489,670050000,670050100,23496,39161,670500000,670500000
8,1490,670500000,670500100,23496,39161,670950000,670950000
8,1491,670950000,670950100,23496,39161,671400000,671400000
8,1492,671400000,671400100,23496,39161,671850000,671850000
8,1493,671850000,671850100,23496,39161,672300000,672300000
8,1494,672300000,672300100,23496,39161,672750000,672750000
8,1495,672750000,672750100,23496,39161,673200000,673200000
8,1496,673200000,673200100,23496,39161,673650000,673650000
8,1497,673650000,673650100,23496,39161,674100000,674100000
8,1498,674100000,674100100,23496,39161,674550000,674550000
8,1499,674550000,674550100,23496,39161,675000000,675000000
8,1500,675000000,675000100,23496,39161,675450000,675450000
8,1501,675450000,675450100,23496,39161,675900000,675900000
8,1502,675900000,675900100,23496,39161,676350000,676350000
8,1503,676350000,676350100,23496,39161,676800000,676800000
8,1504,676800000,676800100,23496,39161,677250000,677250000
8,1505,677250000,677250100,23496,39161,677700000,677700000
8,1506,677700000,677700100,23496,39161,678150000,678150000
8,1507,678150000,678150100,23496,39161,678600000,678600000
8,1508,678600000,678600100,23496,39161,679050000,679050000
8,1509,679050000,679050100,23496,39161,679500000,679500000
8,1510,679500000,679500100,23496,39161,679950000,679950000
8,1511,679950000,679950100,23496,39161,680400000,680400000
8,1512,680400000,680400100,23496,39161,680850000,680850000
8,1513,680850000,680850100,23496,39161,681300000,681300000
8,1514,681300000,681300100,23496,39161,681750000,681750000
8,1515,681750000,681750100,23496,39161,682200000,682200000
8,1516,682200000,682200100,23496,39161,682650000,682650000
8,1517,682650000,682650100,23496,39161,683100000,683100000
8,1518,683100000,683100100,23496,39161,683550000,683550000
8,1519,683550000,683550100,23496,39161,684000000,684000000
8,1520,684000000,684000100,23496,39161,684450000,684450000
8,1521,684450000,684450100,23496,39161,684900000,684900000
8,1522,684900000,684900100,23496,39161,685350000,685350000
8,1523,685350000,685350100,23496,39161,685800000,685800000
8,1524,685800000,685800100,23496,39161,686250000,686250000
8,1525,686250000,686250100,23496,39161,686700000,686700000
8,1526,686700000,686700100,23496,39161,687150000,687150000
8,1527,687150000,687150100,23496,39161,687600000,687600000
8,1528,687600000,687600100,23496,39161,688050000,688050000
8,1529,688050000,688050100,23496,39161,688500000,688500000
8,1530,688500000,688500100,23496,39161,688950000,688950000
8,1531,688950000,688950100,23496,39161,689400000,689400000
8,1532,689400000,689400100,23496,39161,689850000,689850000
8,1533,689850000,689850100,23496,39161,690300000,690300000
8,1534,690300000,690300100,23496,39161,690750000,690750000
8,1535,690750000,690750100,23496,39161,691200000,691200000
8,1536,691200000,691200100,23496,39161,691650000,691650000
8,1537,691650000,691650100,23496,39161,692100000,692100000
8,1538,692100000,692100100,23496,39161,692550000,692550000
8,1539,692550000,692550100,23496,39161,693000000,693000000
8,1540,693000000,693000100,23496,39161,693450000,693450000
8,1541,693450000,693450100,23496,39161,693900000,693900000
8,1542,693900000,693900100,23496,39161,694350000,694350000
8,1543,694350000,694350100,23496,39161,694800000,694800000
8,1544,694800000,694800100,23496,39161,695250000,695250000
8,1545,695250000,695250100,23496,39161,695700000,695700000
8,1546,695700000,695700100,23496,39161,696150000,696150000
8,1547,696150000,696150100,23496,39161,696600000,696600000
8,1548,696600000,696600100,23496,39161,697050000,697050000
8,1549,697050000,697050100,23496,39161,697500000,697500000
8,1550,697500000,697500100,23496,39161,697950000,697950000
8,1551,697950000,697950100,23496,39161,698400000,698400000
8,1552,698400000,698400100,23496,39161,698850000,698850000
8,1553,698850000,698850100,23496,39161,699300000,699300000
8,1554,699300000,699300100,23496,39161,699750000,699750000
8,1555,699750000,699750100,23496,39161,700200000,700200000
8,1556,700200000,700200100,23496,39161,700650000,700650000
8,1557,700650000,700650100,23496,39161,701100000,701100000
8,1558,701100000,701100100,23496,39161,701550000,701550000
8,1559,701550000,701550100,23496,39161,702000000,702000000
8,1560,702000000,702000100,23496,39161,702450000,702450000
8,1561,702450000,702450100,23496,39161,702900000,702900000
8,1562,702900000,702900100,23496,39161,703350000,703350000
8,1563,703350000,703350100,23496,39161,703800000,703800000
8,1564,703800000,703800100,23496,39161,704250000,704250000
8,1565,704250000,704250100,23496,39161,704700000,704700000
8,1566,704700000,704700100,23496,39161,705150000,705150000
8,1567,705150000,705150100,23496,39161,705600000,705600000
8,1568,705600000,705600100,23496,39161,706050000,706050000
8,1569,706050000,706050100,23496,39161,706500000,706500000
8,1570,706500000,706500100,23496,39161,706950000,706950000
8,1571,706950000,706950100,23496,39161,707400000,707400000
8,1572,707400000,707400100,23496,39161,707850000,707850000
8,1573,707850000,707850100,23496,39161,708300000,708300000
8,1574,708300000,708300100,23496,39161,708750000,708750000
8,1575,708750000,708750100,23496,39161,709200000,709200000
8,1576,709200000,709200100,23496,39161,709650000,709650000
8,1577,709650000,709650100,23496,39161,710100000,710100000
8,1578,710100000,710100100,23496,39161,710550000,710550000
8,1579,710550000,710550100,23496,39161,711000000,711000000
8,1580,711000000,711000100,23496,39161,711450000,711450000
8,1581,711450000,711450100,23496,39161,711900000,711900000
8,1582,711900000,711900100,23496,39161,712350000,712350000
8,1583,712350000,712350100,23496,39161,712800000,712800000
8,1584,712800000,712800100,23496,39161,713250000,713250000
8,1585,713250000,713250100,23496,39161,713700000,713700000
8,1586,713700000,713700100,23496,39161,714150000,714150000
8,1587,714150000,714150100,23496,39161,714600000,714600000
8,1588,714600000,714600100,23496,39161,715050000,715050000
8,1589,715050000,715050100,23496,39161,715500000,715500000
8,1590,715500000,715500100,23496,39161,715950000,715950000
8,1591,715950000,715950100,23496,39161,716400000,716400000
8,1592,716400000,716400100,23496,39161,716850000,716850000
8,1593,716850000,716850100,23496,39161,717300000,717300000
8,1594,717300000,717300100,23496,39161,717750000,717750000
8,1595,717750000,717750100,23496,39161,718200000,718200000
8,1596,718200000,718200100,23496,39161,718650000,718650000
8,1597,718650000,718650100,23496,39161,719100000,719100000
8,1598,719100000,719100100,23496,39161,719550000,719550000
8,1599,719550000,719550100,23496,39161,720000000,720000000
8,1600,720000000,720000100,23496,39161,720450000,720450000
8,1601,720450000,720450100,23496,39161,720900000,720900000
8,1602,720900000,720900100,23496,39161,721350000,721350000
8,1603,721350000,721350100,23496,39161,721800000,721800000
8,1604,721800000,721800100,23496,39161,722250000,722250000
8,1605,722250000,722250100,23496,39161,722700000,722700000
8,1606,722700000,722700100,23496,39161,723150000,723150000
8,1607,723150000,723150100,23496,39161,723600000,723600000
8,1608,723600000,723600100,23496,39161,724050000,724050000
8,1609,724050000,724050100,23496,39161,724500000,724500000
8,1610,724500000,724500100,23496,39161,724950000,724950000
8,1611,724950000,724950100,23496,39161,725400000,725400000
8,1612,725400000,725400100,23496,39161,725850000,725850000
8,1613,725850000,725850100,23496,39161,726300000,726300000
8,1614,726300000,726300100,23496,39161,726750000,726750000
8,1615,726750000,726750100,23496,39161,727200000,727200000
8,1616,727200000,727200100,23496,39161,727650000,727650000
8,1617,727650000,727650100,23496,39161,728100000,728100000
8,1618,728100000,728100100,23496,39161,728550000,728550000
8,1619,728550000,728550100,23496,39161,729000000,729000000
8,1620,729000000,729000100,23496,39161,729450000,729450000
8,1621,729450000,729450100,23496,39161,729900000,729900000
8,1622,729900000,729900100,23496,39161,730350000,730350000
8,1623,730350000,730350100,23496,39161,730800000,730800000
8,1624,730800000,730800100,23496,39161,731250000,731250000
8,1625,731250000,731250100,23496,39161,731700000,731700000
8,1626,731700000,731700100,23496,39161,732150000,732150000
8,1627,732150000,732150100,23496,39161,732600000,732600000
8,1628,732600000,732600100,23496,39161,733050000,733050000
8,1629,733050000,733050100,23496,39161,733500000,733500000
8,1630,733500000,733500100,23496,39161,733950000,733950000
8,1631,733950000,733950100,23496,39161,734400000,734400000
8,1632,734400000,734400100,23496,39161,734850000,734850000
8,1633,734850000,734850100,23496,39161,735300000,735300000
8,1634,735300000,735300100,23496,39161,735750000,735750000
8,1635,735750000,735750100,23496,39161,736200000,736200000
8,1636,736200000,736200100,23496,39161,736650000,736650000
8,1637,736650000,736650100,23496,39161,737100000,737100000
8,1638,737100000,737100100,23496,39161,737550000,737550000
8,1639,737550000,737550100,23496,39161,738000000,738000000
8,1640,738000000,738000100,23496,39161,738450000,738450000
8,1641,738450000,738450100,23496,39161,738900000,738900000
8,1642,738900000,738900100,23496,39161,739350000,739350000
8,1643,739350000,739350100,23496,39161,739800000,739800000
8,1644,739800000,739800100,23496,39161,740250000,740250000
8,1645,740250000,740250100,23496,39161,740700000,740700000
8,1646,740700000,740700100,23496,39161,741150000,741150000
8,1647,741150000,741150100,23496,39161,741600000,741600000
8,1648,741600000,741600100,23496,39161,742050000,742050000
8,1649,742050000,742050100,23496,39161,742500000,742500000
8,1650,742500000,742500100,23496,39161,742950000,742950000
8,1651,742950000,742950100,23496,39161,743400000,743400000
8,1652,743400000,743400100,23496,39161,743850000,743850000
8,1653,743850000,743850100,23496,39161,744300000,744300000
8,1654,744300000,744300100,23496,39161,744750000,744750000
8,1655,744750000,744750100,23496,39161,745200000,745200000
8,1656,745200000,745200100,23496,39161,745650000,745650000
8,1657,745650000,745650100,23496,39161,746100000,746100000
8,1658,746100000,746100100,23496,39161,746550000,746550000
8,1659,746550000,746550100,23496,39161,747000000,747000000
8,1660,747000000,747000100,23496,39161,747450000,747450000
8,1661,747450000,747450100,23496,39161,747900000,747900000
8,1662,747900000,747900100,23496,39161,748350000,748350000
8,1663,748350000,748350100,23496,39161,748800000,748800000
8,1664,748800000,748800100,23496,39161,749250000,749250000
8,1665,749250000,749250100,23496,39161,749700000,749700000
8,1666,749700000,749700100,23496,39161,750150000,750150000
8,1667,750150000,750150100,23496,39161,750600000,750600000
8,1668,750600000,750600100,23496,39161,751050000,751050000
8,1669,751050000,751050100,23496,39161,751500000,751500000
8,1670,751500000,751500100,23496,39161,751950000,751950000
8,1671,751950000,751950100,23496,39161,752400000,752400000
8,1672,752400000,752400100,23496,39161,752850000,752850000
8,1673,752850000,752850100,23496,39161,753300000,753300000
8,1674,753300000,753300100,23496,39161,753750000,753750000
8,1675,753750000,753750100,23496,39161,754200000,754200000
8,1676,754200000,754200100,23496,39161,754650000,754650000
8,1677,754650000,754650100,23496,39161,755100000,755100000
8,1678,755100000,755100100,23496,39161,755550000,755550000
8,1679,755550000,755550100,23496,39161,756000000,756000000
8,1680,756000000,756000100,23496,39161,756450000,756450000
8,1681,756450000,756450100,23496,39161,756900000,756900000
8,1682,756900000,756900100,23496,39161,757350000,757350000
8,1683,757350000,757350100,23496,39161,757800000,757800000
8,1684,757800000,757800100,23496,39161,758250000,758250000
8,1685,758250000,758250100,23496,39161,758700000,758700000
8,1686,758700000,758700100,23496,39161,759150000,759150000
8,1687,759150000,759150100,23496,39161,759600000,759600000
8,1688,759600000,759600100,23496,39161,760050000,760050000
8,1689,760050000,760050100,23496,39161,760500000,760500000
8,1690,760500000,760500100,23496,39161,760950000,760950000
8,1691,760950000,760950100,23496,39161,761400000,761400000
8,1692,761400000,761400100,23496,39161,761850000,761850000
8,1693,761850000,761850100,23496,39161,762300000,762300000
8,1694,762300000,762300100,23496,39161,762750000,762750000
8,1695,762750000,762750100,23496,39161,763200000,763200000
8,1696,763200000,763200100,23496,39161,763650000,763650000
8,1697,763650000,763650100,23496,39161,764100000,764100000
8,1698,764100000,764100100,23496,39161,764550000,764550000
8,1699,764550000,764550100,23496,39161,765000000,765000000
8,1700,765000000,765000100,23496,39161,765450000,765450000
8,1701,765450000,765450100,23496,39161,765900000,765900000
8,1702,765900000,765900100,23496,39161,766350000,766350000
8,1703,766350000,766350100,23496,39161,766800000,766800000
8,1704,766800000,766800100,23496,39161,767250000,767250000
8,1705,767250000,767250100,23496,39161,767700000,767700000
8,1706,767700000,767700100,23496,39161,768150000,768150000
8,1707,768150000,768150100,23496,39161,768600000,768600000
8,1708,768600000,768600100,23496,39161,769050000,769050000
8,1709,769050000,769050100,23496,39161,769500000,769500000
8,1710,769500000,769500100,23496,39161,769950000,769950000
8,1711,769950000,769950100,23496,39161,770400000,770400000
8,1712,770400000,770400100,23496,39161,770850000,770850000
8,1713,770850000,770850100,23496,39161,771300000,771300000
8,1714,771300000,771300100,23496,39161,771750000,771750000
8,1715,771750000,771750100,23496,39161,772200000,772200000
8,1716,772200000,772200100,23496,39161,772650000,772650000
8,1717,772650000,772650100,23496,39161,773100000,773100000
8,1718,773100000,773100100,23496,39161,773550000,773550000
8,1719,773550000,773550100,23496,39161,774000000,774000000
8,1720,774000000,774000100,23496,39161,774450000,774450000
8,1721,774450000,774450100,23496,39161,774900000,774900000
8,1722,774900000,774900100,23496,39161,775350000,775350000
8,1723,775350000,775350100,23496,39161,775800000,775800000
8,1724,775800000,775800100,23496,39161,776250000,776250000
8,1725,776250000,776250100,23496,39161,776700000,776700000
8,1726,776700000,776700100,23496,39161,777150000,777150000
8,1727,777150000,777150100,23496,39161,777600000,777600000
8,1728,777600000,777600100,23496,39161,778050000,778050000
8,1729,778050000,778050100,23496,39161,778500000,778500000
8,1730,778500000,778500100,23496,39161,778950000,778950000
8,1731,778950000,778950100,23496,39161,779400000,779400000
8,1732,779400000,779400100,23496,39161,779850000,779850000
8,1733,779850000,779850100,23496,39161,780300000,780300000
8,1734,780300000,780300100,23496,39161,780750000,780750000
8,1735,780750000,780750100,23496,39161,781200000,781200000
8,1736,781200000,781200100,23496,39161,781650000,781650000
8,1737,781650000,781650100,23496,39161,782100000,782100000
8,1738,782100000,782100100,23496,39161,782550000,782550000
8,1739,782550000,782550100,23496,39161,783000000,783000000
8,1740,783000000,783000100,23496,39161,783450000,783450000
8,1741,783450000,783450100,23496,39161,783900000,783900000
8,1742,783900000,783900100,23496,39161,784350000,784350000
8,1743,784350000,784350100,23496,39161,784800000,784800000
8,1744,784800000,784800100,23496,39161,785250000,785250000
8,1745,785250000,785250100,23496,39161,785700000,785700000
8,1746,785700000,785700100,23496,39161,786150000,786150000
8,1747,786150000,786150100,23496,39161,786600000,786600000
8,1748,786600000,786600100,23496,39161,787050000,787050000
8,1749,787050000,787050100,23496,39161,787500000,787500000
8,1750,787500000,787500100,23496,39161,787950000,787950000
8,1751,787950000,787950100,23496,39161,788400000,788400000
8,1752,788400000,788400100,23496,39161,788850000,788850000
8,1753,788850000,788850100,23496,39161,789300000,789300000
8,1754,789300000,789300100,23496,39161,789750000,789750000
8,1755,789750000,789750100,23496,39161,790200000,790200000
8,1756,790200000,790200100,23496,39161,790650000,790650000
8,1757,790650000,790650100,23496,39161,791100000,791100000
8,1758,791100000,791100100,23496,39161,791550000,791550000
8,1759,791550000,791550100,23496,39161,792000000,792000000
8,1760,792000000,792000100,23496,39161,792450000,792450000
8,1761,792450000,792450100,23496,39161,792900000,792900000
8,1762,792900000,792900100,23496,39161,793350000,793350000
8,1763,793350000,793350100,23496,39161,793800000,793800000
8,1764,793800000,793800100,23496,39161,794250000,794250000
8,1765,794250000,794250100,23496,39161,794700000,794700000
8,1766,794700000,794700100,23496,39161,795150000,795150000
8,1767,795150000,795150100,23496,39161,795600000,795600000
8,1768,795600000,795600100,23496,39161,796050000,796050000
8,1769,796050000,796050100,23496,39161,796500000,796500000
8,1770,796500000,796500100,23496,39161,796950000,796950000
8,1771,796950000,796950100,23496,39161,797400000,797400000
8,1772,797400000,797400100,23496,39161,797850000,797850000
8,1773,797850000,797850100,23496,39161,798300000,798300000
8,1774,798300000,798300100,23496,39161,798750000,798750000
8,1775,798750000,798750100,23496,39161,799200000,799200000
8,1776,799200000,799200100,23496,39161,799650000,799650000
8,1777,799650000,799650100,23496,39161,800100000,800100000
8,1778,800100000,800100100,23496,39161,800550000,800550000
8,1779,800550000,800550100,23496,39161,801000000,801000000
8,1780,801000000,801000100,23496,39161,801450000,801450000
8,1781,801450000,801450100,23496,39161,801900000,801900000
8,1782,801900000,801900100,23496,39161,802350000,802350000
8,1783,802350000,802350100,23496,39161,802800000,802800000
8,1784,802800000,802800100,23496,39161,803250000,803250000
8,1785,803250000,803250100,23496,39161,803700000,803700000
8,1786,803700000,803700100,23496,39161,804150000,804150000
8,1787,804150000,804150100,23496,39161,804600000,804600000
8,1788,804600000,804600100,23496,39161,805050000,805050000
8,1789,805050000,805050100,23496,39161,805500000,805500000
8,1790,805500000,805500100,23496,39161,805950000,805950000
8,1791,805950000,805950100,23496,39161,806400000,806400000
8,1792,806400000,806400100,23496,39161,806850000,806850000
8,1793,806850000,806850100,23496,39161,807300000,807300000
8,1794,807300000,807300100,23496,39161,807750000,807750000
8,1795,807750000,807750100,23496,39161,808200000,808200000
8,1796,808200000,808200100,23496,39161,808650000,808650000
8,1797,808650000,808650100,23496,39161,809100000,809100000
8,1798,809100000,809100100,23496,39161,809550000,809550000
8,1799,809550000,809550100,23496,39161,810000000,810000000
8,1800,810000000,810000100,23496,39161,810450000,810450000
8,1801,810450000,810450100,23496,39161,810900000,810900000
8,1802,810900000,810900100,23496,39161,811350000,811350000
8,1803,811350000,811350100,23496,39161,811800000,811800000
8,1804,811800000,811800100,23496,39161,812250000,812250000
8,1805,812250000,812250100,23496,39161,812700000,812700000
8,1806,812700000,812700100,23496,39161,813150000,813150000
8,1807,813150000,813150100,23496,39161,813600000,813600000
8,1808,813600000,813600100,23496,39161,814050000,814050000
8,1809,814050000,814050100,23496,39161,814500000,814500000
8,1810,814500000,814500100,23496,39161,814950000,814950000
8,1811,814950000,814950100,23496,39161,815400000,815400000
8,1812,815400000,815400100,23496,39161,815850000,815850000
8,1813,815850000,815850100,23496,39161,816300000,816300000
8,1814,816300000,816300100,23496,39161,816750000,816750000
8,1815,816750000,816750100,23496,39161,817200000,817200000
8,1816,817200000,817200100,23496,39161,817650000,817650000
8,1817,817650000,817650100,23496,39161,818100000,818100000
8,1818,818100000,818100100,23496,39161,818550000,818550000
8,1819,818550000,818550100,23496,39161,819000000,819000000
8,1820,819000000,819000100,23496,39161,819450000,819450000
8,1821,819450000,819450100,23496,39161,819900000,819900000
8,1822,819900000,819900100,23496,39161,820350000,820350000
8,1823,820350000,820350100,23496,39161,820800000,820800000
8,1824,820800000,820800100,23496,39161,821250000,821250000
8,1825,821250000,821250100,23496,39161,821700000,821700000
8,1826,821700000,821700100,23496,39161,822150000,822150000
8,1827,822150000,822150100,23496,39161,822600000,822600000
8,1828,822600000,822600100,23496,39161,823050000,823050000
8,1829,823050000,823050100,23496,39161,823500000,823500000
8,1830,823500000,823500100,23496,39161,823950000,823950000
8,1831,823950000,823950100,23496,39161,824400000,824400000
8,1832,824400000,824400100,23496,39161,824850000,824850000
8,1833,824850000,824850100,23496,39161,825300000,825300000
8,1834,825300000,825300100,23496,39161,825750000,825750000
8,1835,825750000,825750100,23496,39161,826200000,826200000
8,1836,826200000,826200100,23496,39161,826650000,826650000
8,1837,826650000,826650100,23496,39161,827100000,827100000
8,1838,827100000,827100100,23496,39161,827550000,827550000
8,1839,827550000,827550100,23496,39161,828000000,828000000
8,1840,828000000,828000100,23496,39161,828450000,828450000
8,1841,828450000,828450100,23496,39161,828900000,828900000
8,1842,828900000,828900100,23496,39161,829350000,829350000
8,1843,829350000,829350100,23496,39161,829800000,829800000
8,1844,829800000,829800100,23496,39161,830250000,830250000
8,1845,830250000,830250100,23496,39161,830700000,830700000
8,1846,830700000,830700100,23496,39161,831150000,831150000
8,1847,831150000,831150100,23496,39161,831600000,831600000
8,1848,831600000,831600100,23496,39161,832050000,832050000
8,1849,832050000,832050100,23496,39161,832500000,832500000
8,1850,832500000,832500100,23496,39161,832950000,832950000
8,1851,832950000,832950100,23496,39161,833400000,833400000
8,1852,833400000,833400100,23496,39161,833850000,833850000
8,1853,833850000,833850100,23496,39161,834300000,834300000
8,1854,834300000,834300100,23496,39161,834750000,834750000
8,1855,834750000,834750100,23496,39161,835200000,835200000
8,1856,835200000,835200100,23496,39161,835650000,835650000
8,1857,835650000,835650100,23496,39161,836100000,836100000
8,1858,836100000,836100100,23496,39161,836550000,836550000
8,1859,836550000,836550100,23496,39161,837000000,837000000
8,1860,837000000,837000100,23496,39161,837450000,837450000
8,1861,837450000,837450100,23496,39161,837900000,837900000
8,1862,837900000,837900100,23496,39161,838350000,838350000
8,1863,838350000,838350100,23496,39161,838800000,838800000
8,1864,838800000,838800100,23496,39161,839250000,839250000
8,1865,839250000,839250100,23496,39161,839700000,839700000
8,1866,839700000,839700100,23496,39161,840150000,840150000
8,1867,840150000,840150100,23496,39161,840600000,840600000
8,1868,840600000,840600100,23496,39161,841050000,841050000
8,1869,841050000,841050100,23496,39161,841500000,841500000
8,1870,841500000,841500100,23496,39161,841950000,841950000
8,1871,841950000,841950100,23496,39161,842400000,842400000
8,1872,842400000,842400100,23496,39161,842850000,842850000
8,1873,842850000,842850100,23496,39161,843300000,843300000
8,1874,843300000,843300100,23496,39161,843750000,843750000
8,1875,843750000,843750100,23496,39161,844200000,844200000
8,1876,844200000,844200100,23496,39161,844650000,844650000
8,1877,844650000,844650100,23496,39161,845100000,845100000
8,1878,845100000,845100100,23496,39161,845550000,845550000
8,1879,845550000,845550100,23496,39161,846000000,846000000
8,1880,846000000,846000100,23496,39161,846450000,846450000
8,1881,846450000,846450100,23496,39161,846900000,846900000
8,1882,846900000,846900100,23496,39161,847350000,847350000
8,1883,847350000,847350100,23496,39161,847800000,847800000
8,1884,847800000,847800100,23496,39161,848250000,848250000
8,1885,848250000,848250100,23496,39161,848700000,848700000
8,1886,848700000,848700100,23496,39161,849150000,849150000
8,1887,849150000,849150100,23496,39161,849600000,849600000
8,1888,849600000,849600100,23496,39161,850050000,850050000
8,1889,850050000,850050100,23496,39161,850500000,850500000
8,1890,850500000,850500100,23496,39161,850950000,850950000
8,1891,850950000,850950100,23496,39161,851400000,851400000
8,1892,851400000,851400100,23496,39161,851850000,851850000
8,1893,851850000,851850100,23496,39161,852300000,852300000
8,1894,852300000,852300100,23496,39161,852750000,852750000
8,1895,852750000,852750100,23496,39161,853200000,853200000
8,1896,853200000,853200100,23496,39161,853650000,853650000
8,1897,853650000,853650100,23496,39161,854100000,854100000
8,1898,854100000,854100100,23496,39161,854550000,854550000
8,1899,854550000,854550100,23496,39161,855000000,855000000
8,1900,855000000,855000100,23496,39161,855450000,855450000
8,1901,855450000,855450100,23496,39161,855900000,855900000
8,1902,855900000,855900100,23496,39161,856350000,856350000
8,1903,856350000,856350100,23496,39161,856800000,856800000
8,1904,856800000,856800100,23496,39161,857250000,857250000
8,1905,857250000,857250100,23496,39161,857700000,857700000
8,1906,857700000,857700100,23496,39161,858150000,858150000
8,1907,858150000,858150100,23496,39161,858600000,858600000
8,1908,858600000,858600100,23496,39161,859050000,859050000
8,1909,859050000,859050100,23496,39161,859500000,859500000
8,1910,859500000,859500100,23496,39161,859950000,859950000
8,1911,859950000,859950100,23496,39161,860400000,860400000
8,1912,860400000,860400100,23496,39161,860850000,860850000
8,1913,860850000,860850100,23496,39161,861300000,861300000
8,1914,861300000,861300100,23496,39161,861750000,861750000
8,1915,861750000,861750100,23496,39161,862200000,862200000
8,1916,862200000,862200100,23496,39161,862650000,862650000
8,1917,862650000,862650100,23496,39161,863100000,863100000
8,1918,863100000,863100100,23496,39161,863550000,863550000
8,1919,863550000,863550100,23496,39161,864000000,864000000
8,1920,864000000,864000100,23496,39161,864450000,864450000
8,1921,864450000,864450100,23496,39161,864900000,864900000
8,1922,864900000,864900100,23496,39161,865350000,865350000
8,1923,865350000,865350100,23496,39161,865800000,865800000
8,1924,865800000,865800100,23496,39161,866250000,866250000
8,1925,866250000,866250100,23496,39161,866700000,866700000
8,1926,866700000,866700100,23496,39161,867150000,867150000
8,1927,867150000,867150100,23496,39161,867600000,867600000
8,1928,867600000,867600100,23496,39161,868050000,868050000
8,1929,868050000,868050100,23496,39161,868500000,868500000
8,1930,868500000,868500100,23496,39161,868950000,868950000
8,1931,868950000,868950100,23496,39161,869400000,869400000
8,1932,869400000,869400100,23496,39161,869850000,869850000
8,1933,869850000,869850100,23496,39161,870300000,870300000
8,1934,870300000,870300100,23496,39161,870750000,870750000
8,1935,870750000,870750100,23496,39161,871200000,871200000
8,1936,871200000,871200100,23496,39161,871650000,871650000
8,1937,871650000,871650100,23496,39161,872100000,872100000
8,1938,872100000,872100100,23496,39161,872550000,872550000
8,1939,872550000,872550100,23496,39161,873000000,873000000
8,1940,873000000,873000100,23496,39161,873450000,873450000
8,1941,873450000,873450100,23496,39161,873900000,873900000
8,1942,873900000,873900100,23496,39161,874350000,874350000
8,1943,874350000,874350100,23496,39161,874800000,874800000
8,1944,874800000,874800100,23496,39161,875250000,875250000
8,1945,875250000,875250100,23496,39161,875700000,875700000
8,1946,875700000,875700100,23496,39161,876150000,876150000
8,1947,876150000,876150100,23496,39161,876600000,876600000
8,1948,876600000,876600100,23496,39161,877050000,877050000
8,1949,877050000,877050100,23496,39161,877500000,877500000
8,1950,877500000,877500100,23496,39161,877950000,877950000
8,1951,877950000,877950100,23496,39161,878400000,878400000
8,1952,878400000,878400100,23496,39161,878850000,878850000
8,1953,878850000,878850100,23496,39161,879300000,879300000
8,1954,879300000,879300100,23496,39161,879750000,879750000
8,1955,879750000,879750100,23496,39161,880200000,880200000
8,1956,880200000,880200100,23496,39161,880650000,880650000
8,1957,880650000,880650100,23496,39161,881100000,881100000
8,1958,881100000,881100100,23496,39161,881550000,881550000
8,1959,881550000,881550100,23496,39161,882000000,882000000
8,1960,882000000,882000100,23496,39161,882450000,882450000
8,1961,882450000,882450100,23496,39161,882900000,882900000
8,1962,882900000,882900100,23496,39161,883350000,883350000
8,1963,883350000,883350100,23496,39161,883800000,883800000
8,1964,883800000,883800100,23496,39161,884250000,884250000
8,1965,884250000,884250100,23496,39161,884700000,884700000
8,1966,884700000,884700100,23496,39161,885150000,885150000
8,1967,885150000,885150100,23496,39161,885600000,885600000
8,1968,885600000,885600100,23496,39161,886050000,886050000
8,1969,886050000,886050100,23496,39161,886500000,886500000
8,1970,886500000,886500100,23496,39161,886950000,886950000
8,1971,886950000,886950100,23496,39161,887400000,887400000
8,1972,887400000,887400100,23496,39161,887850000,887850000
8,1973,887850000,887850100,23496,39161,888300000,888300000
8,1974,888300000,888300100,23496,39161,888750000,888750000
8,1975,888750000,888750100,23496,39161,889200000,889200000
8,1976,889200000,889200100,23496,39161,889650000,889650000
8,1977,889650000,889650100,23496,39161,890100000,890100000
8,1978,890100000,890100100,23496,39161,890550000,890550000
8,1979,890550000,890550100,23496,39161,891000000,891000000
8,1980,891000000,891000100,23496,39161,891450000,891450000
8,1981,891450000,891450100,23496,39161,891900000,891900000
8,1982,891900000,891900100,23496,39161,892350000,892350000
8,1983,892350000,892350100,23496,39161,892800000,892800000
8,1984,892800000,892800100,23496,39161,893250000,893250000
8,1985,893250000,893250100,23496,39161,893700000,893700000
8,1986,893700000,893700100,23496,39161,894150000,894150000
8,1987,894150000,894150100,23496,39161,894600000,894600000
8,1988,894600000,894600100,23496,39161,895050000,895050000
8,1989,895050000,895050100,23496,39161,895500000,895500000
8,1990,895500000,895500100,23496,39161,895950000,895950000
8,1991,895950000,895950100,23496,39161,896400000,896400000
8,1992,896400000,896400100,23496,39161,896850000,896850000
8,1993,896850000,896850100,23496,39161,897300000,897300000
8,1994,897300000,897300100,23496,39161,897750000,897750000
8,1995,897750000,897750100,23496,39161,898200000,898200000
8,1996,898200000,898200100,23496,39161,898650000,898650000
8,1997,898650000,898650100,23496,39161,899100000,899100000
8,1998,899100000,899100100,23496,39161,899550000,899550000
8,1999,899550000,899550100,23496,39161,900000000,900000000
8,2000,900000000,900000100,23496,39161,900450000,900450000
8,2001,900450000,900450100,23496,39161,900900000,900900000
8,2002,900900000,900900100,23496,39161,901350000,901350000
8,2003,901350000,901350100,23496,39161,901800000,901800000
8,2004,901800000,901800100,23496,39161,902250000,902250000
8,2005,902250000,902250100,23496,39161,902700000,902700000
8,2006,902700000,902700100,23496,39161,903150000,903150000
8,2007,903150000,903150100,23496,39161,903600000,903600000
8,2008,903600000,903600100,23496,39161,904050000,904050000
8,2009,904050000,904050100,23496,39161,904500000,904500000
8,2010,904500000,904500100,23496,39161,904950000,904950000
8,2011,904950000,904950100,23496,39161,905400000,905400000
8,2012,905400000,905400100,23496,39161,905850000,905850000
8,2013,905850000,905850100,23496,39161,906300000,906300000
8,2014,906300000,906300100,23496,39161,906750000,906750000
8,2015,906750000,906750100,23496,39161,907200000,907200000
8,2016,907200000,907200100,23496,39161,907650000,907650000
8,2017,907650000,907650100,23496,39161,908100000,908100000
8,2018,908100000,908100100,23496,39161,908550000,908550000
8,2019,908550000,908550100,23496,39161,909000000,909000000
8,2020,909000000,909000100,23496,39161,909450000,909450000
8,2021,909450000,909450100,23496,39161,909900000,909900000
8,2022,909900000,909900100,23496,39161,910350000,910350000
8,2023,910350000,910350100,23496,39161,910800000,910800000
8,2024,910800000,910800100,23496,39161,911250000,911250000
8,2025,911250000,911250100,23496,39161,911700000,911700000
8,2026,911700000,911700100,23496,39161,912150000,912150000
8,2027,912150000,912150100,23496,39161,912600000,912600000
8,2028,912600000,912600100,23496,39161,913050000,913050000
8,2029,913050000,913050100,23496,39161,913500000,913500000
8,2030,913500000,913500100,23496,39161,913950000,913950000
8,2031,913950000,913950100,23496,39161,914400000,914400000
8,2032,914400000,914400100,23496,39161,914850000,914850000
8,2033,914850000,914850100,23496,39161,915300000,915300000
8,2034,915300000,915300100,23496,39161,915750000,915750000
8,2035,915750000,915750100,23496,39161,916200000,916200000
8,2036,916200000,916200100,23496,39161,916650000,916650000
8,2037,916650000,916650100,23496,39161,917100000,917100000
8,2038,917100000,917100100,23496,39161,917550000,917550000
8,2039,917550000,917550100,23496,39161,918000000,918000000
8,2040,918000000,918000100,23496,39161,918450000,918450000
8,2041,918450000,918450100,23496,39161,918900000,918900000
8,2042,918900000,918900100,23496,39161,919350000,919350000
8,2043,919350000,919350100,23496,39161,919800000,919800000
8,2044,919800000,919800100,23496,39161,920250000,920250000
8,2045,920250000,920250100,23496,39161,920700000,920700000
8,2046,920700000,920700100,23496,39161,921150000,921150000
8,2047,921150000,921150100,23496,39161,921600000,921600000
8,2048,921600000,921600100,23496,39161,922050000,922050000
8,2049,922050000,922050100,23496,39161,922500000,922500000
8,2050,922500000,922500100,23496,39161,922950000,922950000
8,2051,922950000,922950100,23496,39161,923400000,923400000
8,2052,923400000,923400100,23496,39161,923850000,923850000
8,2053,923850000,923850100,23496,39161,924300000,924300000
8,2054,924300000,924300100,23496,39161,924750000,924750000
8,2055,924750000,924750100,23496,39161,925200000,925200000
8,2056,925200000,925200100,23496,39161,925650000,925650000
8,2057,925650000,925650100,23496,39161,926100000,926100000
8,2058,926100000,926100100,23496,39161,926550000,926550000
8,2059,926550000,926550100,23496,39161,927000000,927000000
8,2060,927000000,927000100,23496,39161,927450000,927450000
8,2061,927450000,927450100,23496,39161,927900000,927900000
8,2062,927900000,927900100,23496,39161,928350000,928350000
8,2063,928350000,928350100,23496,39161,928800000,928800000
8,2064,928800000,928800100,23496,39161,929250000,929250000
8,2065,929250000,929250100,23496,39161,929700000,929700000
8,2066,929700000,929700100,23496,39161,930150000,930150000
8,2067,930150000,930150100,23496,39161,930600000,930600000
8,2068,930600000,930600100,23496,39161,931050000,931050000
8,2069,931050000,931050100,23496,39161,931500000,931500000
8,2070,931500000,931500100,23496,39161,931950000,931950000
8,2071,931950000,931950100,23496,39161,932400000,932400000
8,2072,932400000,932400100,23496,39161,932850000,932850000
8,2073,932850000,932850100,23496,39161,933300000,933300000
8,2074,933300000,933300100,23496,39161,933750000,933750000
8,2075,933750000,933750100,23496,39161,934200000,934200000
8,2076,934200000,934200100,23496,39161,934650000,934650000
8,2077,934650000,934650100,23496,39161,935100000,935100000
8,2078,935100000,935100100,23496,39161,935550000,935550000
8,2079,935550000,935550100,23496,39161,936000000,936000000
8,2080,936000000,936000100,23496,39161,936450000,936450000
8,2081,936450000,936450100,23496,39161,936900000,936900000
8,2082,936900000,936900100,23496,39161,937350000,937350000
8,2083,937350000,937350100,23496,39161,937800000,937800000
8,2084,937800000,937800100,23496,39161,938250000,938250000
8,2085,938250000,938250100,23496,39161,938700000,938700000
8,2086,938700000,938700100,23496,39161,939150000,939150000
8,2087,939150000,939150100,23496,39161,939600000,939600000
8,2088,939600000,939600100,23496,39161,940050000,940050000
8,2089,940050000,940050100,23496,39161,940500000,940500000
8,2090,940500000,940500100,23496,39161,940950000,940950000
8,2091,940950000,940950100,23496,39161,941400000,941400000
8,2092,941400000,941400100,23496,39161,941850000,941850000
8,2093,941850000,941850100,23496,39161,942300000,942300000
8,2094,942300000,942300100,23496,39161,942750000,942750000
8,2095,942750000,942750100,23496,39161,943200000,943200000
8,2096,943200000,943200100,23496,39161,943650000,943650000
8,2097,943650000,943650100,23496,39161,944100000,944100000
8,2098,944100000,944100100,23496,39161,944550000,944550000
8,2099,944550000,944550100,23496,39161,945000000,945000000
8,2100,945000000,945000100,23496,39161,945450000,945450000
8,2101,945450000,945450100,23496,39161,945900000,945900000
8,2102,945900000,945900100,23496,39161,946350000,946350000
8,2103,946350000,946350100,23496,39161,946800000,946800000
8,2104,946800000,946800100,23496,39161,947250000,947250000
8,2105,947250000,947250100,23496,39161,947700000,947700000
8,2106,947700000,947700100,23496,39161,948150000,948150000
8,2107,948150000,948150100,23496,39161,948600000,948600000
8,2108,948600000,948600100,23496,39161,949050000,949050000
8,2109,949050000,949050100,23496,39161,949500000,949500000
8,2110,949500000,949500100,23496,39161,949950000,949950000
8,2111,949950000,949950100,23496,39161,950400000,950400000
8,2112,950400000,950400100,23496,39161,950850000,950850000
8,2113,950850000,950850100,23496,39161,951300000,951300000
8,2114,951300000,951300100,23496,39161,951750000,951750000
8,2115,951750000,951750100,23496,39161,952200000,952200000
8,2116,952200000,952200100,23496,39161,952650000,952650000
8,2117,952650000,952650100,23496,39161,953100000,953100000
8,2118,953100000,953100100,23496,39161,953550000,953550000
8,2119,953550000,953550100,23496,39161,954000000,954000000
8,2120,954000000,954000100,23496,39161,954450000,954450000
8,2121,954450000,954450100,23496,39161,954900000,954900000
8,2122,954900000,954900100,23496,39161,955350000,955350000
8,2123,955350000,955350100,23496,39161,955800000,955800000
8,2124,955800000,955800100,23496,39161,956250000,956250000
8,2125,956250000,956250100,23496,39161,956700000,956700000
8,2126,956700000,956700100,23496,39161,957150000,957150000
8,2127,957150000,957150100,23496,39161,957600000,957600000
8,2128,957600000,957600100,23496,39161,958050000,958050000
8,2129,958050000,958050100,23496,39161,958500000,958500000
8,2130,958500000,958500100,23496,39161,958950000,958950000
8,2131,958950000,958950100,23496,39161,959400000,959400000
8,2132,959400000,959400100,23496,39161,959850000,959850000
8,2133,959850000,959850100,23496,39161,960300000,960300000
8,2134,960300000,960300100,23496,39161,960750000,960750000
8,2135,960750000,960750100,23496,39161,961200000,961200000
8,2136,961200000,961200100,23496,39161,961650000,961650000
8,2137,961650000,961650100,23496,39161,962100000,962100000
8,2138,962100000,962100100,23496,39161,962550000,962550000
8,2139,962550000,962550100,23496,39161,963000000,963000000
8,2140,963000000,963000100,23496,39161,963450000,963450000
8,2141,963450000,963450100,23496,39161,963900000,963900000
8,2142,963900000,963900100,23496,39161,964350000,964350000
8,2143,964350000,964350100,23496,39161,964800000,964800000
8,2144,964800000,964800100,23496,39161,965250000,965250000
8,2145,965250000,965250100,23496,39161,965700000,965700000
8,2146,965700000,965700100,23496,39161,966150000,966150000
8,2147,966150000,966150100,23496,39161,966600000,966600000
8,2148,966600000,966600100,23496,39161,967050000,967050000
8,2149,967050000,967050100,23496,39161,967500000,967500000
8,2150,967500000,967500100,23496,39161,967950000,967950000
8,2151,967950000,967950100,23496,39161,968400000,968400000
8,2152,968400000,968400100,23496,39161,968850000,968850000
8,2153,968850000,968850100,23496,39161,969300000,969300000
8,2154,969300000,969300100,23496,39161,969750000,969750000
8,2155,969750000,969750100,23496,39161,970200000,970200000
8,2156,970200000,970200100,23496,39161,970650000,970650000
8,2157,970650000,970650100,23496,39161,971100000,971100000
8,2158,971100000,971100100,23496,39161,971550000,971550000
8,2159,971550000,971550100,23496,39161,972000000,972000000
8,2160,972000000,972000100,23496,39161,972450000,972450000
8,2161,972450000,972450100,23496,39161,972900000,972900000
8,2162,972900000,972900100,23496,39161,973350000,973350000
8,2163,973350000,973350100,23496,39161,973800000,973800000
8,2164,973800000,973800100,23496,39161,974250000,974250000
8,2165,974250000,974250100,23496,39161,974700000,974700000
8,2166,974700000,974700100,23496,39161,975150000,975150000
8,2167,975150000,975150100,23496,39161,975600000,975600000
8,2168,975600000,975600100,23496,39161,976050000,976050000
8,2169,976050000,976050100,23496,39161,976500000,976500000
8,2170,976500000,976500100,23496,39161,976950000,976950000
8,2171,976950000,976950100,23496,39161,977400000,977400000
8,2172,977400000,977400100,23496,39161,977850000,977850000
8,2173,977850000,977850100,23496,39161,978300000,978300000
8,2174,978300000,978300100,23496,39161,978750000,978750000
8,2175,978750000,978750100,23496,39161,979200000,979200000
8,2176,979200000,979200100,23496,39161,979650000,979650000
8,2177,979650000,979650100,23496,39161,980100000,980100000
8,2178,980100000,980100100,23496,39161,980550000,980550000
8,2179,980550000,980550100,23496,39161,981000000,981000000
8,2180,981000000,981000100,23496,39161,981450000,981450000
8,2181,981450000,981450100,23496,39161,981900000,981900000
8,2182,981900000,981900100,23496,39161,982350000,982350000
8,2183,982350000,982350100,23496,39161,982800000,982800000
8,2184,982800000,982800100,23496,39161,983250000,983250000
8,2185,983250000,983250100,23496,39161,983700000,983700000
8,2186,983700000,983700100,23496,39161,984150000,984150000
8,2187,984150000,984150100,23496,39161,984600000,984600000
8,2188,984600000,984600100,23496,39161,985050000,985050000
8,2189,985050000,985050100,23496,39161,985500000,985500000
8,2190,985500000,985500100,23496,39161,985950000,985950000
8,2191,985950000,985950100,23496,39161,986400000,986400000
8,2192,986400000,986400100,23496,39161,986850000,986850000
8,2193,986850000,986850100,23496,39161,987300000,987300000
8,2194,987300000,987300100,23496,39161,987750000,987750000
8,2195,987750000,987750100,23496,39161,988200000,988200000
8,2196,988200000,988200100,23496,39161,988650000,988650000
8,2197,988650000,988650100,23496,39161,989100000,989100000
8,2198,989100000,989100100,23496,39161,989550000,989550000
8,2199,989550000,989550100,23496,39161,990000000,990000000
8,2200,990000000,990000100,23496,39161,990450000,990450000
8,2201,990450000,990450100,23496,39161,990900000,990900000
8,2202,990900000,990900100,23496,39161,991350000,991350000
8,2203,991350000,991350100,23496,39161,991800000,991800000
8,2204,991800000,991800100,23496,39161,992250000,992250000
8,2205,992250000,992250100,23496,39161,992700000,992700000
8,2206,992700000,992700100,23496,39161,993150000,993150000
8,2207,993150000,993150100,23496,39161,993600000,993600000
8,2208,993600000,993600100,23496,39161,994050000,994050000
8,2209,994050000,994050100,23496,39161,994500000,994500000
8,2210,994500000,994500100,23496,39161,994950000,994950000
8,2211,994950000,994950100,23496,39161,995400000,995400000
8,2212,995400000,995400100,23496,39161,995850000,995850000
8,2213,995850000,995850100,23496,39161,996300000,996300000
8,2214,996300000,996300100,23496,39161,996750000,996750000
8,2215,996750000,996750100,23496,39161,997200000,997200000
8,2216,997200000,997200100,23496,39161,997650000,997650000
8,2217,997650000,997650100,23496,39161,998100000,998100000
8,2218,998100000,998100100,23496,39161,998550000,998550000
8,2219,998550000,998550100,23496,39161,999000000,999000000
8,2220,999000000,999000100,23496,39161,999450000,999450000
8,2221,999450000,999450100,23496,39161,999900000,999900000
8,2222,999900000,999900100,23496,39161,1000350000,1000350000
8,2223,1000350000,1000350100,23496,39161,1000800000,1000800000
8,2224,1000800000,1000800100,23496,39161,1001250000,1001250000
8,2225,1001250000,1001250100,23496,39161,1001700000,1001700000
8,2226,1001700000,1001700100,23496,39161,1002150000,1002150000
8,2227,1002150000,1002150100,23496,39161,1002600000,1002600000
8,2228,1002600000,1002600100,23496,39161,1003050000,1003050000
8,2229,1003050000,1003050100,23496,39161,1003500000,1003500000
8,2230,1003500000,1003500100,23496,39161,1003950000,1003950000
8,2231,1003950000,1003950100,23496,39161,1004400000,1004400000
8,2232,1004400000,1004400100,23496,39161,1004850000,1004850000
8,2233,1004850000,1004850100,23496,39161,1005300000,1005300000
8,2234,1005300000,1005300100,23496,39161,1005750000,1005750000
8,2235,1005750000,1005750100,23496,39161,1006200000,1006200000
8,2236,1006200000,1006200100,23496,39161,1006650000,1006650000
8,2237,1006650000,1006650100,23496,39161,1007100000,1007100000
8,2238,1007100000,1007100100,23496,39161,1007550000,1007550000
8,2239,1007550000,1007550100,23496,39161,1008000000,1008000000
8,2240,1008000000,1008000100,23496,39161,1008450000,1008450000
8,2241,1008450000,1008450100,23496,39161,1008900000,1008900000
8,2242,1008900000,1008900100,23496,39161,1009350000,1009350000
8,2243,1009350000,1009350100,23496,39161,1009800000,1009800000
8,2244,1009800000,1009800100,23496,39161,1010250000,1010250000
8,2245,1010250000,1010250100,23496,39161,1010700000,1010700000
8,2246,1010700000,1010700100,23496,39161,1011150000,1011150000
8,2247,1011150000,1011150100,23496,39161,1011600000,1011600000
8,2248,1011600000,1011600100,23496,39161,1012050000,1012050000
8,2249,1012050000,1012050100,23496,39161,1012500000,1012500000
8,2250,1012500000,1012500100,23496,39161,1012950000,1012950000
8,2251,1012950000,1012950100,23496,39161,1013400000,1013400000
8,2252,1013400000,1013400100,23496,39161,1013850000,1013850000
8,2253,1013850000,1013850100,23496,39161,1014300000,1014300000
8,2254,1014300000,1014300100,23496,39161,1014750000,1014750000
8,2255,1014750000,1014750100,23496,39161,1015200000,1015200000
8,2256,1015200000,1015200100,23496,39161,1015650000,1015650000
8,2257,1015650000,1015650100,23496,39161,1016100000,1016100000
8,2258,1016100000,1016100100,23496,39161,1016550000,1016550000
8,2259,1016550000,1016550100,23496,39161,1017000000,1017000000
8,2260,1017000000,1017000100,23496,39161,1017450000,1017450000
8,2261,1017450000,1017450100,23496,39161,1017900000,1017900000
8,2262,1017900000,1017900100,23496,39161,1018350000,1018350000
8,2263,1018350000,1018350100,23496,39161,1018800000,1018800000
8,2264,1018800000,1018800100,23496,39161,1019250000,1019250000
8,2265,1019250000,1019250100,23496,39161,1019700000,1019700000
8,2266,1019700000,1019700100,23496,39161,1020150000,1020150000
8,2267,1020150000,1020150100,23496,39161,1020600000,1020600000
8,2268,1020600000,1020600100,23496,39161,1021050000,1021050000
8,2269,1021050000,1021050100,23496,39161,1021500000,1021500000
8,2270,1021500000,1021500100,23496,39161,1021950000,1021950000
8,2271,1021950000,1021950100,23496,39161,1022400000,1022400000
8,2272,1022400000,1022400100,23496,39161,1022850000,1022850000
8,2273,1022850000,1022850100,23496,39161,1023300000,1023300000
8,2274,1023300000,1023300100,23496,39161,1023750000,1023750000
8,2275,1023750000,1023750100,23496,39161,1024200000,1024200000
8,2276,1024200000,1024200100,23496,39161,1024650000,1024650000
8,2277,1024650000,1024650100,23496,39161,1025100000,1025100000
8,2278,1025100000,1025100100,23496,39161,1025550000,1025550000
8,2279,1025550000,1025550100,23496,39161,1026000000,1026000000
8,2280,1026000000,1026000100,23496,39161,1026450000,1026450000
8,2281,1026450000,1026450100,23496,39161,1026900000,1026900000
8,2282,1026900000,1026900100,23496,39161,1027350000,1027350000
8,2283,1027350000,1027350100,23496,39161,1027800000,1027800000
8,2284,1027800000,1027800100,23496,39161,1028250000,1028250000
8,2285,1028250000,1028250100,23496,39161,1028700000,1028700000
8,2286,1028700000,1028700100,23496,39161,1029150000,1029150000
8,2287,1029150000,1029150100,23496,39161,1029600000,1029600000
8,2288,1029600000,1029600100,23496,39161,1030050000,1030050000
8,2289,1030050000,1030050100,23496,39161,1030500000,1030500000
8,2290,1030500000,1030500100,23496,39161,1030950000,1030950000
8,2291,1030950000,1030950100,23496,39161,1031400000,1031400000
8,2292,1031400000,1031400100,23496,39161,1031850000,1031850000
8,2293,1031850000,1031850100,23496,39161,1032300000,1032300000
8,2294,1032300000,1032300100,23496,39161,1032750000,1032750000
8,2295,1032750000,1032750100,23496,39161,1033200000,1033200000
8,2296,1033200000,1033200100,23496,39161,1033650000,1033650000
8,2297,1033650000,1033650100,23496,39161,1034100000,1034100000
8,2298,1034100000,1034100100,23496,39161,1034550000,1034550000
8,2299,1034550000,1034550100,23496,39161,1035000000,1035000000
8,2300,1035000000,1035000100,23496,39161,1035450000,1035450000
8,2301,1035450000,1035450100,23496,39161,1035900000,1035900000
8,2302,1035900000,1035900100,23496,39161,1036350000,1036350000
8,2303,1036350000,1036350100,23496,39161,1036800000,1036800000
8,2304,1036800000,1036800100,23496,39161,1037250000,1037250000
8,2305,1037250000,1037250100,23496,39161,1037700000,1037700000
8,2306,1037700000,1037700100,23496,39161,1038150000,1038150000
8,2307,1038150000,1038150100,23496,39161,1038600000,1038600000
8,2308,1038600000,1038600100,23496,39161,1039050000,1039050000
8,2309,1039050000,1039050100,23496,39161,1039500000,1039500000
8,2310,1039500000,1039500100,23496,39161,1039950000,1039950000
8,2311,1039950000,1039950100,23496,39161,1040400000,1040400000
8,2312,1040400000,1040400100,23496,39161,1040850000,1040850000
8,2313,1040850000,1040850100,23496,39161,1041300000,1041300000
8,2314,1041300000,1041300100,23496,39161,1041750000,1041750000
8,2315,1041750000,1041750100,23496,39161,1042200000,1042200000
8,2316,1042200000,1042200100,23496,39161,1042650000,1042650000
8,2317,1042650000,1042650100,23496,39161,1043100000,1043100000
8,2318,1043100000,1043100100,23496,39161,1043550000,1043550000
8,2319,1043550000,1043550100,23496,39161,1044000000,1044000000
8,2320,1044000000,1044000100,23496,39161,1044450000,1044450000
8,2321,1044450000,1044450100,23496,39161,1044900000,1044900000
8,2322,1044900000,1044900100,23496,39161,1045350000,1045350000
8,2323,1045350000,1045350100,23496,39161,1045800000,1045800000
8,2324,1045800000,1045800100,23496,39161,1046250000,1046250000
8,2325,1046250000,1046250100,23496,39161,1046700000,1046700000
8,2326,1046700000,1046700100,23496,39161,1047150000,1047150000
8,2327,1047150000,1047150100,23496,39161,1047600000,1047600000
8,2328,1047600000,1047600100,23496,39161,1048050000,1048050000
8,2329,1048050000,1048050100,23496,39161,1048500000,1048500000
8,2330,1048500000,1048500100,23496,39161,1048950000,1048950000
8,2331,1048950000,1048950100,23496,39161,1049400000,1049400000
8,2332,1049400000,1049400100,23496,39161,1049850000,1049850000
8,2333,1049850000,1049850100,23496,39161,1050300000,1050300000
8,2334,1050300000,1050300100,23496,39161,1050750000,1050750000
8,2335,1050750000,1050750100,23496,39161,1051200000,1051200000
8,2336,1051200000,1051200100,23496,39161,1051650000,1051650000
8,2337,1051650000,1051650100,23496,39161,1052100000,1052100000
8,2338,1052100000,1052100100,23496,39161,1052550000,1052550000
8,2339,1052550000,1052550100,23496,39161,1053000000,1053000000
8,2340,1053000000,1053000100,23496,39161,1053450000,1053450000
8,2341,1053450000,1053450100,23496,39161,1053900000,1053900000
8,2342,1053900000,1053900100,23496,39161,1054350000,1054350000
8,2343,1054350000,1054350100,23496,39161,1054800000,1054800000
8,2344,1054800000,1054800100,23496,39161,1055250000,1055250000
8,2345,1055250000,1055250100,23496,39161,1055700000,1055700000
8,2346,1055700000,1055700100,23496,39161,1056150000,1056150000
8,2347,1056150000,1056150100,23496,39161,1056600000,1056600000
8,2348,1056600000,1056600100,23496,39161,1057050000,1057050000
8,2349,1057050000,1057050100,23496,39161,1057500000,1057500000
8,2350,1057500000,1057500100,23496,39161,1057950000,1057950000
8,2351,1057950000,1057950100,23496,39161,1058400000,1058400000
8,2352,1058400000,1058400100,23496,39161,1058850000,1058850000
8,2353,1058850000,1058850100,23496,39161,1059300000,1059300000
8,2354,1059300000,1059300100,23496,39161,1059750000,1059750000
8,2355,1059750000,1059750100,23496,39161,1060200000,1060200000
8,2356,1060200000,1060200100,23496,39161,1060650000,1060650000
8,2357,1060650000,1060650100,23496,39161,1061100000,1061100000
8,2358,1061100000,1061100100,23496,39161,1061550000,1061550000
8,2359,1061550000,1061550100,23496,39161,1062000000,1062000000
8,2360,1062000000,1062000100,23496,39161,1062450000,1062450000
8,2361,1062450000,1062450100,23496,39161,1062900000,1062900000
8,2362,1062900000,1062900100,23496,39161,1063350000,1063350000
8,2363,1063350000,1063350100,23496,39161,1063800000,1063800000
8,2364,1063800000,1063800100,23496,39161,1064250000,1064250000
8,2365,1064250000,1064250100,23496,39161,1064700000,1064700000
8,2366,1064700000,1064700100,23496,39161,1065150000,1065150000
8,2367,1065150000,1065150100,23496,39161,1065600000,1065600000
8,2368,1065600000,1065600100,23496,39161,1066050000,1066050000
8,2369,1066050000,1066050100,23496,39161,1066500000,1066500000
8,2370,1066500000,1066500100,23496,39161,1066950000,1066950000
8,2371,1066950000,1066950100,23496,39161,1067400000,1067400000
8,2372,1067400000,1067400100,23496,39161,1067850000,1067850000
8,2373,1067850000,1067850100,23496,39161,1068300000,1068300000
8,2374,1068300000,1068300100,23496,39161,1068750000,1068750000
8,2375,1068750000,1068750100,23496,39161,1069200000,1069200000
8,2376,1069200000,1069200100,23496,39161,1069650000,1069650000
8,2377,1069650000,1069650100,23496,39161,1070100000,1070100000
8,2378,1070100000,1070100100,23496,39161,1070550000,1070550000
8,2379,1070550000,1070550100,23496,39161,1071000000,1071000000
8,2380,1071000000,1071000100,23496,39161,1071450000,1071450000
8,2381,1071450000,1071450100,23496,39161,1071900000,1071900000
8,2382,1071900000,1071900100,23496,39161,1072350000,1072350000
8,2383,1072350000,1072350100,23496,39161,1072800000,1072800000
8,2384,1072800000,1072800100,23496,39161,1073250000,1073250000
8,2385,1073250000,1073250100,23496,39161,1073700000,1073700000
8,2386,1073700000,1073700100,23496,39161,1074150000,1074150000
8,2387,1074150000,1074150100,23496,39161,1074600000,1074600000
8,2388,1074600000,1074600100,23496,39161,1075050000,1075050000
8,2389,1075050000,1075050100,23496,39161,1075500000,1075500000
8,2390,1075500000,1075500100,23496,39161,1075950000,1075950000
8,2391,1075950000,1075950100,23496,39161,1076400000,1076400000
8,2392,1076400000,1076400100,23496,39161,1076850000,1076850000
8,2393,1076850000,1076850100,23496,39161,1077300000,1077300000
8,2394,1077300000,1077300100,23496,39161,1077750000,1077750000
8,2395,1077750000,1077750100,23496,39161,1078200000,1078200000
8,2396,1078200000,1078200100,23496,39161,1078650000,1078650000
8,2397,1078650000,1078650100,23496,39161,1079100000,1079100000
8,2398,1079100000,1079100100,23496,39161,1079550000,1079550000
8,2399,1079550000,1079550100,23496,39161,1080000000,1080000000
8,2400,1080000000,1080000100,23496,39161,1080450000,1080450000
8,2401,1080450000,1080450100,23496,39161,1080900000,1080900000
8,2402,1080900000,1080900100,23496,39161,1081350000,1081350000
8,2403,1081350000,1081350100,23496,39161,1081800000,1081800000
8,2404,1081800000,1081800100,23496,39161,1082250000,1082250000
8,2405,1082250000,1082250100,23496,39161,1082700000,1082700000
8,2406,1082700000,1082700100,23496,39161,1083150000,1083150000
8,2407,1083150000,1083150100,23496,39161,1083600000,1083600000
8,2408,1083600000,1083600100,23496,39161,1084050000,1084050000
8,2409,1084050000,1084050100,23496,39161,1084500000,1084500000
8,2410,1084500000,1084500100,23496,39161,1084950000,1084950000
8,2411,1084950000,1084950100,23496,39161,1085400000,1085400000
8,2412,1085400000,1085400100,23496,39161,1085850000,1085850000
8,2413,1085850000,1085850100,23496,39161,1086300000,1086300000
8,2414,1086300000,1086300100,23496,39161,1086750000,1086750000
8,2415,1086750000,1086750100,23496,39161,1087200000,1087200000
8,2416,1087200000,1087200100,23496,39161,1087650000,1087650000
8,2417,1087650000,1087650100,23496,39161,1088100000,1088100000
8,2418,1088100000,1088100100,23496,39161,1088550000,1088550000
8,2419,1088550000,1088550100,23496,39161,1089000000,1089000000
8,2420,1089000000,1089000100,23496,39161,1089450000,1089450000
8,2421,1089450000,1089450100,23496,39161,1089900000,1089900000
8,2422,1089900000,1089900100,23496,39161,1090350000,1090350000
8,2423,1090350000,1090350100,23496,39161,1090800000,1090800000
8,2424,1090800000,1090800100,23496,39161,1091250000,1091250000
8,2425,1091250000,1091250100,23496,39161,1091700000,1091700000
8,2426,1091700000,1091700100,23496,39161,1092150000,1092150000
8,2427,1092150000,1092150100,23496,39161,1092600000,1092600000
8,2428,1092600000,1092600100,23496,39161,1093050000,1093050000
8,2429,1093050000,1093050100,23496,39161,1093500000,1093500000
8,2430,1093500000,1093500100,23496,39161,1093950000,1093950000
8,2431,1093950000,1093950100,23496,39161,1094400000,1094400000
8,2432,1094400000,1094400100,23496,39161,1094850000,1094850000
8,2433,1094850000,1094850100,23496,39161,1095300000,1095300000
8,2434,1095300000,1095300100,23496,39161,1095750000,1095750000
8,2435,1095750000,1095750100,23496,39161,1096200000,1096200000
8,2436,1096200000,1096200100,23496,39161,1096650000,1096650000
8,2437,1096650000,1096650100,23496,39161,1097100000,1097100000
8,2438,1097100000,1097100100,23496,39161,1097550000,1097550000
8,2439,1097550000,1097550100,23496,39161,1098000000,1098000000
8,2440,1098000000,1098000100,23496,39161,1098450000,1098450000
8,2441,1098450000,1098450100,23496,39161,1098900000,1098900000
8,2442,1098900000,1098900100,23496,39161,1099350000,1099350000
8,2443,1099350000,1099350100,23496,39161,1099800000,1099800000
8,2444,1099800000,1099800100,23496,39161,1100250000,1100250000
8,2445,1100250000,1100250100,23496,39161,1100700000,1100700000
8,2446,1100700000,1100700100,23496,39161,1101150000,1101150000
8,2447,1101150000,1101150100,23496,39161,1101600000,1101600000
8,2448,1101600000,1101600100,23496,39161,1102050000,1102050000
8,2449,1102050000,1102050100,23496,39161,1102500000,1102500000
8,2450,1102500000,1102500100,23496,39161,1102950000,1102950000
8,2451,1102950000,1102950100,23496,39161,1103400000,1103400000
8,2452,1103400000,1103400100,23496,39161,1103850000,1103850000
8,2453,1103850000,1103850100,23496,39161,1104300000,1104300000
8,2454,1104300000,1104300100,23496,39161,1104750000,1104750000
8,2455,1104750000,1104750100,23496,39161,1105200000,1105200000
8,2456,1105200000,1105200100,23496,39161,1105650000,1105650000
8,2457,1105650000,1105650100,23496,39161,1106100000,1106100000
8,2458,1106100000,1106100100,23496,39161,1106550000,1106550000
8,2459,1106550000,1106550100,23496,39161,1107000000,1107000000
8,2460,1107000000,1107000100,23496,39161,1107450000,1107450000
8,2461,1107450000,1107450100,23496,39161,1107900000,1107900000
8,2462,1107900000,1107900100,23496,39161,1108350000,1108350000
8,2463,1108350000,1108350100,23496,39161,1108800000,1108800000
8,2464,1108800000,1108800100,23496,39161,1109250000,1109250000
8,2465,1109250000,1109250100,23496,39161,1109700000,1109700000
8,2466,1109700000,1109700100,23496,39161,1110150000,1110150000
8,2467,1110150000,1110150100,23496,39161,1110600000,1110600000
8,2468,1110600000,1110600100,23496,39161,1111050000,1111050000
8,2469,1111050000,1111050100,23496,39161,1111500000,1111500000
8,2470,1111500000,1111500100,23496,39161,1111950000,1111950000
8,2471,1111950000,1111950100,23496,39161,1112400000,1112400000
8,2472,1112400000,1112400100,23496,39161,1112850000,1112850000
8,2473,1112850000,1112850100,23496,39161,1113300000,1113300000
8,2474,1113300000,1113300100,23496,39161,1113750000,1113750000
8,2475,1113750000,1113750100,23496,39161,1114200000,1114200000
8,2476,1114200000,1114200100,23496,39161,1114650000,1114650000
8,2477,1114650000,1114650100,23496,39161,1115100000,1115100000
8,2478,1115100000,1115100100,23496,39161,1115550000,1115550000
8,2479,1115550000,1115550100,23496,39161,1116000000,1116000000
8,2480,1116000000,1116000100,23496,39161,1116450000,1116450000
8,2481,1116450000,1116450100,23496,39161,1116900000,1116900000
8,2482,1116900000,1116900100,23496,39161,1117350000,1117350000
8,2483,1117350000,1117350100,23496,39161,1117800000,1117800000
8,2484,1117800000,1117800100,23496,39161,1118250000,1118250000
8,2485,1118250000,1118250100,23496,39161,1118700000,1118700000
8,2486,1118700000,1118700100,23496,39161,1119150000,1119150000
8,2487,1119150000,1119150100,23496,39161,1119600000,1119600000
8,2488,1119600000,1119600100,23496,39161,1120050000,1120050000
8,2489,1120050000,1120050100,23496,39161,1120500000,1120500000
8,2490,1120500000,1120500100,23496,39161,1120950000,1120950000
8,2491,1120950000,1120950100,23496,39161,1121400000,1121400000
8,2492,1121400000,1121400100,23496,39161,1121850000,1121850000
8,2493,1121850000,1121850100,23496,39161,1122300000,1122300000
8,2494,1122300000,1122300100,23496,39161,1122750000,1122750000
8,2495,1122750000,1122750100,23496,39161,1123200000,1123200000
8,2496,1123200000,1123200100,23496,39161,1123650000,1123650000
8,2497,1123650000,1123650100,23496,39161,1124100000,1124100000
8,2498,1124100000,1124100100,23496,39161,1124550000,1124550000
8,2499,1124550000,1124550100,23496,39161,1125000000,1125000000
8,2500,1125000000,1125000100,23496,39161,1125450000,1125450000
8,2501,1125450000,1125450100,23496,39161,1125900000,1125900000
8,2502,1125900000,1125900100,23496,39161,1126350000,1126350000
8,2503,1126350000,1126350100,23496,39161,1126800000,1126800000
8,2504,1126800000,1126800100,23496,39161,1127250000,1127250000
8,2505,1127250000,1127250100,23496,39161,1127700000,1127700000
8,2506,1127700000,1127700100,23496,39161,1128150000,1128150000
8,2507,1128150000,1128150100,23496,39161,1128600000,1128600000
8,2508,1128600000,1128600100,23496,39161,1129050000,1129050000
8,2509,1129050000,1129050100,23496,39161,1129500000,1129500000
8,2510,1129500000,1129500100,23496,39161,1129950000,1129950000
8,2511,1129950000,1129950100,23496,39161,1130400000,1130400000
8,2512,1130400000,1130400100,23496,39161,1130850000,1130850000
8,2513,1130850000,1130850100,23496,39161,1131300000,1131300000
8,2514,1131300000,1131300100,23496,39161,1131750000,1131750000
8,2515,1131750000,1131750100,23496,39161,1132200000,1132200000
8,2516,1132200000,1132200100,23496,39161,1132650000,1132650000
8,2517,1132650000,1132650100,23496,39161,1133100000,1133100000
8,2518,1133100000,1133100100,23496,39161,1133550000,1133550000
8,2519,1133550000,1133550100,23496,39161,1134000000,1134000000
8,2520,1134000000,1134000100,23496,39161,1134450000,1134450000
8,2521,1134450000,1134450100,23496,39161,1134900000,1134900000
8,2522,1134900000,1134900100,23496,39161,1135350000,1135350000
8,2523,1135350000,1135350100,23496,39161,1135800000,1135800000
8,2524,1135800000,1135800100,23496,39161,1136250000,1136250000
8,2525,1136250000,1136250100,23496,39161,1136700000,1136700000
8,2526,1136700000,1136700100,23496,39161,1137150000,1137150000
8,2527,1137150000,1137150100,23496,39161,1137600000,1137600000
8,2528,1137600000,1137600100,23496,39161,1138050000,1138050000
8,2529,1138050000,1138050100,23496,39161,1138500000,1138500000
8,2530,1138500000,1138500100,23496,39161,1138950000,1138950000
8,2531,1138950000,1138950100,23496,39161,1139400000,1139400000
8,2532,1139400000,1139400100,23496,39161,1139850000,1139850000
8,2533,1139850000,1139850100,23496,39161,1140300000,1140300000
8,2534,1140300000,1140300100,23496,39161,1140750000,1140750000
8,2535,1140750000,1140750100,23496,39161,1141200000,1141200000
8,2536,1141200000,1141200100,23496,39161,1141650000,1141650000
8,2537,1141650000,1141650100,23496,39161,1142100000,1142100000
8,2538,1142100000,1142100100,23496,39161,1142550000,1142550000
8,2539,1142550000,1142550100,23496,39161,1143000000,1143000000
8,2540,1143000000,1143000100,23496,39161,1143450000,1143450000
8,2541,1143450000,1143450100,23496,39161,1143900000,1143900000
8,2542,1143900000,1143900100,23496,39161,1144350000,1144350000
8,2543,1144350000,1144350100,23496,39161,1144800000,1144800000
8,2544,1144800000,1144800100,23496,39161,1145250000,1145250000
8,2545,1145250000,1145250100,23496,39161,1145700000,1145700000
8,2546,1145700000,1145700100,23496,39161,1146150000,1146150000
8,2547,1146150000,1146150100,23496,39161,1146600000,1146600000
8,2548,1146600000,1146600100,23496,39161,1147050000,1147050000
8,2549,1147050000,1147050100,23496,39161,1147500000,1147500000
8,2550,1147500000,1147500100,23496,39161,1147950000,1147950000
8,2551,1147950000,1147950100,23496,39161,1148400000,1148400000
8,2552,1148400000,1148400100,23496,39161,1148850000,1148850000
8,2553,1148850000,1148850100,23496,39161,1149300000,1149300000
8,2554,1149300000,1149300100,23496,39161,1149750000,1149750000
8,2555,1149750000,1149750100,23496,39161,1150200000,1150200000
8,2556,1150200000,1150200100,23496,39161,1150650000,1150650000
8,2557,1150650000,1150650100,23496,39161,1151100000,1151100000
8,2558,1151100000,1151100100,23496,39161,1151550000,1151550000
8,2559,1151550000,1151550100,23496,39161,1152000000,1152000000
8,2560,1152000000,1152000100,23496,39161,1152450000,1152450000
8,2561,1152450000,1152450100,23496,39161,1152900000,1152900000
8,2562,1152900000,1152900100,23496,39161,1153350000,1153350000
8,2563,1153350000,1153350100,23496,39161,1153800000,1153800000
8,2564,1153800000,1153800100,23496,39161,1154250000,1154250000
8,2565,1154250000,1154250100,23496,39161,1154700000,1154700000
8,2566,1154700000,1154700100,23496,39161,1155150000,1155150000
8,2567,1155150000,1155150100,23496,39161,1155600000,1155600000
8,2568,1155600000,1155600100,23496,39161,1156050000,1156050000
8,2569,1156050000,1156050100,23496,39161,1156500000,1156500000
8,2570,1156500000,1156500100,23496,39161,1156950000,1156950000
8,2571,1156950000,1156950100,23496,39161,1157400000,1157400000
8,2572,1157400000,1157400100,23496,39161,1157850000,1157850000
8,2573,1157850000,1157850100,23496,39161,1158300000,1158300000
8,2574,1158300000,1158300100,23496,39161,1158750000,1158750000
8,2575,1158750000,1158750100,23496,39161,1159200000,1159200000
8,2576,1159200000,1159200100,23496,39161,1159650000,1159650000
8,2577,1159650000,1159650100,23496,39161,1160100000,1160100000
8,2578,1160100000,1160100100,23496,39161,1160550000,1160550000
8,2579,1160550000,1160550100,23496,39161,1161000000,1161000000
8,2580,1161000000,1161000100,23496,39161,1161450000,1161450000
8,2581,1161450000,1161450100,23496,39161,1161900000,1161900000
8,2582,1161900000,1161900100,23496,39161,1162350000,1162350000
8,2583,1162350000,1162350100,23496,39161,1162800000,1162800000
8,2584,1162800000,1162800100,23496,39161,1163250000,1163250000
8,2585,1163250000,1163250100,23496,39161,1163700000,1163700000
8,2586,1163700000,1163700100,23496,39161,1164150000,1164150000
8,2587,1164150000,1164150100,23496,39161,1164600000,1164600000
8,2588,1164600000,1164600100,23496,39161,1165050000,1165050000
8,2589,1165050000,1165050100,23496,39161,1165500000,1165500000
8,2590,1165500000,1165500100,23496,39161,1165950000,1165950000
8,2591,1165950000,1165950100,23496,39161,1166400000,1166400000
8,2592,1166400000,1166400100,23496,39161,1166850000,1166850000
8,2593,1166850000,1166850100,23496,39161,1167300000,1167300000
8,2594,1167300000,1167300100,23496,39161,1167750000,1167750000
8,2595,1167750000,1167750100,23496,39161,1168200000,1168200000
8,2596,1168200000,1168200100,23496,39161,1168650000,1168650000
8,2597,1168650000,1168650100,23496,39161,1169100000,1169100000
8,2598,1169100000,1169100100,23496,39161,1169550000,1169550000
8,2599,1169550000,1169550100,23496,39161,1170000000,1170000000
8,2600,1170000000,1170000100,23496,39161,1170450000,1170450000
8,2601,1170450000,1170450100,23496,39161,1170900000,1170900000
8,2602,1170900000,1170900100,23496,39161,1171350000,1171350000
8,2603,1171350000,1171350100,23496,39161,1171800000,1171800000
8,2604,1171800000,1171800100,23496,39161,1172250000,1172250000
8,2605,1172250000,1172250100,23496,39161,1172700000,1172700000
8,2606,1172700000,1172700100,23496,39161,1173150000,1173150000
8,2607,1173150000,1173150100,23496,39161,1173600000,1173600000
8,2608,1173600000,1173600100,23496,39161,1174050000,1174050000
8,2609,1174050000,1174050100,23496,39161,1174500000,1174500000
8,2610,1174500000,1174500100,23496,39161,1174950000,1174950000
8,2611,1174950000,1174950100,23496,39161,1175400000,1175400000
8,2612,1175400000,1175400100,23496,39161,1175850000,1175850000
8,2613,1175850000,1175850100,23496,39161,1176300000,1176300000
8,2614,1176300000,1176300100,23496,39161,1176750000,1176750000
8,2615,1176750000,1176750100,23496,39161,1177200000,1177200000
8,2616,1177200000,1177200100,23496,39161,1177650000,1177650000
8,2617,1177650000,1177650100,23496,39161,1178100000,1178100000
8,2618,1178100000,1178100100,23496,39161,1178550000,1178550000
8,2619,1178550000,1178550100,23496,39161,1179000000,1179000000
8,2620,1179000000,1179000100,23496,39161,1179450000,1179450000
8,2621,1179450000,1179450100,23496,39161,1179900000,1179900000
8,2622,1179900000,1179900100,23496,39161,1180350000,1180350000
8,2623,1180350000,1180350100,23496,39161,1180800000,1180800000
8,2624,1180800000,1180800100,23496,39161,1181250000,1181250000
8,2625,1181250000,1181250100,23496,39161,1181700000,1181700000
8,2626,1181700000,1181700100,23496,39161,1182150000,1182150000
8,2627,1182150000,1182150100,23496,39161,1182600000,1182600000
8,2628,1182600000,1182600100,23496,39161,1183050000,1183050000
8,2629,1183050000,1183050100,23496,39161,1183500000,1183500000
8,2630,1183500000,1183500100,23496,39161,1183950000,1183950000
8,2631,1183950000,1183950100,23496,39161,1184400000,1184400000
8,2632,1184400000,1184400100,23496,39161,1184850000,1184850000
8,2633,1184850000,1184850100,23496,39161,1185300000,1185300000
8,2634,1185300000,1185300100,23496,39161,1185750000,1185750000
8,2635,1185750000,1185750100,23496,39161,1186200000,1186200000
8,2636,1186200000,1186200100,23496,39161,1186650000,1186650000
8,2637,1186650000,1186650100,23496,39161,1187100000,1187100000
8,2638,1187100000,1187100100,23496,39161,1187550000,1187550000
8,2639,1187550000,1187550100,23496,39161,1188000000,1188000000
8,2640,1188000000,1188000100,23496,39161,1188450000,1188450000
8,2641,1188450000,1188450100,23496,39161,1188900000,1188900000
8,2642,1188900000,1188900100,23496,39161,1189350000,1189350000
8,2643,1189350000,1189350100,23496,39161,1189800000,1189800000
8,2644,1189800000,1189800100,23496,39161,1190250000,1190250000
8,2645,1190250000,1190250100,23496,39161,1190700000,1190700000
8,2646,1190700000,1190700100,23496,39161,1191150000,1191150000
8,2647,1191150000,1191150100,23496,39161,1191600000,1191600000
8,2648,1191600000,1191600100,23496,39161,1192050000,1192050000
8,2649,1192050000,1192050100,23496,39161,1192500000,1192500000
8,2650,1192500000,1192500100,23496,39161,1192950000,1192950000
8,2651,1192950000,1192950100,23496,39161,1193400000,1193400000
8,2652,1193400000,1193400100,23496,39161,1193850000,1193850000
8,2653,1193850000,1193850100,23496,39161,1194300000,1194300000
8,2654,1194300000,1194300100,23496,39161,1194750000,1194750000
8,2655,1194750000,1194750100,23496,39161,1195200000,1195200000
8,2656,1195200000,1195200100,23496,39161,1195650000,1195650000
8,2657,1195650000,1195650100,23496,39161,1196100000,1196100000
8,2658,1196100000,1196100100,23496,39161,1196550000,1196550000
8,2659,1196550000,1196550100,23496,39161,1197000000,1197000000
9,0,0,100,17604,29341,600000,600000
9,1,600000,600100,17604,29341,1200000,1200000
9,2,1200000,1200100,17604,29341,1800000,1800000
9,3,1800000,1800100,17604,29341,2400000,2400000
9,4,2400000,2400100,17604,29341,3000000,3000000
9,5,3000000,3000100,17604,29341,3600000,3600000
9,6,3600000,3600100,17604,29341,4200000,4200000
9,7,4200000,4200100,17604,29341,4800000,4800000
9,8,4800000,4800100,17604,29341,5400000,5400000
9,9,5400000,5400100,17604,29341,6000000,6000000
9,10,6000000,6000100,17604,29341,6600000,6600000
9,11,6600000,6600100,17604,29341,7200000,7200000
9,12,7200000,7200100,17604,29341,7800000,7800000
9,13,7800000,7800100,17604,29341,8400000,8400000
9,14,8400000,8400100,17604,29341,9000000,9000000
9,15,9000000,9000100,17604,29341,9600000,9600000
9,16,9600000,9600100,17604,29341,10200000,10200000
9,17,10200000,10200100,17604,29341,10800000,10800000
9,18,10800000,10800100,17604,29341,11400000,11400000
9,19,11400000,11400100,17604,29341,12000000,12000000
9,20,12000000,12000100,17604,29341,12600000,12600000
9,21,12600000,12600100,17604,29341,13200000,13200000
9,22,13200000,13200100,17604,29341,13800000,13800000
9,23,13800000,13800100,17604,29341,14400000,14400000
9,24,14400000,14400100,17604,29341,15000000,15000000
9,25,15000000,15000100,17604,29341,15600000,15600000
9,26,15600000,15600100,17604,29341,16200000,16200000
9,27,16200000,16200100,17604,29341,16800000,16800000
9,28,16800000,16800100,17604,29341,17400000,17400000
9,29,17400000,17400100,17604,29341,18000000,18000000
9,30,18000000,18000100,17604,29341,18600000,18600000
9,31,18600000,18600100,17604,29341,19200000,19200000
9,32,19200000,19200100,17604,29341,19800000,19800000
9,33,19800000,19800100,17604,29341,20400000,20400000
9,34,20400000,20400100,17604,29341,21000000,21000000
9,35,21000000,21000100,17604,29341,21600000,21600000
9,36,21600000,21600100,17604,29341,22200000,22200000
9,37,22200000,22200100,17604,29341,22800000,22800000
9,38,22800000,22800100,17604,29341,23400000,23400000
9,39,23400000,23400100,17604,29341,24000000,24000000
9,40,24000000,24000100,17604,29341,24600000,24600000
9,41,24600000,24600100,17604,29341,25200000,25200000
9,42,25200000,25200100,17604,29341,25800000,25800000
9,43,25800000,25800100,17604,29341,26400000,26400000
9,44,26400000,26400100,17604,29341,27000000,27000000
9,45,27000000,27000100,17604,29341,27600000,27600000
9,46,27600000,27600100,17604,29341,28200000,28200000
9,47,28200000,28200100,17604,29341,28800000,28800000
9,48,28800000,28800100,17604,29341,29400000,29400000
9,49,29400000,29400100,17604,29341,30000000,30000000
9,50,30000000,30000100,17604,29341,30600000,30600000
9,51,30600000,30600100,17604,29341,31200000,31200000
9,52,31200000,31200100,17604,29341,31800000,31800000
9,53,31800000,31800100,17604,29341,32400000,32400000
9,54,32400000,32400100,17604,29341,33000000,33000000
9,55,33000000,33000100,17604,29341,33600000,33600000
9,56,33600000,33600100,17604,29341,34200000,34200000
9,57,34200000,34200100,17604,29341,34800000,34800000
9,58,34800000,34800100,17604,29341,35400000,35400000
9,59,35400000,35400100,17604,29341,36000000,36000000
9,60,36000000,36000100,17604,29341,36600000,36600000
9,61,36600000,36600100,17604,29341,37200000,37200000
9,62,37200000,37200100,17604,29341,37800000,37800000
9,63,37800000,37800100,17604,29341,38400000,38400000
9,64,38400000,38400100,17604,29341,39000000,39000000
9,65,39000000,39000100,17604,29341,39600000,39600000
9,66,39600000,39600100,17604,29341,40200000,40200000
9,67,40200000,40200100,17604,29341,40800000,40800000
9,68,40800000,40800100,17604,29341,41400000,41400000
9,69,41400000,41400100,17604,29341,42000000,42000000
9,70,42000000,42000100,17604,29341,42600000,42600000
9,71,42600000,42600100,17604,29341,43200000,43200000
9,72,43200000,43200100,17604,29341,43800000,43800000
9,73,43800000,43800100,17604,29341,44400000,44400000
9,74,44400000,44400100,17604,29341,45000000,45000000
9,75,45000000,45000100,17604,29341,45600000,45600000
9,76,45600000,45600100,17604,29341,46200000,46200000
9,77,46200000,46200100,17604,29341,46800000,46800000
9,78,46800000,46800100,17604,29341,47400000,47400000
9,79,47400000,47400100,17604,29341,48000000,48000000
9,80,48000000,48000100,17604,29341,48600000,48600000
9,81,48600000,48600100,17604,29341,49200000,49200000
9,82,49200000,49200100,17604,29341,49800000,49800000
9,83,49800000,49800100,17604,29341,50400000,50400000
9,84,50400000,50400100,17604,29341,51000000,51000000
9,85,51000000,51000100,17604,29341,51600000,51600000
9,86,51600000,51600100,17604,29341,52200000,52200000
9,87,52200000,52200100,17604,29341,52800000,52800000
9,88,52800000,52800100,17604,29341,53400000,53400000
9,89,53400000,53400100,17604,29341,54000000,54000000
9,90,54000000,54000100,17604,29341,54600000,54600000
9,91,54600000,54600100,17604,29341,55200000,55200000
9,92,55200000,55200100,17604,29341,55800000,55800000
9,93,55800000,55800100,17604,29341,56400000,56400000
9,94,56400000,56400100,17604,29341,57000000,57000000
9,95,57000000,57000100,17604,29341,57600000,57600000
9,96,57600000,57600100,17604,29341,58200000,58200000
9,97,58200000,58200100,17604,29341,58800000,58800000
9,98,58800000,58800100,17604,29341,59400000,59400000
9,99,59400000,59400100,17604,29341,60000000,60000000
9,100,60000000,60000100,17604,29341,60600000,60600000
9,101,60600000,60600100,17604,29341,61200000,61200000
9,102,61200000,61200100,17604,29341,61800000,61800000
9,103,61800000,61800100,17604,29341,62400000,62400000
9,104,62400000,62400100,17604,29341,63000000,63000000
9,105,63000000,63000100,17604,29341,63600000,63600000
9,106,63600000,63600100,17604,29341,64200000,64200000
9,107,64200000,64200100,17604,29341,64800000,64800000
9,108,64800000,64800100,17604,29341,65400000,65400000
9,109,65400000,65400100,17604,29341,66000000,66000000
9,110,66000000,66000100,17604,29341,66600000,66600000
9,111,66600000,66600100,17604,29341,67200000,67200000
9,112,67200000,67200100,17604,29341,67800000,67800000
9,113,67800000,67800100,17604,29341,68400000,68400000
9,114,68400000,68400100,17604,29341,69000000,69000000
9,115,69000000,69000100,17604,29341,69600000,69600000
9,116,69600000,69600100,17604,29341,70200000,70200000
9,117,70200000,70200100,17604,29341,70800000,70800000
9,118,70800000,70800100,17604,29341,71400000,71400000
9,119,71400000,71400100,17604,29341,72000000,72000000
9,120,72000000,72000100,17604,29341,72600000,72600000
9,121,72600000,72600100,17604,29341,73200000,73200000
9,122,73200000,73200100,17604,29341,73800000,73800000
9,123,73800000,73800100,17604,29341,74400000,74400000
9,124,74400000,74400100,17604,29341,75000000,75000000
9,125,75000000,75000100,17604,29341,75600000,75600000
9,126,75600000,75600100,17604,29341,76200000,76200000
9,127,76200000,76200100,17604,29341,76800000,76800000
9,128,76800000,76800100,17604,29341,77400000,77400000
9,129,77400000,77400100,17604,29341,78000000,78000000
9,130,78000000,78000100,17604,29341,78600000,78600000
9,131,78600000,78600100,17604,29341,79200000,79200000
9,132,79200000,79200100,17604,29341,79800000,79800000
9,133,79800000,79800100,17604,29341,80400000,80400000
9,134,80400000,80400100,17604,29341,81000000,81000000
9,135,81000000,81000100,17604,29341,81600000,81600000
9,136,81600000,81600100,17604,29341,82200000,82200000
9,137,82200000,82200100,17604,29341,82800000,82800000
9,138,82800000,82800100,17604,29341,83400000,83400000
9,139,83400000,83400100,17604,29341,84000000,84000000
9,140,84000000,84000100,17604,29341,84600000,84600000
9,141,84600000,84600100,17604,29341,85200000,85200000
9,142,85200000,85200100,17604,29341,85800000,85800000
9,143,85800000,85800100,17604,29341,86400000,86400000
9,144,86400000,86400100,17604,29341,87000000,87000000
9,145,87000000,87000100,17604,29341,87600000,87600000
9,146,87600000,87600100,17604,29341,88200000,88200000
9,147,88200000,88200100,17604,29341,88800000,88800000
9,148,88800000,88800100,17604,29341,89400000,89400000
9,149,89400000,89400100,17604,29341,90000000,90000000
9,150,90000000,90000100,17604,29341,90600000,90600000
9,151,90600000,90600100,17604,29341,91200000,91200000
9,152,91200000,91200100,17604,29341,91800000,91800000
9,153,91800000,91800100,17604,29341,92400000,92400000
9,154,92400000,92400100,17604,29341,93000000,93000000
9,155,93000000,93000100,17604,29341,93600000,93600000
9,156,93600000,93600100,17604,29341,94200000,94200000
9,157,94200000,94200100,17604,29341,94800000,94800000
9,158,94800000,94800100,17604,29341,95400000,95400000
9,159,95400000,95400100,17604,29341,96000000,96000000
9,160,96000000,96000100,17604,29341,96600000,96600000
9,161,96600000,96600100,17604,29341,97200000,97200000
9,162,97200000,97200100,17604,29341,97800000,97800000
9,163,97800000,97800100,17604,29341,98400000,98400000
9,164,98400000,98400100,17604,29341,99000000,99000000
9,165,99000000,99000100,17604,29341,99600000,99600000
9,166,99600000,99600100,17604,29341,100200000,100200000
9,167,100200000,100200100,17604,29341,100800000,100800000
9,168,100800000,100800100,17604,29341,101400000,101400000
9,169,101400000,101400100,17604,29341,102000000,102000000
9,170,102000000,102000100,17604,29341,102600000,102600000
9,171,102600000,102600100,17604,29341,103200000,103200000
9,172,103200000,103200100,17604,29341,103800000,103800000
9,173,103800000,103800100,17604,29341,104400000,104400000
9,174,104400000,104400100,17604,29341,105000000,105000000
9,175,105000000,105000100,17604,29341,105600000,105600000
9,176,105600000,105600100,17604,29341,106200000,106200000
9,177,106200000,106200100,17604,29341,106800000,106800000
9,178,106800000,106800100,17604,29341,107400000,107400000
9,179,107400000,107400100,17604,29341,108000000,108000000
9,180,108000000,108000100,17604,29341,108600000,108600000
9,181,108600000,108600100,17604,29341,109200000,109200000
9,182,109200000,109200100,17604,29341,109800000,109800000
9,183,109800000,109800100,17604,29341,110400000,110400000
9,184,110400000,110400100,17604,29341,111000000,111000000
9,185,111000000,111000100,17604,29341,111600000,111600000
9,186,111600000,111600100,17604,29341,112200000,112200000
9,187,112200000,112200100,17604,29341,112800000,112800000
9,188,112800000,112800100,17604,29341,113400000,113400000
9,189,113400000,113400100,17604,29341,114000000,114000000
9,190,114000000,114000100,17604,29341,114600000,114600000
9,191,114600000,114600100,17604,29341,115200000,115200000
9,192,115200000,115200100,17604,29341,115800000,115800000
9,193,115800000,115800100,17604,29341,116400000,116400000
9,194,116400000,116400100,17604,29341,117000000,117000000
9,195,117000000,117000100,17604,29341,117600000,117600000
9,196,117600000,117600100,17604,29341,118200000,118200000
9,197,118200000,118200100,17604,29341,118800000,118800000
9,198,118800000,118800100,17604,29341,119400000,119400000
9,199,119400000,119400100,17604,29341,120000000,120000000
9,200,120000000,120000100,17604,29341,120600000,120600000
9,201,120600000,120600100,17604,29341,121200000,121200000
9,202,121200000,121200100,17604,29341,121800000,121800000
9,203,121800000,121800100,17604,29341,122400000,122400000
9,204,122400000,122400100,17604,29341,123000000,123000000
9,205,123000000,123000100,17604,29341,123600000,123600000
9,206,123600000,123600100,17604,29341,124200000,124200000
9,207,124200000,124200100,17604,29341,124800000,124800000
9,208,124800000,124800100,17604,29341,125400000,125400000
9,209,125400000,125400100,17604,29341,126000000,126000000
9,210,126000000,126000100,17604,29341,126600000,126600000
9,211,126600000,126600100,17604,29341,127200000,127200000
9,212,127200000,127200100,17604,29341,127800000,127800000
9,213,127800000,127800100,17604,29341,128400000,128400000
9,214,128400000,128400100,17604,29341,129000000,129000000
9,215,129000000,129000100,17604,29341,129600000,129600000
9,216,129600000,129600100,17604,29341,130200000,130200000
9,217,130200000,130200100,17604,29341,130800000,130800000
9,218,130800000,130800100,17604,29341,131400000,131400000
9,219,131400000,131400100,17604,29341,132000000,132000000
9,220,132000000,132000100,17604,29341,132600000,132600000
9,221,132600000,132600100,17604,29341,133200000,133200000
9,222,133200000,133200100,17604,29341,133800000,133800000
9,223,133800000,133800100,17604,29341,134400000,134400000
9,224,134400000,134400100,17604,29341,135000000,135000000
9,225,135000000,135000100,17604,29341,135600000,135600000
9,226,135600000,135600100,17604,29341,136200000,136200000
9,227,136200000,136200100,17604,29341,136800000,136800000
9,228,136800000,136800100,17604,29341,137400000,137400000
9,229,137400000,137400100,17604,29341,138000000,138000000
9,230,138000000,138000100,17604,29341,138600000,138600000
9,231,138600000,138600100,17604,29341,139200000,139200000
9,232,139200000,139200100,17604,29341,139800000,139800000
9,233,139800000,139800100,17604,29341,140400000,140400000
9,234,140400000,140400100,17604,29341,141000000,141000000
9,235,141000000,141000100,17604,29341,141600000,141600000
9,236,141600000,141600100,17604,29341,142200000,142200000
9,237,142200000,142200100,17604,29341,142800000,142800000
9,238,142800000,142800100,17604,29341,143400000,143400000
9,239,143400000,143400100,17604,29341,144000000,144000000
9,240,144000000,144000100,17604,29341,144600000,144600000
9,241,144600000,144600100,17604,29341,145200000,145200000
9,242,145200000,145200100,17604,29341,145800000,145800000
9,243,145800000,145800100,17604,29341,146400000,146400000
9,244,146400000,146400100,17604,29341,147000000,147000000
9,245,147000000,147000100,17604,29341,147600000,147600000
9,246,147600000,147600100,17604,29341,148200000,148200000
9,247,148200000,148200100,17604,29341,148800000,148800000
9,248,148800000,148800100,17604,29341,149400000,149400000
9,249,149400000,149400100,17604,29341,150000000,150000000
9,250,150000000,150000100,17604,29341,150600000,150600000
9,251,150600000,150600100,17604,29341,151200000,151200000
9,252,151200000,151200100,17604,29341,151800000,151800000
9,253,151800000,151800100,17604,29341,152400000,152400000
9,254,152400000,152400100,17604,29341,153000000,153000000
9,255,153000000,153000100,17604,29341,153600000,153600000
9,256,153600000,153600100,17604,29341,154200000,154200000
9,257,154200000,154200100,17604,29341,154800000,154800000
9,258,154800000,154800100,17604,29341,155400000,155400000
9,259,155400000,155400100,17604,29341,156000000,156000000
9,260,156000000,156000100,17604,29341,156600000,156600000
9,261,156600000,156600100,17604,29341,157200000,157200000
9,262,157200000,157200100,17604,29341,157800000,157800000
9,263,157800000,157800100,17604,29341,158400000,158400000
9,264,158400000,158400100,17604,29341,159000000,159000000
9,265,159000000,159000100,17604,29341,159600000,159600000
9,266,159600000,159600100,17604,29341,160200000,160200000
9,267,160200000,160200100,17604,29341,160800000,160800000
9,268,160800000,160800100,17604,29341,161400000,161400000
9,269,161400000,161400100,17604,29341,162000000,162000000
9,270,162000000,162000100,17604,29341,162600000,162600000
9,271,162600000,162600100,17604,29341,163200000,163200000
9,272,163200000,163200100,17604,29341,163800000,163800000
9,273,163800000,163800100,17604,29341,164400000,164400000
9,274,164400000,164400100,17604,29341,165000000,165000000
9,275,165000000,165000100,17604,29341,165600000,165600000
9,276,165600000,165600100,17604,29341,166200000,166200000
9,277,166200000,166200100,17604,29341,166800000,166800000
9,278,166800000,166800100,17604,29341,167400000,167400000
9,279,167400000,167400100,17604,29341,168000000,168000000
9,280,168000000,168000100,17604,29341,168600000,168600000
9,281,168600000,168600100,17604,29341,169200000,169200000
9,282,169200000,169200100,17604,29341,169800000,169800000
9,283,169800000,169800100,17604,29341,170400000,170400000
9,284,170400000,170400100,17604,29341,171000000,171000000
9,285,171000000,171000100,17604,29341,171600000,171600000
9,286,171600000,171600100,17604,29341,172200000,172200000
9,287,172200000,172200100,17604,29341,172800000,172800000
9,288,172800000,172800100,17604,29341,173400000,173400000
9,289,173400000,173400100,17604,29341,174000000,174000000
9,290,174000000,174000100,17604,29341,174600000,174600000
9,291,174600000,174600100,17604,29341,175200000,175200000
9,292,175200000,175200100,17604,29341,175800000,175800000
9,293,175800000,175800100,17604,29341,176400000,176400000
9,294,176400000,176400100,17604,29341,177000000,177000000
9,295,177000000,177000100,17604,29341,177600000,177600000
9,296,177600000,177600100,17604,29341,178200000,178200000
9,297,178200000,178200100,17604,29341,178800000,178800000
9,298,178800000,178800100,17604,29341,179400000,179400000
9,299,179400000,179400100,17604,29341,180000000,180000000
9,300,180000000,180000100,17604,29341,180600000,180600000
9,301,180600000,180600100,17604,29341,181200000,181200000
9,302,181200000,181200100,17604,29341,181800000,181800000
9,303,181800000,181800100,17604,29341,182400000,182400000
9,304,182400000,182400100,17604,29341,183000000,183000000
9,305,183000000,183000100,17604,29341,183600000,183600000
9,306,183600000,183600100,17604,29341,184200000,184200000
9,307,184200000,184200100,17604,29341,184800000,184800000
9,308,184800000,184800100,17604,29341,185400000,185400000
9,309,185400000,185400100,17604,29341,186000000,186000000
9,310,186000000,186000100,17604,29341,186600000,186600000
9,311,186600000,186600100,17604,29341,187200000,187200000
9,312,187200000,187200100,17604,29341,187800000,187800000
9,313,187800000,187800100,17604,29341,188400000,188400000
9,314,188400000,188400100,17604,29341,189000000,189000000
9,315,189000000,189000100,17604,29341,189600000,189600000
9,316,189600000,189600100,17604,29341,190200000,190200000
9,317,190200000,190200100,17604,29341,190800000,190800000
9,318,190800000,190800100,17604,29341,191400000,191400000
9,319,191400000,191400100,17604,29341,192000000,192000000
9,320,192000000,192000100,17604,29341,192600000,192600000
9,321,192600000,192600100,17604,29341,193200000,193200000
9,322,193200000,193200100,17604,29341,193800000,193800000
9,323,193800000,193800100,17604,29341,194400000,194400000
9,324,194400000,194400100,17604,29341,195000000,195000000
9,325,195000000,195000100,17604,29341,195600000,195600000
9,326,195600000,195600100,17604,29341,196200000,196200000
9,327,196200000,196200100,17604,29341,196800000,196800000
9,328,196800000,196800100,17604,29341,197400000,197400000
9,329,197400000,197400100,17604,29341,198000000,198000000
9,330,198000000,198000100,17604,29341,198600000,198600000
9,331,198600000,198600100,17604,29341,199200000,199200000
9,332,199200000,199200100,17604,29341,199800000,199800000
9,333,199800000,199800100,17604,29341,200400000,200400000
9,334,200400000,200400100,17604,29341,201000000,201000000
9,335,201000000,201000100,17604,29341,201600000,201600000
9,336,201600000,201600100,17604,29341,202200000,202200000
9,337,202200000,202200100,17604,29341,202800000,202800000
9,338,202800000,202800100,17604,29341,203400000,203400000
9,339,203400000,203400100,17604,29341,204000000,204000000
9,340,204000000,204000100,17604,29341,204600000,204600000
9,341,204600000,204600100,17604,29341,205200000,205200000
9,342,205200000,205200100,17604,29341,205800000,205800000
9,343,205800000,205800100,17604,29341,206400000,206400000
9,344,206400000,206400100,17604,29341,207000000,207000000
9,345,207000000,207000100,17604,29341,207600000,207600000
9,346,207600000,207600100,17604,29341,208200000,208200000
9,347,208200000,208200100,17604,29341,208800000,208800000
9,348,208800000,208800100,17604,29341,209400000,209400000
9,349,209400000,209400100,17604,29341,210000000,210000000
9,350,210000000,210000100,17604,29341,210600000,210600000
9,351,210600000,210600100,17604,29341,211200000,211200000
9,352,211200000,211200100,17604,29341,211800000,211800000
9,353,211800000,211800100,17604,29341,212400000,212400000
9,354,212400000,212400100,17604,29341,213000000,213000000
9,355,213000000,213000100,17604,29341,213600000,213600000
9,356,213600000,213600100,17604,29341,214200000,214200000
9,357,214200000,214200100,17604,29341,214800000,214800000
9,358,214800000,214800100,17604,29341,215400000,215400000
9,359,215400000,215400100,17604,29341,216000000,216000000
9,360,216000000,216000100,17604,29341,216600000,216600000
9,361,216600000,216600100,17604,29341,217200000,217200000
9,362,217200000,217200100,17604,29341,217800000,217800000
9,363,217800000,217800100,17604,29341,218400000,218400000
9,364,218400000,218400100,17604,29341,219000000,219000000
9,365,219000000,219000100,17604,29341,219600000,219600000
9,366,219600000,219600100,17604,29341,220200000,220200000
9,367,220200000,220200100,17604,29341,220800000,220800000
9,368,220800000,220800100,17604,29341,221400000,221400000
9,369,221400000,221400100,17604,29341,222000000,222000000
9,370,222000000,222000100,17604,29341,222600000,222600000
9,371,222600000,222600100,17604,29341,223200000,223200000
9,372,223200000,223200100,17604,29341,223800000,223800000
9,373,223800000,223800100,17604,29341,224400000,224400000
9,374,224400000,224400100,17604,29341,225000000,225000000
9,375,225000000,225000100,17604,29341,225600000,225600000
9,376,225600000,225600100,17604,29341,226200000,226200000
9,377,226200000,226200100,17604,29341,226800000,226800000
9,378,226800000,226800100,17604,29341,227400000,227400000
9,379,227400000,227400100,17604,29341,228000000,228000000
9,380,228000000,228000100,17604,29341,228600000,228600000
9,381,228600000,228600100,17604,29341,229200000,229200000
9,382,229200000,229200100,17604,29341,229800000,229800000
9,383,229800000,229800100,17604,29341,230400000,230400000
9,384,230400000,230400100,17604,29341,231000000,231000000
9,385,231000000,231000100,17604,29341,231600000,231600000
9,386,231600000,231600100,17604,29341,232200000,232200000
9,387,232200000,232200100,17604,29341,232800000,232800000
9,388,232800000,232800100,17604,29341,233400000,233400000
9,389,233400000,233400100,17604,29341,234000000,234000000
9,390,234000000,234000100,17604,29341,234600000,234600000
9,391,234600000,234600100,17604,29341,235200000,235200000
9,392,235200000,235200100,17604,29341,235800000,235800000
9,393,235800000,235800100,17604,29341,236400000,236400000
9,394,236400000,236400100,17604,29341,237000000,237000000
9,395,237000000,237000100,17604,29341,237600000,237600000
9,396,237600000,237600100,17604,29341,238200000,238200000
9,397,238200000,238200100,17604,29341,238800000,238800000
9,398,238800000,238800100,17604,29341,239400000,239400000
9,399,239400000,239400100,17604,29341,240000000,240000000
9,400,240000000,240000100,17604,29341,240600000,240600000
9,401,240600000,240600100,17604,29341,241200000,241200000
9,402,241200000,241200100,17604,29341,241800000,241800000
9,403,241800000,241800100,17604,29341,242400000,242400000
9,404,242400000,242400100,17604,29341,243000000,243000000
9,405,243000000,243000100,17604,29341,243600000,243600000
9,406,243600000,243600100,17604,29341,244200000,244200000
9,407,244200000,244200100,17604,29341,244800000,244800000
9,408,244800000,244800100,17604,29341,245400000,245400000
9,409,245400000,245400100,17604,29341,246000000,246000000
9,410,246000000,246000100,17604,29341,246600000,246600000
9,411,246600000,246600100,17604,29341,247200000,247200000
9,412,247200000,247200100,17604,29341,247800000,247800000
9,413,247800000,247800100,17604,29341,248400000,248400000
9,414,248400000,248400100,17604,29341,249000000,249000000
9,415,249000000,249000100,17604,29341,249600000,249600000
9,416,249600000,249600100,17604,29341,250200000,250200000
9,417,250200000,250200100,17604,29341,250800000,250800000
9,418,250800000,250800100,17604,29341,251400000,251400000
9,419,251400000,251400100,17604,29341,252000000,252000000
9,420,252000000,252000100,17604,29341,252600000,252600000
9,421,252600000,252600100,17604,29341,253200000,253200000
9,422,253200000,253200100,17604,29341,253800000,253800000
9,423,253800000,253800100,17604,29341,254400000,254400000
9,424,254400000,254400100,17604,29341,255000000,255000000
9,425,255000000,255000100,17604,29341,255600000,255600000
9,426,255600000,255600100,17604,29341,256200000,256200000
9,427,256200000,256200100,17604,29341,256800000,256800000
9,428,256800000,256800100,17604,29341,257400000,257400000
9,429,257400000,257400100,17604,29341,258000000,258000000
9,430,258000000,258000100,17604,29341,258600000,258600000
9,431,258600000,258600100,17604,29341,259200000,259200000
9,432,259200000,259200100,17604,29341,259800000,259800000
9,433,259800000,259800100,17604,29341,260400000,260400000
9,434,260400000,260400100,17604,29341,261000000,261000000
9,435,261000000,261000100,17604,29341,261600000,261600000
9,436,261600000,261600100,17604,29341,262200000,262200000
9,437,262200000,262200100,17604,29341,262800000,262800000
9,438,262800000,262800100,17604,29341,263400000,263400000
9,439,263400000,263400100,17604,29341,264000000,264000000
9,440,264000000,264000100,17604,29341,264600000,264600000
9,441,264600000,264600100,17604,29341,265200000,265200000
9,442,265200000,265200100,17604,29341,265800000,265800000
9,443,265800000,265800100,17604,29341,266400000,266400000
9,444,266400000,266400100,17604,29341,267000000,267000000
9,445,267000000,267000100,17604,29341,267600000,267600000
9,446,267600000,267600100,17604,29341,268200000,268200000
9,447,268200000,268200100,17604,29341,268800000,268800000
9,448,268800000,268800100,17604,29341,269400000,269400000
9,449,269400000,269400100,17604,29341,270000000,270000000
9,450,270000000,270000100,17604,29341,270600000,270600000
9,451,270600000,270600100,17604,29341,271200000,271200000
9,452,271200000,271200100,17604,29341,271800000,271800000
9,453,271800000,271800100,17604,29341,272400000,272400000
9,454,272400000,272400100,17604,29341,273000000,273000000
9,455,273000000,273000100,17604,29341,273600000,273600000
9,456,273600000,273600100,17604,29341,274200000,274200000
9,457,274200000,274200100,17604,29341,274800000,274800000
9,458,274800000,274800100,17604,29341,275400000,275400000
9,459,275400000,275400100,17604,29341,276000000,276000000
9,460,276000000,276000100,17604,29341,276600000,276600000
9,461,276600000,276600100,17604,29341,277200000,277200000
9,462,277200000,277200100,17604,29341,277800000,277800000
9,463,277800000,277800100,17604,29341,278400000,278400000
9,464,278400000,278400100,17604,29341,279000000,279000000
9,465,279000000,279000100,17604,29341,279600000,279600000
9,466,279600000,279600100,17604,29341,280200000,280200000
9,467,280200000,280200100,17604,29341,280800000,280800000
9,468,280800000,280800100,17604,29341,281400000,281400000
9,469,281400000,281400100,17604,29341,282000000,282000000
9,470,282000000,282000100,17604,29341,282600000,282600000
9,471,282600000,282600100,17604,29341,283200000,283200000
9,472,283200000,283200100,17604,29341,283800000,283800000
9,473,283800000,283800100,17604,29341,284400000,284400000
9,474,284400000,284400100,17604,29341,285000000,285000000
9,475,285000000,285000100,17604,29341,285600000,285600000
9,476,285600000,285600100,17604,29341,286200000,286200000
9,477,286200000,286200100,17604,29341,286800000,286800000
9,478,286800000,286800100,17604,29341,287400000,287400000
9,479,287400000,287400100,17604,29341,288000000,288000000
9,480,288000000,288000100,17604,29341,288600000,288600000
9,481,288600000,288600100,17604,29341,289200000,289200000
9,482,289200000,289200100,17604,29341,289800000,289800000
9,483,289800000,289800100,17604,29341,290400000,290400000
9,484,290400000,290400100,17604,29341,291000000,291000000
9,485,291000000,291000100,17604,29341,291600000,291600000
9,486,291600000,291600100,17604,29341,292200000,292200000
9,487,292200000,292200100,17604,29341,292800000,292800000
9,488,292800000,292800100,17604,29341,293400000,293400000
9,489,293400000,293400100,17604,29341,294000000,294000000
9,490,294000000,294000100,17604,29341,294600000,294600000
9,491,294600000,294600100,17604,29341,295200000,295200000
9,492,295200000,295200100,17604,29341,295800000,295800000
9,493,295800000,295800100,17604,29341,296400000,296400000
9,494,296400000,296400100,17604,29341,297000000,297000000
9,495,297000000,297000100,17604,29341,297600000,297600000
9,496,297600000,297600100,17604,29341,298200000,298200000
9,497,298200000,298200100,17604,29341,298800000,298800000
9,498,298800000,298800100,17604,29341,299400000,299400000
9,499,299400000,299400100,17604,29341,300000000,300000000
9,500,300000000,300000100,17604,29341,300600000,300600000
9,501,300600000,300600100,17604,29341,301200000,301200000
9,502,301200000,301200100,17604,29341,301800000,301800000
9,503,301800000,301800100,17604,29341,302400000,302400000
9,504,302400000,302400100,17604,29341,303000000,303000000
9,505,303000000,303000100,17604,29341,303600000,303600000
9,506,303600000,303600100,17604,29341,304200000,304200000
9,507,304200000,304200100,17604,29341,304800000,304800000
9,508,304800000,304800100,17604,29341,305400000,305400000
9,509,305400000,305400100,17604,29341,306000000,306000000
9,510,306000000,306000100,17604,29341,306600000,306600000
9,511,306600000,306600100,17604,29341,307200000,307200000
9,512,307200000,307200100,17604,29341,307800000,307800000
9,513,307800000,307800100,17604,29341,308400000,308400000
9,514,308400000,308400100,17604,29341,309000000,309000000
9,515,309000000,309000100,17604,29341,309600000,309600000
9,516,309600000,309600100,17604,29341,310200000,310200000
9,517,310200000,310200100,17604,29341,310800000,310800000
9,518,310800000,310800100,17604,29341,311400000,311400000
9,519,311400000,311400100,17604,29341,312000000,312000000
9,520,312000000,312000100,17604,29341,312600000,312600000
9,521,312600000,312600100,17604,29341,313200000,313200000
9,522,313200000,313200100,17604,29341,313800000,313800000
9,523,313800000,313800100,17604,29341,314400000,314400000
9,524,314400000,314400100,17604,29341,315000000,315000000
9,525,315000000,315000100,17604,29341,315600000,315600000
9,526,315600000,315600100,17604,29341,316200000,316200000
9,527,316200000,316200100,17604,29341,316800000,316800000
9,528,316800000,316800100,17604,29341,317400000,317400000
9,529,317400000,317400100,17604,29341,318000000,318000000
9,530,318000000,318000100,17604,29341,318600000,318600000
9,531,318600000,318600100,17604,29341,319200000,319200000
9,532,319200000,319200100,17604,29341,319800000,319800000
9,533,319800000,319800100,17604,29341,320400000,320400000
9,534,320400000,320400100,17604,29341,321000000,321000000
9,535,321000000,321000100,17604,29341,321600000,321600000
9,536,321600000,321600100,17604,29341,322200000,322200000
9,537,322200000,322200100,17604,29341,322800000,322800000
9,538,322800000,322800100,17604,29341,323400000,323400000
9,539,323400000,323400100,17604,29341,324000000,324000000
9,540,324000000,324000100,17604,29341,324600000,324600000
9,541,324600000,324600100,17604,29341,325200000,325200000
9,542,325200000,325200100,17604,29341,325800000,325800000
9,543,325800000,325800100,17604,29341,326400000,326400000
9,544,326400000,326400100,17604,29341,327000000,327000000
9,545,327000000,327000100,17604,29341,327600000,327600000
9,546,327600000,327600100,17604,29341,328200000,328200000
9,547,328200000,328200100,17604,29341,328800000,328800000
9,548,328800000,328800100,17604,29341,329400000,329400000
9,549,329400000,329400100,17604,29341,330000000,330000000
9,550,330000000,330000100,17604,29341,330600000,330600000
9,551,330600000,330600100,17604,29341,331200000,331200000
9,552,331200000,331200100,17604,29341,331800000,331800000
9,553,331800000,331800100,17604,29341,332400000,332400000
9,554,332400000,332400100,17604,29341,333000000,333000000
9,555,333000000,333000100,17604,29341,333600000,333600000
9,556,333600000,333600100,17604,29341,334200000,334200000
9,557,334200000,334200100,17604,29341,334800000,334800000
9,558,334800000,334800100,17604,29341,335400000,335400000
9,559,335400000,335400100,17604,29341,336000000,336000000
9,560,336000000,336000100,17604,29341,336600000,336600000
9,561,336600000,336600100,17604,29341,337200000,337200000
9,562,337200000,337200100,17604,29341,337800000,337800000
9,563,337800000,337800100,17604,29341,338400000,338400000
9,564,338400000,338400100,17604,29341,339000000,339000000
9,565,339000000,339000100,17604,29341,339600000,339600000
9,566,339600000,339600100,17604,29341,340200000,340200000
9,567,340200000,340200100,17604,29341,340800000,340800000
9,568,340800000,340800100,17604,29341,341400000,341400000
9,569,341400000,341400100,17604,29341,342000000,342000000
9,570,342000000,342000100,17604,29341,342600000,342600000
9,571,342600000,342600100,17604,29341,343200000,343200000
9,572,343200000,343200100,17604,29341,343800000,343800000
9,573,343800000,343800100,17604,29341,344400000,344400000
9,574,344400000,344400100,17604,29341,345000000,345000000
9,575,345000000,345000100,17604,29341,345600000,345600000
9,576,345600000,345600100,17604,29341,346200000,346200000
9,577,346200000,346200100,17604,29341,346800000,346800000
9,578,346800000,346800100,17604,29341,347400000,347400000
9,579,347400000,347400100,17604,29341,348000000,348000000
9,580,348000000,348000100,17604,29341,348600000,348600000
9,581,348600000,348600100,17604,29341,349200000,349200000
9,582,349200000,349200100,17604,29341,349800000,349800000
9,583,349800000,349800100,17604,29341,350400000,350400000
9,584,350400000,350400100,17604,29341,351000000,351000000
9,585,351000000,351000100,17604,29341,351600000,351600000
9,586,351600000,351600100,17604,29341,352200000,352200000
9,587,352200000,352200100,17604,29341,352800000,352800000
9,588,352800000,352800100,17604,29341,353400000,353400000
9,589,353400000,353400100,17604,29341,354000000,354000000
9,590,354000000,354000100,17604,29341,354600000,354600000
9,591,354600000,354600100,17604,29341,355200000,355200000
9,592,355200000,355200100,17604,29341,355800000,355800000
9,593,355800000,355800100,17604,29341,356400000,356400000
9,594,356400000,356400100,17604,29341,357000000,357000000
9,595,357000000,357000100,17604,29341,357600000,357600000
9,596,357600000,357600100,17604,29341,358200000,358200000
9,597,358200000,358200100,17604,29341,358800000,358800000
9,598,358800000,358800100,17604,29341,359400000,359400000
9,599,359400000,359400100,17604,29341,360000000,360000000
9,600,360000000,360000100,17604,29341,360600000,360600000
9,601,360600000,360600100,17604,29341,361200000,361200000
9,602,361200000,361200100,17604,29341,361800000,361800000
9,603,361800000,361800100,17604,29341,362400000,362400000
9,604,362400000,362400100,17604,29341,363000000,363000000
9,605,363000000,363000100,17604,29341,363600000,363600000
9,606,363600000,363600100,17604,29341,364200000,364200000
9,607,364200000,364200100,17604,29341,364800000,364800000
9,608,364800000,364800100,17604,29341,365400000,365400000
9,609,365400000,365400100,17604,29341,366000000,366000000
9,610,366000000,366000100,17604,29341,366600000,366600000
9,611,366600000,366600100,17604,29341,367200000,367200000
9,612,367200000,367200100,17604,29341,367800000,367800000
9,613,367800000,367800100,17604,29341,368400000,368400000
9,614,368400000,368400100,17604,29341,369000000,369000000
9,615,369000000,369000100,17604,29341,369600000,369600000
9,616,369600000,369600100,17604,29341,370200000,370200000
9,617,370200000,370200100,17604,29341,370800000,370800000
9,618,370800000,370800100,17604,29341,371400000,371400000
9,619,371400000,371400100,17604,29341,372000000,372000000
9,620,372000000,372000100,17604,29341,372600000,372600000
9,621,372600000,372600100,17604,29341,373200000,373200000
9,622,373200000,373200100,17604,29341,373800000,373800000
9,623,373800000,373800100,17604,29341,374400000,374400000
9,624,374400000,374400100,17604,29341,375000000,375000000
9,625,375000000,375000100,17604,29341,375600000,375600000
9,626,375600000,375600100,17604,29341,376200000,376200000
9,627,376200000,376200100,17604,29341,376800000,376800000
9,628,376800000,376800100,17604,29341,377400000,377400000
9,629,377400000,377400100,17604,29341,378000000,378000000
9,630,378000000,378000100,17604,29341,378600000,378600000
9,631,378600000,378600100,17604,29341,379200000,379200000
9,632,379200000,379200100,17604,29341,379800000,379800000
9,633,379800000,379800100,17604,29341,380400000,380400000
9,634,380400000,380400100,17604,29341,381000000,381000000
9,635,381000000,381000100,17604,29341,381600000,381600000
9,636,381600000,381600100,17604,29341,382200000,382200000
9,637,382200000,382200100,17604,29341,382800000,382800000
9,638,382800000,382800100,17604,29341,383400000,383400000
9,639,383400000,383400100,17604,29341,384000000,384000000
9,640,384000000,384000100,17604,29341,384600000,384600000
9,641,384600000,384600100,17604,29341,385200000,385200000
9,642,385200000,385200100,17604,29341,385800000,385800000
9,643,385800000,385800100,17604,29341,386400000,386400000
9,644,386400000,386400100,17604,29341,387000000,387000000
9,645,387000000,387000100,17604,29341,387600000,387600000
9,646,387600000,387600100,17604,29341,388200000,388200000
9,647,388200000,388200100,17604,29341,388800000,388800000
9,648,388800000,388800100,17604,29341,389400000,389400000
9,649,389400000,389400100,17604,29341,390000000,390000000
9,650,390000000,390000100,17604,29341,390600000,390600000
9,651,390600000,390600100,17604,29341,391200000,391200000
9,652,391200000,391200100,17604,29341,391800000,391800000
9,653,391800000,391800100,17604,29341,392400000,392400000
9,654,392400000,392400100,17604,29341,393000000,393000000
9,655,393000000,393000100,17604,29341,393600000,393600000
9,656,393600000,393600100,17604,29341,394200000,394200000
9,657,394200000,394200100,17604,29341,394800000,394800000
9,658,394800000,394800100,17604,29341,395400000,395400000
9,659,395400000,395400100,17604,29341,396000000,396000000
9,660,396000000,396000100,17604,29341,396600000,396600000
9,661,396600000,396600100,17604,29341,397200000,397200000
9,662,397200000,397200100,17604,29341,397800000,397800000
9,663,397800000,397800100,17604,29341,398400000,398400000
9,664,398400000,398400100,17604,29341,399000000,399000000
9,665,399000000,399000100,17604,29341,399600000,399600000
9,666,399600000,399600100,17604,29341,400200000,400200000
9,667,400200000,400200100,17604,29341,400800000,400800000
9,668,400800000,400800100,17604,29341,401400000,401400000
9,669,401400000,401400100,17604,29341,402000000,402000000
9,670,402000000,402000100,17604,29341,402600000,402600000
9,671,402600000,402600100,17604,29341,403200000,403200000
9,672,403200000,403200100,17604,29341,403800000,403800000
9,673,403800000,403800100,17604,29341,404400000,404400000
9,674,404400000,404400100,17604,29341,405000000,405000000
9,675,405000000,405000100,17604,29341,405600000,405600000
9,676,405600000,405600100,17604,29341,406200000,406200000
9,677,406200000,406200100,17604,29341,406800000,406800000
9,678,406800000,406800100,17604,29341,407400000,407400000
9,679,407400000,407400100,17604,29341,408000000,408000000
9,680,408000000,408000100,17604,29341,408600000,408600000
9,681,408600000,408600100,17604,29341,409200000,409200000
9,682,409200000,409200100,17604,29341,409800000,409800000
9,683,409800000,409800100,17604,29341,410400000,410400000
9,684,410400000,410400100,17604,29341,411000000,411000000
9,685,411000000,411000100,17604,29341,411600000,411600000
9,686,411600000,411600100,17604,29341,412200000,412200000
9,687,412200000,412200100,17604,29341,412800000,412800000
9,688,412800000,412800100,17604,29341,413400000,413400000
9,689,413400000,413400100,17604,29341,414000000,414000000
9,690,414000000,414000100,17604,29341,414600000,414600000
9,691,414600000,414600100,17604,29341,415200000,415200000
9,692,415200000,415200100,17604,29341,415800000,415800000
9,693,415800000,415800100,17604,29341,416400000,416400000
9,694,416400000,416400100,17604,29341,417000000,417000000
9,695,417000000,417000100,17604,29341,417600000,417600000
9,696,417600000,417600100,17604,29341,418200000,418200000
9,697,418200000,418200100,17604,29341,418800000,418800000
9,698,418800000,418800100,17604,29341,419400000,419400000
9,699,419400000,419400100,17604,29341,420000000,420000000
9,700,420000000,420000100,17604,29341,420600000,420600000
9,701,420600000,420600100,17604,29341,421200000,421200000
9,702,421200000,421200100,17604,29341,421800000,421800000
9,703,421800000,421800100,17604,29341,422400000,422400000
9,704,422400000,422400100,17604,29341,423000000,423000000
9,705,423000000,423000100,17604,29341,423600000,423600000
9,706,423600000,423600100,17604,29341,424200000,424200000
9,707,424200000,424200100,17604,29341,424800000,424800000
9,708,424800000,424800100,17604,29341,425400000,425400000
9,709,425400000,425400100,17604,29341,426000000,426000000
9,710,426000000,426000100,17604,29341,426600000,426600000
9,711,426600000,426600100,17604,29341,427200000,427200000
9,712,427200000,427200100,17604,29341,427800000,427800000
9,713,427800000,427800100,17604,29341,428400000,428400000
9,714,428400000,428400100,17604,29341,429000000,429000000
9,715,429000000,429000100,17604,29341,429600000,429600000
9,716,429600000,429600100,17604,29341,430200000,430200000
9,717,430200000,430200100,17604,29341,430800000,430800000
9,718,430800000,430800100,17604,29341,431400000,431400000
9,719,431400000,431400100,17604,29341,432000000,432000000
9,720,432000000,432000100,17604,29341,432600000,432600000
9,721,432600000,432600100,17604,29341,433200000,433200000
9,722,433200000,433200100,17604,29341,433800000,433800000
9,723,433800000,433800100,17604,29341,434400000,434400000
9,724,434400000,434400100,17604,29341,435000000,435000000
9,725,435000000,435000100,17604,29341,435600000,435600000
9,726,435600000,435600100,17604,29341,436200000,436200000
9,727,436200000,436200100,17604,29341,436800000,436800000
9,728,436800000,436800100,17604,29341,437400000,437400000
9,729,437400000,437400100,17604,29341,438000000,438000000
9,730,438000000,438000100,17604,29341,438600000,438600000
9,731,438600000,438600100,17604,29341,439200000,439200000
9,732,439200000,439200100,17604,29341,439800000,439800000
9,733,439800000,439800100,17604,29341,440400000,440400000
9,734,440400000,440400100,17604,29341,441000000,441000000
9,735,441000000,441000100,17604,29341,441600000,441600000
9,736,441600000,441600100,17604,29341,442200000,442200000
9,737,442200000,442200100,17604,29341,442800000,442800000
9,738,442800000,442800100,17604,29341,443400000,443400000
9,739,443400000,443400100,17604,29341,444000000,444000000
9,740,444000000,444000100,17604,29341,444600000,444600000
9,741,444600000,444600100,17604,29341,445200000,445200000
9,742,445200000,445200100,17604,29341,445800000,445800000
9,743,445800000,445800100,17604,29341,446400000,446400000
9,744,446400000,446400100,17604,29341,447000000,447000000
9,745,447000000,447000100,17604,29341,447600000,447600000
9,746,447600000,447600100,17604,29341,448200000,448200000
9,747,448200000,448200100,17604,29341,448800000,448800000
9,748,448800000,448800100,17604,29341,449400000,449400000
9,749,449400000,449400100,17604,29341,450000000,450000000
9,750,450000000,450000100,17604,29341,450600000,450600000
9,751,450600000,450600100,17604,29341,451200000,451200000
9,752,451200000,451200100,17604,29341,451800000,451800000
9,753,451800000,451800100,17604,29341,452400000,452400000
9,754,452400000,452400100,17604,29341,453000000,453000000
9,755,453000000,453000100,17604,29341,453600000,453600000
9,756,453600000,453600100,17604,29341,454200000,454200000
9,757,454200000,454200100,17604,29341,454800000,454800000
9,758,454800000,454800100,17604,29341,455400000,455400000
9,759,455400000,455400100,17604,29341,456000000,456000000
9,760,456000000,456000100,17604,29341,456600000,456600000
9,761,456600000,456600100,17604,29341,457200000,457200000
9,762,457200000,457200100,17604,29341,457800000,457800000
9,763,457800000,457800100,17604,29341,458400000,458400000
9,764,458400000,458400100,17604,29341,459000000,459000000
9,765,459000000,459000100,17604,29341,459600000,459600000
9,766,459600000,459600100,17604,29341,460200000,460200000
9,767,460200000,460200100,17604,29341,460800000,460800000
9,768,460800000,460800100,17604,29341,461400000,461400000
9,769,461400000,461400100,17604,29341,462000000,462000000
9,770,462000000,462000100,17604,29341,462600000,462600000
9,771,462600000,462600100,17604,29341,463200000,463200000
9,772,463200000,463200100,17604,29341,463800000,463800000
9,773,463800000,463800100,17604,29341,464400000,464400000
9,774,464400000,464400100,17604,29341,465000000,465000000
9,775,465000000,465000100,17604,29341,465600000,465600000
9,776,465600000,465600100,17604,29341,466200000,466200000
9,777,466200000,466200100,17604,29341,466800000,466800000
9,778,466800000,466800100,17604,29341,467400000,467400000
9,779,467400000,467400100,17604,29341,468000000,468000000
9,780,468000000,468000100,17604,29341,468600000,468600000
9,781,468600000,468600100,17604,29341,469200000,469200000
9,782,469200000,469200100,17604,29341,469800000,469800000
9,783,469800000,469800100,17604,29341,470400000,470400000
9,784,470400000,470400100,17604,29341,471000000,471000000
9,785,471000000,471000100,17604,29341,471600000,471600000
9,786,471600000,471600100,17604,29341,472200000,472200000
9,787,472200000,472200100,17604,29341,472800000,472800000
9,788,472800000,472800100,17604,29341,473400000,473400000
9,789,473400000,473400100,17604,29341,474000000,474000000
9,790,474000000,474000100,17604,29341,474600000,474600000
9,791,474600000,474600100,17604,29341,475200000,475200000
9,792,475200000,475200100,17604,29341,475800000,475800000
9,793,475800000,475800100,17604,29341,476400000,476400000
9,794,476400000,476400100,17604,29341,477000000,477000000
9,795,477000000,477000100,17604,29341,477600000,477600000
9,796,477600000,477600100,17604,29341,478200000,478200000
9,797,478200000,478200100,17604,29341,478800000,478800000
9,798,478800000,478800100,17604,29341,479400000,479400000
9,799,479400000,479400100,17604,29341,480000000,480000000
9,800,480000000,480000100,17604,29341,480600000,480600000
9,801,480600000,480600100,17604,29341,481200000,481200000
9,802,481200000,481200100,17604,29341,481800000,481800000
9,803,481800000,481800100,17604,29341,482400000,482400000
9,804,482400000,482400100,17604,29341,483000000,483000000
9,805,483000000,483000100,17604,29341,483600000,483600000
9,806,483600000,483600100,17604,29341,484200000,484200000
9,807,484200000,484200100,17604,29341,484800000,484800000
9,808,484800000,484800100,17604,29341,485400000,485400000
9,809,485400000,485400100,17604,29341,486000000,486000000
9,810,486000000,486000100,17604,29341,486600000,486600000
9,811,486600000,486600100,17604,29341,487200000,487200000
9,812,487200000,487200100,17604,29341,487800000,487800000
9,813,487800000,487800100,17604,29341,488400000,488400000
9,814,488400000,488400100,17604,29341,489000000,489000000
9,815,489000000,489000100,17604,29341,489600000,489600000
9,816,489600000,489600100,17604,29341,490200000,490200000
9,817,490200000,490200100,17604,29341,490800000,490800000
9,818,490800000,490800100,17604,29341,491400000,491400000
9,819,491400000,491400100,17604,29341,492000000,492000000
9,820,492000000,492000100,17604,29341,492600000,492600000
9,821,492600000,492600100,17604,29341,493200000,493200000
9,822,493200000,493200100,17604,29341,493800000,493800000
9,823,493800000,493800100,17604,29341,494400000,494400000
9,824,494400000,494400100,17604,29341,495000000,495000000
9,825,495000000,495000100,17604,29341,495600000,495600000
9,826,495600000,495600100,17604,29341,496200000,496200000
9,827,496200000,496200100,17604,29341,496800000,496800000
9,828,496800000,496800100,17604,29341,497400000,497400000
9,829,497400000,497400100,17604,29341,498000000,498000000
9,830,498000000,498000100,17604,29341,498600000,498600000
9,831,498600000,498600100,17604,29341,499200000,499200000
9,832,499200000,499200100,17604,29341,499800000,499800000
9,833,499800000,499800100,17604,29341,500400000,500400000
9,834,500400000,500400100,17604,29341,501000000,501000000
9,835,501000000,501000100,17604,29341,501600000,501600000
9,836,501600000,501600100,17604,29341,502200000,502200000
9,837,502200000,502200100,17604,29341,502800000,502800000
9,838,502800000,502800100,17604,29341,503400000,503400000
9,839,503400000,503400100,17604,29341,504000000,504000000
9,840,504000000,504000100,17604,29341,504600000,504600000
9,841,504600000,504600100,17604,29341,505200000,505200000
9,842,505200000,505200100,17604,29341,505800000,505800000
9,843,505800000,505800100,17604,29341,506400000,506400000
9,844,506400000,506400100,17604,29341,507000000,507000000
9,845,507000000,507000100,17604,29341,507600000,507600000
9,846,507600000,507600100,17604,29341,508200000,508200000
9,847,508200000,508200100,17604,29341,508800000,508800000
9,848,508800000,508800100,17604,29341,509400000,509400000
9,849,509400000,509400100,17604,29341,510000000,510000000
9,850,510000000,510000100,17604,29341,510600000,510600000
9,851,510600000,510600100,17604,29341,511200000,511200000
9,852,511200000,511200100,17604,29341,511800000,511800000
9,853,511800000,511800100,17604,29341,512400000,512400000
9,854,512400000,512400100,17604,29341,513000000,513000000
9,855,513000000,513000100,17604,29341,513600000,513600000
9,856,513600000,513600100,17604,29341,514200000,514200000
9,857,514200000,514200100,17604,29341,514800000,514800000
9,858,514800000,514800100,17604,29341,515400000,515400000
9,859,515400000,515400100,17604,29341,516000000,516000000
9,860,516000000,516000100,17604,29341,516600000,516600000
9,861,516600000,516600100,17604,29341,517200000,517200000
9,862,517200000,517200100,17604,29341,517800000,517800000
9,863,517800000,517800100,17604,29341,518400000,518400000
9,864,518400000,518400100,17604,29341,519000000,519000000
9,865,519000000,519000100,17604,29341,519600000,519600000
9,866,519600000,519600100,17604,29341,520200000,520200000
9,867,520200000,520200100,17604,29341,520800000,520800000
9,868,520800000,520800100,17604,29341,521400000,521400000
9,869,521400000,521400100,17604,29341,522000000,522000000
9,870,522000000,522000100,17604,29341,522600000,522600000
9,871,522600000,522600100,17604,29341,523200000,523200000
9,872,523200000,523200100,17604,29341,523800000,523800000
9,873,523800000,523800100,17604,29341,524400000,524400000
9,874,524400000,524400100,17604,29341,525000000,525000000
9,875,525000000,525000100,17604,29341,525600000,525600000
9,876,525600000,525600100,17604,29341,526200000,526200000
9,877,526200000,526200100,17604,29341,526800000,526800000
9,878,526800000,526800100,17604,29341,527400000,527400000
9,879,527400000,527400100,17604,29341,528000000,528000000
9,880,528000000,528000100,17604,29341,528600000,528600000
9,881,528600000,528600100,17604,29341,529200000,529200000
9,882,529200000,529200100,17604,29341,529800000,529800000
9,883,529800000,529800100,17604,29341,530400000,530400000
9,884,530400000,530400100,17604,29341,531000000,531000000
9,885,531000000,531000100,17604,29341,531600000,531600000
9,886,531600000,531600100,17604,29341,532200000,532200000
9,887,532200000,532200100,17604,29341,532800000,532800000
9,888,532800000,532800100,17604,29341,533400000,533400000
9,889,533400000,533400100,17604,29341,534000000,534000000
9,890,534000000,534000100,17604,29341,534600000,534600000
9,891,534600000,534600100,17604,29341,535200000,535200000
9,892,535200000,535200100,17604,29341,535800000,535800000
9,893,535800000,535800100,17604,29341,536400000,536400000
9,894,536400000,536400100,17604,29341,537000000,537000000
9,895,537000000,537000100,17604,29341,537600000,537600000
9,896,537600000,537600100,17604,29341,538200000,538200000
9,897,538200000,538200100,17604,29341,538800000,538800000
9,898,538800000,538800100,17604,29341,539400000,539400000
9,899,539400000,539400100,17604,29341,540000000,540000000
9,900,540000000,540000100,17604,29341,540600000,540600000
9,901,540600000,540600100,17604,29341,541200000,541200000
9,902,541200000,541200100,17604,29341,541800000,541800000
9,903,541800000,541800100,17604,29341,542400000,542400000
9,904,542400000,542400100,17604,29341,543000000,543000000
9,905,543000000,543000100,17604,29341,543600000,543600000
9,906,543600000,543600100,17604,29341,544200000,544200000
9,907,544200000,544200100,17604,29341,544800000,544800000
9,908,544800000,544800100,17604,29341,545400000,545400000
9,909,545400000,545400100,17604,29341,546000000,546000000
9,910,546000000,546000100,17604,29341,546600000,546600000
9,911,546600000,546600100,17604,29341,547200000,547200000
9,912,547200000,547200100,17604,29341,547800000,547800000
9,913,547800000,547800100,17604,29341,548400000,548400000
9,914,548400000,548400100,17604,29341,549000000,549000000
9,915,549000000,549000100,17604,29341,549600000,549600000
9,916,549600000,549600100,17604,29341,550200000,550200000
9,917,550200000,550200100,17604,29341,550800000,550800000
9,918,550800000,550800100,17604,29341,551400000,551400000
9,919,551400000,551400100,17604,29341,552000000,552000000
9,920,552000000,552000100,17604,29341,552600000,552600000
9,921,552600000,552600100,17604,29341,553200000,553200000
9,922,553200000,553200100,17604,29341,553800000,553800000
9,923,553800000,553800100,17604,29341,554400000,554400000
9,924,554400000,554400100,17604,29341,555000000,555000000
9,925,555000000,555000100,17604,29341,555600000,555600000
9,926,555600000,555600100,17604,29341,556200000,556200000
9,927,556200000,556200100,17604,29341,556800000,556800000
9,928,556800000,556800100,17604,29341,557400000,557400000
9,929,557400000,557400100,17604,29341,558000000,558000000
9,930,558000000,558000100,17604,29341,558600000,558600000
9,931,558600000,558600100,17604,29341,559200000,559200000
9,932,559200000,559200100,17604,29341,559800000,559800000
9,933,559800000,559800100,17604,29341,560400000,560400000
9,934,560400000,560400100,17604,29341,561000000,561000000
9,935,561000000,561000100,17604,29341,561600000,561600000
9,936,561600000,561600100,17604,29341,562200000,562200000
9,937,562200000,562200100,17604,29341,562800000,562800000
9,938,562800000,562800100,17604,29341,563400000,563400000
9,939,563400000,563400100,17604,29341,564000000,564000000
9,940,564000000,564000100,17604,29341,564600000,564600000
9,941,564600000,564600100,17604,29341,565200000,565200000
9,942,565200000,565200100,17604,29341,565800000,565800000
9,943,565800000,565800100,17604,29341,566400000,566400000
9,944,566400000,566400100,17604,29341,567000000,567000000
9,945,567000000,567000100,17604,29341,567600000,567600000
9,946,567600000,567600100,17604,29341,568200000,568200000
9,947,568200000,568200100,17604,29341,568800000,568800000
9,948,568800000,568800100,17604,29341,569400000,569400000
9,949,569400000,569400100,17604,29341,570000000,570000000
9,950,570000000,570000100,17604,29341,570600000,570600000
9,951,570600000,570600100,17604,29341,571200000,571200000
9,952,571200000,571200100,17604,29341,571800000,571800000
9,953,571800000,571800100,17604,29341,572400000,572400000
9,954,572400000,572400100,17604,29341,573000000,573000000
9,955,573000000,573000100,17604,29341,573600000,573600000
9,956,573600000,573600100,17604,29341,574200000,574200000
9,957,574200000,574200100,17604,29341,574800000,574800000
9,958,574800000,574800100,17604,29341,575400000,575400000
9,959,575400000,575400100,17604,29341,576000000,576000000
9,960,576000000,576000100,17604,29341,576600000,576600000
9,961,576600000,576600100,17604,29341,577200000,577200000
9,962,577200000,577200100,17604,29341,577800000,577800000
9,963,577800000,577800100,17604,29341,578400000,578400000
9,964,578400000,578400100,17604,29341,579000000,579000000
9,965,579000000,579000100,17604,29341,579600000,579600000
9,966,579600000,579600100,17604,29341,580200000,580200000
9,967,580200000,580200100,17604,29341,580800000,580800000
9,968,580800000,580800100,17604,29341,581400000,581400000
9,969,581400000,581400100,17604,29341,582000000,582000000
9,970,582000000,582000100,17604,29341,582600000,582600000
9,971,582600000,582600100,17604,29341,583200000,583200000
9,972,583200000,583200100,17604,29341,583800000,583800000
9,973,583800000,583800100,17604,29341,584400000,584400000
9,974,584400000,584400100,17604,29341,585000000,585000000
9,975,585000000,585000100,17604,29341,585600000,585600000
9,976,585600000,585600100,17604,29341,586200000,586200000
9,977,586200000,586200100,17604,29341,586800000,586800000
9,978,586800000,586800100,17604,29341,587400000,587400000
9,979,587400000,587400100,17604,29341,588000000,588000000
9,980,588000000,588000100,17604,29341,588600000,588600000
9,981,588600000,588600100,17604,29341,589200000,589200000
9,982,589200000,589200100,17604,29341,589800000,589800000
9,983,589800000,589800100,17604,29341,590400000,590400000
9,984,590400000,590400100,17604,29341,591000000,591000000
9,985,591000000,591000100,17604,29341,591600000,591600000
9,986,591600000,591600100,17604,29341,592200000,592200000
9,987,592200000,592200100,17604,29341,592800000,592800000
9,988,592800000,592800100,17604,29341,593400000,593400000
9,989,593400000,593400100,17604,29341,594000000,594000000
9,990,594000000,594000100,17604,29341,594600000,594600000
9,991,594600000,594600100,17604,29341,595200000,595200000
9,992,595200000,595200100,17604,29341,595800000,595800000
9,993,595800000,595800100,17604,29341,596400000,596400000
9,994,596400000,596400100,17604,29341,597000000,597000000
9,995,597000000,597000100,17604,29341,597600000,597600000
9,996,597600000,597600100,17604,29341,598200000,598200000
9,997,598200000,598200100,17604,29341,598800000,598800000
9,998,598800000,598800100,17604,29341,599400000,599400000
9,999,599400000,599400100,17604,29341,600000000,600000000
9,1000,600000000,600000100,17604,29341,600600000,600600000
9,1001,600600000,600600100,17604,29341,601200000,601200000
9,1002,601200000,601200100,17604,29341,601800000,601800000
9,1003,601800000,601800100,17604,29341,602400000,602400000
9,1004,602400000,602400100,17604,29341,603000000,603000000
9,1005,603000000,603000100,17604,29341,603600000,603600000
9,1006,603600000,603600100,17604,29341,604200000,604200000
9,1007,604200000,604200100,17604,29341,604800000,604800000
9,1008,604800000,604800100,17604,29341,605400000,605400000
9,1009,605400000,605400100,17604,29341,606000000,606000000
9,1010,606000000,606000100,17604,29341,606600000,606600000
9,1011,606600000,606600100,17604,29341,607200000,607200000
9,1012,607200000,607200100,17604,29341,607800000,607800000
9,1013,607800000,607800100,17604,29341,608400000,608400000
9,1014,608400000,608400100,17604,29341,609000000,609000000
9,1015,609000000,609000100,17604,29341,609600000,609600000
9,1016,609600000,609600100,17604,29341,610200000,610200000
9,1017,610200000,610200100,17604,29341,610800000,610800000
9,1018,610800000,610800100,17604,29341,611400000,611400000
9,1019,611400000,611400100,17604,29341,612000000,612000000
9,1020,612000000,612000100,17604,29341,612600000,612600000
9,1021,612600000,612600100,17604,29341,613200000,613200000
9,1022,613200000,613200100,17604,29341,613800000,613800000
9,1023,613800000,613800100,17604,29341,614400000,614400000
9,1024,614400000,614400100,17604,29341,615000000,615000000
9,1025,615000000,615000100,17604,29341,615600000,615600000
9,1026,615600000,615600100,17604,29341,616200000,616200000
9,1027,616200000,616200100,17604,29341,616800000,616800000
9,1028,616800000,616800100,17604,29341,617400000,617400000
9,1029,617400000,617400100,17604,29341,618000000,618000000
9,1030,618000000,618000100,17604,29341,618600000,618600000
9,1031,618600000,618600100,17604,29341,619200000,619200000
9,1032,619200000,619200100,17604,29341,619800000,619800000
9,1033,619800000,619800100,17604,29341,620400000,620400000
9,1034,620400000,620400100,17604,29341,621000000,621000000
9,1035,621000000,621000100,17604,29341,621600000,621600000
9,1036,621600000,621600100,17604,29341,622200000,622200000
9,1037,622200000,622200100,17604,29341,622800000,622800000
9,1038,622800000,622800100,17604,29341,623400000,623400000
9,1039,623400000,623400100,17604,29341,624000000,624000000
9,1040,624000000,624000100,17604,29341,624600000,624600000
9,1041,624600000,624600100,17604,29341,625200000,625200000
9,1042,625200000,625200100,17604,29341,625800000,625800000
9,1043,625800000,625800100,17604,29341,626400000,626400000
9,1044,626400000,626400100,17604,29341,627000000,627000000
9,1045,627000000,627000100,17604,29341,627600000,627600000
9,1046,627600000,627600100,17604,29341,628200000,628200000
9,1047,628200000,628200100,17604,29341,628800000,628800000
9,1048,628800000,628800100,17604,29341,629400000,629400000
9,1049,629400000,629400100,17604,29341,630000000,630000000
9,1050,630000000,630000100,17604,29341,630600000,630600000
9,1051,630600000,630600100,17604,29341,631200000,631200000
9,1052,631200000,631200100,17604,29341,631800000,631800000
9,1053,631800000,631800100,17604,29341,632400000,632400000
9,1054,632400000,632400100,17604,29341,633000000,633000000
9,1055,633000000,633000100,17604,29341,633600000,633600000
9,1056,633600000,633600100,17604,29341,634200000,634200000
9,1057,634200000,634200100,17604,29341,634800000,634800000
9,1058,634800000,634800100,17604,29341,635400000,635400000
9,1059,635400000,635400100,17604,29341,636000000,636000000
9,1060,636000000,636000100,17604,29341,636600000,636600000
9,1061,636600000,636600100,17604,29341,637200000,637200000
9,1062,637200000,637200100,17604,29341,637800000,637800000
9,1063,637800000,637800100,17604,29341,638400000,638400000
9,1064,638400000,638400100,17604,29341,639000000,639000000
9,1065,639000000,639000100,17604,29341,639600000,639600000
9,1066,639600000,639600100,17604,29341,640200000,640200000
9,1067,640200000,640200100,17604,29341,640800000,640800000
9,1068,640800000,640800100,17604,29341,641400000,641400000
9,1069,641400000,641400100,17604,29341,642000000,642000000
9,1070,642000000,642000100,17604,29341,642600000,642600000
9,1071,642600000,642600100,17604,29341,643200000,643200000
9,1072,643200000,643200100,17604,29341,643800000,643800000
9,1073,643800000,643800100,17604,29341,644400000,644400000
9,1074,644400000,644400100,17604,29341,645000000,645000000
9,1075,645000000,645000100,17604,29341,645600000,645600000
9,1076,645600000,645600100,17604,29341,646200000,646200000
9,1077,646200000,646200100,17604,29341,646800000,646800000
9,1078,646800000,646800100,17604,29341,647400000,647400000
9,1079,647400000,647400100,17604,29341,648000000,648000000
9,1080,648000000,648000100,17604,29341,648600000,648600000
9,1081,648600000,648600100,17604,29341,649200000,649200000
9,1082,649200000,649200100,17604,29341,649800000,649800000
9,1083,649800000,649800100,17604,29341,650400000,650400000
9,1084,650400000,650400100,17604,29341,651000000,651000000
9,1085,651000000,651000100,17604,29341,651600000,651600000
9,1086,651600000,651600100,17604,29341,652200000,652200000
9,1087,652200000,652200100,17604,29341,652800000,652800000
9,1088,652800000,652800100,17604,29341,653400000,653400000
9,1089,653400000,653400100,17604,29341,654000000,654000000
9,1090,654000000,654000100,17604,29341,654600000,654600000
9,1091,654600000,654600100,17604,29341,655200000,655200000
9,1092,655200000,655200100,17604,29341,655800000,655800000
9,1093,655800000,655800100,17604,29341,656400000,656400000
9,1094,656400000,656400100,17604,29341,657000000,657000000
9,1095,657000000,657000100,17604,29341,657600000,657600000
9,1096,657600000,657600100,17604,29341,658200000,658200000
9,1097,658200000,658200100,17604,29341,658800000,658800000
9,1098,658800000,658800100,17604,29341,659400000,659400000
9,1099,659400000,659400100,17604,29341,660000000,660000000
9,1100,660000000,660000100,17604,29341,660600000,660600000
9,1101,660600000,660600100,17604,29341,661200000,661200000
9,1102,661200000,661200100,17604,29341,661800000,661800000
9,1103,661800000,661800100,17604,29341,662400000,662400000
9,1104,662400000,662400100,17604,29341,663000000,663000000
9,1105,663000000,663000100,17604,29341,663600000,663600000
9,1106,663600000,663600100,17604,29341,664200000,664200000
9,1107,664200000,664200100,17604,29341,664800000,664800000
9,1108,664800000,664800100,17604,29341,665400000,665400000
9,1109,665400000,665400100,17604,29341,666000000,666000000
9,1110,666000000,666000100,17604,29341,666600000,666600000
9,1111,666600000,666600100,17604,29341,667200000,667200000
9,1112,667200000,667200100,17604,29341,667800000,667800000
9,1113,667800000,667800100,17604,29341,668400000,668400000
9,1114,668400000,668400100,17604,29341,669000000,669000000
9,1115,669000000,669000100,17604,29341,669600000,669600000
9,1116,669600000,669600100,17604,29341,670200000,670200000
9,1117,670200000,670200100,17604,29341,670800000,670800000
9,1118,670800000,670800100,17604,29341,671400000,671400000
9,1119,671400000,671400100,17604,29341,672000000,672000000
9,1120,672000000,672000100,17604,29341,672600000,672600000
9,1121,672600000,672600100,17604,29341,673200000,673200000
9,1122,673200000,673200100,17604,29341,673800000,673800000
9,1123,673800000,673800100,17604,29341,674400000,674400000
9,1124,674400000,674400100,17604,29341,675000000,675000000
9,1125,675000000,675000100,17604,29341,675600000,675600000
9,1126,675600000,675600100,17604,29341,676200000,676200000
9,1127,676200000,676200100,17604,29341,676800000,676800000
9,1128,676800000,676800100,17604,29341,677400000,677400000
9,1129,677400000,677400100,17604,29341,678000000,678000000
9,1130,678000000,678000100,17604,29341,678600000,678600000
9,1131,678600000,678600100,17604,29341,679200000,679200000
9,1132,679200000,679200100,17604,29341,679800000,679800000
9,1133,679800000,679800100,17604,29341,680400000,680400000
9,1134,680400000,680400100,17604,29341,681000000,681000000
9,1135,681000000,681000100,17604,29341,681600000,681600000
9,1136,681600000,681600100,17604,29341,682200000,682200000
9,1137,682200000,682200100,17604,29341,682800000,682800000
9,1138,682800000,682800100,17604,29341,683400000,683400000
9,1139,683400000,683400100,17604,29341,684000000,684000000
9,1140,684000000,684000100,17604,29341,684600000,684600000
9,1141,684600000,684600100,17604,29341,685200000,685200000
9,1142,685200000,685200100,17604,29341,685800000,685800000
9,1143,685800000,685800100,17604,29341,686400000,686400000
9,1144,686400000,686400100,17604,29341,687000000,687000000
9,1145,687000000,687000100,17604,29341,687600000,687600000
9,1146,687600000,687600100,17604,29341,688200000,688200000
9,1147,688200000,688200100,17604,29341,688800000,688800000
9,1148,688800000,688800100,17604,29341,689400000,689400000
9,1149,689400000,689400100,17604,29341,690000000,690000000
9,1150,690000000,690000100,17604,29341,690600000,690600000
9,1151,690600000,690600100,17604,29341,691200000,691200000
9,1152,691200000,691200100,17604,29341,691800000,691800000
9,1153,691800000,691800100,17604,29341,692400000,692400000
9,1154,692400000,692400100,17604,29341,693000000,693000000
9,1155,693000000,693000100,17604,29341,693600000,693600000
9,1156,693600000,693600100,17604,29341,694200000,694200000
9,1157,694200000,694200100,17604,29341,694800000,694800000
9,1158,694800000,694800100,17604,29341,695400000,695400000
9,1159,695400000,695400100,17604,29341,696000000,696000000
9,1160,696000000,696000100,17604,29341,696600000,696600000
9,1161,696600000,696600100,17604,29341,697200000,697200000
9,1162,697200000,697200100,17604,29341,697800000,697800000
9,1163,697800000,697800100,17604,29341,698400000,698400000
9,1164,698400000,698400100,17604,29341,699000000,699000000
9,1165,699000000,699000100,17604,29341,699600000,699600000
9,1166,699600000,699600100,17604,29341,700200000,700200000
9,1167,700200000,700200100,17604,29341,700800000,700800000
9,1168,700800000,700800100,17604,29341,701400000,701400000
9,1169,701400000,701400100,17604,29341,702000000,702000000
9,1170,702000000,702000100,17604,29341,702600000,702600000
9,1171,702600000,702600100,17604,29341,703200000,703200000
9,1172,703200000,703200100,17604,29341,703800000,703800000
9,1173,703800000,703800100,17604,29341,704400000,704400000
9,1174,704400000,704400100,17604,29341,705000000,705000000
9,1175,705000000,705000100,17604,29341,705600000,705600000
9,1176,705600000,705600100,17604,29341,706200000,706200000
9,1177,706200000,706200100,17604,29341,706800000,706800000
9,1178,706800000,706800100,17604,29341,707400000,707400000
9,1179,707400000,707400100,17604,29341,708000000,708000000
9,1180,708000000,708000100,17604,29341,708600000,708600000
9,1181,708600000,708600100,17604,29341,709200000,709200000
9,1182,709200000,709200100,17604,29341,709800000,709800000
9,1183,709800000,709800100,17604,29341,710400000,710400000
9,1184,710400000,710400100,17604,29341,711000000,711000000
9,1185,711000000,711000100,17604,29341,711600000,711600000
9,1186,711600000,711600100,17604,29341,712200000,712200000
9,1187,712200000,712200100,17604,29341,712800000,712800000
9,1188,712800000,712800100,17604,29341,713400000,713400000
9,1189,713400000,713400100,17604,29341,714000000,714000000
9,1190,714000000,714000100,17604,29341,714600000,714600000
9,1191,714600000,714600100,17604,29341,715200000,715200000
9,1192,715200000,715200100,17604,29341,715800000,715800000
9,1193,715800000,715800100,17604,29341,716400000,716400000
9,1194,716400000,716400100,17604,29341,717000000,717000000
9,1195,717000000,717000100,17604,29341,717600000,717600000
9,1196,717600000,717600100,17604,29341,718200000,718200000
9,1197,718200000,718200100,17604,29341,718800000,718800000
9,1198,718800000,718800100,17604,29341,719400000,719400000
9,1199,719400000,719400100,17604,29341,720000000,720000000
9,1200,720000000,720000100,17604,29341,720600000,720600000
9,1201,720600000,720600100,17604,29341,721200000,721200000
9,1202,721200000,721200100,17604,29341,721800000,721800000
9,1203,721800000,721800100,17604,29341,722400000,722400000
9,1204,722400000,722400100,17604,29341,723000000,723000000
9,1205,723000000,723000100,17604,29341,723600000,723600000
9,1206,723600000,723600100,17604,29341,724200000,724200000
9,1207,724200000,724200100,17604,29341,724800000,724800000
9,1208,724800000,724800100,17604,29341,725400000,725400000
9,1209,725400000,725400100,17604,29341,726000000,726000000
9,1210,726000000,726000100,17604,29341,726600000,726600000
9,1211,726600000,726600100,17604,29341,727200000,727200000
9,1212,727200000,727200100,17604,29341,727800000,727800000
9,1213,727800000,727800100,17604,29341,728400000,728400000
9,1214,728400000,728400100,17604,29341,729000000,729000000
9,1215,729000000,729000100,17604,29341,729600000,729600000
9,1216,729600000,729600100,17604,29341,730200000,730200000
9,1217,730200000,730200100,17604,29341,730800000,730800000
9,1218,730800000,730800100,17604,29341,731400000,731400000
9,1219,731400000,731400100,17604,29341,732000000,732000000
9,1220,732000000,732000100,17604,29341,732600000,732600000
9,1221,732600000,732600100,17604,29341,733200000,733200000
9,1222,733200000,733200100,17604,29341,733800000,733800000
9,1223,733800000,733800100,17604,29341,734400000,734400000
9,1224,734400000,734400100,17604,29341,735000000,735000000
9,1225,735000000,735000100,17604,29341,735600000,735600000
9,1226,735600000,735600100,17604,29341,736200000,736200000
9,1227,736200000,736200100,17604,29341,736800000,736800000
9,1228,736800000,736800100,17604,29341,737400000,737400000
9,1229,737400000,737400100,17604,29341,738000000,738000000
9,1230,738000000,738000100,17604,29341,738600000,738600000
9,1231,738600000,738600100,17604,29341,739200000,739200000
9,1232,739200000,739200100,17604,29341,739800000,739800000
9,1233,739800000,739800100,17604,29341,740400000,740400000
9,1234,740400000,740400100,17604,29341,741000000,741000000
9,1235,741000000,741000100,17604,29341,741600000,741600000
9,1236,741600000,741600100,17604,29341,742200000,742200000
9,1237,742200000,742200100,17604,29341,742800000,742800000
9,1238,742800000,742800100,17604,29341,743400000,743400000
9,1239,743400000,743400100,17604,29341,744000000,744000000
9,1240,744000000,744000100,17604,29341,744600000,744600000
9,1241,744600000,744600100,17604,29341,745200000,745200000
9,1242,745200000,745200100,17604,29341,745800000,745800000
9,1243,745800000,745800100,17604,29341,746400000,746400000
9,1244,746400000,746400100,17604,29341,747000000,747000000
9,1245,747000000,747000100,17604,29341,747600000,747600000
9,1246,747600000,747600100,17604,29341,748200000,748200000
9,1247,748200000,748200100,17604,29341,748800000,748800000
9,1248,748800000,748800100,17604,29341,749400000,749400000
9,1249,749400000,749400100,17604,29341,750000000,750000000
9,1250,750000000,750000100,17604,29341,750600000,750600000
9,1251,750600000,750600100,17604,29341,751200000,751200000
9,1252,751200000,751200100,17604,29341,751800000,751800000
9,1253,751800000,751800100,17604,29341,752400000,752400000
9,1254,752400000,752400100,17604,29341,753000000,753000000
9,1255,753000000,753000100,17604,29341,753600000,753600000
9,1256,753600000,753600100,17604,29341,754200000,754200000
9,1257,754200000,754200100,17604,29341,754800000,754800000
9,1258,754800000,754800100,17604,29341,755400000,755400000
9,1259,755400000,755400100,17604,29341,756000000,756000000
9,1260,756000000,756000100,17604,29341,756600000,756600000
9,1261,756600000,756600100,17604,29341,757200000,757200000
9,1262,757200000,757200100,17604,29341,757800000,757800000
9,1263,757800000,757800100,17604,29341,758400000,758400000
9,1264,758400000,758400100,17604,29341,759000000,759000000
9,1265,759000000,759000100,17604,29341,759600000,759600000
9,1266,759600000,759600100,17604,29341,760200000,760200000
9,1267,760200000,760200100,17604,29341,760800000,760800000
9,1268,760800000,760800100,17604,29341,761400000,761400000
9,1269,761400000,761400100,17604,29341,762000000,762000000
9,1270,762000000,762000100,17604,29341,762600000,762600000
9,1271,762600000,762600100,17604,29341,763200000,763200000
9,1272,763200000,763200100,17604,29341,763800000,763800000
9,1273,763800000,763800100,17604,29341,764400000,764400000
9,1274,764400000,764400100,17604,29341,765000000,765000000
9,1275,765000000,765000100,17604,29341,765600000,765600000
9,1276,765600000,765600100,17604,29341,766200000,766200000
9,1277,766200000,766200100,17604,29341,766800000,766800000
9,1278,766800000,766800100,17604,29341,767400000,767400000
9,1279,767400000,767400100,17604,29341,768000000,768000000
9,1280,768000000,768000100,17604,29341,768600000,768600000
9,1281,768600000,768600100,17604,29341,769200000,769200000
9,1282,769200000,769200100,17604,29341,769800000,769800000
9,1283,769800000,769800100,17604,29341,770400000,770400000
9,1284,770400000,770400100,17604,29341,771000000,771000000
9,1285,771000000,771000100,17604,29341,771600000,771600000
9,1286,771600000,771600100,17604,29341,772200000,772200000
9,1287,772200000,772200100,17604,29341,772800000,772800000
9,1288,772800000,772800100,17604,29341,773400000,773400000
9,1289,773400000,773400100,17604,29341,774000000,774000000
9,1290,774000000,774000100,17604,29341,774600000,774600000
9,1291,774600000,774600100,17604,29341,775200000,775200000
9,1292,775200000,775200100,17604,29341,775800000,775800000
9,1293,775800000,775800100,17604,29341,776400000,776400000
9,1294,776400000,776400100,17604,29341,777000000,777000000
9,1295,777000000,777000100,17604,29341,777600000,777600000
9,1296,777600000,777600100,17604,29341,778200000,778200000
9,1297,778200000,778200100,17604,29341,778800000,778800000
9,1298,778800000,778800100,17604,29341,779400000,779400000
9,1299,779400000,779400100,17604,29341,780000000,780000000
9,1300,780000000,780000100,17604,29341,780600000,780600000
9,1301,780600000,780600100,17604,29341,781200000,781200000
9,1302,781200000,781200100,17604,29341,781800000,781800000
9,1303,781800000,781800100,17604,29341,782400000,782400000
9,1304,782400000,782400100,17604,29341,783000000,783000000
9,1305,783000000,783000100,17604,29341,783600000,783600000
9,1306,783600000,783600100,17604,29341,784200000,784200000
9,1307,784200000,784200100,17604,29341,784800000,784800000
9,1308,784800000,784800100,17604,29341,785400000,785400000
9,1309,785400000,785400100,17604,29341,786000000,786000000
9,1310,786000000,786000100,17604,29341,786600000,786600000
9,1311,786600000,786600100,17604,29341,787200000,787200000
9,1312,787200000,787200100,17604,29341,787800000,787800000
9,1313,787800000,787800100,17604,29341,788400000,788400000
9,1314,788400000,788400100,17604,29341,789000000,789000000
9,1315,789000000,789000100,17604,29341,789600000,789600000
9,1316,789600000,789600100,17604,29341,790200000,790200000
9,1317,790200000,790200100,17604,29341,790800000,790800000
9,1318,790800000,790800100,17604,29341,791400000,791400000
9,1319,791400000,791400100,17604,29341,792000000,792000000
9,1320,792000000,792000100,17604,29341,792600000,792600000
9,1321,792600000,792600100,17604,29341,793200000,793200000
9,1322,793200000,793200100,17604,29341,793800000,793800000
9,1323,793800000,793800100,17604,29341,794400000,794400000
9,1324,794400000,794400100,17604,29341,795000000,795000000
9,1325,795000000,795000100,17604,29341,795600000,795600000
9,1326,795600000,795600100,17604,29341,796200000,796200000
9,1327,796200000,796200100,17604,29341,796800000,796800000
9,1328,796800000,796800100,17604,29341,797400000,797400000
9,1329,797400000,797400100,17604,29341,798000000,798000000
9,1330,798000000,798000100,17604,29341,798600000,798600000
9,1331,798600000,798600100,17604,29341,799200000,799200000
9,1332,799200000,799200100,17604,29341,799800000,799800000
9,1333,799800000,799800100,17604,29341,800400000,800400000
9,1334,800400000,800400100,17604,29341,801000000,801000000
9,1335,801000000,801000100,17604,29341,801600000,801600000
9,1336,801600000,801600100,17604,29341,802200000,802200000
9,1337,802200000,802200100,17604,29341,802800000,802800000
9,1338,802800000,802800100,17604,29341,803400000,803400000
9,1339,803400000,803400100,17604,29341,804000000,804000000
9,1340,804000000,804000100,17604,29341,804600000,804600000
9,1341,804600000,804600100,17604,29341,805200000,805200000
9,1342,805200000,805200100,17604,29341,805800000,805800000
9,1343,805800000,805800100,17604,29341,806400000,806400000
9,1344,806400000,806400100,17604,29341,807000000,807000000
9,1345,807000000,807000100,17604,29341,807600000,807600000
9,1346,807600000,807600100,17604,29341,808200000,808200000
9,1347,808200000,808200100,17604,29341,808800000,808800000
9,1348,808800000,808800100,17604,29341,809400000,809400000
9,1349,809400000,809400100,17604,29341,810000000,810000000
9,1350,810000000,810000100,17604,29341,810600000,810600000
9,1351,810600000,810600100,17604,29341,811200000,811200000
9,1352,811200000,811200100,17604,29341,811800000,811800000
9,1353,811800000,811800100,17604,29341,812400000,812400000
9,1354,812400000,812400100,17604,29341,813000000,813000000
9,1355,813000000,813000100,17604,29341,813600000,813600000
9,1356,813600000,813600100,17604,29341,814200000,814200000
9,1357,814200000,814200100,17604,29341,814800000,814800000
9,1358,814800000,814800100,17604,29341,815400000,815400000
9,1359,815400000,815400100,17604,29341,816000000,816000000
9,1360,816000000,816000100,17604,29341,816600000,816600000
9,1361,816600000,816600100,17604,29341,817200000,817200000
9,1362,817200000,817200100,17604,29341,817800000,817800000
9,1363,817800000,817800100,17604,29341,818400000,818400000
9,1364,818400000,818400100,17604,29341,819000000,819000000
9,1365,819000000,819000100,17604,29341,819600000,819600000
9,1366,819600000,819600100,17604,29341,820200000,820200000
9,1367,820200000,820200100,17604,29341,820800000,820800000
9,1368,820800000,820800100,17604,29341,821400000,821400000
9,1369,821400000,821400100,17604,29341,822000000,822000000
9,1370,822000000,822000100,17604,29341,822600000,822600000
9,1371,822600000,822600100,17604,29341,823200000,823200000
9,1372,823200000,823200100,17604,29341,823800000,823800000
9,1373,823800000,823800100,17604,29341,824400000,824400000
9,1374,824400000,824400100,17604,29341,825000000,825000000
9,1375,825000000,825000100,17604,29341,825600000,825600000
9,1376,825600000,825600100,17604,29341,826200000,826200000
9,1377,826200000,826200100,17604,29341,826800000,826800000
9,1378,826800000,826800100,17604,29341,827400000,827400000
9,1379,827400000,827400100,17604,29341,828000000,828000000
9,1380,828000000,828000100,17604,29341,828600000,828600000
9,1381,828600000,828600100,17604,29341,829200000,829200000
9,1382,829200000,829200100,17604,29341,829800000,829800000
9,1383,829800000,829800100,17604,29341,830400000,830400000
9,1384,830400000,830400100,17604,29341,831000000,831000000
9,1385,831000000,831000100,17604,29341,831600000,831600000
9,1386,831600000,831600100,17604,29341,832200000,832200000
9,1387,832200000,832200100,17604,29341,832800000,832800000
9,1388,832800000,832800100,17604,29341,833400000,833400000
9,1389,833400000,833400100,17604,29341,834000000,834000000
9,1390,834000000,834000100,17604,29341,834600000,834600000
9,1391,834600000,834600100,17604,29341,835200000,835200000
9,1392,835200000,835200100,17604,29341,835800000,835800000
9,1393,835800000,835800100,17604,29341,836400000,836400000
9,1394,836400000,836400100,17604,29341,837000000,837000000
9,1395,837000000,837000100,17604,29341,837600000,837600000
9,1396,837600000,837600100,17604,29341,838200000,838200000
9,1397,838200000,838200100,17604,29341,838800000,838800000
9,1398,838800000,838800100,17604,29341,839400000,839400000
9,1399,839400000,839400100,17604,29341,840000000,840000000
9,1400,840000000,840000100,17604,29341,840600000,840600000
9,1401,840600000,840600100,17604,29341,841200000,841200000
9,1402,841200000,841200100,17604,29341,841800000,841800000
9,1403,841800000,841800100,17604,29341,842400000,842400000
9,1404,842400000,842400100,17604,29341,843000000,843000000
9,1405,843000000,843000100,17604,29341,843600000,843600000
9,1406,843600000,843600100,17604,29341,844200000,844200000
9,1407,844200000,844200100,17604,29341,844800000,844800000
9,1408,844800000,844800100,17604,29341,845400000,845400000
9,1409,845400000,845400100,17604,29341,846000000,846000000
9,1410,846000000,846000100,17604,29341,846600000,846600000
9,1411,846600000,846600100,17604,29341,847200000,847200000
9,1412,847200000,847200100,17604,29341,847800000,847800000
9,1413,847800000,847800100,17604,29341,848400000,848400000
9,1414,848400000,848400100,17604,29341,849000000,849000000
9,1415,849000000,849000100,17604,29341,849600000,849600000
9,1416,849600000,849600100,17604,29341,850200000,850200000
9,1417,850200000,850200100,17604,29341,850800000,850800000
9,1418,850800000,850800100,17604,29341,851400000,851400000
9,1419,851400000,851400100,17604,29341,852000000,852000000
9,1420,852000000,852000100,17604,29341,852600000,852600000
9,1421,852600000,852600100,17604,29341,853200000,853200000
9,1422,853200000,853200100,17604,29341,853800000,853800000
9,1423,853800000,853800100,17604,29341,854400000,854400000
9,1424,854400000,854400100,17604,29341,855000000,855000000
9,1425,855000000,855000100,17604,29341,855600000,855600000
9,1426,855600000,855600100,17604,29341,856200000,856200000
9,1427,856200000,856200100,17604,29341,856800000,856800000
9,1428,856800000,856800100,17604,29341,857400000,857400000
9,1429,857400000,857400100,17604,29341,858000000,858000000
9,1430,858000000,858000100,17604,29341,858600000,858600000
9,1431,858600000,858600100,17604,29341,859200000,859200000
9,1432,859200000,859200100,17604,29341,859800000,859800000
9,1433,859800000,859800100,17604,29341,860400000,860400000
9,1434,860400000,860400100,17604,29341,861000000,861000000
9,1435,861000000,861000100,17604,29341,861600000,861600000
9,1436,861600000,861600100,17604,29341,862200000,862200000
9,1437,862200000,862200100,17604,29341,862800000,862800000
9,1438,862800000,862800100,17604,29341,863400000,863400000
9,1439,863400000,863400100,17604,29341,864000000,864000000
9,1440,864000000,864000100,17604,29341,864600000,864600000
9,1441,864600000,864600100,17604,29341,865200000,865200000
9,1442,865200000,865200100,17604,29341,865800000,865800000
9,1443,865800000,865800100,17604,29341,866400000,866400000
9,1444,866400000,866400100,17604,29341,867000000,867000000
9,1445,867000000,867000100,17604,29341,867600000,867600000
9,1446,867600000,867600100,17604,29341,868200000,868200000
9,1447,868200000,868200100,17604,29341,868800000,868800000
9,1448,868800000,868800100,17604,29341,869400000,869400000
9,1449,869400000,869400100,17604,29341,870000000,870000000
9,1450,870000000,870000100,17604,29341,870600000,870600000
9,1451,870600000,870600100,17604,29341,871200000,871200000
9,1452,871200000,871200100,17604,29341,871800000,871800000
9,1453,871800000,871800100,17604,29341,872400000,872400000
9,1454,872400000,872400100,17604,29341,873000000,873000000
9,1455,873000000,873000100,17604,29341,873600000,873600000
9,1456,873600000,873600100,17604,29341,874200000,874200000
9,1457,874200000,874200100,17604,29341,874800000,874800000
9,1458,874800000,874800100,17604,29341,875400000,875400000
9,1459,875400000,875400100,17604,29341,876000000,876000000
9,1460,876000000,876000100,17604,29341,876600000,876600000
9,1461,876600000,876600100,17604,29341,877200000,877200000
9,1462,877200000,877200100,17604,29341,877800000,877800000
9,1463,877800000,877800100,17604,29341,878400000,878400000
9,1464,878400000,878400100,17604,29341,879000000,879000000
9,1465,879000000,879000100,17604,29341,879600000,879600000
9,1466,879600000,879600100,17604,29341,880200000,880200000
9,1467,880200000,880200100,17604,29341,880800000,880800000
9,1468,880800000,880800100,17604,29341,881400000,881400000
9,1469,881400000,881400100,17604,29341,882000000,882000000
9,1470,882000000,882000100,17604,29341,882600000,882600000
9,1471,882600000,882600100,17604,29341,883200000,883200000
9,1472,883200000,883200100,17604,29341,883800000,883800000
9,1473,883800000,883800100,17604,29341,884400000,884400000
9,1474,884400000,884400100,17604,29341,885000000,885000000
9,1475,885000000,885000100,17604,29341,885600000,885600000
9,1476,885600000,885600100,17604,29341,886200000,886200000
9,1477,886200000,886200100,17604,29341,886800000,886800000
9,1478,886800000,886800100,17604,29341,887400000,887400000
9,1479,887400000,887400100,17604,29341,888000000,888000000
9,1480,888000000,888000100,17604,29341,888600000,888600000
9,1481,888600000,888600100,17604,29341,889200000,889200000
9,1482,889200000,889200100,17604,29341,889800000,889800000
9,1483,889800000,889800100,17604,29341,890400000,890400000
9,1484,890400000,890400100,17604,29341,891000000,891000000
9,1485,891000000,891000100,17604,29341,891600000,891600000
9,1486,891600000,891600100,17604,29341,892200000,892200000
9,1487,892200000,892200100,17604,29341,892800000,892800000
9,1488,892800000,892800100,17604,29341,893400000,893400000
9,1489,893400000,893400100,17604,29341,894000000,894000000
9,1490,894000000,894000100,17604,29341,894600000,894600000
9,1491,894600000,894600100,17604,29341,895200000,895200000
9,1492,895200000,895200100,17604,29341,895800000,895800000
9,1493,895800000,895800100,17604,29341,896400000,896400000
9,1494,896400000,896400100,17604,29341,897000000,897000000
9,1495,897000000,897000100,17604,29341,897600000,897600000
9,1496,897600000,897600100,17604,29341,898200000,898200000
9,1497,898200000,898200100,17604,29341,898800000,898800000
9,1498,898800000,898800100,17604,29341,899400000,899400000
9,1499,899400000,899400100,17604,29341,900000000,900000000
9,1500,900000000,900000100,17604,29341,900600000,900600000
9,1501,900600000,900600100,17604,29341,901200000,901200000
9,1502,901200000,901200100,17604,29341,901800000,901800000
9,1503,901800000,901800100,17604,29341,902400000,902400000
9,1504,902400000,902400100,17604,29341,903000000,903000000
9,1505,903000000,903000100,17604,29341,903600000,903600000
9,1506,903600000,903600100,17604,29341,904200000,904200000
9,1507,904200000,904200100,17604,29341,904800000,904800000
9,1508,904800000,904800100,17604,29341,905400000,905400000
9,1509,905400000,905400100,17604,29341,906000000,906000000
9,1510,906000000,906000100,17604,29341,906600000,906600000
9,1511,906600000,906600100,17604,29341,907200000,907200000
9,1512,907200000,907200100,17604,29341,907800000,907800000
9,1513,907800000,907800100,17604,29341,908400000,908400000
9,1514,908400000,908400100,17604,29341,909000000,909000000
9,1515,909000000,909000100,17604,29341,909600000,909600000
9,1516,909600000,909600100,17604,29341,910200000,910200000
9,1517,910200000,910200100,17604,29341,910800000,910800000
9,1518,910800000,910800100,17604,29341,911400000,911400000
9,1519,911400000,911400100,17604,29341,912000000,912000000
9,1520,912000000,912000100,17604,29341,912600000,912600000
9,1521,912600000,912600100,17604,29341,913200000,913200000
9,1522,913200000,913200100,17604,29341,913800000,913800000
9,1523,913800000,913800100,17604,29341,914400000,914400000
9,1524,914400000,914400100,17604,29341,915000000,915000000
9,1525,915000000,915000100,17604,29341,915600000,915600000
9,1526,915600000,915600100,17604,29341,916200000,916200000
9,1527,916200000,916200100,17604,29341,916800000,916800000
9,1528,916800000,916800100,17604,29341,917400000,917400000
9,1529,917400000,917400100,17604,29341,918000000,918000000
9,1530,918000000,918000100,17604,29341,918600000,918600000
9,1531,918600000,918600100,17604,29341,919200000,919200000
9,1532,919200000,919200100,17604,29341,919800000,919800000
9,1533,919800000,919800100,17604,29341,920400000,920400000
9,1534,920400000,920400100,17604,29341,921000000,921000000
9,1535,921000000,921000100,17604,29341,921600000,921600000
9,1536,921600000,921600100,17604,29341,922200000,922200000
9,1537,922200000,922200100,17604,29341,922800000,922800000
9,1538,922800000,922800100,17604,29341,923400000,923400000
9,1539,923400000,923400100,17604,29341,924000000,924000000
9,1540,924000000,924000100,17604,29341,924600000,924600000
9,1541,924600000,924600100,17604,29341,925200000,925200000
9,1542,925200000,925200100,17604,29341,925800000,925800000
9,1543,925800000,925800100,17604,29341,926400000,926400000
9,1544,926400000,926400100,17604,29341,927000000,927000000
9,1545,927000000,927000100,17604,29341,927600000,927600000
9,1546,927600000,927600100,17604,29341,928200000,928200000
9,1547,928200000,928200100,17604,29341,928800000,928800000
9,1548,928800000,928800100,17604,29341,929400000,929400000
9,1549,929400000,929400100,17604,29341,930000000,930000000
9,1550,930000000,930000100,17604,29341,930600000,930600000
9,1551,930600000,930600100,17604,29341,931200000,931200000
9,1552,931200000,931200100,17604,29341,931800000,931800000
9,1553,931800000,931800100,17604,29341,932400000,932400000
9,1554,932400000,932400100,17604,29341,933000000,933000000
9,1555,933000000,933000100,17604,29341,933600000,933600000
9,1556,933600000,933600100,17604,29341,934200000,934200000
9,1557,934200000,934200100,17604,29341,934800000,934800000
9,1558,934800000,934800100,17604,29341,935400000,935400000
9,1559,935400000,935400100,17604,29341,936000000,936000000
9,1560,936000000,936000100,17604,29341,936600000,936600000
9,1561,936600000,936600100,17604,29341,937200000,937200000
9,1562,937200000,937200100,17604,29341,937800000,937800000
9,1563,937800000,937800100,17604,29341,938400000,938400000
9,1564,938400000,938400100,17604,29341,939000000,939000000
9,1565,939000000,939000100,17604,29341,939600000,939600000
9,1566,939600000,939600100,17604,29341,940200000,940200000
9,1567,940200000,940200100,17604,29341,940800000,940800000
9,1568,940800000,940800100,17604,29341,941400000,941400000
9,1569,941400000,941400100,17604,29341,942000000,942000000
9,1570,942000000,942000100,17604,29341,942600000,942600000
9,1571,942600000,942600100,17604,29341,943200000,943200000
9,1572,943200000,943200100,17604,29341,943800000,943800000
9,1573,943800000,943800100,17604,29341,944400000,944400000
9,1574,944400000,944400100,17604,29341,945000000,945000000
9,1575,945000000,945000100,17604,29341,945600000,945600000
9,1576,945600000,945600100,17604,29341,946200000,946200000
9,1577,946200000,946200100,17604,29341,946800000,946800000
9,1578,946800000,946800100,17604,29341,947400000,947400000
9,1579,947400000,947400100,17604,29341,948000000,948000000
9,1580,948000000,948000100,17604,29341,948600000,948600000
9,1581,948600000,948600100,17604,29341,949200000,949200000
9,1582,949200000,949200100,17604,29341,949800000,949800000
9,1583,949800000,949800100,17604,29341,950400000,950400000
9,1584,950400000,950400100,17604,29341,951000000,951000000
9,1585,951000000,951000100,17604,29341,951600000,951600000
9,1586,951600000,951600100,17604,29341,952200000,952200000
9,1587,952200000,952200100,17604,29341,952800000,952800000
9,1588,952800000,952800100,17604,29341,953400000,953400000
9,1589,953400000,953400100,17604,29341,954000000,954000000
9,1590,954000000,954000100,17604,29341,954600000,954600000
9,1591,954600000,954600100,17604,29341,955200000,955200000
9,1592,955200000,955200100,17604,29341,955800000,955800000
9,1593,955800000,955800100,17604,29341,956400000,956400000
9,1594,956400000,956400100,17604,29341,957000000,957000000
9,1595,957000000,957000100,17604,29341,957600000,957600000
9,1596,957600000,957600100,17604,29341,958200000,958200000
9,1597,958200000,958200100,17604,29341,958800000,958800000
9,1598,958800000,958800100,17604,29341,959400000,959400000
9,1599,959400000,959400100,17604,29341,960000000,960000000
9,1600,960000000,960000100,17604,29341,960600000,960600000
9,1601,960600000,960600100,17604,29341,961200000,961200000
9,1602,961200000,961200100,17604,29341,961800000,961800000
9,1603,961800000,961800100,17604,29341,962400000,962400000
9,1604,962400000,962400100,17604,29341,963000000,963000000
9,1605,963000000,963000100,17604,29341,963600000,963600000
9,1606,963600000,963600100,17604,29341,964200000,964200000
9,1607,964200000,964200100,17604,29341,964800000,964800000
9,1608,964800000,964800100,17604,29341,965400000,965400000
9,1609,965400000,965400100,17604,29341,966000000,966000000
9,1610,966000000,966000100,17604,29341,966600000,966600000
9,1611,966600000,966600100,17604,29341,967200000,967200000
9,1612,967200000,967200100,17604,29341,967800000,967800000
9,1613,967800000,967800100,17604,29341,968400000,968400000
9,1614,968400000,968400100,17604,29341,969000000,969000000
9,1615,969000000,969000100,17604,29341,969600000,969600000
9,1616,969600000,969600100,17604,29341,970200000,970200000
9,1617,970200000,970200100,17604,29341,970800000,970800000
9,1618,970800000,970800100,17604,29341,971400000,971400000
9,1619,971400000,971400100,17604,29341,972000000,972000000
9,1620,972000000,972000100,17604,29341,972600000,972600000
9,1621,972600000,972600100,17604,29341,973200000,973200000
9,1622,973200000,973200100,17604,29341,973800000,973800000
9,1623,973800000,973800100,17604,29341,974400000,974400000
9,1624,974400000,974400100,17604,29341,975000000,975000000
9,1625,975000000,975000100,17604,29341,975600000,975600000
9,1626,975600000,975600100,17604,29341,976200000,976200000
9,1627,976200000,976200100,17604,29341,976800000,976800000
9,1628,976800000,976800100,17604,29341,977400000,977400000
9,1629,977400000,977400100,17604,29341,978000000,978000000
9,1630,978000000,978000100,17604,29341,978600000,978600000
9,1631,978600000,978600100,17604,29341,979200000,979200000
9,1632,979200000,979200100,17604,29341,979800000,979800000
9,1633,979800000,979800100,17604,29341,980400000,980400000
9,1634,980400000,980400100,17604,29341,981000000,981000000
9,1635,981000000,981000100,17604,29341,981600000,981600000
9,1636,981600000,981600100,17604,29341,982200000,982200000
9,1637,982200000,982200100,17604,29341,982800000,982800000
9,1638,982800000,982800100,17604,29341,983400000,983400000
9,1639,983400000,983400100,17604,29341,984000000,984000000
9,1640,984000000,984000100,17604,29341,984600000,984600000
9,1641,984600000,984600100,17604,29341,985200000,985200000
9,1642,985200000,985200100,17604,29341,985800000,985800000
9,1643,985800000,985800100,17604,29341,986400000,986400000
9,1644,986400000,986400100,17604,29341,987000000,987000000
9,1645,987000000,987000100,17604,29341,987600000,987600000
9,1646,987600000,987600100,17604,29341,988200000,988200000
9,1647,988200000,988200100,17604,29341,988800000,988800000
9,1648,988800000,988800100,17604,29341,989400000,989400000
9,1649,989400000,989400100,17604,29341,990000000,990000000
9,1650,990000000,990000100,17604,29341,990600000,990600000
9,1651,990600000,990600100,17604,29341,991200000,991200000
9,1652,991200000,991200100,17604,29341,991800000,991800000
9,1653,991800000,991800100,17604,29341,992400000,992400000
9,1654,992400000,992400100,17604,29341,993000000,993000000
9,1655,993000000,993000100,17604,29341,993600000,993600000
9,1656,993600000,993600100,17604,29341,994200000,994200000
9,1657,994200000,994200100,17604,29341,994800000,994800000
9,1658,994800000,994800100,17604,29341,995400000,995400000
9,1659,995400000,995400100,17604,29341,996000000,996000000
9,1660,996000000,996000100,17604,29341,996600000,996600000
9,1661,996600000,996600100,17604,29341,997200000,997200000
9,1662,997200000,997200100,17604,29341,997800000,997800000
9,1663,997800000,997800100,17604,29341,998400000,998400000
9,1664,998400000,998400100,17604,29341,999000000,999000000
9,1665,999000000,999000100,17604,29341,999600000,999600000
9,1666,999600000,999600100,17604,29341,1000200000,1000200000
9,1667,1000200000,1000200100,17604,29341,1000800000,1000800000
9,1668,1000800000,1000800100,17604,29341,1001400000,1001400000
9,1669,1001400000,1001400100,17604,29341,1002000000,1002000000
9,1670,1002000000,1002000100,17604,29341,1002600000,1002600000
9,1671,1002600000,1002600100,17604,29341,1003200000,1003200000
9,1672,1003200000,1003200100,17604,29341,1003800000,1003800000
9,1673,1003800000,1003800100,17604,29341,1004400000,1004400000
9,1674,1004400000,1004400100,17604,29341,1005000000,1005000000
9,1675,1005000000,1005000100,17604,29341,1005600000,1005600000
9,1676,1005600000,1005600100,17604,29341,1006200000,1006200000
9,1677,1006200000,1006200100,17604,29341,1006800000,1006800000
9,1678,1006800000,1006800100,17604,29341,1007400000,1007400000
9,1679,1007400000,1007400100,17604,29341,1008000000,1008000000
9,1680,1008000000,1008000100,17604,29341,1008600000,1008600000
9,1681,1008600000,1008600100,17604,29341,1009200000,1009200000
9,1682,1009200000,1009200100,17604,29341,1009800000,1009800000
9,1683,1009800000,1009800100,17604,29341,1010400000,1010400000
9,1684,1010400000,1010400100,17604,29341,1011000000,1011000000
9,1685,1011000000,1011000100,17604,29341,1011600000,1011600000
9,1686,1011600000,1011600100,17604,29341,1012200000,1012200000
9,1687,1012200000,1012200100,17604,29341,1012800000,1012800000
9,1688,1012800000,1012800100,17604,29341,1013400000,1013400000
9,1689,1013400000,1013400100,17604,29341,1014000000,1014000000
9,1690,1014000000,1014000100,17604,29341,1014600000,1014600000
9,1691,1014600000,1014600100,17604,29341,1015200000,1015200000
9,1692,1015200000,1015200100,17604,29341,1015800000,1015800000
9,1693,1015800000,1015800100,17604,29341,1016400000,1016400000
9,1694,1016400000,1016400100,17604,29341,1017000000,1017000000
9,1695,1017000000,1017000100,17604,29341,1017600000,1017600000
9,1696,1017600000,1017600100,17604,29341,1018200000,1018200000
9,1697,1018200000,1018200100,17604,29341,1018800000,1018800000
9,1698,1018800000,1018800100,17604,29341,1019400000,1019400000
9,1699,1019400000,1019400100,17604,29341,1020000000,1020000000
9,1700,1020000000,1020000100,17604,29341,1020600000,1020600000
9,1701,1020600000,1020600100,17604,29341,1021200000,1021200000
9,1702,1021200000,1021200100,17604,29341,1021800000,1021800000
9,1703,1021800000,1021800100,17604,29341,1022400000,1022400000
9,1704,1022400000,1022400100,17604,29341,1023000000,1023000000
9,1705,1023000000,1023000100,17604,29341,1023600000,1023600000
9,1706,1023600000,1023600100,17604,29341,1024200000,1024200000
9,1707,1024200000,1024200100,17604,29341,1024800000,1024800000
9,1708,1024800000,1024800100,17604,29341,1025400000,1025400000
9,1709,1025400000,1025400100,17604,29341,1026000000,1026000000
9,1710,1026000000,1026000100,17604,29341,1026600000,1026600000
9,1711,1026600000,1026600100,17604,29341,1027200000,1027200000
9,1712,1027200000,1027200100,17604,29341,1027800000,1027800000
9,1713,1027800000,1027800100,17604,29341,1028400000,1028400000
9,1714,1028400000,1028400100,17604,29341,1029000000,1029000000
9,1715,1029000000,1029000100,17604,29341,1029600000,1029600000
9,1716,1029600000,1029600100,17604,29341,1030200000,1030200000
9,1717,1030200000,1030200100,17604,29341,1030800000,1030800000
9,1718,1030800000,1030800100,17604,29341,1031400000,1031400000
9,1719,1031400000,1031400100,17604,29341,1032000000,1032000000
9,1720,1032000000,1032000100,17604,29341,1032600000,1032600000
9,1721,1032600000,1032600100,17604,29341,1033200000,1033200000
9,1722,1033200000,1033200100,17604,29341,1033800000,1033800000
9,1723,1033800000,1033800100,17604,29341,1034400000,1034400000
9,1724,1034400000,1034400100,17604,29341,1035000000,1035000000
9,1725,1035000000,1035000100,17604,29341,1035600000,1035600000
9,1726,1035600000,1035600100,17604,29341,1036200000,1036200000
9,1727,1036200000,1036200100,17604,29341,1036800000,1036800000
9,1728,1036800000,1036800100,17604,29341,1037400000,1037400000
9,1729,1037400000,1037400100,17604,29341,1038000000,1038000000
9,1730,1038000000,1038000100,17604,29341,1038600000,1038600000
9,1731,1038600000,1038600100,17604,29341,1039200000,1039200000
9,1732,1039200000,1039200100,17604,29341,1039800000,1039800000
9,1733,1039800000,1039800100,17604,29341,1040400000,1040400000
9,1734,1040400000,1040400100,17604,29341,1041000000,1041000000
9,1735,1041000000,1041000100,17604,29341,1041600000,1041600000
9,1736,1041600000,1041600100,17604,29341,1042200000,1042200000
9,1737,1042200000,1042200100,17604,29341,1042800000,1042800000
9,1738,1042800000,1042800100,17604,29341,1043400000,1043400000
9,1739,1043400000,1043400100,17604,29341,1044000000,1044000000
9,1740,1044000000,1044000100,17604,29341,1044600000,1044600000
9,1741,1044600000,1044600100,17604,29341,1045200000,1045200000
9,1742,1045200000,1045200100,17604,29341,1045800000,1045800000
9,1743,1045800000,1045800100,17604,29341,1046400000,1046400000
9,1744,1046400000,1046400100,17604,29341,1047000000,1047000000
9,1745,1047000000,1047000100,17604,29341,1047600000,1047600000
9,1746,1047600000,1047600100,17604,29341,1048200000,1048200000
9,1747,1048200000,1048200100,17604,29341,1048800000,1048800000
9,1748,1048800000,1048800100,17604,29341,1049400000,1049400000
9,1749,1049400000,1049400100,17604,29341,1050000000,1050000000
9,1750,1050000000,1050000100,17604,29341,1050600000,1050600000
9,1751,1050600000,1050600100,17604,29341,1051200000,1051200000
9,1752,1051200000,1051200100,17604,29341,1051800000,1051800000
9,1753,1051800000,1051800100,17604,29341,1052400000,1052400000
9,1754,1052400000,1052400100,17604,29341,1053000000,1053000000
9,1755,1053000000,1053000100,17604,29341,1053600000,1053600000
9,1756,1053600000,1053600100,17604,29341,1054200000,1054200000
9,1757,1054200000,1054200100,17604,29341,1054800000,1054800000
9,1758,1054800000,1054800100,17604,29341,1055400000,1055400000
9,1759,1055400000,1055400100,17604,29341,1056000000,1056000000
9,1760,1056000000,1056000100,17604,29341,1056600000,1056600000
9,1761,1056600000,1056600100,17604,29341,1057200000,1057200000
9,1762,1057200000,1057200100,17604,29341,1057800000,1057800000
9,1763,1057800000,1057800100,17604,29341,1058400000,1058400000
9,1764,1058400000,1058400100,17604,29341,1059000000,1059000000
9,1765,1059000000,1059000100,17604,29341,1059600000,1059600000
9,1766,1059600000,1059600100,17604,29341,1060200000,1060200000
9,1767,1060200000,1060200100,17604,29341,1060800000,1060800000
9,1768,1060800000,1060800100,17604,29341,1061400000,1061400000
9,1769,1061400000,1061400100,17604,29341,1062000000,1062000000
9,1770,1062000000,1062000100,17604,29341,1062600000,1062600000
9,1771,1062600000,1062600100,17604,29341,1063200000,1063200000
9,1772,1063200000,1063200100,17604,29341,1063800000,1063800000
9,1773,1063800000,1063800100,17604,29341,1064400000,1064400000
9,1774,1064400000,1064400100,17604,29341,1065000000,1065000000
9,1775,1065000000,1065000100,17604,29341,1065600000,1065600000
9,1776,1065600000,1065600100,17604,29341,1066200000,1066200000
9,1777,1066200000,1066200100,17604,29341,1066800000,1066800000
9,1778,1066800000,1066800100,17604,29341,1067400000,1067400000
9,1779,1067400000,1067400100,17604,29341,1068000000,1068000000
9,1780,1068000000,1068000100,17604,29341,1068600000,1068600000
9,1781,1068600000,1068600100,17604,29341,1069200000,1069200000
9,1782,1069200000,1069200100,17604,29341,1069800000,1069800000
9,1783,1069800000,1069800100,17604,29341,1070400000,1070400000
9,1784,1070400000,1070400100,17604,29341,1071000000,1071000000
9,1785,1071000000,1071000100,17604,29341,1071600000,1071600000
9,1786,1071600000,1071600100,17604,29341,1072200000,1072200000
9,1787,1072200000,1072200100,17604,29341,1072800000,1072800000
9,1788,1072800000,1072800100,17604,29341,1073400000,1073400000
9,1789,1073400000,1073400100,17604,29341,1074000000,1074000000
9,1790,1074000000,1074000100,17604,29341,1074600000,1074600000
9,1791,1074600000,1074600100,17604,29341,1075200000,1075200000
9,1792,1075200000,1075200100,17604,29341,1075800000,1075800000
9,1793,1075800000,1075800100,17604,29341,1076400000,1076400000
9,1794,1076400000,1076400100,17604,29341,1077000000,1077000000
9,1795,1077000000,1077000100,17604,29341,1077600000,1077600000
9,1796,1077600000,1077600100,17604,29341,1078200000,1078200000
9,1797,1078200000,1078200100,17604,29341,1078800000,1078800000
9,1798,1078800000,1078800100,17604,29341,1079400000,1079400000
9,1799,1079400000,1079400100,17604,29341,1080000000,1080000000
9,1800,1080000000,1080000100,17604,29341,1080600000,1080600000
9,1801,1080600000,1080600100,17604,29341,1081200000,1081200000
9,1802,1081200000,1081200100,17604,29341,1081800000,1081800000
9,1803,1081800000,1081800100,17604,29341,1082400000,1082400000
9,1804,1082400000,1082400100,17604,29341,1083000000,1083000000
9,1805,1083000000,1083000100,17604,29341,1083600000,1083600000
9,1806,1083600000,1083600100,17604,29341,1084200000,1084200000
9,1807,1084200000,1084200100,17604,29341,1084800000,1084800000
9,1808,1084800000,1084800100,17604,29341,1085400000,1085400000
9,1809,1085400000,1085400100,17604,29341,1086000000,1086000000
9,1810,1086000000,1086000100,17604,29341,1086600000,1086600000
9,1811,1086600000,1086600100,17604,29341,1087200000,1087200000
9,1812,1087200000,1087200100,17604,29341,1087800000,1087800000
9,1813,1087800000,1087800100,17604,29341,1088400000,1088400000
9,1814,1088400000,1088400100,17604,29341,1089000000,1089000000
9,1815,1089000000,1089000100,17604,29341,1089600000,1089600000
9,1816,1089600000,1089600100,17604,29341,1090200000,1090200000
9,1817,1090200000,1090200100,17604,29341,1090800000,1090800000
9,1818,1090800000,1090800100,17604,29341,1091400000,1091400000
9,1819,1091400000,1091400100,17604,29341,1092000000,1092000000
9,1820,1092000000,1092000100,17604,29341,1092600000,1092600000
9,1821,1092600000,1092600100,17604,29341,1093200000,1093200000
9,1822,1093200000,1093200100,17604,29341,1093800000,1093800000
9,1823,1093800000,1093800100,17604,29341,1094400000,1094400000
9,1824,1094400000,1094400100,17604,29341,1095000000,1095000000
9,1825,1095000000,1095000100,17604,29341,1095600000,1095600000
9,1826,1095600000,1095600100,17604,29341,1096200000,1096200000
9,1827,1096200000,1096200100,17604,29341,1096800000,1096800000
9,1828,1096800000,1096800100,17604,29341,1097400000,1097400000
9,1829,1097400000,1097400100,17604,29341,1098000000,1098000000
9,1830,1098000000,1098000100,17604,29341,1098600000,1098600000
9,1831,1098600000,1098600100,17604,29341,1099200000,1099200000
9,1832,1099200000,1099200100,17604,29341,1099800000,1099800000
9,1833,1099800000,1099800100,17604,29341,1100400000,1100400000
9,1834,1100400000,1100400100,17604,29341,1101000000,1101000000
9,1835,1101000000,1101000100,17604,29341,1101600000,1101600000
9,1836,1101600000,1101600100,17604,29341,1102200000,1102200000
9,1837,1102200000,1102200100,17604,29341,1102800000,1102800000
9,1838,1102800000,1102800100,17604,29341,1103400000,1103400000
9,1839,1103400000,1103400100,17604,29341,1104000000,1104000000
9,1840,1104000000,1104000100,17604,29341,1104600000,1104600000
9,1841,1104600000,1104600100,17604,29341,1105200000,1105200000
9,1842,1105200000,1105200100,17604,29341,1105800000,1105800000
9,1843,1105800000,1105800100,17604,29341,1106400000,1106400000
9,1844,1106400000,1106400100,17604,29341,1107000000,1107000000
9,1845,1107000000,1107000100,17604,29341,1107600000,1107600000
9,1846,1107600000,1107600100,17604,29341,1108200000,1108200000
9,1847,1108200000,1108200100,17604,29341,1108800000,1108800000
9,1848,1108800000,1108800100,17604,29341,1109400000,1109400000
9,1849,1109400000,1109400100,17604,29341,1110000000,1110000000
9,1850,1110000000,1110000100,17604,29341,1110600000,1110600000
9,1851,1110600000,1110600100,17604,29341,1111200000,1111200000
9,1852,1111200000,1111200100,17604,29341,1111800000,1111800000
9,1853,1111800000,1111800100,17604,29341,1112400000,1112400000
9,1854,1112400000,1112400100,17604,29341,1113000000,1113000000
9,1855,1113000000,1113000100,17604,29341,1113600000,1113600000
9,1856,1113600000,1113600100,17604,29341,1114200000,1114200000
9,1857,1114200000,1114200100,17604,29341,1114800000,1114800000
9,1858,1114800000,1114800100,17604,29341,1115400000,1115400000
9,1859,1115400000,1115400100,17604,29341,1116000000,1116000000
9,1860,1116000000,1116000100,17604,29341,1116600000,1116600000
9,1861,1116600000,1116600100,17604,29341,1117200000,1117200000
9,1862,1117200000,1117200100,17604,29341,1117800000,1117800000
9,1863,1117800000,1117800100,17604,29341,1118400000,1118400000
9,1864,1118400000,1118400100,17604,29341,1119000000,1119000000
9,1865,1119000000,1119000100,17604,29341,1119600000,1119600000
9,1866,1119600000,1119600100,17604,29341,1120200000,1120200000
9,1867,1120200000,1120200100,17604,29341,1120800000,1120800000
9,1868,1120800000,1120800100,17604,29341,1121400000,1121400000
9,1869,1121400000,1121400100,17604,29341,1122000000,1122000000
9,1870,1122000000,1122000100,17604,29341,1122600000,1122600000
9,1871,1122600000,1122600100,17604,29341,1123200000,1123200000
9,1872,1123200000,1123200100,17604,29341,1123800000,1123800000
9,1873,1123800000,1123800100,17604,29341,1124400000,1124400000
9,1874,1124400000,1124400100,17604,29341,1125000000,1125000000
9,1875,1125000000,1125000100,17604,29341,1125600000,1125600000
9,1876,1125600000,1125600100,17604,29341,1126200000,1126200000
9,1877,1126200000,1126200100,17604,29341,1126800000,1126800000
9,1878,1126800000,1126800100,17604,29341,1127400000,1127400000
9,1879,1127400000,1127400100,17604,29341,1128000000,1128000000
9,1880,1128000000,1128000100,17604,29341,1128600000,1128600000
9,1881,1128600000,1128600100,17604,29341,1129200000,1129200000
9,1882,1129200000,1129200100,17604,29341,1129800000,1129800000
9,1883,1129800000,1129800100,17604,29341,1130400000,1130400000
9,1884,1130400000,1130400100,17604,29341,1131000000,1131000000
9,1885,1131000000,1131000100,17604,29341,1131600000,1131600000
9,1886,1131600000,1131600100,17604,29341,1132200000,1132200000
9,1887,1132200000,1132200100,17604,29341,1132800000,1132800000
9,1888,1132800000,1132800100,17604,29341,1133400000,1133400000
9,1889,1133400000,1133400100,17604,29341,1134000000,1134000000
9,1890,1134000000,1134000100,17604,29341,1134600000,1134600000
9,1891,1134600000,1134600100,17604,29341,1135200000,1135200000
9,1892,1135200000,1135200100,17604,29341,1135800000,1135800000
9,1893,1135800000,1135800100,17604,29341,1136400000,1136400000
9,1894,1136400000,1136400100,17604,29341,1137000000,1137000000
9,1895,1137000000,1137000100,17604,29341,1137600000,1137600000
9,1896,1137600000,1137600100,17604,29341,1138200000,1138200000
9,1897,1138200000,1138200100,17604,29341,1138800000,1138800000
9,1898,1138800000,1138800100,17604,29341,1139400000,1139400000
9,1899,1139400000,1139400100,17604,29341,1140000000,1140000000
9,1900,1140000000,1140000100,17604,29341,1140600000,1140600000
9,1901,1140600000,1140600100,17604,29341,1141200000,1141200000
9,1902,1141200000,1141200100,17604,29341,1141800000,1141800000
9,1903,1141800000,1141800100,17604,29341,1142400000,1142400000
9,1904,1142400000,1142400100,17604,29341,1143000000,1143000000
9,1905,1143000000,1143000100,17604,29341,1143600000,1143600000
9,1906,1143600000,1143600100,17604,29341,1144200000,1144200000
9,1907,1144200000,1144200100,17604,29341,1144800000,1144800000
9,1908,1144800000,1144800100,17604,29341,1145400000,1145400000
9,1909,1145400000,1145400100,17604,29341,1146000000,1146000000
9,1910,1146000000,1146000100,17604,29341,1146600000,1146600000
9,1911,1146600000,1146600100,17604,29341,1147200000,1147200000
9,1912,1147200000,1147200100,17604,29341,1147800000,1147800000
9,1913,1147800000,1147800100,17604,29341,1148400000,1148400000
9,1914,1148400000,1148400100,17604,29341,1149000000,1149000000
9,1915,1149000000,1149000100,17604,29341,1149600000,1149600000
9,1916,1149600000,1149600100,17604,29341,1150200000,1150200000
9,1917,1150200000,1150200100,17604,29341,1150800000,1150800000
9,1918,1150800000,1150800100,17604,29341,1151400000,1151400000
9,1919,1151400000,1151400100,17604,29341,1152000000,1152000000
9,1920,1152000000,1152000100,17604,29341,1152600000,1152600000
9,1921,1152600000,1152600100,17604,29341,1153200000,1153200000
9,1922,1153200000,1153200100,17604,29341,1153800000,1153800000
9,1923,1153800000,1153800100,17604,29341,1154400000,1154400000
9,1924,1154400000,1154400100,17604,29341,1155000000,1155000000
9,1925,1155000000,1155000100,17604,29341,1155600000,1155600000
9,1926,1155600000,1155600100,17604,29341,1156200000,1156200000
9,1927,1156200000,1156200100,17604,29341,1156800000,1156800000
9,1928,1156800000,1156800100,17604,29341,1157400000,1157400000
9,1929,1157400000,1157400100,17604,29341,1158000000,1158000000
9,1930,1158000000,1158000100,17604,29341,1158600000,1158600000
9,1931,1158600000,1158600100,17604,29341,1159200000,1159200000
9,1932,1159200000,1159200100,17604,29341,1159800000,1159800000
9,1933,1159800000,1159800100,17604,29341,1160400000,1160400000
9,1934,1160400000,1160400100,17604,29341,1161000000,1161000000
9,1935,1161000000,1161000100,17604,29341,1161600000,1161600000
9,1936,1161600000,1161600100,17604,29341,1162200000,1162200000
9,1937,1162200000,1162200100,17604,29341,1162800000,1162800000
9,1938,1162800000,1162800100,17604,29341,1163400000,1163400000
9,1939,1163400000,1163400100,17604,29341,1164000000,1164000000
9,1940,1164000000,1164000100,17604,29341,1164600000,1164600000
9,1941,1164600000,1164600100,17604,29341,1165200000,1165200000
9,1942,1165200000,1165200100,17604,29341,1165800000,1165800000
9,1943,1165800000,1165800100,17604,29341,1166400000,1166400000
9,1944,1166400000,1166400100,17604,29341,1167000000,1167000000
9,1945,1167000000,1167000100,17604,29341,1167600000,1167600000
9,1946,1167600000,1167600100,17604,29341,1168200000,1168200000
9,1947,1168200000,1168200100,17604,29341,1168800000,1168800000
9,1948,1168800000,1168800100,17604,29341,1169400000,1169400000
9,1949,1169400000,1169400100,17604,29341,1170000000,1170000000
9,1950,1170000000,1170000100,17604,29341,1170600000,1170600000
9,1951,1170600000,1170600100,17604,29341,1171200000,1171200000
9,1952,1171200000,1171200100,17604,29341,1171800000,1171800000
9,1953,1171800000,1171800100,17604,29341,1172400000,1172400000
9,1954,1172400000,1172400100,17604,29341,1173000000,1173000000
9,1955,1173000000,1173000100,17604,29341,1173600000,1173600000
9,1956,1173600000,1173600100,17604,29341,1174200000,1174200000
9,1957,1174200000,1174200100,17604,29341,1174800000,1174800000
9,1958,1174800000,1174800100,17604,29341,1175400000,1175400000
9,1959,1175400000,1175400100,17604,29341,1176000000,1176000000
9,1960,1176000000,1176000100,17604,29341,1176600000,1176600000
9,1961,1176600000,1176600100,17604,29341,1177200000,1177200000
9,1962,1177200000,1177200100,17604,29341,1177800000,1177800000
9,1963,1177800000,1177800100,17604,29341,1178400000,1178400000
9,1964,1178400000,1178400100,17604,29341,1179000000,1179000000
9,1965,1179000000,1179000100,17604,29341,1179600000,1179600000
9,1966,1179600000,1179600100,17604,29341,1180200000,1180200000
9,1967,1180200000,1180200100,17604,29341,1180800000,1180800000
9,1968,1180800000,1180800100,17604,29341,1181400000,1181400000
9,1969,1181400000,1181400100,17604,29341,1182000000,1182000000
9,1970,1182000000,1182000100,17604,29341,1182600000,1182600000
9,1971,1182600000,1182600100,17604,29341,1183200000,1183200000
9,1972,1183200000,1183200100,17604,29341,1183800000,1183800000
9,1973,1183800000,1183800100,17604,29341,1184400000,1184400000
9,1974,1184400000,1184400100,17604,29341,1185000000,1185000000
9,1975,1185000000,1185000100,17604,29341,1185600000,1185600000
9,1976,1185600000,1185600100,17604,29341,1186200000,1186200000
9,1977,1186200000,1186200100,17604,29341,1186800000,1186800000
9,1978,1186800000,1186800100,17604,29341,1187400000,1187400000
9,1979,1187400000,1187400100,17604,29341,1188000000,1188000000
9,1980,1188000000,1188000100,17604,29341,1188600000,1188600000
9,1981,1188600000,1188600100,17604,29341,1189200000,1189200000
9,1982,1189200000,1189200100,17604,29341,1189800000,1189800000
9,1983,1189800000,1189800100,17604,29341,1190400000,1190400000
9,1984,1190400000,1190400100,17604,29341,1191000000,1191000000
9,1985,1191000000,1191000100,17604,29341,1191600000,1191600000
9,1986,1191600000,1191600100,17604,29341,1192200000,1192200000
9,1987,1192200000,1192200100,17604,29341,1192800000,1192800000
9,1988,1192800000,1192800100,17604,29341,1193400000,1193400000
9,1989,1193400000,1193400100,17604,29341,1194000000,1194000000
9,1990,1194000000,1194000100,17604,29341,1194600000,1194600000
9,1991,1194600000,1194600100,17604,29341,1195200000,1195200000
9,1992,1195200000,1195200100,17604,29341,1195800000,1195800000
9,1993,1195800000,1195800100,17604,29341,1196400000,1196400000
9,1994,1196400000,1196400100,17604,29341,1197000000,1197000000
10,0,0,100,16381,27303,750000,750000
10,1,750000,750100,16381,27303,1500000,1500000
10,2,1500000,1500100,16381,27303,2250000,2250000
10,3,2250000,2250100,16381,27303,3000000,3000000
10,4,3000000,3000100,16381,27303,3750000,3750000
10,5,3750000,3750100,16381,27303,4500000,4500000
10,6,4500000,4500100,16381,27303,5250000,5250000
10,7,5250000,5250100,16381,27303,6000000,6000000
10,8,6000000,6000100,16381,27303,6750000,6750000
10,9,6750000,6750100,16381,27303,7500000,7500000
10,10,7500000,7500100,16381,27303,8250000,8250000
10,11,8250000,8250100,16381,27303,9000000,9000000
10,12,9000000,9000100,16381,27303,9750000,9750000
10,13,9750000,9750100,16381,27303,10500000,10500000
10,14,10500000,10500100,16381,27303,11250000,11250000
10,15,11250000,11250100,16381,27303,12000000,12000000
10,16,12000000,12000100,16381,27303,12750000,12750000
10,17,12750000,12750100,16381,27303,13500000,13500000
10,18,13500000,13500100,16381,27303,14250000,14250000
10,19,14250000,14250100,16381,27303,15000000,15000000
10,20,15000000,15000100,16381,27303,15750000,15750000
10,21,15750000,15750100,16381,27303,16500000,16500000
10,22,16500000,16500100,16381,27303,17250000,17250000
10,23,17250000,17250100,16381,27303,18000000,18000000
10,24,18000000,18000100,16381,27303,18750000,18750000
10,25,18750000,18750100,16381,27303,19500000,19500000
10,26,19500000,19500100,16381,27303,20250000,20250000
10,27,20250000,20250100,16381,27303,21000000,21000000
10,28,21000000,21000100,16381,27303,21750000,21750000
10,29,21750000,21750100,16381,27303,22500000,22500000
10,30,22500000,22500100,16381,27303,23250000,23250000
10,31,23250000,23250100,16381,27303,24000000,24000000
10,32,24000000,24000100,16381,27303,24750000,24750000
10,33,24750000,24750100,16381,27303,25500000,25500000
10,34,25500000,25500100,16381,27303,26250000,26250000
10,35,26250000,26250100,16381,27303,27000000,27000000
10,36,27000000,27000100,16381,27303,27750000,27750000
10,37,27750000,27750100,16381,27303,28500000,28500000
10,38,28500000,28500100,16381,27303,29250000,29250000
10,39,29250000,29250100,16381,27303,30000000,30000000
10,40,30000000,30000100,16381,27303,30750000,30750000
10,41,30750000,30750100,16381,27303,31500000,31500000
10,42,31500000,31500100,16381,27303,32250000,32250000
10,43,32250000,32250100,16381,27303,33000000,33000000
10,44,33000000,33000100,16381,27303,33750000,33750000
10,45,33750000,33750100,16381,27303,34500000,34500000
10,46,34500000,34500100,16381,27303,35250000,35250000
10,47,35250000,35250100,16381,27303,36000000,36000000
10,48,36000000,36000100,16381,27303,36750000,36750000
10,49,36750000,36750100,16381,27303,37500000,37500000
10,50,37500000,37500100,16381,27303,38250000,38250000
10,51,38250000,38250100,16381,27303,39000000,39000000
10,52,39000000,39000100,16381,27303,39750000,39750000
10,53,39750000,39750100,16381,27303,40500000,40500000
10,54,40500000,40500100,16381,27303,41250000,41250000
10,55,41250000,41250100,16381,27303,42000000,42000000
10,56,42000000,42000100,16381,27303,42750000,42750000
10,57,42750000,42750100,16381,27303,43500000,43500000
10,58,43500000,43500100,16381,27303,44250000,44250000
10,59,44250000,44250100,16381,27303,45000000,45000000
10,60,45000000,45000100,16381,27303,45750000,45750000
10,61,45750000,45750100,16381,27303,46500000,46500000
10,62,46500000,46500100,16381,27303,47250000,47250000
10,63,47250000,47250100,16381,27303,48000000,48000000
10,64,48000000,48000100,16381,27303,48750000,48750000
10,65,48750000,48750100,16381,27303,49500000,49500000
10,66,49500000,49500100,16381,27303,50250000,50250000
10,67,50250000,50250100,16381,27303,51000000,51000000
10,68,51000000,51000100,16381,27303,51750000,51750000
10,69,51750000,51750100,16381,27303,52500000,52500000
10,70,52500000,52500100,16381,27303,53250000,53250000
10,71,53250000,53250100,16381,27303,54000000,54000000
10,72,54000000,54000100,16381,27303,54750000,54750000
10,73,54750000,54750100,16381,27303,55500000,55500000
10,74,55500000,55500100,16381,27303,56250000,56250000
10,75,56250000,56250100,16381,27303,57000000,57000000
10,76,57000000,57000100,16381,27303,57750000,57750000
10,77,57750000,57750100,16381,27303,58500000,58500000
10,78,58500000,58500100,16381,27303,59250000,59250000
10,79,59250000,59250100,16381,27303,60000000,60000000
10,80,60000000,60000100,16381,27303,60750000,60750000
10,81,60750000,60750100,16381,27303,61500000,61500000
10,82,61500000,61500100,16381,27303,62250000,62250000
10,83,62250000,62250100,16381,27303,63000000,63000000
10,84,63000000,63000100,16381,27303,63750000,63750000
10,85,63750000,63750100,16381,27303,64500000,64500000
10,86,64500000,64500100,16381,27303,65250000,65250000
10,87,65250000,65250100,16381,27303,66000000,66000000
10,88,66000000,66000100,16381,27303,66750000,66750000
10,89,66750000,66750100,16381,27303,67500000,67500000
10,90,67500000,67500100,16381,27303,68250000,68250000
10,91,68250000,68250100,16381,27303,69000000,69000000
10,92,69000000,69000100,16381,27303,69750000,69750000
10,93,69750000,69750100,16381,27303,70500000,70500000
10,94,70500000,70500100,16381,27303,71250000,71250000
10,95,71250000,71250100,16381,27303,72000000,72000000
10,96,72000000,72000100,16381,27303,72750000,72750000
10,97,72750000,72750100,16381,27303,73500000,73500000
10,98,73500000,73500100,16381,27303,74250000,74250000
10,99,74250000,74250100,16381,27303,75000000,75000000
10,100,75000000,75000100,16381,27303,75750000,75750000
10,101,75750000,75750100,16381,27303,76500000,76500000
10,102,76500000,76500100,16381,27303,77250000,77250000
10,103,77250000,77250100,16381,27303,78000000,78000000
10,104,78000000,78000100,16381,27303,78750000,78750000
10,105,78750000,78750100,16381,27303,79500000,79500000
10,106,79500000,79500100,16381,27303,80250000,80250000
10,107,80250000,80250100,16381,27303,81000000,81000000
10,108,81000000,81000100,16381,27303,81750000,81750000
10,109,81750000,81750100,16381,27303,82500000,82500000
10,110,82500000,82500100,16381,27303,83250000,83250000
10,111,83250000,83250100,16381,27303,84000000,84000000
10,112,84000000,84000100,16381,27303,84750000,84750000
10,113,84750000,84750100,16381,27303,85500000,85500000
10,114,85500000,85500100,16381,27303,86250000,86250000
10,115,86250000,86250100,16381,27303,87000000,87000000
10,116,87000000,87000100,16381,27303,87750000,87750000
10,117,87750000,87750100,16381,27303,88500000,88500000
10,118,88500000,88500100,16381,27303,89250000,89250000
10,119,89250000,89250100,16381,27303,90000000,90000000
10,120,90000000,90000100,16381,27303,90750000,90750000
10,121,90750000,90750100,16381,27303,91500000,91500000
10,122,91500000,91500100,16381,27303,92250000,92250000
10,123,92250000,92250100,16381,27303,93000000,93000000
10,124,93000000,93000100,16381,27303,93750000,93750000
10,125,93750000,93750100,16381,27303,94500000,94500000
10,126,94500000,94500100,16381,27303,95250000,95250000
10,127,95250000,95250100,16381,27303,96000000,96000000
10,128,96000000,96000100,16381,27303,96750000,96750000
10,129,96750000,96750100,16381,27303,97500000,97500000
10,130,97500000,97500100,16381,27303,98250000,98250000
10,131,98250000,98250100,16381,27303,99000000,99000000
10,132,99000000,99000100,16381,27303,99750000,99750000
10,133,99750000,99750100,16381,27303,100500000,100500000
10,134,100500000,100500100,16381,27303,101250000,101250000
10,135,101250000,101250100,16381,27303,102000000,102000000
10,136,102000000,102000100,16381,27303,102750000,102750000
10,137,102750000,102750100,16381,27303,103500000,103500000
10,138,103500000,103500100,16381,27303,104250000,104250000
10,139,104250000,104250100,16381,27303,105000000,105000000
10,140,105000000,105000100,16381,27303,105750000,105750000
10,141,105750000,105750100,16381,27303,106500000,106500000
10,142,106500000,106500100,16381,27303,107250000,107250000
10,143,107250000,107250100,16381,27303,108000000,108000000
10,144,108000000,108000100,16381,27303,108750000,108750000
10,145,108750000,108750100,16381,27303,109500000,109500000
10,146,109500000,109500100,16381,27303,110250000,110250000
10,147,110250000,110250100,16381,27303,111000000,111000000
10,148,111000000,111000100,16381,27303,111750000,111750000
10,149,111750000,111750100,16381,27303,112500000,112500000
10,150,112500000,112500100,16381,27303,113250000,113250000
10,151,113250000,113250100,16381,27303,114000000,114000000
10,152,114000000,114000100,16381,27303,114750000,114750000
10,153,114750000,114750100,16381,27303,115500000,115500000
10,154,115500000,115500100,16381,27303,116250000,116250000
10,155,116250000,116250100,16381,27303,117000000,117000000
10,156,117000000,117000100,16381,27303,117750000,117750000
10,157,117750000,117750100,16381,27303,118500000,118500000
10,158,118500000,118500100,16381,27303,119250000,119250000
10,159,119250000,119250100,16381,27303,120000000,120000000
10,160,120000000,120000100,16381,27303,120750000,120750000
10,161,120750000,120750100,16381,27303,121500000,121500000
10,162,121500000,121500100,16381,27303,122250000,122250000
10,163,122250000,122250100,16381,27303,123000000,123000000
10,164,123000000,123000100,16381,27303,123750000,123750000
10,165,123750000,123750100,16381,27303,124500000,124500000
10,166,124500000,124500100,16381,27303,125250000,125250000
10,167,125250000,125250100,16381,27303,126000000,126000000
10,168,126000000,126000100,16381,27303,126750000,126750000
10,169,126750000,126750100,16381,27303,127500000,127500000
10,170,127500000,127500100,16381,27303,128250000,128250000
10,171,128250000,128250100,16381,27303,129000000,129000000
10,172,129000000,129000100,16381,27303,129750000,129750000
10,173,129750000,129750100,16381,27303,130500000,130500000
10,174,130500000,130500100,16381,27303,131250000,131250000
10,175,131250000,131250100,16381,27303,132000000,132000000
10,176,132000000,132000100,16381,27303,132750000,132750000
10,177,132750000,132750100,16381,27303,133500000,133500000
10,178,133500000,133500100,16381,27303,134250000,134250000
10,179,134250000,134250100,16381,27303,135000000,135000000
10,180,135000000,135000100,16381,27303,135750000,135750000
10,181,135750000,135750100,16381,27303,136500000,136500000
10,182,136500000,136500100,16381,27303,137250000,137250000
10,183,137250000,137250100,16381,27303,138000000,138000000
10,184,138000000,138000100,16381,27303,138750000,138750000
10,185,138750000,138750100,16381,27303,139500000,139500000
10,186,139500000,139500100,16381,27303,140250000,140250000
10,187,140250000,140250100,16381,27303,141000000,141000000
10,188,141000000,141000100,16381,27303,141750000,141750000
10,189,141750000,141750100,16381,27303,142500000,142500000
10,190,142500000,142500100,16381,27303,143250000,143250000
10,191,143250000,143250100,16381,27303,144000000,144000000
10,192,144000000,144000100,16381,27303,144750000,144750000
10,193,144750000,144750100,16381,27303,145500000,145500000
10,194,145500000,145500100,16381,27303,146250000,146250000
10,195,146250000,146250100,16381,27303,147000000,147000000
10,196,147000000,147000100,16381,27303,147750000,147750000
10,197,147750000,147750100,16381,27303,148500000,148500000
10,198,148500000,148500100,16381,27303,149250000,149250000
10,199,149250000,149250100,16381,27303,150000000,150000000
10,200,150000000,150000100,16381,27303,150750000,150750000
10,201,150750000,150750100,16381,27303,151500000,151500000
10,202,151500000,151500100,16381,27303,152250000,152250000
10,203,152250000,152250100,16381,27303,153000000,153000000
10,204,153000000,153000100,16381,27303,153750000,153750000
10,205,153750000,153750100,16381,27303,154500000,154500000
10,206,154500000,154500100,16381,27303,155250000,155250000
10,207,155250000,155250100,16381,27303,156000000,156000000
10,208,156000000,156000100,16381,27303,156750000,156750000
10,209,156750000,156750100,16381,27303,157500000,157500000
10,210,157500000,157500100,16381,27303,158250000,158250000
10,211,158250000,158250100,16381,27303,159000000,159000000
10,212,159000000,159000100,16381,27303,159750000,159750000
10,213,159750000,159750100,16381,27303,160500000,160500000
10,214,160500000,160500100,16381,27303,161250000,161250000
10,215,161250000,161250100,16381,27303,162000000,162000000
10,216,162000000,162000100,16381,27303,162750000,162750000
10,217,162750000,162750100,16381,27303,163500000,163500000
10,218,163500000,163500100,16381,27303,164250000,164250000
10,219,164250000,164250100,16381,27303,165000000,165000000
10,220,165000000,165000100,16381,27303,165750000,165750000
10,221,165750000,165750100,16381,27303,166500000,166500000
10,222,166500000,166500100,16381,27303,167250000,167250000
10,223,167250000,167250100,16381,27303,168000000,168000000
10,224,168000000,168000100,16381,27303,168750000,168750000
10,225,168750000,168750100,16381,27303,169500000,169500000
10,226,169500000,169500100,16381,27303,170250000,170250000
10,227,170250000,170250100,16381,27303,171000000,171000000
10,228,171000000,171000100,16381,27303,171750000,171750000
10,229,171750000,171750100,16381,27303,172500000,172500000
10,230,172500000,172500100,16381,27303,173250000,173250000
10,231,173250000,173250100,16381,27303,174000000,174000000
10,232,174000000,174000100,16381,27303,174750000,174750000
10,233,174750000,174750100,16381,27303,175500000,175500000
10,234,175500000,175500100,16381,27303,176250000,176250000
10,235,176250000,176250100,16381,27303,177000000,177000000
10,236,177000000,177000100,16381,27303,177750000,177750000
10,237,177750000,177750100,16381,27303,178500000,178500000
10,238,178500000,178500100,16381,27303,179250000,179250000
10,239,179250000,179250100,16381,27303,180000000,180000000
10,240,180000000,180000100,16381,27303,180750000,180750000
10,241,180750000,180750100,16381,27303,181500000,181500000
10,242,181500000,181500100,16381,27303,182250000,182250000
10,243,182250000,182250100,16381,27303,183000000,183000000
10,244,183000000,183000100,16381,27303,183750000,183750000
10,245,183750000,183750100,16381,27303,184500000,184500000
10,246,184500000,184500100,16381,27303,185250000,185250000
10,247,185250000,185250100,16381,27303,186000000,186000000
10,248,186000000,186000100,16381,27303,186750000,186750000
10,249,186750000,186750100,16381,27303,187500000,187500000
10,250,187500000,187500100,16381,27303,188250000,188250000
10,251,188250000,188250100,16381,27303,189000000,189000000
10,252,189000000,189000100,16381,27303,189750000,189750000
10,253,189750000,189750100,16381,27303,190500000,190500000
10,254,190500000,190500100,16381,27303,191250000,191250000
10,255,191250000,191250100,16381,27303,192000000,192000000
10,256,192000000,192000100,16381,27303,192750000,192750000
10,257,192750000,192750100,16381,27303,193500000,193500000
10,258,193500000,193500100,16381,27303,194250000,194250000
10,259,194250000,194250100,16381,27303,195000000,195000000
10,260,195000000,195000100,16381,27303,195750000,195750000
10,261,195750000,195750100,16381,27303,196500000,196500000
10,262,196500000,196500100,16381,27303,197250000,197250000
10,263,197250000,197250100,16381,27303,198000000,198000000
10,264,198000000,198000100,16381,27303,198750000,198750000
10,265,198750000,198750100,16381,27303,199500000,199500000
10,266,199500000,199500100,16381,27303,200250000,200250000
10,267,200250000,200250100,16381,27303,201000000,201000000
10,268,201000000,201000100,16381,27303,201750000,201750000
10,269,201750000,201750100,16381,27303,202500000,202500000
10,270,202500000,202500100,16381,27303,203250000,203250000
10,271,203250000,203250100,16381,27303,204000000,204000000
10,272,204000000,204000100,16381,27303,204750000,204750000
10,273,204750000,204750100,16381,27303,205500000,205500000
10,274,205500000,205500100,16381,27303,206250000,206250000
10,275,206250000,206250100,16381,27303,207000000,207000000
10,276,207000000,207000100,16381,27303,207750000,207750000
10,277,207750000,207750100,16381,27303,208500000,208500000
10,278,208500000,208500100,16381,27303,209250000,209250000
10,279,209250000,209250100,16381,27303,210000000,210000000
10,280,210000000,210000100,16381,27303,210750000,210750000
10,281,210750000,210750100,16381,27303,211500000,211500000
10,282,211500000,211500100,16381,27303,212250000,212250000
10,283,212250000,212250100,16381,27303,213000000,213000000
10,284,213000000,213000100,16381,27303,213750000,213750000
10,285,213750000,213750100,16381,27303,214500000,214500000
10,286,214500000,214500100,16381,27303,215250000,215250000
10,287,215250000,215250100,16381,27303,216000000,216000000
10,288,216000000,216000100,16381,27303,216750000,216750000
10,289,216750000,216750100,16381,27303,217500000,217500000
10,290,217500000,217500100,16381,27303,218250000,218250000
10,291,218250000,218250100,16381,27303,219000000,219000000
10,292,219000000,219000100,16381,27303,219750000,219750000
10,293,219750000,219750100,16381,27303,220500000,220500000
10,294,220500000,220500100,16381,27303,221250000,221250000
10,295,221250000,221250100,16381,27303,222000000,222000000
10,296,222000000,222000100,16381,27303,222750000,222750000
10,297,222750000,222750100,16381,27303,223500000,223500000
10,298,223500000,223500100,16381,27303,224250000,224250000
10,299,224250000,224250100,16381,27303,225000000,225000000
10,300,225000000,225000100,16381,27303,225750000,225750000
10,301,225750000,225750100,16381,27303,226500000,226500000
10,302,226500000,226500100,16381,27303,227250000,227250000
10,303,227250000,227250100,16381,27303,228000000,228000000
10,304,228000000,228000100,16381,27303,228750000,228750000
10,305,228750000,228750100,16381,27303,229500000,229500000
10,306,229500000,229500100,16381,27303,230250000,230250000
10,307,230250000,230250100,16381,27303,231000000,231000000
10,308,231000000,231000100,16381,27303,231750000,231750000
10,309,231750000,231750100,16381,27303,232500000,232500000
10,310,232500000,232500100,16381,27303,233250000,233250000
10,311,233250000,233250100,16381,27303,234000000,234000000
10,312,234000000,234000100,16381,27303,234750000,234750000
10,313,234750000,234750100,16381,27303,235500000,235500000
10,314,235500000,235500100,16381,27303,236250000,236250000
10,315,236250000,236250100,16381,27303,237000000,237000000
10,316,237000000,237000100,16381,27303,237750000,237750000
10,317,237750000,237750100,16381,27303,238500000,238500000
10,318,238500000,238500100,16381,27303,239250000,239250000
10,319,239250000,239250100,16381,27303,240000000,240000000
10,320,240000000,240000100,16381,27303,240750000,240750000
10,321,240750000,240750100,16381,27303,241500000,241500000
10,322,241500000,241500100,16381,27303,242250000,242250000
10,323,242250000,242250100,16381,27303,243000000,243000000
10,324,243000000,243000100,16381,27303,243750000,243750000
10,325,243750000,243750100,16381,27303,244500000,244500000
10,326,244500000,244500100,16381,27303,245250000,245250000
10,327,245250000,245250100,16381,27303,246000000,246000000
10,328,246000000,246000100,16381,27303,246750000,246750000
10,329,246750000,246750100,16381,27303,247500000,247500000
10,330,247500000,247500100,16381,27303,248250000,248250000
10,331,248250000,248250100,16381,27303,249000000,249000000
10,332,249000000,249000100,16381,27303,249750000,249750000
10,333,249750000,249750100,16381,27303,250500000,250500000
10,334,250500000,250500100,16381,27303,251250000,251250000
10,335,251250000,251250100,16381,27303,252000000,252000000
10,336,252000000,252000100,16381,27303,252750000,252750000
10,337,252750000,252750100,16381,27303,253500000,253500000
10,338,253500000,253500100,16381,27303,254250000,254250000
10,339,254250000,254250100,16381,27303,255000000,255000000
10,340,255000000,255000100,16381,27303,255750000,255750000
10,341,255750000,255750100,16381,27303,256500000,256500000
10,342,256500000,256500100,16381,27303,257250000,257250000
10,343,257250000,257250100,16381,27303,258000000,258000000
10,344,258000000,258000100,16381,27303,258750000,258750000
10,345,258750000,258750100,16381,27303,259500000,259500000
10,346,259500000,259500100,16381,27303,260250000,260250000
10,347,260250000,260250100,16381,27303,261000000,261000000
10,348,261000000,261000100,16381,27303,261750000,261750000
10,349,261750000,261750100,16381,27303,262500000,262500000
10,350,262500000,262500100,16381,27303,263250000,263250000
10,351,263250000,263250100,16381,27303,264000000,264000000
10,352,264000000,264000100,16381,27303,264750000,264750000
10,353,264750000,264750100,16381,27303,265500000,265500000
10,354,265500000,265500100,16381,27303,266250000,266250000
10,355,266250000,266250100,16381,27303,267000000,267000000
10,356,267000000,267000100,16381,27303,267750000,267750000
10,357,267750000,267750100,16381,27303,268500000,268500000
10,358,268500000,268500100,16381,27303,269250000,269250000
10,359,269250000,269250100,16381,27303,270000000,270000000
10,360,270000000,270000100,16381,27303,270750000,270750000
10,361,270750000,270750100,16381,27303,271500000,271500000
10,362,271500000,271500100,16381,27303,272250000,272250000
10,363,272250000,272250100,16381,27303,273000000,273000000
10,364,273000000,273000100,16381,27303,273750000,273750000
10,365,273750000,273750100,16381,27303,274500000,274500000
10,366,274500000,274500100,16381,27303,275250000,275250000
10,367,275250000,275250100,16381,27303,276000000,276000000
10,368,276000000,276000100,16381,27303,276750000,276750000
10,369,276750000,276750100,16381,27303,277500000,277500000
10,370,277500000,277500100,16381,27303,278250000,278250000
10,371,278250000,278250100,16381,27303,279000000,279000000
10,372,279000000,279000100,16381,27303,279750000,279750000
10,373,279750000,279750100,16381,27303,280500000,280500000
10,374,280500000,280500100,16381,27303,281250000,281250000
10,375,281250000,281250100,16381,27303,282000000,282000000
10,376,282000000,282000100,16381,27303,282750000,282750000
10,377,282750000,282750100,16381,27303,283500000,283500000
10,378,283500000,283500100,16381,27303,284250000,284250000
10,379,284250000,284250100,16381,27303,285000000,285000000
10,380,285000000,285000100,16381,27303,285750000,285750000
10,381,285750000,285750100,16381,27303,286500000,286500000
10,382,286500000,286500100,16381,27303,287250000,287250000
10,383,287250000,287250100,16381,27303,288000000,288000000
10,384,288000000,288000100,16381,27303,288750000,288750000
10,385,288750000,288750100,16381,27303,289500000,289500000
10,386,289500000,289500100,16381,27303,290250000,290250000
10,387,290250000,290250100,16381,27303,291000000,291000000
10,388,291000000,291000100,16381,27303,291750000,291750000
10,389,291750000,291750100,16381,27303,292500000,292500000
10,390,292500000,292500100,16381,27303,293250000,293250000
10,391,293250000,293250100,16381,27303,294000000,294000000
10,392,294000000,294000100,16381,27303,294750000,294750000
10,393,294750000,294750100,16381,27303,295500000,295500000
10,394,295500000,295500100,16381,27303,296250000,296250000
10,395,296250000,296250100,16381,27303,297000000,297000000
10,396,297000000,297000100,16381,27303,297750000,297750000
10,397,297750000,297750100,16381,27303,298500000,298500000
10,398,298500000,298500100,16381,27303,299250000,299250000
10,399,299250000,299250100,16381,27303,300000000,300000000
10,400,300000000,300000100,16381,27303,300750000,300750000
10,401,300750000,300750100,16381,27303,301500000,301500000
10,402,301500000,301500100,16381,27303,302250000,302250000
10,403,302250000,302250100,16381,27303,303000000,303000000
10,404,303000000,303000100,16381,27303,303750000,303750000
10,405,303750000,303750100,16381,27303,304500000,304500000
10,406,304500000,304500100,16381,27303,305250000,305250000
10,407,305250000,305250100,16381,27303,306000000,306000000
10,408,306000000,306000100,16381,27303,306750000,306750000
10,409,306750000,306750100,16381,27303,307500000,307500000
10,410,307500000,307500100,16381,27303,308250000,308250000
10,411,308250000,308250100,16381,27303,309000000,309000000
10,412,309000000,309000100,16381,27303,309750000,309750000
10,413,309750000,309750100,16381,27303,310500000,310500000
10,414,310500000,310500100,16381,27303,311250000,311250000
10,415,311250000,311250100,16381,27303,312000000,312000000
10,416,312000000,312000100,16381,27303,312750000,312750000
10,417,312750000,312750100,16381,27303,313500000,313500000
10,418,313500000,313500100,16381,27303,314250000,314250000
10,419,314250000,314250100,16381,27303,315000000,315000000
10,420,315000000,315000100,16381,27303,315750000,315750000
10,421,315750000,315750100,16381,27303,316500000,316500000
10,422,316500000,316500100,16381,27303,317250000,317250000
10,423,317250000,317250100,16381,27303,318000000,318000000
10,424,318000000,318000100,16381,27303,318750000,318750000
10,425,318750000,318750100,16381,27303,319500000,319500000
10,426,319500000,319500100,16381,27303,320250000,320250000
10,427,320250000,320250100,16381,27303,321000000,321000000
10,428,321000000,321000100,16381,27303,321750000,321750000
10,429,321750000,321750100,16381,27303,322500000,322500000
10,430,322500000,322500100,16381,27303,323250000,323250000
10,431,323250000,323250100,16381,27303,324000000,324000000
10,432,324000000,324000100,16381,27303,324750000,324750000
10,433,324750000,324750100,16381,27303,325500000,325500000
10,434,325500000,325500100,16381,27303,326250000,326250000
10,435,326250000,326250100,16381,27303,327000000,327000000
10,436,327000000,327000100,16381,27303,327750000,327750000
10,437,327750000,327750100,16381,27303,328500000,328500000
10,438,328500000,328500100,16381,27303,329250000,329250000
10,439,329250000,329250100,16381,27303,330000000,330000000
10,440,330000000,330000100,16381,27303,330750000,330750000
10,441,330750000,330750100,16381,27303,331500000,331500000
10,442,331500000,331500100,16381,27303,332250000,332250000
10,443,332250000,332250100,16381,27303,333000000,333000000
10,444,333000000,333000100,16381,27303,333750000,333750000
10,445,333750000,333750100,16381,27303,334500000,334500000
10,446,334500000,334500100,16381,27303,335250000,335250000
10,447,335250000,335250100,16381,27303,336000000,336000000
10,448,336000000,336000100,16381,27303,336750000,336750000
10,449,336750000,336750100,16381,27303,337500000,337500000
10,450,337500000,337500100,16381,27303,338250000,338250000
10,451,338250000,338250100,16381,27303,339000000,339000000
10,452,339000000,339000100,16381,27303,339750000,339750000
10,453,339750000,339750100,16381,27303,340500000,340500000
10,454,340500000,340500100,16381,27303,341250000,341250000
10,455,341250000,341250100,16381,27303,342000000,342000000
10,456,342000000,342000100,16381,27303,342750000,342750000
10,457,342750000,342750100,16381,27303,343500000,343500000
10,458,343500000,343500100,16381,27303,344250000,344250000
10,459,344250000,344250100,16381,27303,345000000,345000000
10,460,345000000,345000100,16381,27303,345750000,345750000
10,461,345750000,345750100,16381,27303,346500000,346500000
10,462,346500000,346500100,16381,27303,347250000,347250000
10,463,347250000,347250100,16381,27303,348000000,348000000
10,464,348000000,348000100,16381,27303,348750000,348750000
10,465,348750000,348750100,16381,27303,349500000,349500000
10,466,349500000,349500100,16381,27303,350250000,350250000
10,467,350250000,350250100,16381,27303,351000000,351000000
10,468,351000000,351000100,16381,27303,351750000,351750000
10,469,351750000,351750100,16381,27303,352500000,352500000
10,470,352500000,352500100,16381,27303,353250000,353250000
10,471,353250000,353250100,16381,27303,354000000,354000000
10,472,354000000,354000100,16381,27303,354750000,354750000
10,473,354750000,354750100,16381,27303,355500000,355500000
10,474,355500000,355500100,16381,27303,356250000,356250000
10,475,356250000,356250100,16381,27303,357000000,357000000
10,476,357000000,357000100,16381,27303,357750000,357750000
10,477,357750000,357750100,16381,27303,358500000,358500000
10,478,358500000,358500100,16381,27303,359250000,359250000
10,479,359250000,359250100,16381,27303,360000000,360000000
10,480,360000000,360000100,16381,27303,360750000,360750000
10,481,360750000,360750100,16381,27303,361500000,361500000
10,482,361500000,361500100,16381,27303,362250000,362250000
10,483,362250000,362250100,16381,27303,363000000,363000000
10,484,363000000,363000100,16381,27303,363750000,363750000
10,485,363750000,363750100,16381,27303,364500000,364500000
10,486,364500000,364500100,16381,27303,365250000,365250000
10,487,365250000,365250100,16381,27303,366000000,366000000
10,488,366000000,366000100,16381,27303,366750000,366750000
10,489,366750000,366750100,16381,27303,367500000,367500000
10,490,367500000,367500100,16381,27303,368250000,368250000
10,491,368250000,368250100,16381,27303,369000000,369000000
10,492,369000000,369000100,16381,27303,369750000,369750000
10,493,369750000,369750100,16381,27303,370500000,370500000
10,494,370500000,370500100,16381,27303,371250000,371250000
10,495,371250000,371250100,16381,27303,372000000,372000000
10,496,372000000,372000100,16381,27303,372750000,372750000
10,497,372750000,372750100,16381,27303,373500000,373500000
10,498,373500000,373500100,16381,27303,374250000,374250000
10,499,374250000,374250100,16381,27303,375000000,375000000
10,500,375000000,375000100,16381,27303,375750000,375750000
10,501,375750000,375750100,16381,27303,376500000,376500000
10,502,376500000,376500100,16381,27303,377250000,377250000
10,503,377250000,377250100,16381,27303,378000000,378000000
10,504,378000000,378000100,16381,27303,378750000,378750000
10,505,378750000,378750100,16381,27303,379500000,379500000
10,506,379500000,379500100,16381,27303,380250000,380250000
10,507,380250000,380250100,16381,27303,381000000,381000000
10,508,381000000,381000100,16381,27303,381750000,381750000
10,509,381750000,381750100,16381,27303,382500000,382500000
10,510,382500000,382500100,16381,27303,383250000,383250000
10,511,383250000,383250100,16381,27303,384000000,384000000
10,512,384000000,384000100,16381,27303,384750000,384750000
10,513,384750000,384750100,16381,27303,385500000,385500000
10,514,385500000,385500100,16381,27303,386250000,386250000
10,515,386250000,386250100,16381,27303,387000000,387000000
10,516,387000000,387000100,16381,27303,387750000,387750000
10,517,387750000,387750100,16381,27303,388500000,388500000
10,518,388500000,388500100,16381,27303,389250000,389250000
10,519,389250000,389250100,16381,27303,390000000,390000000
10,520,390000000,390000100,16381,27303,390750000,390750000
10,521,390750000,390750100,16381,27303,391500000,391500000
10,522,391500000,391500100,16381,27303,392250000,392250000
10,523,392250000,392250100,16381,27303,393000000,393000000
10,524,393000000,393000100,16381,27303,393750000,393750000
10,525,393750000,393750100,16381,27303,394500000,394500000
10,526,394500000,394500100,16381,27303,395250000,395250000
10,527,395250000,395250100,16381,27303,396000000,396000000
10,528,396000000,396000100,16381,27303,396750000,396750000
10,529,396750000,396750100,16381,27303,397500000,397500000
10,530,397500000,397500100,16381,27303,398250000,398250000
10,531,398250000,398250100,16381,27303,399000000,399000000
10,532,399000000,399000100,16381,27303,399750000,399750000
10,533,399750000,399750100,16381,27303,400500000,400500000
10,534,400500000,400500100,16381,27303,401250000,401250000
10,535,401250000,401250100,16381,27303,402000000,402000000
10,536,402000000,402000100,16381,27303,402750000,402750000
10,537,402750000,402750100,16381,27303,403500000,403500000
10,538,403500000,403500100,16381,27303,404250000,404250000
10,539,404250000,404250100,16381,27303,405000000,405000000
10,540,405000000,405000100,16381,27303,405750000,405750000
10,541,405750000,405750100,16381,27303,406500000,406500000
10,542,406500000,406500100,16381,27303,407250000,407250000
10,543,407250000,407250100,16381,27303,408000000,408000000
10,544,408000000,408000100,16381,27303,408750000,408750000
10,545,408750000,408750100,16381,27303,409500000,409500000
10,546,409500000,409500100,16381,27303,410250000,410250000
10,547,410250000,410250100,16381,27303,411000000,411000000
10,548,411000000,411000100,16381,27303,411750000,411750000
10,549,411750000,411750100,16381,27303,412500000,412500000
10,550,412500000,412500100,16381,27303,413250000,413250000
10,551,413250000,413250100,16381,27303,414000000,414000000
10,552,414000000,414000100,16381,27303,414750000,414750000
10,553,414750000,414750100,16381,27303,415500000,415500000
10,554,415500000,415500100,16381,27303,416250000,416250000
10,555,416250000,416250100,16381,27303,417000000,417000000
10,556,417000000,417000100,16381,27303,417750000,417750000
10,557,417750000,417750100,16381,27303,418500000,418500000
10,558,418500000,418500100,16381,27303,419250000,419250000
10,559,419250000,419250100,16381,27303,420000000,420000000
10,560,420000000,420000100,16381,27303,420750000,420750000
10,561,420750000,420750100,16381,27303,421500000,421500000
10,562,421500000,421500100,16381,27303,422250000,422250000
10,563,422250000,422250100,16381,27303,423000000,423000000
10,564,423000000,423000100,16381,27303,423750000,423750000
10,565,423750000,423750100,16381,27303,424500000,424500000
10,566,424500000,424500100,16381,27303,425250000,425250000
10,567,425250000,425250100,16381,27303,426000000,426000000
10,568,426000000,426000100,16381,27303,426750000,426750000
10,569,426750000,426750100,16381,27303,427500000,427500000
10,570,427500000,427500100,16381,27303,428250000,428250000
10,571,428250000,428250100,16381,27303,429000000,429000000
10,572,429000000,429000100,16381,27303,429750000,429750000
10,573,429750000,429750100,16381,27303,430500000,430500000
10,574,430500000,430500100,16381,27303,431250000,431250000
10,575,431250000,431250100,16381,27303,432000000,432000000
10,576,432000000,432000100,16381,27303,432750000,432750000
10,577,432750000,432750100,16381,27303,433500000,433500000
10,578,433500000,433500100,16381,27303,434250000,434250000
10,579,434250000,434250100,16381,27303,435000000,435000000
10,580,435000000,435000100,16381,27303,435750000,435750000
10,581,435750000,435750100,16381,27303,436500000,436500000
10,582,436500000,436500100,16381,27303,437250000,437250000
10,583,437250000,437250100,16381,27303,438000000,438000000
10,584,438000000,438000100,16381,27303,438750000,438750000
10,585,438750000,438750100,16381,27303,439500000,439500000
10,586,439500000,439500100,16381,27303,440250000,440250000
10,587,440250000,440250100,16381,27303,441000000,441000000
10,588,441000000,441000100,16381,27303,441750000,441750000
10,589,441750000,441750100,16381,27303,442500000,442500000
10,590,442500000,442500100,16381,27303,443250000,443250000
10,591,443250000,443250100,16381,27303,444000000,444000000
10,592,444000000,444000100,16381,27303,444750000,444750000
10,593,444750000,444750100,16381,27303,445500000,445500000
10,594,445500000,445500100,16381,27303,446250000,446250000
10,595,446250000,446250100,16381,27303,447000000,447000000
10,596,447000000,447000100,16381,27303,447750000,447750000
10,597,447750000,447750100,16381,27303,448500000,448500000
10,598,448500000,448500100,16381,27303,449250000,449250000
10,599,449250000,449250100,16381,27303,450000000,450000000
10,600,450000000,450000100,16381,27303,450750000,450750000
10,601,450750000,450750100,16381,27303,451500000,451500000
10,602,451500000,451500100,16381,27303,452250000,452250000
10,603,452250000,452250100,16381,27303,453000000,453000000
10,604,453000000,453000100,16381,27303,453750000,453750000
10,605,453750000,453750100,16381,27303,454500000,454500000
10,606,454500000,454500100,16381,27303,455250000,455250000
10,607,455250000,455250100,16381,27303,456000000,456000000
10,608,456000000,456000100,16381,27303,456750000,456750000
10,609,456750000,456750100,16381,27303,457500000,457500000
10,610,457500000,457500100,16381,27303,458250000,458250000
10,611,458250000,458250100,16381,27303,459000000,459000000
10,612,459000000,459000100,16381,27303,459750000,459750000
10,613,459750000,459750100,16381,27303,460500000,460500000
10,614,460500000,460500100,16381,27303,461250000,461250000
10,615,461250000,461250100,16381,27303,462000000,462000000
10,616,462000000,462000100,16381,27303,462750000,462750000
10,617,462750000,462750100,16381,27303,463500000,463500000
10,618,463500000,463500100,16381,27303,464250000,464250000
10,619,464250000,464250100,16381,27303,465000000,465000000
10,620,465000000,465000100,16381,27303,465750000,465750000
10,621,465750000,465750100,16381,27303,466500000,466500000
10,622,466500000,466500100,16381,27303,467250000,467250000
10,623,467250000,467250100,16381,27303,468000000,468000000
10,624,468000000,468000100,16381,27303,468750000,468750000
10,625,468750000,468750100,16381,27303,469500000,469500000
10,626,469500000,469500100,16381,27303,470250000,470250000
10,627,470250000,470250100,16381,27303,471000000,471000000
10,628,471000000,471000100,16381,27303,471750000,471750000
10,629,471750000,471750100,16381,27303,472500000,472500000
10,630,472500000,472500100,16381,27303,473250000,473250000
10,631,473250000,473250100,16381,27303,474000000,474000000
10,632,474000000,474000100,16381,27303,474750000,474750000
10,633,474750000,474750100,16381,27303,475500000,475500000
10,634,475500000,475500100,16381,27303,476250000,476250000
10,635,476250000,476250100,16381,27303,477000000,477000000
10,636,477000000,477000100,16381,27303,477750000,477750000
10,637,477750000,477750100,16381,27303,478500000,478500000
10,638,478500000,478500100,16381,27303,479250000,479250000
10,639,479250000,479250100,16381,27303,480000000,480000000
10,640,480000000,480000100,16381,27303,480750000,480750000
10,641,480750000,480750100,16381,27303,481500000,481500000
10,642,481500000,481500100,16381,27303,482250000,482250000
10,643,482250000,482250100,16381,27303,483000000,483000000
10,644,483000000,483000100,16381,27303,483750000,483750000
10,645,483750000,483750100,16381,27303,484500000,484500000
10,646,484500000,484500100,16381,27303,485250000,485250000
10,647,485250000,485250100,16381,27303,486000000,486000000
10,648,486000000,486000100,16381,27303,486750000,486750000
10,649,486750000,486750100,16381,27303,487500000,487500000
10,650,487500000,487500100,16381,27303,488250000,488250000
10,651,488250000,488250100,16381,27303,489000000,489000000
10,652,489000000,489000100,16381,27303,489750000,489750000
10,653,489750000,489750100,16381,27303,490500000,490500000
10,654,490500000,490500100,16381,27303,491250000,491250000
10,655,491250000,491250100,16381,27303,492000000,492000000
10,656,492000000,492000100,16381,27303,492750000,492750000
10,657,492750000,492750100,16381,27303,493500000,493500000
10,658,493500000,493500100,16381,27303,494250000,494250000
10,659,494250000,494250100,16381,27303,495000000,495000000
10,660,495000000,495000100,16381,27303,495750000,495750000
10,661,495750000,495750100,16381,27303,496500000,496500000
10,662,496500000,496500100,16381,27303,497250000,497250000
10,663,497250000,497250100,16381,27303,498000000,498000000
10,664,498000000,498000100,16381,27303,498750000,498750000
10,665,498750000,498750100,16381,27303,499500000,499500000
10,666,499500000,499500100,16381,27303,500250000,500250000
10,667,500250000,500250100,16381,27303,501000000,501000000
10,668,501000000,501000100,16381,27303,501750000,501750000
10,669,501750000,501750100,16381,27303,502500000,502500000
10,670,502500000,502500100,16381,27303,503250000,503250000
10,671,503250000,503250100,16381,27303,504000000,504000000
10,672,504000000,504000100,16381,27303,504750000,504750000
10,673,504750000,504750100,16381,27303,505500000,505500000
10,674,505500000,505500100,16381,27303,506250000,506250000
10,675,506250000,506250100,16381,27303,507000000,507000000
10,676,507000000,507000100,16381,27303,507750000,507750000
10,677,507750000,507750100,16381,27303,508500000,508500000
10,678,508500000,508500100,16381,27303,509250000,509250000
10,679,509250000,509250100,16381,27303,510000000,510000000
10,680,510000000,510000100,16381,27303,510750000,510750000
10,681,510750000,510750100,16381,27303,511500000,511500000
10,682,511500000,511500100,16381,27303,512250000,512250000
10,683,512250000,512250100,16381,27303,513000000,513000000
10,684,513000000,513000100,16381,27303,513750000,513750000
10,685,513750000,513750100,16381,27303,514500000,514500000
10,686,514500000,514500100,16381,27303,515250000,515250000
10,687,515250000,515250100,16381,27303,516000000,516000000
10,688,516000000,516000100,16381,27303,516750000,516750000
10,689,516750000,516750100,16381,27303,517500000,517500000
10,690,517500000,517500100,16381,27303,518250000,518250000
10,691,518250000,518250100,16381,27303,519000000,519000000
10,692,519000000,519000100,16381,27303,519750000,519750000
10,693,519750000,519750100,16381,27303,520500000,520500000
10,694,520500000,520500100,16381,27303,521250000,521250000
10,695,521250000,521250100,16381,27303,522000000,522000000
10,696,522000000,522000100,16381,27303,522750000,522750000
10,697,522750000,522750100,16381,27303,523500000,523500000
10,698,523500000,523500100,16381,27303,524250000,524250000
10,699,524250000,524250100,16381,27303,525000000,525000000
10,700,525000000,525000100,16381,27303,525750000,525750000
10,701,525750000,525750100,16381,27303,526500000,526500000
10,702,526500000,526500100,16381,27303,527250000,527250000
10,703,527250000,527250100,16381,27303,528000000,528000000
10,704,528000000,528000100,16381,27303,528750000,528750000
10,705,528750000,528750100,16381,27303,529500000,529500000
10,706,529500000,529500100,16381,27303,530250000,530250000
10,707,530250000,530250100,16381,27303,531000000,531000000
10,708,531000000,531000100,16381,27303,531750000,531750000
10,709,531750000,531750100,16381,27303,532500000,532500000
10,710,532500000,532500100,16381,27303,533250000,533250000
10,711,533250000,533250100,16381,27303,534000000,534000000
10,712,534000000,534000100,16381,27303,534750000,534750000
10,713,534750000,534750100,16381,27303,535500000,535500000
10,714,535500000,535500100,16381,27303,536250000,536250000
10,715,536250000,536250100,16381,27303,537000000,537000000
10,716,537000000,537000100,16381,27303,537750000,537750000
10,717,537750000,537750100,16381,27303,538500000,538500000
10,718,538500000,538500100,16381,27303,539250000,539250000
10,719,539250000,539250100,16381,27303,540000000,540000000
10,720,540000000,540000100,16381,27303,540750000,540750000
10,721,540750000,540750100,16381,27303,541500000,541500000
10,722,541500000,541500100,16381,27303,542250000,542250000
10,723,542250000,542250100,16381,27303,543000000,543000000
10,724,543000000,543000100,16381,27303,543750000,543750000
10,725,543750000,543750100,16381,27303,544500000,544500000
10,726,544500000,544500100,16381,27303,545250000,545250000
10,727,545250000,545250100,16381,27303,546000000,546000000
10,728,546000000,546000100,16381,27303,546750000,546750000
10,729,546750000,546750100,16381,27303,547500000,547500000
10,730,547500000,547500100,16381,27303,548250000,548250000
10,731,548250000,548250100,16381,27303,549000000,549000000
10,732,549000000,549000100,16381,27303,549750000,549750000
10,733,549750000,549750100,16381,27303,550500000,550500000
10,734,550500000,550500100,16381,27303,551250000,551250000
10,735,551250000,551250100,16381,27303,552000000,552000000
10,736,552000000,552000100,16381,27303,552750000,552750000
10,737,552750000,552750100,16381,27303,553500000,553500000
10,738,553500000,553500100,16381,27303,554250000,554250000
10,739,554250000,554250100,16381,27303,555000000,555000000
10,740,555000000,555000100,16381,27303,555750000,555750000
10,741,555750000,555750100,16381,27303,556500000,556500000
10,742,556500000,556500100,16381,27303,557250000,557250000
10,743,557250000,557250100,16381,27303,558000000,558000000
10,744,558000000,558000100,16381,27303,558750000,558750000
10,745,558750000,558750100,16381,27303,559500000,559500000
10,746,559500000,559500100,16381,27303,560250000,560250000
10,747,560250000,560250100,16381,27303,561000000,561000000
10,748,561000000,561000100,16381,27303,561750000,561750000
10,749,561750000,561750100,16381,27303,562500000,562500000
10,750,562500000,562500100,16381,27303,563250000,563250000
10,751,563250000,563250100,16381,27303,564000000,564000000
10,752,564000000,564000100,16381,27303,564750000,564750000
10,753,564750000,564750100,16381,27303,565500000,565500000
10,754,565500000,565500100,16381,27303,566250000,566250000
10,755,566250000,566250100,16381,27303,567000000,567000000
10,756,567000000,567000100,16381,27303,567750000,567750000
10,757,567750000,567750100,16381,27303,568500000,568500000
10,758,568500000,568500100,16381,27303,569250000,569250000
10,759,569250000,569250100,16381,27303,570000000,570000000
10,760,570000000,570000100,16381,27303,570750000,570750000
10,761,570750000,570750100,16381,27303,571500000,571500000
10,762,571500000,571500100,16381,27303,572250000,572250000
10,763,572250000,572250100,16381,27303,573000000,573000000
10,764,573000000,573000100,16381,27303,573750000,573750000
10,765,573750000,573750100,16381,27303,574500000,574500000
10,766,574500000,574500100,16381,27303,575250000,575250000
10,767,575250000,575250100,16381,27303,576000000,576000000
10,768,576000000,576000100,16381,27303,576750000,576750000
10,769,576750000,576750100,16381,27303,577500000,577500000
10,770,577500000,577500100,16381,27303,578250000,578250000
10,771,578250000,578250100,16381,27303,579000000,579000000
10,772,579000000,579000100,16381,27303,579750000,579750000
10,773,579750000,579750100,16381,27303,580500000,580500000
10,774,580500000,580500100,16381,27303,581250000,581250000
10,775,581250000,581250100,16381,27303,582000000,582000000
10,776,582000000,582000100,16381,27303,582750000,582750000
10,777,582750000,582750100,16381,27303,583500000,583500000
10,778,583500000,583500100,16381,27303,584250000,584250000
10,779,584250000,584250100,16381,27303,585000000,585000000
10,780,585000000,585000100,16381,27303,585750000,585750000
10,781,585750000,585750100,16381,27303,586500000,586500000
10,782,586500000,586500100,16381,27303,587250000,587250000
10,783,587250000,587250100,16381,27303,588000000,588000000
10,784,588000000,588000100,16381,27303,588750000,588750000
10,785,588750000,588750100,16381,27303,589500000,589500000
10,786,589500000,589500100,16381,27303,590250000,590250000
10,787,590250000,590250100,16381,27303,591000000,591000000
10,788,591000000,591000100,16381,27303,591750000,591750000
10,789,591750000,591750100,16381,27303,592500000,592500000
10,790,592500000,592500100,16381,27303,593250000,593250000
10,791,593250000,593250100,16381,27303,594000000,594000000
10,792,594000000,594000100,16381,27303,594750000,594750000
10,793,594750000,594750100,16381,27303,595500000,595500000
10,794,595500000,595500100,16381,27303,596250000,596250000
10,795,596250000,596250100,16381,27303,597000000,597000000
10,796,597000000,597000100,16381,27303,597750000,597750000
10,797,597750000,597750100,16381,27303,598500000,598500000
10,798,598500000,598500100,16381,27303,599250000,599250000
10,799,599250000,599250100,16381,27303,600000000,600000000
10,800,600000000,600000100,16381,27303,600750000,600750000
10,801,600750000,600750100,16381,27303,601500000,601500000
10,802,601500000,601500100,16381,27303,602250000,602250000
10,803,602250000,602250100,16381,27303,603000000,603000000
10,804,603000000,603000100,16381,27303,603750000,603750000
10,805,603750000,603750100,16381,27303,604500000,604500000
10,806,604500000,604500100,16381,27303,605250000,605250000
10,807,605250000,605250100,16381,27303,606000000,606000000
10,808,606000000,606000100,16381,27303,606750000,606750000
10,809,606750000,606750100,16381,27303,607500000,607500000
10,810,607500000,607500100,16381,27303,608250000,608250000
10,811,608250000,608250100,16381,27303,609000000,609000000
10,812,609000000,609000100,16381,27303,609750000,609750000
10,813,609750000,609750100,16381,27303,610500000,610500000
10,814,610500000,610500100,16381,27303,611250000,611250000
10,815,611250000,611250100,16381,27303,612000000,612000000
10,816,612000000,612000100,16381,27303,612750000,612750000
10,817,612750000,612750100,16381,27303,613500000,613500000
10,818,613500000,613500100,16381,27303,614250000,614250000
10,819,614250000,614250100,16381,27303,615000000,615000000
10,820,615000000,615000100,16381,27303,615750000,615750000
10,821,615750000,615750100,16381,27303,616500000,616500000
10,822,616500000,616500100,16381,27303,617250000,617250000
10,823,617250000,617250100,16381,27303,618000000,618000000
10,824,618000000,618000100,16381,27303,618750000,618750000
10,825,618750000,618750100,16381,27303,619500000,619500000
10,826,619500000,619500100,16381,27303,620250000,620250000
10,827,620250000,620250100,16381,27303,621000000,621000000
10,828,621000000,621000100,16381,27303,621750000,621750000
10,829,621750000,621750100,16381,27303,622500000,622500000
10,830,622500000,622500100,16381,27303,623250000,623250000
10,831,623250000,623250100,16381,27303,624000000,624000000
10,832,624000000,624000100,16381,27303,624750000,624750000
10,833,624750000,624750100,16381,27303,625500000,625500000
10,834,625500000,625500100,16381,27303,626250000,626250000
10,835,626250000,626250100,16381,27303,627000000,627000000
10,836,627000000,627000100,16381,27303,627750000,627750000
10,837,627750000,627750100,16381,27303,628500000,628500000
10,838,628500000,628500100,16381,27303,629250000,629250000
10,839,629250000,629250100,16381,27303,630000000,630000000
10,840,630000000,630000100,16381,27303,630750000,630750000
10,841,630750000,630750100,16381,27303,631500000,631500000
10,842,631500000,631500100,16381,27303,632250000,632250000
10,843,632250000,632250100,16381,27303,633000000,633000000
10,844,633000000,633000100,16381,27303,633750000,633750000
10,845,633750000,633750100,16381,27303,634500000,634500000
10,846,634500000,634500100,16381,27303,635250000,635250000
10,847,635250000,635250100,16381,27303,636000000,636000000
10,848,636000000,636000100,16381,27303,636750000,636750000
10,849,636750000,636750100,16381,27303,637500000,637500000
10,850,637500000,637500100,16381,27303,638250000,638250000
10,851,638250000,638250100,16381,27303,639000000,639000000
10,852,639000000,639000100,16381,27303,639750000,639750000
10,853,639750000,639750100,16381,27303,640500000,640500000
10,854,640500000,640500100,16381,27303,641250000,641250000
10,855,641250000,641250100,16381,27303,642000000,642000000
10,856,642000000,642000100,16381,27303,642750000,642750000
10,857,642750000,642750100,16381,27303,643500000,643500000
10,858,643500000,643500100,16381,27303,644250000,644250000
10,859,644250000,644250100,16381,27303,645000000,645000000
10,860,645000000,645000100,16381,27303,645750000,645750000
10,861,645750000,645750100,16381,27303,646500000,646500000
10,862,646500000,646500100,16381,27303,647250000,647250000
10,863,647250000,647250100,16381,27303,648000000,648000000
10,864,648000000,648000100,16381,27303,648750000,648750000
10,865,648750000,648750100,16381,27303,649500000,649500000
10,866,649500000,649500100,16381,27303,650250000,650250000
10,867,650250000,650250100,16381,27303,651000000,651000000
10,868,651000000,651000100,16381,27303,651750000,651750000
10,869,651750000,651750100,16381,27303,652500000,652500000
10,870,652500000,652500100,16381,27303,653250000,653250000
10,871,653250000,653250100,16381,27303,654000000,654000000
10,872,654000000,654000100,16381,27303,654750000,654750000
10,873,654750000,654750100,16381,27303,655500000,655500000
10,874,655500000,655500100,16381,27303,656250000,656250000
10,875,656250000,656250100,16381,27303,657000000,657000000
10,876,657000000,657000100,16381,27303,657750000,657750000
10,877,657750000,657750100,16381,27303,658500000,658500000
10,878,658500000,658500100,16381,27303,659250000,659250000
10,879,659250000,659250100,16381,27303,660000000,660000000
10,880,660000000,660000100,16381,27303,660750000,660750000
10,881,660750000,660750100,16381,27303,661500000,661500000
10,882,661500000,661500100,16381,27303,662250000,662250000
10,883,662250000,662250100,16381,27303,663000000,663000000
10,884,663000000,663000100,16381,27303,663750000,663750000
10,885,663750000,663750100,16381,27303,664500000,664500000
10,886,664500000,664500100,16381,27303,665250000,665250000
10,887,665250000,665250100,16381,27303,666000000,666000000
10,888,666000000,666000100,16381,27303,666750000,666750000
10,889,666750000,666750100,16381,27303,667500000,667500000
10,890,667500000,667500100,16381,27303,668250000,668250000
10,891,668250000,668250100,16381,27303,669000000,669000000
10,892,669000000,669000100,16381,27303,669750000,669750000
10,893,669750000,669750100,16381,27303,670500000,670500000
10,894,670500000,670500100,16381,27303,671250000,671250000
10,895,671250000,671250100,16381,27303,672000000,672000000
10,896,672000000,672000100,16381,27303,672750000,672750000
10,897,672750000,672750100,16381,27303,673500000,673500000
10,898,673500000,673500100,16381,27303,674250000,674250000
10,899,674250000,674250100,16381,27303,675000000,675000000
10,900,675000000,675000100,16381,27303,675750000,675750000
10,901,675750000,675750100,16381,27303,676500000,676500000
10,902,676500000,676500100,16381,27303,677250000,677250000
10,903,677250000,677250100,16381,27303,678000000,678000000
10,904,678000000,678000100,16381,27303,678750000,678750000
10,905,678750000,678750100,16381,27303,679500000,679500000
10,906,679500000,679500100,16381,27303,680250000,680250000
10,907,680250000,680250100,16381,27303,681000000,681000000
10,908,681000000,681000100,16381,27303,681750000,681750000
10,909,681750000,681750100,16381,27303,682500000,682500000
10,910,682500000,682500100,16381,27303,683250000,683250000
10,911,683250000,683250100,16381,27303,684000000,684000000
10,912,684000000,684000100,16381,27303,684750000,684750000
10,913,684750000,684750100,16381,27303,685500000,685500000
10,914,685500000,685500100,16381,27303,686250000,686250000
10,915,686250000,686250100,16381,27303,687000000,687000000
10,916,687000000,687000100,16381,27303,687750000,687750000
10,917,687750000,687750100,16381,27303,688500000,688500000
10,918,688500000,688500100,16381,27303,689250000,689250000
10,919,689250000,689250100,16381,27303,690000000,690000000
10,920,690000000,690000100,16381,27303,690750000,690750000
10,921,690750000,690750100,16381,27303,691500000,691500000
10,922,691500000,691500100,16381,27303,692250000,692250000
10,923,692250000,692250100,16381,27303,693000000,693000000
10,924,693000000,693000100,16381,27303,693750000,693750000
10,925,693750000,693750100,16381,27303,694500000,694500000
10,926,694500000,694500100,16381,27303,695250000,695250000
10,927,695250000,695250100,16381,27303,696000000,696000000
10,928,696000000,696000100,16381,27303,696750000,696750000
10,929,696750000,696750100,16381,27303,697500000,697500000
10,930,697500000,697500100,16381,27303,698250000,698250000
10,931,698250000,698250100,16381,27303,699000000,699000000
10,932,699000000,699000100,16381,27303,699750000,699750000
10,933,699750000,699750100,16381,27303,700500000,700500000
10,934,700500000,700500100,16381,27303,701250000,701250000
10,935,701250000,701250100,16381,27303,702000000,702000000
10,936,702000000,702000100,16381,27303,702750000,702750000
10,937,702750000,702750100,16381,27303,703500000,703500000
10,938,703500000,703500100,16381,27303,704250000,704250000
10,939,704250000,704250100,16381,27303,705000000,705000000
10,940,705000000,705000100,16381,27303,705750000,705750000
10,941,705750000,705750100,16381,27303,706500000,706500000
10,942,706500000,706500100,16381,27303,707250000,707250000
10,943,707250000,707250100,16381,27303,708000000,708000000
10,944,708000000,708000100,16381,27303,708750000,708750000
10,945,708750000,708750100,16381,27303,709500000,709500000
10,946,709500000,709500100,16381,27303,710250000,710250000
10,947,710250000,710250100,16381,27303,711000000,711000000
10,948,711000000,711000100,16381,27303,711750000,711750000
10,949,711750000,711750100,16381,27303,712500000,712500000
10,950,712500000,712500100,16381,27303,713250000,713250000
10,951,713250000,713250100,16381,27303,714000000,714000000
10,952,714000000,714000100,16381,27303,714750000,714750000
10,953,714750000,714750100,16381,27303,715500000,715500000
10,954,715500000,715500100,16381,27303,716250000,716250000
10,955,716250000,716250100,16381,27303,717000000,717000000
10,956,717000000,717000100,16381,27303,717750000,717750000
10,957,717750000,717750100,16381,27303,718500000,718500000
10,958,718500000,718500100,16381,27303,719250000,719250000
10,959,719250000,719250100,16381,27303,720000000,720000000
10,960,720000000,720000100,16381,27303,720750000,720750000
10,961,720750000,720750100,16381,27303,721500000,721500000
10,962,721500000,721500100,16381,27303,722250000,722250000
10,963,722250000,722250100,16381,27303,723000000,723000000
10,964,723000000,723000100,16381,27303,723750000,723750000
10,965,723750000,723750100,16381,27303,724500000,724500000
10,966,724500000,724500100,16381,27303,725250000,725250000
10,967,725250000,725250100,16381,27303,726000000,726000000
10,968,726000000,726000100,16381,27303,726750000,726750000
10,969,726750000,726750100,16381,27303,727500000,727500000
10,970,727500000,727500100,16381,27303,728250000,728250000
10,971,728250000,728250100,16381,27303,729000000,729000000
10,972,729000000,729000100,16381,27303,729750000,729750000
10,973,729750000,729750100,16381,27303,730500000,730500000
10,974,730500000,730500100,16381,27303,731250000,731250000
10,975,731250000,731250100,16381,27303,732000000,732000000
10,976,732000000,732000100,16381,27303,732750000,732750000
10,977,732750000,732750100,16381,27303,733500000,733500000
10,978,733500000,733500100,16381,27303,734250000,734250000
10,979,734250000,734250100,16381,27303,735000000,735000000
10,980,735000000,735000100,16381,27303,735750000,735750000
10,981,735750000,735750100,16381,27303,736500000,736500000
10,982,736500000,736500100,16381,27303,737250000,737250000
10,983,737250000,737250100,16381,27303,738000000,738000000
10,984,738000000,738000100,16381,27303,738750000,738750000
10,985,738750000,738750100,16381,27303,739500000,739500000
10,986,739500000,739500100,16381,27303,740250000,740250000
10,987,740250000,740250100,16381,27303,741000000,741000000
10,988,741000000,741000100,16381,27303,741750000,741750000
10,989,741750000,741750100,16381,27303,742500000,742500000
10,990,742500000,742500100,16381,27303,743250000,743250000
10,991,743250000,743250100,16381,27303,744000000,744000000
10,992,744000000,744000100,16381,27303,744750000,744750000
10,993,744750000,744750100,16381,27303,745500000,745500000
10,994,745500000,745500100,16381,27303,746250000,746250000
10,995,746250000,746250100,16381,27303,747000000,747000000
10,996,747000000,747000100,16381,27303,747750000,747750000
10,997,747750000,747750100,16381,27303,748500000,748500000
10,998,748500000,748500100,16381,27303,749250000,749250000
10,999,749250000,749250100,16381,27303,750000000,750000000
10,1000,750000000,750000100,16381,27303,750750000,750750000
10,1001,750750000,750750100,16381,27303,751500000,751500000
10,1002,751500000,751500100,16381,27303,752250000,752250000
10,1003,752250000,752250100,16381,27303,753000000,753000000
10,1004,753000000,753000100,16381,27303,753750000,753750000
10,1005,753750000,753750100,16381,27303,754500000,754500000
10,1006,754500000,754500100,16381,27303,755250000,755250000
10,1007,755250000,755250100,16381,27303,756000000,756000000
10,1008,756000000,756000100,16381,27303,756750000,756750000
10,1009,756750000,756750100,16381,27303,757500000,757500000
10,1010,757500000,757500100,16381,27303,758250000,758250000
10,1011,758250000,758250100,16381,27303,759000000,759000000
10,1012,759000000,759000100,16381,27303,759750000,759750000
10,1013,759750000,759750100,16381,27303,760500000,760500000
10,1014,760500000,760500100,16381,27303,761250000,761250000
10,1015,761250000,761250100,16381,27303,762000000,762000000
10,1016,762000000,762000100,16381,27303,762750000,762750000
10,1017,762750000,762750100,16381,27303,763500000,763500000
10,1018,763500000,763500100,16381,27303,764250000,764250000
10,1019,764250000,764250100,16381,27303,765000000,765000000
10,1020,765000000,765000100,16381,27303,765750000,765750000
10,1021,765750000,765750100,16381,27303,766500000,766500000
10,1022,766500000,766500100,16381,27303,767250000,767250000
10,1023,767250000,767250100,16381,27303,768000000,768000000
10,1024,768000000,768000100,16381,27303,768750000,768750000
10,1025,768750000,768750100,16381,27303,769500000,769500000
10,1026,769500000,769500100,16381,27303,770250000,770250000
10,1027,770250000,770250100,16381,27303,771000000,771000000
10,1028,771000000,771000100,16381,27303,771750000,771750000
10,1029,771750000,771750100,16381,27303,772500000,772500000
10,1030,772500000,772500100,16381,27303,773250000,773250000
10,1031,773250000,773250100,16381,27303,774000000,774000000
10,1032,774000000,774000100,16381,27303,774750000,774750000
10,1033,774750000,774750100,16381,27303,775500000,775500000
10,1034,775500000,775500100,16381,27303,776250000,776250000
10,1035,776250000,776250100,16381,27303,777000000,777000000
10,1036,777000000,777000100,16381,27303,777750000,777750000
10,1037,777750000,777750100,16381,27303,778500000,778500000
10,1038,778500000,778500100,16381,27303,779250000,779250000
10,1039,779250000,779250100,16381,27303,780000000,780000000
10,1040,780000000,780000100,16381,27303,780750000,780750000
10,1041,780750000,780750100,16381,27303,781500000,781500000
10,1042,781500000,781500100,16381,27303,782250000,782250000
10,1043,782250000,782250100,16381,27303,783000000,783000000
10,1044,783000000,783000100,16381,27303,783750000,783750000
10,1045,783750000,783750100,16381,27303,784500000,784500000
10,1046,784500000,784500100,16381,27303,785250000,785250000
10,1047,785250000,785250100,16381,27303,786000000,786000000
10,1048,786000000,786000100,16381,27303,786750000,786750000
10,1049,786750000,786750100,16381,27303,787500000,787500000
10,1050,787500000,787500100,16381,27303,788250000,788250000
10,1051,788250000,788250100,16381,27303,789000000,789000000
10,1052,789000000,789000100,16381,27303,789750000,789750000
10,1053,789750000,789750100,16381,27303,790500000,790500000
10,1054,790500000,790500100,16381,27303,791250000,791250000
10,1055,791250000,791250100,16381,27303,792000000,792000000
10,1056,792000000,792000100,16381,27303,792750000,792750000
10,1057,792750000,792750100,16381,27303,793500000,793500000
10,1058,793500000,793500100,16381,27303,794250000,794250000
10,1059,794250000,794250100,16381,27303,795000000,795000000
10,1060,795000000,795000100,16381,27303,795750000,795750000
10,1061,795750000,795750100,16381,27303,796500000,796500000
10,1062,796500000,796500100,16381,27303,797250000,797250000
10,1063,797250000,797250100,16381,27303,798000000,798000000
10,1064,798000000,798000100,16381,27303,798750000,798750000
10,1065,798750000,798750100,16381,27303,799500000,799500000
10,1066,799500000,799500100,16381,27303,800250000,800250000
10,1067,800250000,800250100,16381,27303,801000000,801000000
10,1068,801000000,801000100,16381,27303,801750000,801750000
10,1069,801750000,801750100,16381,27303,802500000,802500000
10,1070,802500000,802500100,16381,27303,803250000,803250000
10,1071,803250000,803250100,16381,27303,804000000,804000000
10,1072,804000000,804000100,16381,27303,804750000,804750000
10,1073,804750000,804750100,16381,27303,805500000,805500000
10,1074,805500000,805500100,16381,27303,806250000,806250000
10,1075,806250000,806250100,16381,27303,807000000,807000000
10,1076,807000000,807000100,16381,27303,807750000,807750000
10,1077,807750000,807750100,16381,27303,808500000,808500000
10,1078,808500000,808500100,16381,27303,809250000,809250000
10,1079,809250000,809250100,16381,27303,810000000,810000000
10,1080,810000000,810000100,16381,27303,810750000,810750000
10,1081,810750000,810750100,16381,27303,811500000,811500000
10,1082,811500000,811500100,16381,27303,812250000,812250000
10,1083,812250000,812250100,16381,27303,813000000,813000000
10,1084,813000000,813000100,16381,27303,813750000,813750000
10,1085,813750000,813750100,16381,27303,814500000,814500000
10,1086,814500000,814500100,16381,27303,815250000,815250000
10,1087,815250000,815250100,16381,27303,816000000,816000000
10,1088,816000000,816000100,16381,27303,816750000,816750000
10,1089,816750000,816750100,16381,27303,817500000,817500000
10,1090,817500000,817500100,16381,27303,818250000,818250000
10,1091,818250000,818250100,16381,27303,819000000,819000000
10,1092,819000000,819000100,16381,27303,819750000,819750000
10,1093,819750000,819750100,16381,27303,820500000,820500000
10,1094,820500000,820500100,16381,27303,821250000,821250000
10,1095,821250000,821250100,16381,27303,822000000,822000000
10,1096,822000000,822000100,16381,27303,822750000,822750000
10,1097,822750000,822750100,16381,27303,823500000,823500000
10,1098,823500000,823500100,16381,27303,824250000,824250000
10,1099,824250000,824250100,16381,27303,825000000,825000000
10,1100,825000000,825000100,16381,27303,825750000,825750000
10,1101,825750000,825750100,16381,27303,826500000,826500000
10,1102,826500000,826500100,16381,27303,827250000,827250000
10,1103,827250000,827250100,16381,27303,828000000,828000000
10,1104,828000000,828000100,16381,27303,828750000,828750000
10,1105,828750000,828750100,16381,27303,829500000,829500000
10,1106,829500000,829500100,16381,27303,830250000,830250000
10,1107,830250000,830250100,16381,27303,831000000,831000000
10,1108,831000000,831000100,16381,27303,831750000,831750000
10,1109,831750000,831750100,16381,27303,832500000,832500000
10,1110,832500000,832500100,16381,27303,833250000,833250000
10,1111,833250000,833250100,16381,27303,834000000,834000000
10,1112,834000000,834000100,16381,27303,834750000,834750000
10,1113,834750000,834750100,16381,27303,835500000,835500000
10,1114,835500000,835500100,16381,27303,836250000,836250000
10,1115,836250000,836250100,16381,27303,837000000,837000000
10,1116,837000000,837000100,16381,27303,837750000,837750000
10,1117,837750000,837750100,16381,27303,838500000,838500000
10,1118,838500000,838500100,16381,27303,839250000,839250000
10,1119,839250000,839250100,16381,27303,840000000,840000000
10,1120,840000000,840000100,16381,27303,840750000,840750000
10,1121,840750000,840750100,16381,27303,841500000,841500000
10,1122,841500000,841500100,16381,27303,842250000,842250000
10,1123,842250000,842250100,16381,27303,843000000,843000000
10,1124,843000000,843000100,16381,27303,843750000,843750000
10,1125,843750000,843750100,16381,27303,844500000,844500000
10,1126,844500000,844500100,16381,27303,845250000,845250000
10,1127,845250000,845250100,16381,27303,846000000,846000000
10,1128,846000000,846000100,16381,27303,846750000,846750000
10,1129,846750000,846750100,16381,27303,847500000,847500000
10,1130,847500000,847500100,16381,27303,848250000,848250000
10,1131,848250000,848250100,16381,27303,849000000,849000000
10,1132,849000000,849000100,16381,27303,849750000,849750000
10,1133,849750000,849750100,16381,27303,850500000,850500000
10,1134,850500000,850500100,16381,27303,851250000,851250000
10,1135,851250000,851250100,16381,27303,852000000,852000000
10,1136,852000000,852000100,16381,27303,852750000,852750000
10,1137,852750000,852750100,16381,27303,853500000,853500000
10,1138,853500000,853500100,16381,27303,854250000,854250000
10,1139,854250000,854250100,16381,27303,855000000,855000000
10,1140,855000000,855000100,16381,27303,855750000,855750000
10,1141,855750000,855750100,16381,27303,856500000,856500000
10,1142,856500000,856500100,16381,27303,857250000,857250000
10,1143,857250000,857250100,16381,27303,858000000,858000000
10,1144,858000000,858000100,16381,27303,858750000,858750000
10,1145,858750000,858750100,16381,27303,859500000,859500000
10,1146,859500000,859500100,16381,27303,860250000,860250000
10,1147,860250000,860250100,16381,27303,861000000,861000000
10,1148,861000000,861000100,16381,27303,861750000,861750000
10,1149,861750000,861750100,16381,27303,862500000,862500000
10,1150,862500000,862500100,16381,27303,863250000,863250000
10,1151,863250000,863250100,16381,27303,864000000,864000000
10,1152,864000000,864000100,16381,27303,864750000,864750000
10,1153,864750000,864750100,16381,27303,865500000,865500000
10,1154,865500000,865500100,16381,27303,866250000,866250000
10,1155,866250000,866250100,16381,27303,867000000,867000000
10,1156,867000000,867000100,16381,27303,867750000,867750000
10,1157,867750000,867750100,16381,27303,868500000,868500000
10,1158,868500000,868500100,16381,27303,869250000,869250000
10,1159,869250000,869250100,16381,27303,870000000,870000000
10,1160,870000000,870000100,16381,27303,870750000,870750000
10,1161,870750000,870750100,16381,27303,871500000,871500000
10,1162,871500000,871500100,16381,27303,872250000,872250000
10,1163,872250000,872250100,16381,27303,873000000,873000000
10,1164,873000000,873000100,16381,27303,873750000,873750000
10,1165,873750000,873750100,16381,27303,874500000,874500000
10,1166,874500000,874500100,16381,27303,875250000,875250000
10,1167,875250000,875250100,16381,27303,876000000,876000000
10,1168,876000000,876000100,16381,27303,876750000,876750000
10,1169,876750000,876750100,16381,27303,877500000,877500000
10,1170,877500000,877500100,16381,27303,878250000,878250000
10,1171,878250000,878250100,16381,27303,879000000,879000000
10,1172,879000000,879000100,16381,27303,879750000,879750000
10,1173,879750000,879750100,16381,27303,880500000,880500000
10,1174,880500000,880500100,16381,27303,881250000,881250000
10,1175,881250000,881250100,16381,27303,882000000,882000000
10,1176,882000000,882000100,16381,27303,882750000,882750000
10,1177,882750000,882750100,16381,27303,883500000,883500000
10,1178,883500000,883500100,16381,27303,884250000,884250000
10,1179,884250000,884250100,16381,27303,885000000,885000000
10,1180,885000000,885000100,16381,27303,885750000,885750000
10,1181,885750000,885750100,16381,27303,886500000,886500000
10,1182,886500000,886500100,16381,27303,887250000,887250000
10,1183,887250000,887250100,16381,27303,888000000,888000000
10,1184,888000000,888000100,16381,27303,888750000,888750000
10,1185,888750000,888750100,16381,27303,889500000,889500000
10,1186,889500000,889500100,16381,27303,890250000,890250000
10,1187,890250000,890250100,16381,27303,891000000,891000000
10,1188,891000000,891000100,16381,27303,891750000,891750000
10,1189,891750000,891750100,16381,27303,892500000,892500000
10,1190,892500000,892500100,16381,27303,893250000,893250000
10,1191,893250000,893250100,16381,27303,894000000,894000000
10,1192,894000000,894000100,16381,27303,894750000,894750000
10,1193,894750000,894750100,16381,27303,895500000,895500000
10,1194,895500000,895500100,16381,27303,896250000,896250000
10,1195,896250000,896250100,16381,27303,897000000,897000000
10,1196,897000000,897000100,16381,27303,897750000,897750000
10,1197,897750000,897750100,16381,27303,898500000,898500000
10,1198,898500000,898500100,16381,27303,899250000,899250000
10,1199,899250000,899250100,16381,27303,900000000,900000000
10,1200,900000000,900000100,16381,27303,900750000,900750000
10,1201,900750000,900750100,16381,27303,901500000,901500000
10,1202,901500000,901500100,16381,27303,902250000,902250000
10,1203,902250000,902250100,16381,27303,903000000,903000000
10,1204,903000000,903000100,16381,27303,903750000,903750000
10,1205,903750000,903750100,16381,27303,904500000,904500000
10,1206,904500000,904500100,16381,27303,905250000,905250000
10,1207,905250000,905250100,16381,27303,906000000,906000000
10,1208,906000000,906000100,16381,27303,906750000,906750000
10,1209,906750000,906750100,16381,27303,907500000,907500000
10,1210,907500000,907500100,16381,27303,908250000,908250000
10,1211,908250000,908250100,16381,27303,909000000,909000000
10,1212,909000000,909000100,16381,27303,909750000,909750000
10,1213,909750000,909750100,16381,27303,910500000,910500000
10,1214,910500000,910500100,16381,27303,911250000,911250000
10,1215,911250000,911250100,16381,27303,912000000,912000000
10,1216,912000000,912000100,16381,27303,912750000,912750000
10,1217,912750000,912750100,16381,27303,913500000,913500000
10,1218,913500000,913500100,16381,27303,914250000,914250000
10,1219,914250000,914250100,16381,27303,915000000,915000000
10,1220,915000000,915000100,16381,27303,915750000,915750000
10,1221,915750000,915750100,16381,27303,916500000,916500000
10,1222,916500000,916500100,16381,27303,917250000,917250000
10,1223,917250000,917250100,16381,27303,918000000,918000000
10,1224,918000000,918000100,16381,27303,918750000,918750000
10,1225,918750000,918750100,16381,27303,919500000,919500000
10,1226,919500000,919500100,16381,27303,920250000,920250000
10,1227,920250000,920250100,16381,27303,921000000,921000000
10,1228,921000000,921000100,16381,27303,921750000,921750000
10,1229,921750000,921750100,16381,27303,922500000,922500000
10,1230,922500000,922500100,16381,27303,923250000,923250000
10,1231,923250000,923250100,16381,27303,924000000,924000000
10,1232,924000000,924000100,16381,27303,924750000,924750000
10,1233,924750000,924750100,16381,27303,925500000,925500000
10,1234,925500000,925500100,16381,27303,926250000,926250000
10,1235,926250000,926250100,16381,27303,927000000,927000000
10,1236,927000000,927000100,16381,27303,927750000,927750000
10,1237,927750000,927750100,16381,27303,928500000,928500000
10,1238,928500000,928500100,16381,27303,929250000,929250000
10,1239,929250000,929250100,16381,27303,930000000,930000000
10,1240,930000000,930000100,16381,27303,930750000,930750000
10,1241,930750000,930750100,16381,27303,931500000,931500000
10,1242,931500000,931500100,16381,27303,932250000,932250000
10,1243,932250000,932250100,16381,27303,933000000,933000000
10,1244,933000000,933000100,16381,27303,933750000,933750000
10,1245,933750000,933750100,16381,27303,934500000,934500000
10,1246,934500000,934500100,16381,27303,935250000,935250000
10,1247,935250000,935250100,16381,27303,936000000,936000000
10,1248,936000000,936000100,16381,27303,936750000,936750000
10,1249,936750000,936750100,16381,27303,937500000,937500000
10,1250,937500000,937500100,16381,27303,938250000,938250000
10,1251,938250000,938250100,16381,27303,939000000,939000000
10,1252,939000000,939000100,16381,27303,939750000,939750000
10,1253,939750000,939750100,16381,27303,940500000,940500000
10,1254,940500000,940500100,16381,27303,941250000,941250000
10,1255,941250000,941250100,16381,27303,942000000,942000000
10,1256,942000000,942000100,16381,27303,942750000,942750000
10,1257,942750000,942750100,16381,27303,943500000,943500000
10,1258,943500000,943500100,16381,27303,944250000,944250000
10,1259,944250000,944250100,16381,27303,945000000,945000000
10,1260,945000000,945000100,16381,27303,945750000,945750000
10,1261,945750000,945750100,16381,27303,946500000,946500000
10,1262,946500000,946500100,16381,27303,947250000,947250000
10,1263,947250000,947250100,16381,27303,948000000,948000000
10,1264,948000000,948000100,16381,27303,948750000,948750000
10,1265,948750000,948750100,16381,27303,949500000,949500000
10,1266,949500000,949500100,16381,27303,950250000,950250000
10,1267,950250000,950250100,16381,27303,951000000,951000000
10,1268,951000000,951000100,16381,27303,951750000,951750000
10,1269,951750000,951750100,16381,27303,952500000,952500000
10,1270,952500000,952500100,16381,27303,953250000,953250000
10,1271,953250000,953250100,16381,27303,954000000,954000000
10,1272,954000000,954000100,16381,27303,954750000,954750000
10,1273,954750000,954750100,16381,27303,955500000,955500000
10,1274,955500000,955500100,16381,27303,956250000,956250000
10,1275,956250000,956250100,16381,27303,957000000,957000000
10,1276,957000000,957000100,16381,27303,957750000,957750000
10,1277,957750000,957750100,16381,27303,958500000,958500000
10,1278,958500000,958500100,16381,27303,959250000,959250000
10,1279,959250000,959250100,16381,27303,960000000,960000000
10,1280,960000000,960000100,16381,27303,960750000,960750000
10,1281,960750000,960750100,16381,27303,961500000,961500000
10,1282,961500000,961500100,16381,27303,962250000,962250000
10,1283,962250000,962250100,16381,27303,963000000,963000000
10,1284,963000000,963000100,16381,27303,963750000,963750000
10,1285,963750000,963750100,16381,27303,964500000,964500000
10,1286,964500000,964500100,16381,27303,965250000,965250000
10,1287,965250000,965250100,16381,27303,966000000,966000000
10,1288,966000000,966000100,16381,27303,966750000,966750000
10,1289,966750000,966750100,16381,27303,967500000,967500000
10,1290,967500000,967500100,16381,27303,968250000,968250000
10,1291,968250000,968250100,16381,27303,969000000,969000000
10,1292,969000000,969000100,16381,27303,969750000,969750000
10,1293,969750000,969750100,16381,27303,970500000,970500000
10,1294,970500000,970500100,16381,27303,971250000,971250000
10,1295,971250000,971250100,16381,27303,972000000,972000000
10,1296,972000000,972000100,16381,27303,972750000,972750000
10,1297,972750000,972750100,16381,27303,973500000,973500000
10,1298,973500000,973500100,16381,27303,974250000,974250000
10,1299,974250000,974250100,16381,27303,975000000,975000000
10,1300,975000000,975000100,16381,27303,975750000,975750000
10,1301,975750000,975750100,16381,27303,976500000,976500000
10,1302,976500000,976500100,16381,27303,977250000,977250000
10,1303,977250000,977250100,16381,27303,978000000,978000000
10,1304,978000000,978000100,16381,27303,978750000,978750000
10,1305,978750000,978750100,16381,27303,979500000,979500000
10,1306,979500000,979500100,16381,27303,980250000,980250000
10,1307,980250000,980250100,16381,27303,981000000,981000000
10,1308,981000000,981000100,16381,27303,981750000,981750000
10,1309,981750000,981750100,16381,27303,982500000,982500000
10,1310,982500000,982500100,16381,27303,983250000,983250000
10,1311,983250000,983250100,16381,27303,984000000,984000000
10,1312,984000000,984000100,16381,27303,984750000,984750000
10,1313,984750000,984750100,16381,27303,985500000,985500000
10,1314,985500000,985500100,16381,27303,986250000,986250000
10,1315,986250000,986250100,16381,27303,987000000,987000000
10,1316,987000000,987000100,16381,27303,987750000,987750000
10,1317,987750000,987750100,16381,27303,988500000,988500000
10,1318,988500000,988500100,16381,27303,989250000,989250000
10,1319,989250000,989250100,16381,27303,990000000,990000000
10,1320,990000000,990000100,16381,27303,990750000,990750000
10,1321,990750000,990750100,16381,27303,991500000,991500000
10,1322,991500000,991500100,16381,27303,992250000,992250000
10,1323,992250000,992250100,16381,27303,993000000,993000000
10,1324,993000000,993000100,16381,27303,993750000,993750000
10,1325,993750000,993750100,16381,27303,994500000,994500000
10,1326,994500000,994500100,16381,27303,995250000,995250000
10,1327,995250000,995250100,16381,27303,996000000,996000000
10,1328,996000000,996000100,16381,27303,996750000,996750000
10,1329,996750000,996750100,16381,27303,997500000,997500000
10,1330,997500000,997500100,16381,27303,998250000,998250000
10,1331,998250000,998250100,16381,27303,999000000,999000000
10,1332,999000000,999000100,16381,27303,999750000,999750000
10,1333,999750000,999750100,16381,27303,1000500000,1000500000
10,1334,1000500000,1000500100,16381,27303,1001250000,1001250000
10,1335,1001250000,1001250100,16381,27303,1002000000,1002000000
10,1336,1002000000,1002000100,16381,27303,1002750000,1002750000
10,1337,1002750000,1002750100,16381,27303,1003500000,1003500000
10,1338,1003500000,1003500100,16381,27303,1004250000,1004250000
10,1339,1004250000,1004250100,16381,27303,1005000000,1005000000
10,1340,1005000000,1005000100,16381,27303,1005750000,1005750000
10,1341,1005750000,1005750100,16381,27303,1006500000,1006500000
10,1342,1006500000,1006500100,16381,27303,1007250000,1007250000
10,1343,1007250000,1007250100,16381,27303,1008000000,1008000000
10,1344,1008000000,1008000100,16381,27303,1008750000,1008750000
10,1345,1008750000,1008750100,16381,27303,1009500000,1009500000
10,1346,1009500000,1009500100,16381,27303,1010250000,1010250000
10,1347,1010250000,1010250100,16381,27303,1011000000,1011000000
10,1348,1011000000,1011000100,16381,27303,1011750000,1011750000
10,1349,1011750000,1011750100,16381,27303,1012500000,1012500000
10,1350,1012500000,1012500100,16381,27303,1013250000,1013250000
10,1351,1013250000,1013250100,16381,27303,1014000000,1014000000
10,1352,1014000000,1014000100,16381,27303,1014750000,1014750000
10,1353,1014750000,1014750100,16381,27303,1015500000,1015500000
10,1354,1015500000,1015500100,16381,27303,1016250000,1016250000
10,1355,1016250000,1016250100,16381,27303,1017000000,1017000000
10,1356,1017000000,1017000100,16381,27303,1017750000,1017750000
10,1357,1017750000,1017750100,16381,27303,1018500000,1018500000
10,1358,1018500000,1018500100,16381,27303,1019250000,1019250000
10,1359,1019250000,1019250100,16381,27303,1020000000,1020000000
10,1360,1020000000,1020000100,16381,27303,1020750000,1020750000
10,1361,1020750000,1020750100,16381,27303,1021500000,1021500000
10,1362,1021500000,1021500100,16381,27303,1022250000,1022250000
10,1363,1022250000,1022250100,16381,27303,1023000000,1023000000
10,1364,1023000000,1023000100,16381,27303,1023750000,1023750000
10,1365,1023750000,1023750100,16381,27303,1024500000,1024500000
10,1366,1024500000,1024500100,16381,27303,1025250000,1025250000
10,1367,1025250000,1025250100,16381,27303,1026000000,1026000000
10,1368,1026000000,1026000100,16381,27303,1026750000,1026750000
10,1369,1026750000,1026750100,16381,27303,1027500000,1027500000
10,1370,1027500000,1027500100,16381,27303,1028250000,1028250000
10,1371,1028250000,1028250100,16381,27303,1029000000,1029000000
10,1372,1029000000,1029000100,16381,27303,1029750000,1029750000
10,1373,1029750000,1029750100,16381,27303,1030500000,1030500000
10,1374,1030500000,1030500100,16381,27303,1031250000,1031250000
10,1375,1031250000,1031250100,16381,27303,1032000000,1032000000
10,1376,1032000000,1032000100,16381,27303,1032750000,1032750000
10,1377,1032750000,1032750100,16381,27303,1033500000,1033500000
10,1378,1033500000,1033500100,16381,27303,1034250000,1034250000
10,1379,1034250000,1034250100,16381,27303,1035000000,1035000000
10,1380,1035000000,1035000100,16381,27303,1035750000,1035750000
10,1381,1035750000,1035750100,16381,27303,1036500000,1036500000
10,1382,1036500000,1036500100,16381,27303,1037250000,1037250000
10,1383,1037250000,1037250100,16381,27303,1038000000,1038000000
10,1384,1038000000,1038000100,16381,27303,1038750000,1038750000
10,1385,1038750000,1038750100,16381,27303,1039500000,1039500000
10,1386,1039500000,1039500100,16381,27303,1040250000,1040250000
10,1387,1040250000,1040250100,16381,27303,1041000000,1041000000
10,1388,1041000000,1041000100,16381,27303,1041750000,1041750000
10,1389,1041750000,1041750100,16381,27303,1042500000,1042500000
10,1390,1042500000,1042500100,16381,27303,1043250000,1043250000
10,1391,1043250000,1043250100,16381,27303,1044000000,1044000000
10,1392,1044000000,1044000100,16381,27303,1044750000,1044750000
10,1393,1044750000,1044750100,16381,27303,1045500000,1045500000
10,1394,1045500000,1045500100,16381,27303,1046250000,1046250000
10,1395,1046250000,1046250100,16381,27303,1047000000,1047000000
10,1396,1047000000,1047000100,16381,27303,1047750000,1047750000
10,1397,1047750000,1047750100,16381,27303,1048500000,1048500000
10,1398,1048500000,1048500100,16381,27303,1049250000,1049250000
10,1399,1049250000,1049250100,16381,27303,1050000000,1050000000
10,1400,1050000000,1050000100,16381,27303,1050750000,1050750000
10,1401,1050750000,1050750100,16381,27303,1051500000,1051500000
10,1402,1051500000,1051500100,16381,27303,1052250000,1052250000
10,1403,1052250000,1052250100,16381,27303,1053000000,1053000000
10,1404,1053000000,1053000100,16381,27303,1053750000,1053750000
10,1405,1053750000,1053750100,16381,27303,1054500000,1054500000
10,1406,1054500000,1054500100,16381,27303,1055250000,1055250000
10,1407,1055250000,1055250100,16381,27303,1056000000,1056000000
10,1408,1056000000,1056000100,16381,27303,1056750000,1056750000
10,1409,1056750000,1056750100,16381,27303,1057500000,1057500000
10,1410,1057500000,1057500100,16381,27303,1058250000,1058250000
10,1411,1058250000,1058250100,16381,27303,1059000000,1059000000
10,1412,1059000000,1059000100,16381,27303,1059750000,1059750000
10,1413,1059750000,1059750100,16381,27303,1060500000,1060500000
10,1414,1060500000,1060500100,16381,27303,1061250000,1061250000
10,1415,1061250000,1061250100,16381,27303,1062000000,1062000000
10,1416,1062000000,1062000100,16381,27303,1062750000,1062750000
10,1417,1062750000,1062750100,16381,27303,1063500000,1063500000
10,1418,1063500000,1063500100,16381,27303,1064250000,1064250000
10,1419,1064250000,1064250100,16381,27303,1065000000,1065000000
10,1420,1065000000,1065000100,16381,27303,1065750000,1065750000
10,1421,1065750000,1065750100,16381,27303,1066500000,1066500000
10,1422,1066500000,1066500100,16381,27303,1067250000,1067250000
10,1423,1067250000,1067250100,16381,27303,1068000000,1068000000
10,1424,1068000000,1068000100,16381,27303,1068750000,1068750000
10,1425,1068750000,1068750100,16381,27303,1069500000,1069500000
10,1426,1069500000,1069500100,16381,27303,1070250000,1070250000
10,1427,1070250000,1070250100,16381,27303,1071000000,1071000000
10,1428,1071000000,1071000100,16381,27303,1071750000,1071750000
10,1429,1071750000,1071750100,16381,27303,1072500000,1072500000
10,1430,1072500000,1072500100,16381,27303,1073250000,1073250000
10,1431,1073250000,1073250100,16381,27303,1074000000,1074000000
10,1432,1074000000,1074000100,16381,27303,1074750000,1074750000
10,1433,1074750000,1074750100,16381,27303,1075500000,1075500000
10,1434,1075500000,1075500100,16381,27303,1076250000,1076250000
10,1435,1076250000,1076250100,16381,27303,1077000000,1077000000
10,1436,1077000000,1077000100,16381,27303,1077750000,1077750000
10,1437,1077750000,1077750100,16381,27303,1078500000,1078500000
10,1438,1078500000,1078500100,16381,27303,1079250000,1079250000
10,1439,1079250000,1079250100,16381,27303,1080000000,1080000000
10,1440,1080000000,1080000100,16381,27303,1080750000,1080750000
10,1441,1080750000,1080750100,16381,27303,1081500000,1081500000
10,1442,1081500000,1081500100,16381,27303,1082250000,1082250000
10,1443,1082250000,1082250100,16381,27303,1083000000,1083000000
10,1444,1083000000,1083000100,16381,27303,1083750000,1083750000
10,1445,1083750000,1083750100,16381,27303,1084500000,1084500000
10,1446,1084500000,1084500100,16381,27303,1085250000,1085250000
10,1447,1085250000,1085250100,16381,27303,1086000000,1086000000
10,1448,1086000000,1086000100,16381,27303,1086750000,1086750000
10,1449,1086750000,1086750100,16381,27303,1087500000,1087500000
10,1450,1087500000,1087500100,16381,27303,1088250000,1088250000
10,1451,1088250000,1088250100,16381,27303,1089000000,1089000000
10,1452,1089000000,1089000100,16381,27303,1089750000,1089750000
10,1453,1089750000,1089750100,16381,27303,1090500000,1090500000
10,1454,1090500000,1090500100,16381,27303,1091250000,1091250000
10,1455,1091250000,1091250100,16381,27303,1092000000,1092000000
10,1456,1092000000,1092000100,16381,27303,1092750000,1092750000
10,1457,1092750000,1092750100,16381,27303,1093500000,1093500000
10,1458,1093500000,1093500100,16381,27303,1094250000,1094250000
10,1459,1094250000,1094250100,16381,27303,1095000000,1095000000
10,1460,1095000000,1095000100,16381,27303,1095750000,1095750000
10,1461,1095750000,1095750100,16381,27303,1096500000,1096500000
10,1462,1096500000,1096500100,16381,27303,1097250000,1097250000
10,1463,1097250000,1097250100,16381,27303,1098000000,1098000000
10,1464,1098000000,1098000100,16381,27303,1098750000,1098750000
10,1465,1098750000,1098750100,16381,27303,1099500000,1099500000
10,1466,1099500000,1099500100,16381,27303,1100250000,1100250000
10,1467,1100250000,1100250100,16381,27303,1101000000,1101000000
10,1468,1101000000,1101000100,16381,27303,1101750000,1101750000
10,1469,1101750000,1101750100,16381,27303,1102500000,1102500000
10,1470,1102500000,1102500100,16381,27303,1103250000,1103250000
10,1471,1103250000,1103250100,16381,27303,1104000000,1104000000
10,1472,1104000000,1104000100,16381,27303,1104750000,1104750000
10,1473,1104750000,1104750100,16381,27303,1105500000,1105500000
10,1474,1105500000,1105500100,16381,27303,1106250000,1106250000
10,1475,1106250000,1106250100,16381,27303,1107000000,1107000000
10,1476,1107000000,1107000100,16381,27303,1107750000,1107750000
10,1477,1107750000,1107750100,16381,27303,1108500000,1108500000
10,1478,1108500000,1108500100,16381,27303,1109250000,1109250000
10,1479,1109250000,1109250100,16381,27303,1110000000,1110000000
10,1480,1110000000,1110000100,16381,27303,1110750000,1110750000
10,1481,1110750000,1110750100,16381,27303,1111500000,1111500000
10,1482,1111500000,1111500100,16381,27303,1112250000,1112250000
10,1483,1112250000,1112250100,16381,27303,1113000000,1113000000
10,1484,1113000000,1113000100,16381,27303,1113750000,1113750000
10,1485,1113750000,1113750100,16381,27303,1114500000,1114500000
10,1486,1114500000,1114500100,16381,27303,1115250000,1115250000
10,1487,1115250000,1115250100,16381,27303,1116000000,1116000000
10,1488,1116000000,1116000100,16381,27303,1116750000,1116750000
10,1489,1116750000,1116750100,16381,27303,1117500000,1117500000
10,1490,1117500000,1117500100,16381,27303,1118250000,1118250000
10,1491,1118250000,1118250100,16381,27303,1119000000,1119000000
10,1492,1119000000,1119000100,16381,27303,1119750000,1119750000
10,1493,1119750000,1119750100,16381,27303,1120500000,1120500000
10,1494,1120500000,1120500100,16381,27303,1121250000,1121250000
10,1495,1121250000,1121250100,16381,27303,1122000000,1122000000
10,1496,1122000000,1122000100,16381,27303,1122750000,1122750000
10,1497,1122750000,1122750100,16381,27303,1123500000,1123500000
10,1498,1123500000,1123500100,16381,27303,1124250000,1124250000
10,1499,1124250000,1124250100,16381,27303,1125000000,1125000000
10,1500,1125000000,1125000100,16381,27303,1125750000,1125750000
10,1501,1125750000,1125750100,16381,27303,1126500000,1126500000
10,1502,1126500000,1126500100,16381,27303,1127250000,1127250000
10,1503,1127250000,1127250100,16381,27303,1128000000,1128000000
10,1504,1128000000,1128000100,16381,27303,1128750000,1128750000
10,1505,1128750000,1128750100,16381,27303,1129500000,1129500000
10,1506,1129500000,1129500100,16381,27303,1130250000,1130250000
10,1507,1130250000,1130250100,16381,27303,1131000000,1131000000
10,1508,1131000000,1131000100,16381,27303,1131750000,1131750000
10,1509,1131750000,1131750100,16381,27303,1132500000,1132500000
10,1510,1132500000,1132500100,16381,27303,1133250000,1133250000
10,1511,1133250000,1133250100,16381,27303,1134000000,1134000000
10,1512,1134000000,1134000100,16381,27303,1134750000,1134750000
10,1513,1134750000,1134750100,16381,27303,1135500000,1135500000
10,1514,1135500000,1135500100,16381,27303,1136250000,1136250000
10,1515,1136250000,1136250100,16381,27303,1137000000,1137000000
10,1516,1137000000,1137000100,16381,27303,1137750000,1137750000
10,1517,1137750000,1137750100,16381,27303,1138500000,1138500000
10,1518,1138500000,1138500100,16381,27303,1139250000,1139250000
10,1519,1139250000,1139250100,16381,27303,1140000000,1140000000
10,1520,1140000000,1140000100,16381,27303,1140750000,1140750000
10,1521,1140750000,1140750100,16381,27303,1141500000,1141500000
10,1522,1141500000,1141500100,16381,27303,1142250000,1142250000
10,1523,1142250000,1142250100,16381,27303,1143000000,1143000000
10,1524,1143000000,1143000100,16381,27303,1143750000,1143750000
10,1525,1143750000,1143750100,16381,27303,1144500000,1144500000
10,1526,1144500000,1144500100,16381,27303,1145250000,1145250000
10,1527,1145250000,1145250100,16381,27303,1146000000,1146000000
10,1528,1146000000,1146000100,16381,27303,1146750000,1146750000
10,1529,1146750000,1146750100,16381,27303,1147500000,1147500000
10,1530,1147500000,1147500100,16381,27303,1148250000,1148250000
10,1531,1148250000,1148250100,16381,27303,1149000000,1149000000
10,1532,1149000000,1149000100,16381,27303,1149750000,1149750000
10,1533,1149750000,1149750100,16381,27303,1150500000,1150500000
10,1534,1150500000,1150500100,16381,27303,1151250000,1151250000
10,1535,1151250000,1151250100,16381,27303,1152000000,1152000000
10,1536,1152000000,1152000100,16381,27303,1152750000,1152750000
10,1537,1152750000,1152750100,16381,27303,1153500000,1153500000
10,1538,1153500000,1153500100,16381,27303,1154250000,1154250000
10,1539,1154250000,1154250100,16381,27303,1155000000,1155000000
10,1540,1155000000,1155000100,16381,27303,1155750000,1155750000
10,1541,1155750000,1155750100,16381,27303,1156500000,1156500000
10,1542,1156500000,1156500100,16381,27303,1157250000,1157250000
10,1543,1157250000,1157250100,16381,27303,1158000000,1158000000
10,1544,1158000000,1158000100,16381,27303,1158750000,1158750000
10,1545,1158750000,1158750100,16381,27303,1159500000,1159500000
10,1546,1159500000,1159500100,16381,27303,1160250000,1160250000
10,1547,1160250000,1160250100,16381,27303,1161000000,1161000000
10,1548,1161000000,1161000100,16381,27303,1161750000,1161750000
10,1549,1161750000,1161750100,16381,27303,1162500000,1162500000
10,1550,1162500000,1162500100,16381,27303,1163250000,1163250000
10,1551,1163250000,1163250100,16381,27303,1164000000,1164000000
10,1552,1164000000,1164000100,16381,27303,1164750000,1164750000
10,1553,1164750000,1164750100,16381,27303,1165500000,1165500000
10,1554,1165500000,1165500100,16381,27303,1166250000,1166250000
10,1555,1166250000,1166250100,16381,27303,1167000000,1167000000
10,1556,1167000000,1167000100,16381,27303,1167750000,1167750000
10,1557,1167750000,1167750100,16381,27303,1168500000,1168500000
10,1558,1168500000,1168500100,16381,27303,1169250000,1169250000
10,1559,1169250000,1169250100,16381,27303,1170000000,1170000000
10,1560,1170000000,1170000100,16381,27303,1170750000,1170750000
10,1561,1170750000,1170750100,16381,27303,1171500000,1171500000
10,1562,1171500000,1171500100,16381,27303,1172250000,1172250000
10,1563,1172250000,1172250100,16381,27303,1173000000,1173000000
10,1564,1173000000,1173000100,16381,27303,1173750000,1173750000
10,1565,1173750000,1173750100,16381,27303,1174500000,1174500000
10,1566,1174500000,1174500100,16381,27303,1175250000,1175250000
10,1567,1175250000,1175250100,16381,27303,1176000000,1176000000
10,1568,1176000000,1176000100,16381,27303,1176750000,1176750000
10,1569,1176750000,1176750100,16381,27303,1177500000,1177500000
10,1570,1177500000,1177500100,16381,27303,1178250000,1178250000
10,1571,1178250000,1178250100,16381,27303,1179000000,1179000000
10,1572,1179000000,1179000100,16381,27303,1179750000,1179750000
10,1573,1179750000,1179750100,16381,27303,1180500000,1180500000
10,1574,1180500000,1180500100,16381,27303,1181250000,1181250000
10,1575,1181250000,1181250100,16381,27303,1182000000,1182000000
10,1576,1182000000,1182000100,16381,27303,1182750000,1182750000
10,1577,1182750000,1182750100,16381,27303,1183500000,1183500000
10,1578,1183500000,1183500100,16381,27303,1184250000,1184250000
10,1579,1184250000,1184250100,16381,27303,1185000000,1185000000
10,1580,1185000000,1185000100,16381,27303,1185750000,1185750000
10,1581,1185750000,1185750100,16381,27303,1186500000,1186500000
10,1582,1186500000,1186500100,16381,27303,1187250000,1187250000
10,1583,1187250000,1187250100,16381,27303,1188000000,1188000000
10,1584,1188000000,1188000100,16381,27303,1188750000,1188750000
10,1585,1188750000,1188750100,16381,27303,1189500000,1189500000
10,1586,1189500000,1189500100,16381,27303,1190250000,1190250000
10,1587,1190250000,1190250100,16381,27303,1191000000,1191000000
10,1588,1191000000,1191000100,16381,27303,1191750000,1191750000
10,1589,1191750000,1191750100,16381,27303,1192500000,1192500000
10,1590,1192500000,1192500100,16381,27303,1193250000,1193250000
10,1591,1193250000,1193250100,16381,27303,1194000000,1194000000
10,1592,1194000000,1194000100,16381,27303,1194750000,1194750000
10,1593,1194750000,1194750100,16381,27303,1195500000,1195500000
10,1594,1195500000,1195500100,16381,27303,1196250000,1196250000
10,1595,1196250000,1196250100,16381,27303,1197000000,1197000000
11,0,0,100,67990,113317,950000,950000
11,1,950000,950100,67990,113317,1900000,1900000
11,2,1900000,1900100,67990,113317,2850000,2850000
11,3,2850000,2850100,67990,113317,3800000,3800000
11,4,3800000,3800100,67990,113317,4750000,4750000
11,5,4750000,4750100,67990,113317,5700000,5700000
11,6,5700000,5700100,67990,113317,6650000,6650000
11,7,6650000,6650100,67990,113317,7600000,7600000
11,8,7600000,7600100,67990,113317,8550000,8550000
11,9,8550000,8550100,67990,113317,9500000,9500000
11,10,9500000,9500100,67990,113317,10450000,10450000
11,11,10450000,10450100,67990,113317,11400000,11400000
11,12,11400000,11400100,67990,113317,12350000,12350000
11,13,12350000,12350100,67990,113317,13300000,13300000
11,14,13300000,13300100,67990,113317,14250000,14250000
11,15,14250000,14250100,67990,113317,15200000,15200000
11,16,15200000,15200100,67990,113317,16150000,16150000
11,17,16150000,16150100,67990,113317,17100000,17100000
11,18,17100000,17100100,67990,113317,18050000,18050000
11,19,18050000,18050100,67990,113317,19000000,19000000
11,20,19000000,19000100,67990,113317,19950000,19950000
11,21,19950000,19950100,67990,113317,20900000,20900000
11,22,20900000,20900100,67990,113317,21850000,21850000
11,23,21850000,21850100,67990,113317,22800000,22800000
11,24,22800000,22800100,67990,113317,23750000,23750000
11,25,23750000,23750100,67990,113317,24700000,24700000
11,26,24700000,24700100,67990,113317,25650000,25650000
11,27,25650000,25650100,67990,113317,26600000,26600000
11,28,26600000,26600100,67990,113317,27550000,27550000
11,29,27550000,27550100,67990,113317,28500000,28500000
11,30,28500000,28500100,67990,113317,29450000,29450000
11,31,29450000,29450100,67990,113317,30400000,30400000
11,32,30400000,30400100,67990,113317,31350000,31350000
11,33,31350000,31350100,67990,113317,32300000,32300000
11,34,32300000,32300100,67990,113317,33250000,33250000
11,35,33250000,33250100,67990,113317,34200000,34200000
11,36,34200000,34200100,67990,113317,35150000,35150000
11,37,35150000,35150100,67990,113317,36100000,36100000
11,38,36100000,36100100,67990,113317,37050000,37050000
11,39,37050000,37050100,67990,113317,38000000,38000000
11,40,38000000,38000100,67990,113317,38950000,38950000
11,41,38950000,38950100,67990,113317,39900000,39900000
11,42,39900000,39900100,67990,113317,40850000,40850000
11,43,40850000,40850100,67990,113317,41800000,41800000
11,44,41800000,41800100,67990,113317,42750000,42750000
11,45,42750000,42750100,67990,113317,43700000,43700000
11,46,43700000,43700100,67990,113317,44650000,44650000
11,47,44650000,44650100,67990,113317,45600000,45600000
11,48,45600000,45600100,67990,113317,46550000,46550000
11,49,46550000,46550100,67990,113317,47500000,47500000
11,50,47500000,47500100,67990,113317,48450000,48450000
11,51,48450000,48450100,67990,113317,49400000,49400000
11,52,49400000,49400100,67990,113317,50350000,50350000
11,53,50350000,50350100,67990,113317,51300000,51300000
11,54,51300000,51300100,67990,113317,52250000,52250000
11,55,52250000,52250100,67990,113317,53200000,53200000
11,56,53200000,53200100,67990,113317,54150000,54150000
11,57,54150000,54150100,67990,113317,55100000,55100000
11,58,55100000,55100100,67990,113317,56050000,56050000
11,59,56050000,56050100,67990,113317,57000000,57000000
11,60,57000000,57000100,67990,113317,57950000,57950000
11,61,57950000,57950100,67990,113317,58900000,58900000
11,62,58900000,58900100,67990,113317,59850000,59850000
11,63,59850000,59850100,67990,113317,60800000,60800000
11,64,60800000,60800100,67990,113317,61750000,61750000
11,65,61750000,61750100,67990,113317,62700000,62700000
11,66,62700000,62700100,67990,113317,63650000,63650000
11,67,63650000,63650100,67990,113317,64600000,64600000
11,68,64600000,64600100,67990,113317,65550000,65550000
11,69,65550000,65550100,67990,113317,66500000,66500000
11,70,66500000,66500100,67990,113317,67450000,67450000
11,71,67450000,67450100,67990,113317,68400000,68400000
11,72,68400000,68400100,67990,113317,69350000,69350000
11,73,69350000,69350100,67990,113317,70300000,70300000
11,74,70300000,70300100,67990,113317,71250000,71250000
11,75,71250000,71250100,67990,113317,72200000,72200000
11,76,72200000,72200100,67990,113317,73150000,73150000
11,77,73150000,73150100,67990,113317,74100000,74100000
11,78,74100000,74100100,67990,113317,75050000,75050000
11,79,75050000,75050100,67990,113317,76000000,76000000
11,80,76000000,76000100,67990,113317,76950000,76950000
11,81,76950000,76950100,67990,113317,77900000,77900000
11,82,77900000,77900100,67990,113317,78850000,78850000
11,83,78850000,78850100,67990,113317,79800000,79800000
11,84,79800000,79800100,67990,113317,80750000,80750000
11,85,80750000,80750100,67990,113317,81700000,81700000
11,86,81700000,81700100,67990,113317,82650000,82650000
11,87,82650000,82650100,67990,113317,83600000,83600000
11,88,83600000,83600100,67990,113317,84550000,84550000
11,89,84550000,84550100,67990,113317,85500000,85500000
11,90,85500000,85500100,67990,113317,86450000,86450000
11,91,86450000,86450100,67990,113317,87400000,87400000
11,92,87400000,87400100,67990,113317,88350000,88350000
11,93,88350000,88350100,67990,113317,89300000,89300000
11,94,89300000,89300100,67990,113317,90250000,90250000
11,95,90250000,90250100,67990,113317,91200000,91200000
11,96,91200000,91200100,67990,113317,92150000,92150000
11,97,92150000,92150100,67990,113317,93100000,93100000
11,98,93100000,93100100,67990,113317,94050000,94050000
11,99,94050000,94050100,67990,113317,95000000,95000000
11,100,95000000,95000100,67990,113317,95950000,95950000
11,101,95950000,95950100,67990,113317,96900000,96900000
11,102,96900000,96900100,67990,113317,97850000,97850000
11,103,97850000,97850100,67990,113317,98800000,98800000
11,104,98800000,98800100,67990,113317,99750000,99750000
11,105,99750000,99750100,67990,113317,100700000,100700000
11,106,100700000,100700100,67990,113317,101650000,101650000
11,107,101650000,101650100,67990,113317,102600000,102600000
11,108,102600000,102600100,67990,113317,103550000,103550000
11,109,103550000,103550100,67990,113317,104500000,104500000
11,110,104500000,104500100,67990,113317,105450000,105450000
11,111,105450000,105450100,67990,113317,106400000,106400000
11,112,106400000,106400100,67990,113317,107350000,107350000
11,113,107350000,107350100,67990,113317,108300000,108300000
11,114,108300000,108300100,67990,113317,109250000,109250000
11,115,109250000,109250100,67990,113317,110200000,110200000
11,116,110200000,110200100,67990,113317,111150000,111150000
11,117,111150000,111150100,67990,113317,112100000,112100000
11,118,112100000,112100100,67990,113317,113050000,113050000
11,119,113050000,113050100,67990,113317,114000000,114000000
11,120,114000000,114000100,67990,113317,114950000,114950000
11,121,114950000,114950100,67990,113317,115900000,115900000
11,122,115900000,115900100,67990,113317,116850000,116850000
11,123,116850000,116850100,67990,113317,117800000,117800000
11,124,117800000,117800100,67990,113317,118750000,118750000
11,125,118750000,118750100,67990,113317,119700000,119700000
11,126,119700000,119700100,67990,113317,120650000,120650000
11,127,120650000,120650100,67990,113317,121600000,121600000
11,128,121600000,121600100,67990,113317,122550000,122550000
11,129,122550000,122550100,67990,113317,123500000,123500000
11,130,123500000,123500100,67990,113317,124450000,124450000
11,131,124450000,124450100,67990,113317,125400000,125400000
11,132,125400000,125400100,67990,113317,126350000,126350000
11,133,126350000,126350100,67990,113317,127300000,127300000
11,134,127300000,127300100,67990,113317,128250000,128250000
11,135,128250000,128250100,67990,113317,129200000,129200000
11,136,129200000,129200100,67990,113317,130150000,130150000
11,137,130150000,130150100,67990,113317,131100000,131100000
11,138,131100000,131100100,67990,113317,132050000,132050000
11,139,132050000,132050100,67990,113317,133000000,133000000
11,140,133000000,133000100,67990,113317,133950000,133950000
11,141,133950000,133950100,67990,113317,134900000,134900000
11,142,134900000,134900100,67990,113317,135850000,135850000
11,143,135850000,135850100,67990,113317,136800000,136800000
11,144,136800000,136800100,67990,113317,137750000,137750000
11,145,137750000,137750100,67990,113317,138700000,138700000
11,146,138700000,138700100,67990,113317,139650000,139650000
11,147,139650000,139650100,67990,113317,140600000,140600000
11,148,140600000,140600100,67990,113317,141550000,141550000
11,149,141550000,141550100,67990,113317,142500000,142500000
11,150,142500000,142500100,67990,113317,143450000,143450000
11,151,143450000,143450100,67990,113317,144400000,144400000
11,152,144400000,144400100,67990,113317,145350000,145350000
11,153,145350000,145350100,67990,113317,146300000,146300000
11,154,146300000,146300100,67990,113317,147250000,147250000
11,155,147250000,147250100,67990,113317,148200000,148200000
11,156,148200000,148200100,67990,113317,149150000,149150000
11,157,149150000,149150100,67990,113317,150100000,150100000
11,158,150100000,150100100,67990,113317,151050000,151050000
11,159,151050000,151050100,67990,113317,152000000,152000000
11,160,152000000,152000100,67990,113317,152950000,152950000
11,161,152950000,152950100,67990,113317,153900000,153900000
11,162,153900000,153900100,67990,113317,154850000,154850000
11,163,154850000,154850100,67990,113317,155800000,155800000
11,164,155800000,155800100,67990,113317,156750000,156750000
11,165,156750000,156750100,67990,113317,157700000,157700000
11,166,157700000,157700100,67990,113317,158650000,158650000
11,167,158650000,158650100,67990,113317,159600000,159600000
11,168,159600000,159600100,67990,113317,160550000,160550000
11,169,160550000,160550100,67990,113317,161500000,161500000
11,170,161500000,161500100,67990,113317,162450000,162450000
11,171,162450000,162450100,67990,113317,163400000,163400000
11,172,163400000,163400100,67990,113317,164350000,164350000
11,173,164350000,164350100,67990,113317,165300000,165300000
11,174,165300000,165300100,67990,113317,166250000,166250000
11,175,166250000,166250100,67990,113317,167200000,167200000
11,176,167200000,167200100,67990,113317,168150000,168150000
11,177,168150000,168150100,67990,113317,169100000,169100000
11,178,169100000,169100100,67990,113317,170050000,170050000
11,179,170050000,170050100,67990,113317,171000000,171000000
11,180,171000000,171000100,67990,113317,171950000,171950000
11,181,171950000,171950100,67990,113317,172900000,172900000
11,182,172900000,172900100,67990,113317,173850000,173850000
11,183,173850000,173850100,67990,113317,174800000,174800000
11,184,174800000,174800100,67990,113317,175750000,175750000
11,185,175750000,175750100,67990,113317,176700000,176700000
11,186,176700000,176700100,67990,113317,177650000,177650000
11,187,177650000,177650100,67990,113317,178600000,178600000
11,188,178600000,178600100,67990,113317,179550000,179550000
11,189,179550000,179550100,67990,113317,180500000,180500000
11,190,180500000,180500100,67990,113317,181450000,181450000
11,191,181450000,181450100,67990,113317,182400000,182400000
11,192,182400000,182400100,67990,113317,183350000,183350000
11,193,183350000,183350100,67990,113317,184300000,184300000
11,194,184300000,184300100,67990,113317,185250000,185250000
11,195,185250000,185250100,67990,113317,186200000,186200000
11,196,186200000,186200100,67990,113317,187150000,187150000
11,197,187150000,187150100,67990,113317,188100000,188100000
11,198,188100000,188100100,67990,113317,189050000,189050000
11,199,189050000,189050100,67990,113317,190000000,190000000
11,200,190000000,190000100,67990,113317,190950000,190950000
11,201,190950000,190950100,67990,113317,191900000,191900000
11,202,191900000,191900100,67990,113317,192850000,192850000
11,203,192850000,192850100,67990,113317,193800000,193800000
11,204,193800000,193800100,67990,113317,194750000,194750000
11,205,194750000,194750100,67990,113317,195700000,195700000
11,206,195700000,195700100,67990,113317,196650000,196650000
11,207,196650000,196650100,67990,113317,197600000,197600000
11,208,197600000,197600100,67990,113317,198550000,198550000
11,209,198550000,198550100,67990,113317,199500000,199500000
11,210,199500000,199500100,67990,113317,200450000,200450000
11,211,200450000,200450100,67990,113317,201400000,201400000
11,212,201400000,201400100,67990,113317,202350000,202350000
11,213,202350000,202350100,67990,113317,203300000,203300000
11,214,203300000,203300100,67990,113317,204250000,204250000
11,215,204250000,204250100,67990,113317,205200000,205200000
11,216,205200000,205200100,67990,113317,206150000,206150000
11,217,206150000,206150100,67990,113317,207100000,207100000
11,218,207100000,207100100,67990,113317,208050000,208050000
11,219,208050000,208050100,67990,113317,209000000,209000000
11,220,209000000,209000100,67990,113317,209950000,209950000
11,221,209950000,209950100,67990,113317,210900000,210900000
11,222,210900000,210900100,67990,113317,211850000,211850000
11,223,211850000,211850100,67990,113317,212800000,212800000
11,224,212800000,212800100,67990,113317,213750000,213750000
11,225,213750000,213750100,67990,113317,214700000,214700000
11,226,214700000,214700100,67990,113317,215650000,215650000
11,227,215650000,215650100,67990,113317,216600000,216600000
11,228,216600000,216600100,67990,113317,217550000,217550000
11,229,217550000,217550100,67990,113317,218500000,218500000
11,230,218500000,218500100,67990,113317,219450000,219450000
11,231,219450000,219450100,67990,113317,220400000,220400000
11,232,220400000,220400100,67990,113317,221350000,221350000
11,233,221350000,221350100,67990,113317,222300000,222300000
11,234,222300000,222300100,67990,113317,223250000,223250000
11,235,223250000,223250100,67990,113317,224200000,224200000
11,236,224200000,224200100,67990,113317,225150000,225150000
11,237,225150000,225150100,67990,113317,226100000,226100000
11,238,226100000,226100100,67990,113317,227050000,227050000
11,239,227050000,227050100,67990,113317,228000000,228000000
11,240,228000000,228000100,67990,113317,228950000,228950000
11,241,228950000,228950100,67990,113317,229900000,229900000
11,242,229900000,229900100,67990,113317,230850000,230850000
11,243,230850000,230850100,67990,113317,231800000,231800000
11,244,231800000,231800100,67990,113317,232750000,232750000
11,245,232750000,232750100,67990,113317,233700000,233700000
11,246,233700000,233700100,67990,113317,234650000,234650000
11,247,234650000,234650100,67990,113317,235600000,235600000
11,248,235600000,235600100,67990,113317,236550000,236550000
11,249,236550000,236550100,67990,113317,237500000,237500000
11,250,237500000,237500100,67990,113317,238450000,238450000
11,251,238450000,238450100,67990,113317,239400000,239400000
11,252,239400000,239400100,67990,113317,240350000,240350000
11,253,240350000,240350100,67990,113317,241300000,241300000
11,254,241300000,241300100,67990,113317,242250000,242250000
11,255,242250000,242250100,67990,113317,243200000,243200000
11,256,243200000,243200100,67990,113317,244150000,244150000
11,257,244150000,244150100,67990,113317,245100000,245100000
11,258,245100000,245100100,67990,113317,246050000,246050000
11,259,246050000,246050100,67990,113317,247000000,247000000
11,260,247000000,247000100,67990,113317,247950000,247950000
11,261,247950000,247950100,67990,113317,248900000,248900000
11,262,248900000,248900100,67990,113317,249850000,249850000
11,263,249850000,249850100,67990,113317,250800000,250800000
11,264,250800000,250800100,67990,113317,251750000,251750000
11,265,251750000,251750100,67990,113317,252700000,252700000
11,266,252700000,252700100,67990,113317,253650000,253650000
11,267,253650000,253650100,67990,113317,254600000,254600000
11,268,254600000,254600100,67990,113317,255550000,255550000
11,269,255550000,255550100,67990,113317,256500000,256500000
11,270,256500000,256500100,67990,113317,257450000,257450000
11,271,257450000,257450100,67990,113317,258400000,258400000
11,272,258400000,258400100,67990,113317,259350000,259350000
11,273,259350000,259350100,67990,113317,260300000,260300000
11,274,260300000,260300100,67990,113317,261250000,261250000
11,275,261250000,261250100,67990,113317,262200000,262200000
11,276,262200000,262200100,67990,113317,263150000,263150000
11,277,263150000,263150100,67990,113317,264100000,264100000
11,278,264100000,264100100,67990,113317,265050000,265050000
11,279,265050000,265050100,67990,113317,266000000,266000000
11,280,266000000,266000100,67990,113317,266950000,266950000
11,281,266950000,266950100,67990,113317,267900000,267900000
11,282,267900000,267900100,67990,113317,268850000,268850000
11,283,268850000,268850100,67990,113317,269800000,269800000
11,284,269800000,269800100,67990,113317,270750000,270750000
11,285,270750000,270750100,67990,113317,271700000,271700000
11,286,271700000,271700100,67990,113317,272650000,272650000
11,287,272650000,272650100,67990,113317,273600000,273600000
11,288,273600000,273600100,67990,113317,274550000,274550000
11,289,274550000,274550100,67990,113317,275500000,275500000
11,290,275500000,275500100,67990,113317,276450000,276450000
11,291,276450000,276450100,67990,113317,277400000,277400000
11,292,277400000,277400100,67990,113317,278350000,278350000
11,293,278350000,278350100,67990,113317,279300000,279300000
11,294,279300000,279300100,67990,113317,280250000,280250000
11,295,280250000,280250100,67990,113317,281200000,281200000
11,296,281200000,281200100,67990,113317,282150000,282150000
11,297,282150000,282150100,67990,113317,283100000,283100000
11,298,283100000,283100100,67990,113317,284050000,284050000
11,299,284050000,284050100,67990,113317,285000000,285000000
11,300,285000000,285000100,67990,113317,285950000,285950000
11,301,285950000,285950100,67990,113317,286900000,286900000
11,302,286900000,286900100,67990,113317,287850000,287850000
11,303,287850000,287850100,67990,113317,288800000,288800000
11,304,288800000,288800100,67990,113317,289750000,289750000
11,305,289750000,289750100,67990,113317,290700000,290700000
11,306,290700000,290700100,67990,113317,291650000,291650000
11,307,291650000,291650100,67990,113317,292600000,292600000
11,308,292600000,292600100,67990,113317,293550000,293550000
11,309,293550000,293550100,67990,113317,294500000,294500000
11,310,294500000,294500100,67990,113317,295450000,295450000
11,311,295450000,295450100,67990,113317,296400000,296400000
11,312,296400000,296400100,67990,113317,297350000,297350000
11,313,297350000,297350100,67990,113317,298300000,298300000
11,314,298300000,298300100,67990,113317,299250000,299250000
11,315,299250000,299250100,67990,113317,300200000,300200000
11,316,300200000,300200100,67990,113317,301150000,301150000
11,317,301150000,301150100,67990,113317,302100000,302100000
11,318,302100000,302100100,67990,113317,303050000,303050000
11,319,303050000,303050100,67990,113317,304000000,304000000
11,320,304000000,304000100,67990,113317,304950000,304950000
11,321,304950000,304950100,67990,113317,305900000,305900000
11,322,305900000,305900100,67990,113317,306850000,306850000
11,323,306850000,306850100,67990,113317,307800000,307800000
11,324,307800000,307800100,67990,113317,308750000,308750000
11,325,308750000,308750100,67990,113317,309700000,309700000
11,326,309700000,309700100,67990,113317,310650000,310650000
11,327,310650000,310650100,67990,113317,311600000,311600000
11,328,311600000,311600100,67990,113317,312550000,312550000
11,329,312550000,312550100,67990,113317,313500000,313500000
11,330,313500000,313500100,67990,113317,314450000,314450000
11,331,314450000,314450100,67990,113317,315400000,315400000
11,332,315400000,315400100,67990,113317,316350000,316350000
11,333,316350000,316350100,67990,113317,317300000,317300000
11,334,317300000,317300100,67990,113317,318250000,318250000
11,335,318250000,318250100,67990,113317,319200000,319200000
11,336,319200000,319200100,67990,113317,320150000,320150000
11,337,320150000,320150100,67990,113317,321100000,321100000
11,338,321100000,321100100,67990,113317,322050000,322050000
11,339,322050000,322050100,67990,113317,323000000,323000000
11,340,323000000,323000100,67990,113317,323950000,323950000
11,341,323950000,323950100,67990,113317,324900000,324900000
11,342,324900000,324900100,67990,113317,325850000,325850000
11,343,325850000,325850100,67990,113317,326800000,326800000
11,344,326800000,326800100,67990,113317,327750000,327750000
11,345,327750000,327750100,67990,113317,328700000,328700000
11,346,328700000,328700100,67990,113317,329650000,329650000
11,347,329650000,329650100,67990,113317,330600000,330600000
11,348,330600000,330600100,67990,113317,331550000,331550000
11,349,331550000,331550100,67990,113317,332500000,332500000
11,350,332500000,332500100,67990,113317,333450000,333450000
11,351,333450000,333450100,67990,113317,334400000,334400000
11,352,334400000,334400100,67990,113317,335350000,335350000
11,353,335350000,335350100,67990,113317,336300000,336300000
11,354,336300000,336300100,67990,113317,337250000,337250000
11,355,337250000,337250100,67990,113317,338200000,338200000
11,356,338200000,338200100,67990,113317,339150000,339150000
11,357,339150000,339150100,67990,113317,340100000,340100000
11,358,340100000,340100100,67990,113317,341050000,341050000
11,359,341050000,341050100,67990,113317,342000000,342000000
11,360,342000000,342000100,67990,113317,342950000,342950000
11,361,342950000,342950100,67990,113317,343900000,343900000
11,362,343900000,343900100,67990,113317,344850000,344850000
11,363,344850000,344850100,67990,113317,345800000,345800000
11,364,345800000,345800100,67990,113317,346750000,346750000
11,365,346750000,346750100,67990,113317,347700000,347700000
11,366,347700000,347700100,67990,113317,348650000,348650000
11,367,348650000,348650100,67990,113317,349600000,349600000
11,368,349600000,349600100,67990,113317,350550000,350550000
11,369,350550000,350550100,67990,113317,351500000,351500000
11,370,351500000,351500100,67990,113317,352450000,352450000
11,371,352450000,352450100,67990,113317,353400000,353400000
11,372,353400000,353400100,67990,113317,354350000,354350000
11,373,354350000,354350100,67990,113317,355300000,355300000
11,374,355300000,355300100,67990,113317,356250000,356250000
11,375,356250000,356250100,67990,113317,357200000,357200000
11,376,357200000,357200100,67990,113317,358150000,358150000
11,377,358150000,358150100,67990,113317,359100000,359100000
11,378,359100000,359100100,67990,113317,360050000,360050000
11,379,360050000,360050100,67990,113317,361000000,361000000
11,380,361000000,361000100,67990,113317,361950000,361950000
11,381,361950000,361950100,67990,113317,362900000,362900000
11,382,362900000,362900100,67990,113317,363850000,363850000
11,383,363850000,363850100,67990,113317,364800000,364800000
11,384,364800000,364800100,67990,113317,365750000,365750000
11,385,365750000,365750100,67990,113317,366700000,366700000
11,386,366700000,366700100,67990,113317,367650000,367650000
11,387,367650000,367650100,67990,113317,368600000,368600000
11,388,368600000,368600100,67990,113317,369550000,369550000
11,389,369550000,369550100,67990,113317,370500000,370500000
11,390,370500000,370500100,67990,113317,371450000,371450000
11,391,371450000,371450100,67990,113317,372400000,372400000
11,392,372400000,372400100,67990,113317,373350000,373350000
11,393,373350000,373350100,67990,113317,374300000,374300000
11,394,374300000,374300100,67990,113317,375250000,375250000
11,395,375250000,375250100,67990,113317,376200000,376200000
11,396,376200000,376200100,67990,113317,377150000,377150000
11,397,377150000,377150100,67990,113317,378100000,378100000
11,398,378100000,378100100,67990,113317,379050000,379050000
11,399,379050000,379050100,67990,113317,380000000,380000000
11,400,380000000,380000100,67990,113317,380950000,380950000
11,401,380950000,380950100,67990,113317,381900000,381900000
11,402,381900000,381900100,67990,113317,382850000,382850000
11,403,382850000,382850100,67990,113317,383800000,383800000
11,404,383800000,383800100,67990,113317,384750000,384750000
11,405,384750000,384750100,67990,113317,385700000,385700000
11,406,385700000,385700100,67990,113317,386650000,386650000
11,407,386650000,386650100,67990,113317,387600000,387600000
11,408,387600000,387600100,67990,113317,388550000,388550000
11,409,388550000,388550100,67990,113317,389500000,389500000
11,410,389500000,389500100,67990,113317,390450000,390450000
11,411,390450000,390450100,67990,113317,391400000,391400000
11,412,391400000,391400100,67990,113317,392350000,392350000
11,413,392350000,392350100,67990,113317,393300000,393300000
11,414,393300000,393300100,67990,113317,394250000,394250000
11,415,394250000,394250100,67990,113317,395200000,395200000
11,416,395200000,395200100,67990,113317,396150000,396150000
11,417,396150000,396150100,67990,113317,397100000,397100000
11,418,397100000,397100100,67990,113317,398050000,398050000
11,419,398050000,398050100,67990,113317,399000000,399000000
11,420,399000000,399000100,67990,113317,399950000,399950000
11,421,399950000,399950100,67990,113317,400900000,400900000
11,422,400900000,400900100,67990,113317,401850000,401850000
11,423,401850000,401850100,67990,113317,402800000,402800000
11,424,402800000,402800100,67990,113317,403750000,403750000
11,425,403750000,403750100,67990,113317,404700000,404700000
11,426,404700000,404700100,67990,113317,405650000,405650000
11,427,405650000,405650100,67990,113317,406600000,406600000
11,428,406600000,406600100,67990,113317,407550000,407550000
11,429,407550000,407550100,67990,113317,408500000,408500000
11,430,408500000,408500100,67990,113317,409450000,409450000
11,431,409450000,409450100,67990,113317,410400000,410400000
11,432,410400000,410400100,67990,113317,411350000,411350000
11,433,411350000,411350100,67990,113317,412300000,412300000
11,434,412300000,412300100,67990,113317,413250000,413250000
11,435,413250000,413250100,67990,113317,414200000,414200000
11,436,414200000,414200100,67990,113317,415150000,415150000
11,437,415150000,415150100,67990,113317,416100000,416100000
11,438,416100000,416100100,67990,113317,417050000,417050000
11,439,417050000,417050100,67990,113317,418000000,418000000
11,440,418000000,418000100,67990,113317,418950000,418950000
11,441,418950000,418950100,67990,113317,419900000,419900000
11,442,419900000,419900100,67990,113317,420850000,420850000
11,443,420850000,420850100,67990,113317,421800000,421800000
11,444,421800000,421800100,67990,113317,422750000,422750000
11,445,422750000,422750100,67990,113317,423700000,423700000
11,446,423700000,423700100,67990,113317,424650000,424650000
11,447,424650000,424650100,67990,113317,425600000,425600000
11,448,425600000,425600100,67990,113317,426550000,426550000
11,449,426550000,426550100,67990,113317,427500000,427500000
11,450,427500000,427500100,67990,113317,428450000,428450000
11,451,428450000,428450100,67990,113317,429400000,429400000
11,452,429400000,429400100,67990,113317,430350000,430350000
11,453,430350000,430350100,67990,113317,431300000,431300000
11,454,431300000,431300100,67990,113317,432250000,432250000
11,455,432250000,432250100,67990,113317,433200000,433200000
11,456,433200000,433200100,67990,113317,434150000,434150000
11,457,434150000,434150100,67990,113317,435100000,435100000
11,458,435100000,435100100,67990,113317,436050000,436050000
11,459,436050000,436050100,67990,113317,437000000,437000000
11,460,437000000,437000100,67990,113317,437950000,437950000
11,461,437950000,437950100,67990,113317,438900000,438900000
11,462,438900000,438900100,67990,113317,439850000,439850000
11,463,439850000,439850100,67990,113317,440800000,440800000
11,464,440800000,440800100,67990,113317,441750000,441750000
11,465,441750000,441750100,67990,113317,442700000,442700000
11,466,442700000,442700100,67990,113317,443650000,443650000
11,467,443650000,443650100,67990,113317,444600000,444600000
11,468,444600000,444600100,67990,113317,445550000,445550000
11,469,445550000,445550100,67990,113317,446500000,446500000
11,470,446500000,446500100,67990,113317,447450000,447450000
11,471,447450000,447450100,67990,113317,448400000,448400000
11,472,448400000,448400100,67990,113317,449350000,449350000
11,473,449350000,449350100,67990,113317,450300000,450300000
11,474,450300000,450300100,67990,113317,451250000,451250000
11,475,451250000,451250100,67990,113317,452200000,452200000
11,476,452200000,452200100,67990,113317,453150000,453150000
11,477,453150000,453150100,67990,113317,454100000,454100000
11,478,454100000,454100100,67990,113317,455050000,455050000
11,479,455050000,455050100,67990,113317,456000000,456000000
11,480,456000000,456000100,67990,113317,456950000,456950000
11,481,456950000,456950100,67990,113317,457900000,457900000
11,482,457900000,457900100,67990,113317,458850000,458850000
11,483,458850000,458850100,67990,113317,459800000,459800000
11,484,459800000,459800100,67990,113317,460750000,460750000
11,485,460750000,460750100,67990,113317,461700000,461700000
11,486,461700000,461700100,67990,113317,462650000,462650000
11,487,462650000,462650100,67990,113317,463600000,463600000
11,488,463600000,463600100,67990,113317,464550000,464550000
11,489,464550000,464550100,67990,113317,465500000,465500000
11,490,465500000,465500100,67990,113317,466450000,466450000
11,491,466450000,466450100,67990,113317,467400000,467400000
11,492,467400000,467400100,67990,113317,468350000,468350000
11,493,468350000,468350100,67990,113317,469300000,469300000
11,494,469300000,469300100,67990,113317,470250000,470250000
11,495,470250000,470250100,67990,113317,471200000,471200000
11,496,471200000,471200100,67990,113317,472150000,472150000
11,497,472150000,472150100,67990,113317,473100000,473100000
11,498,473100000,473100100,67990,113317,474050000,474050000
11,499,474050000,474050100,67990,113317,475000000,475000000
11,500,475000000,475000100,67990,113317,475950000,475950000
11,501,475950000,475950100,67990,113317,476900000,476900000
11,502,476900000,476900100,67990,113317,477850000,477850000
11,503,477850000,477850100,67990,113317,478800000,478800000
11,504,478800000,478800100,67990,113317,479750000,479750000
11,505,479750000,479750100,67990,113317,480700000,480700000
11,506,480700000,480700100,67990,113317,481650000,481650000
11,507,481650000,481650100,67990,113317,482600000,482600000
11,508,482600000,482600100,67990,113317,483550000,483550000
11,509,483550000,483550100,67990,113317,484500000,484500000
11,510,484500000,484500100,67990,113317,485450000,485450000
11,511,485450000,485450100,67990,113317,486400000,486400000
11,512,486400000,486400100,67990,113317,487350000,487350000
11,513,487350000,487350100,67990,113317,488300000,488300000
11,514,488300000,488300100,67990,113317,489250000,489250000
11,515,489250000,489250100,67990,113317,490200000,490200000
11,516,490200000,490200100,67990,113317,491150000,491150000
11,517,491150000,491150100,67990,113317,492100000,492100000
11,518,492100000,492100100,67990,113317,493050000,493050000
11,519,493050000,493050100,67990,113317,494000000,494000000
11,520,494000000,494000100,67990,113317,494950000,494950000
11,521,494950000,494950100,67990,113317,495900000,495900000
11,522,495900000,495900100,67990,113317,496850000,496850000
11,523,496850000,496850100,67990,113317,497800000,497800000
11,524,497800000,497800100,67990,113317,498750000,498750000
11,525,498750000,498750100,67990,113317,499700000,499700000
11,526,499700000,499700100,67990,113317,500650000,500650000
11,527,500650000,500650100,67990,113317,501600000,501600000
11,528,501600000,501600100,67990,113317,502550000,502550000
11,529,502550000,502550100,67990,113317,503500000,503500000
11,530,503500000,503500100,67990,113317,504450000,504450000
11,531,504450000,504450100,67990,113317,505400000,505400000
11,532,505400000,505400100,67990,113317,506350000,506350000
11,533,506350000,506350100,67990,113317,507300000,507300000
11,534,507300000,507300100,67990,113317,508250000,508250000
11,535,508250000,508250100,67990,113317,509200000,509200000
11,536,509200000,509200100,67990,113317,510150000,510150000
11,537,510150000,510150100,67990,113317,511100000,511100000
11,538,511100000,511100100,67990,113317,512050000,512050000
11,539,512050000,512050100,67990,113317,513000000,513000000
11,540,513000000,513000100,67990,113317,513950000,513950000
11,541,513950000,513950100,67990,113317,514900000,514900000
11,542,514900000,514900100,67990,113317,515850000,515850000
11,543,515850000,515850100,67990,113317,516800000,516800000
11,544,516800000,516800100,67990,113317,517750000,517750000
11,545,517750000,517750100,67990,113317,518700000,518700000
11,546,518700000,518700100,67990,113317,519650000,519650000
11,547,519650000,519650100,67990,113317,520600000,520600000
11,548,520600000,520600100,67990,113317,521550000,521550000
11,549,521550000,521550100,67990,113317,522500000,522500000
11,550,522500000,522500100,67990,113317,523450000,523450000
11,551,523450000,523450100,67990,113317,524400000,524400000
11,552,524400000,524400100,67990,113317,525350000,525350000
11,553,525350000,525350100,67990,113317,526300000,526300000
11,554,526300000,526300100,67990,113317,527250000,527250000
11,555,527250000,527250100,67990,113317,528200000,528200000
11,556,528200000,528200100,67990,113317,529150000,529150000
11,557,529150000,529150100,67990,113317,530100000,530100000
11,558,530100000,530100100,67990,113317,531050000,531050000
11,559,531050000,531050100,67990,113317,532000000,532000000
11,560,532000000,532000100,67990,113317,532950000,532950000
11,561,532950000,532950100,67990,113317,533900000,533900000
11,562,533900000,533900100,67990,113317,534850000,534850000
11,563,534850000,534850100,67990,113317,535800000,535800000
11,564,535800000,535800100,67990,113317,536750000,536750000
11,565,536750000,536750100,67990,113317,537700000,537700000
11,566,537700000,537700100,67990,113317,538650000,538650000
11,567,538650000,538650100,67990,113317,539600000,539600000
11,568,539600000,539600100,67990,113317,540550000,540550000
11,569,540550000,540550100,67990,113317,541500000,541500000
11,570,541500000,541500100,67990,113317,542450000,542450000
11,571,542450000,542450100,67990,113317,543400000,543400000
11,572,543400000,543400100,67990,113317,544350000,544350000
11,573,544350000,544350100,67990,113317,545300000,545300000
11,574,545300000,545300100,67990,113317,546250000,546250000
11,575,546250000,546250100,67990,113317,547200000,547200000
11,576,547200000,547200100,67990,113317,548150000,548150000
11,577,548150000,548150100,67990,113317,549100000,549100000
11,578,549100000,549100100,67990,113317,550050000,550050000
11,579,550050000,550050100,67990,113317,551000000,551000000
11,580,551000000,551000100,67990,113317,551950000,551950000
11,581,551950000,551950100,67990,113317,552900000,552900000
11,582,552900000,552900100,67990,113317,553850000,553850000
11,583,553850000,553850100,67990,113317,554800000,554800000
11,584,554800000,554800100,67990,113317,555750000,555750000
11,585,555750000,555750100,67990,113317,556700000,556700000
11,586,556700000,556700100,67990,113317,557650000,557650000
11,587,557650000,557650100,67990,113317,558600000,558600000
11,588,558600000,558600100,67990,113317,559550000,559550000
11,589,559550000,559550100,67990,113317,560500000,560500000
11,590,560500000,560500100,67990,113317,561450000,561450000
11,591,561450000,561450100,67990,113317,562400000,562400000
11,592,562400000,562400100,67990,113317,563350000,563350000
11,593,563350000,563350100,67990,113317,564300000,564300000
11,594,564300000,564300100,67990,113317,565250000,565250000
11,595,565250000,565250100,67990,113317,566200000,566200000
11,596,566200000,566200100,67990,113317,567150000,567150000
11,597,567150000,567150100,67990,113317,568100000,568100000
11,598,568100000,568100100,67990,113317,569050000,569050000
11,599,569050000,569050100,67990,113317,570000000,570000000
11,600,570000000,570000100,67990,113317,570950000,570950000
11,601,570950000,570950100,67990,113317,571900000,571900000
11,602,571900000,571900100,67990,113317,572850000,572850000
11,603,572850000,572850100,67990,113317,573800000,573800000
11,604,573800000,573800100,67990,113317,574750000,574750000
11,605,574750000,574750100,67990,113317,575700000,575700000
11,606,575700000,575700100,67990,113317,576650000,576650000
11,607,576650000,576650100,67990,113317,577600000,577600000
11,608,577600000,577600100,67990,113317,578550000,578550000
11,609,578550000,578550100,67990,113317,579500000,579500000
11,610,579500000,579500100,67990,113317,580450000,580450000
11,611,580450000,580450100,67990,113317,581400000,581400000
11,612,581400000,581400100,67990,113317,582350000,582350000
11,613,582350000,582350100,67990,113317,583300000,583300000
11,614,583300000,583300100,67990,113317,584250000,584250000
11,615,584250000,584250100,67990,113317,585200000,585200000
11,616,585200000,585200100,67990,113317,586150000,586150000
11,617,586150000,586150100,67990,113317,587100000,587100000
11,618,587100000,587100100,67990,113317,588050000,588050000
11,619,588050000,588050100,67990,113317,589000000,589000000
11,620,589000000,589000100,67990,113317,589950000,589950000
11,621,589950000,589950100,67990,113317,590900000,590900000
11,622,590900000,590900100,67990,113317,591850000,591850000
11,623,591850000,591850100,67990,113317,592800000,592800000
11,624,592800000,592800100,67990,113317,593750000,593750000
11,625,593750000,593750100,67990,113317,594700000,594700000
11,626,594700000,594700100,67990,113317,595650000,595650000
11,627,595650000,595650100,67990,113317,596600000,596600000
11,628,596600000,596600100,67990,113317,597550000,597550000
11,629,597550000,597550100,67990,113317,598500000,598500000
11,630,598500000,598500100,67990,113317,599450000,599450000
11,631,599450000,599450100,67990,113317,600400000,600400000
11,632,600400000,600400100,67990,113317,601350000,601350000
11,633,601350000,601350100,67990,113317,602300000,602300000
11,634,602300000,602300100,67990,113317,603250000,603250000
11,635,603250000,603250100,67990,113317,604200000,604200000
11,636,604200000,604200100,67990,113317,605150000,605150000
11,637,605150000,605150100,67990,113317,606100000,606100000
11,638,606100000,606100100,67990,113317,607050000,607050000
11,639,607050000,607050100,67990,113317,608000000,608000000
11,640,608000000,608000100,67990,113317,608950000,608950000
11,641,608950000,608950100,67990,113317,609900000,609900000
11,642,609900000,609900100,67990,113317,610850000,610850000
11,643,610850000,610850100,67990,113317,611800000,611800000
11,644,611800000,611800100,67990,113317,612750000,612750000
11,645,612750000,612750100,67990,113317,613700000,613700000
11,646,613700000,613700100,67990,113317,614650000,614650000
11,647,614650000,614650100,67990,113317,615600000,615600000
11,648,615600000,615600100,67990,113317,616550000,616550000
11,649,616550000,616550100,67990,113317,617500000,617500000
11,650,617500000,617500100,67990,113317,618450000,618450000
11,651,618450000,618450100,67990,113317,619400000,619400000
11,652,619400000,619400100,67990,113317,620350000,620350000
11,653,620350000,620350100,67990,113317,621300000,621300000
11,654,621300000,621300100,67990,113317,622250000,622250000
11,655,622250000,622250100,67990,113317,623200000,623200000
11,656,623200000,623200100,67990,113317,624150000,624150000
11,657,624150000,624150100,67990,113317,625100000,625100000
11,658,625100000,625100100,67990,113317,626050000,626050000
11,659,626050000,626050100,67990,113317,627000000,627000000
11,660,627000000,627000100,67990,113317,627950000,627950000
11,661,627950000,627950100,67990,113317,628900000,628900000
11,662,628900000,628900100,67990,113317,629850000,629850000
11,663,629850000,629850100,67990,113317,630800000,630800000
11,664,630800000,630800100,67990,113317,631750000,631750000
11,665,631750000,631750100,67990,113317,632700000,632700000
11,666,632700000,632700100,67990,113317,633650000,633650000
11,667,633650000,633650100,67990,113317,634600000,634600000
11,668,634600000,634600100,67990,113317,635550000,635550000
11,669,635550000,635550100,67990,113317,636500000,636500000
11,670,636500000,636500100,67990,113317,637450000,637450000
11,671,637450000,637450100,67990,113317,638400000,638400000
11,672,638400000,638400100,67990,113317,639350000,639350000
11,673,639350000,639350100,67990,113317,640300000,640300000
11,674,640300000,640300100,67990,113317,641250000,641250000
11,675,641250000,641250100,67990,113317,642200000,642200000
11,676,642200000,642200100,67990,113317,643150000,643150000
11,677,643150000,643150100,67990,113317,644100000,644100000
11,678,644100000,644100100,67990,113317,645050000,645050000
11,679,645050000,645050100,67990,113317,646000000,646000000
11,680,646000000,646000100,67990,113317,646950000,646950000
11,681,646950000,646950100,67990,113317,647900000,647900000
11,682,647900000,647900100,67990,113317,648850000,648850000
11,683,648850000,648850100,67990,113317,649800000,649800000
11,684,649800000,649800100,67990,113317,650750000,650750000
11,685,650750000,650750100,67990,113317,651700000,651700000
11,686,651700000,651700100,67990,113317,652650000,652650000
11,687,652650000,652650100,67990,113317,653600000,653600000
11,688,653600000,653600100,67990,113317,654550000,654550000
11,689,654550000,654550100,67990,113317,655500000,655500000
11,690,655500000,655500100,67990,113317,656450000,656450000
11,691,656450000,656450100,67990,113317,657400000,657400000
11,692,657400000,657400100,67990,113317,658350000,658350000
11,693,658350000,658350100,67990,113317,659300000,659300000
11,694,659300000,659300100,67990,113317,660250000,660250000
11,695,660250000,660250100,67990,113317,661200000,661200000
11,696,661200000,661200100,67990,113317,662150000,662150000
11,697,662150000,662150100,67990,113317,663100000,663100000
11,698,663100000,663100100,67990,113317,664050000,664050000
11,699,664050000,664050100,67990,113317,665000000,665000000
11,700,665000000,665000100,67990,113317,665950000,665950000
11,701,665950000,665950100,67990,113317,666900000,666900000
11,702,666900000,666900100,67990,113317,667850000,667850000
11,703,667850000,667850100,67990,113317,668800000,668800000
11,704,668800000,668800100,67990,113317,669750000,669750000
11,705,669750000,669750100,67990,113317,670700000,670700000
11,706,670700000,670700100,67990,113317,671650000,671650000
11,707,671650000,671650100,67990,113317,672600000,672600000
11,708,672600000,672600100,67990,113317,673550000,673550000
11,709,673550000,673550100,67990,113317,674500000,674500000
11,710,674500000,674500100,67990,113317,675450000,675450000
11,711,675450000,675450100,67990,113317,676400000,676400000
11,712,676400000,676400100,67990,113317,677350000,677350000
11,713,677350000,677350100,67990,113317,678300000,678300000
11,714,678300000,678300100,67990,113317,679250000,679250000
11,715,679250000,679250100,67990,113317,680200000,680200000
11,716,680200000,680200100,67990,113317,681150000,681150000
11,717,681150000,681150100,67990,113317,682100000,682100000
11,718,682100000,682100100,67990,113317,683050000,683050000
11,719,683050000,683050100,67990,113317,684000000,684000000
11,720,684000000,684000100,67990,113317,684950000,684950000
11,721,684950000,684950100,67990,113317,685900000,685900000
11,722,685900000,685900100,67990,113317,686850000,686850000
11,723,686850000,686850100,67990,113317,687800000,687800000
11,724,687800000,687800100,67990,113317,688750000,688750000
11,725,688750000,688750100,67990,113317,689700000,689700000
11,726,689700000,689700100,67990,113317,690650000,690650000
11,727,690650000,690650100,67990,113317,691600000,691600000
11,728,691600000,691600100,67990,113317,692550000,692550000
11,729,692550000,692550100,67990,113317,693500000,693500000
11,730,693500000,693500100,67990,113317,694450000,694450000
11,731,694450000,694450100,67990,113317,695400000,695400000
11,732,695400000,695400100,67990,113317,696350000,696350000
11,733,696350000,696350100,67990,113317,697300000,697300000
11,734,697300000,697300100,67990,113317,698250000,698250000
11,735,698250000,698250100,67990,113317,699200000,699200000
11,736,699200000,699200100,67990,113317,700150000,700150000
11,737,700150000,700150100,67990,113317,701100000,701100000
11,738,701100000,701100100,67990,113317,702050000,702050000
11,739,702050000,702050100,67990,113317,703000000,703000000
11,740,703000000,703000100,67990,113317,703950000,703950000
11,741,703950000,703950100,67990,113317,704900000,704900000
11,742,704900000,704900100,67990,113317,705850000,705850000
11,743,705850000,705850100,67990,113317,706800000,706800000
11,744,706800000,706800100,67990,113317,707750000,707750000
11,745,707750000,707750100,67990,113317,708700000,708700000
11,746,708700000,708700100,67990,113317,709650000,709650000
11,747,709650000,709650100,67990,113317,710600000,710600000
11,748,710600000,710600100,67990,113317,711550000,711550000
11,749,711550000,711550100,67990,113317,712500000,712500000
11,750,712500000,712500100,67990,113317,713450000,713450000
11,751,713450000,713450100,67990,113317,714400000,714400000
11,752,714400000,714400100,67990,113317,715350000,715350000
11,753,715350000,715350100,67990,113317,716300000,716300000
11,754,716300000,716300100,67990,113317,717250000,717250000
11,755,717250000,717250100,67990,113317,718200000,718200000
11,756,718200000,718200100,67990,113317,719150000,719150000
11,757,719150000,719150100,67990,113317,720100000,720100000
11,758,720100000,720100100,67990,113317,721050000,721050000
11,759,721050000,721050100,67990,113317,722000000,722000000
11,760,722000000,722000100,67990,113317,722950000,722950000
11,761,722950000,722950100,67990,113317,723900000,723900000
11,762,723900000,723900100,67990,113317,724850000,724850000
11,763,724850000,724850100,67990,113317,725800000,725800000
11,764,725800000,725800100,67990,113317,726750000,726750000
11,765,726750000,726750100,67990,113317,727700000,727700000
11,766,727700000,727700100,67990,113317,728650000,728650000
11,767,728650000,728650100,67990,113317,729600000,729600000
11,768,729600000,729600100,67990,113317,730550000,730550000
11,769,730550000,730550100,67990,113317,731500000,731500000
11,770,731500000,731500100,67990,113317,732450000,732450000
11,771,732450000,732450100,67990,113317,733400000,733400000
11,772,733400000,733400100,67990,113317,734350000,734350000
11,773,734350000,734350100,67990,113317,735300000,735300000
11,774,735300000,735300100,67990,113317,736250000,736250000
11,775,736250000,736250100,67990,113317,737200000,737200000
11,776,737200000,737200100,67990,113317,738150000,738150000
11,777,738150000,738150100,67990,113317,739100000,739100000
11,778,739100000,739100100,67990,113317,740050000,740050000
11,779,740050000,740050100,67990,113317,741000000,741000000
11,780,741000000,741000100,67990,113317,741950000,741950000
11,781,741950000,741950100,67990,113317,742900000,742900000
11,782,742900000,742900100,67990,113317,743850000,743850000
11,783,743850000,743850100,67990,113317,744800000,744800000
11,784,744800000,744800100,67990,113317,745750000,745750000
11,785,745750000,745750100,67990,113317,746700000,746700000
11,786,746700000,746700100,67990,113317,747650000,747650000
11,787,747650000,747650100,67990,113317,748600000,748600000
11,788,748600000,748600100,67990,113317,749550000,749550000
11,789,749550000,749550100,67990,113317,750500000,750500000
11,790,750500000,750500100,67990,113317,751450000,751450000
11,791,751450000,751450100,67990,113317,752400000,752400000
11,792,752400000,752400100,67990,113317,753350000,753350000
11,793,753350000,753350100,67990,113317,754300000,754300000
11,794,754300000,754300100,67990,113317,755250000,755250000
11,795,755250000,755250100,67990,113317,756200000,756200000
11,796,756200000,756200100,67990,113317,757150000,757150000
11,797,757150000,757150100,67990,113317,758100000,758100000
11,798,758100000,758100100,67990,113317,759050000,759050000
11,799,759050000,759050100,67990,113317,760000000,760000000
11,800,760000000,760000100,67990,113317,760950000,760950000
11,801,760950000,760950100,67990,113317,761900000,761900000
11,802,761900000,761900100,67990,113317,762850000,762850000
11,803,762850000,762850100,67990,113317,763800000,763800000
11,804,763800000,763800100,67990,113317,764750000,764750000
11,805,764750000,764750100,67990,113317,765700000,765700000
11,806,765700000,765700100,67990,113317,766650000,766650000
11,807,766650000,766650100,67990,113317,767600000,767600000
11,808,767600000,767600100,67990,113317,768550000,768550000
11,809,768550000,768550100,67990,113317,769500000,769500000
11,810,769500000,769500100,67990,113317,770450000,770450000
11,811,770450000,770450100,67990,113317,771400000,771400000
11,812,771400000,771400100,67990,113317,772350000,772350000
11,813,772350000,772350100,67990,113317,773300000,773300000
11,814,773300000,773300100,67990,113317,774250000,774250000
11,815,774250000,774250100,67990,113317,775200000,775200000
11,816,775200000,775200100,67990,113317,776150000,776150000
11,817,776150000,776150100,67990,113317,777100000,777100000
11,818,777100000,777100100,67990,113317,778050000,778050000
11,819,778050000,778050100,67990,113317,779000000,779000000
11,820,779000000,779000100,67990,113317,779950000,779950000
11,821,779950000,779950100,67990,113317,780900000,780900000
11,822,780900000,780900100,67990,113317,781850000,781850000
11,823,781850000,781850100,67990,113317,782800000,782800000
11,824,782800000,782800100,67990,113317,783750000,783750000
11,825,783750000,783750100,67990,113317,784700000,784700000
11,826,784700000,784700100,67990,113317,785650000,785650000
11,827,785650000,785650100,67990,113317,786600000,786600000
11,828,786600000,786600100,67990,113317,787550000,787550000
11,829,787550000,787550100,67990,113317,788500000,788500000
11,830,788500000,788500100,67990,113317,789450000,789450000
11,831,789450000,789450100,67990,113317,790400000,790400000
11,832,790400000,790400100,67990,113317,791350000,791350000
11,833,791350000,791350100,67990,113317,792300000,792300000
11,834,792300000,792300100,67990,113317,793250000,793250000
11,835,793250000,793250100,67990,113317,794200000,794200000
11,836,794200000,794200100,67990,113317,795150000,795150000
11,837,795150000,795150100,67990,113317,796100000,796100000
11,838,796100000,796100100,67990,113317,797050000,797050000
11,839,797050000,797050100,67990,113317,798000000,798000000
11,840,798000000,798000100,67990,113317,798950000,798950000
11,841,798950000,798950100,67990,113317,799900000,799900000
11,842,799900000,799900100,67990,113317,800850000,800850000
11,843,800850000,800850100,67990,113317,801800000,801800000
11,844,801800000,801800100,67990,113317,802750000,802750000
11,845,802750000,802750100,67990,113317,803700000,803700000
11,846,803700000,803700100,67990,113317,804650000,804650000
11,847,804650000,804650100,67990,113317,805600000,805600000
11,848,805600000,805600100,67990,113317,806550000,806550000
11,849,806550000,806550100,67990,113317,807500000,807500000
11,850,807500000,807500100,67990,113317,808450000,808450000
11,851,808450000,808450100,67990,113317,809400000,809400000
11,852,809400000,809400100,67990,113317,810350000,810350000
11,853,810350000,810350100,67990,113317,811300000,811300000
11,854,811300000,811300100,67990,113317,812250000,812250000
11,855,812250000,812250100,67990,113317,813200000,813200000
11,856,813200000,813200100,67990,113317,814150000,814150000
11,857,814150000,814150100,67990,113317,815100000,815100000
11,858,815100000,815100100,67990,113317,816050000,816050000
11,859,816050000,816050100,67990,113317,817000000,817000000
11,860,817000000,817000100,67990,113317,817950000,817950000
11,861,817950000,817950100,67990,113317,818900000,818900000
11,862,818900000,818900100,67990,113317,819850000,819850000
11,863,819850000,819850100,67990,113317,820800000,820800000
11,864,820800000,820800100,67990,113317,821750000,821750000
11,865,821750000,821750100,67990,113317,822700000,822700000
11,866,822700000,822700100,67990,113317,823650000,823650000
11,867,823650000,823650100,67990,113317,824600000,824600000
11,868,824600000,824600100,67990,113317,825550000,825550000
11,869,825550000,825550100,67990,113317,826500000,826500000
11,870,826500000,826500100,67990,113317,827450000,827450000
11,871,827450000,827450100,67990,113317,828400000,828400000
11,872,828400000,828400100,67990,113317,829350000,829350000
11,873,829350000,829350100,67990,113317,830300000,830300000
11,874,830300000,830300100,67990,113317,831250000,831250000
11,875,831250000,831250100,67990,113317,832200000,832200000
11,876,832200000,832200100,67990,113317,833150000,833150000
11,877,833150000,833150100,67990,113317,834100000,834100000
11,878,834100000,834100100,67990,113317,835050000,835050000
11,879,835050000,835050100,67990,113317,836000000,836000000
11,880,836000000,836000100,67990,113317,836950000,836950000
11,881,836950000,836950100,67990,113317,837900000,837900000
11,882,837900000,837900100,67990,113317,838850000,838850000
11,883,838850000,838850100,67990,113317,839800000,839800000
11,884,839800000,839800100,67990,113317,840750000,840750000
11,885,840750000,840750100,67990,113317,841700000,841700000
11,886,841700000,841700100,67990,113317,842650000,842650000
11,887,842650000,842650100,67990,113317,843600000,843600000
11,888,843600000,843600100,67990,113317,844550000,844550000
11,889,844550000,844550100,67990,113317,845500000,845500000
11,890,845500000,845500100,67990,113317,846450000,846450000
11,891,846450000,846450100,67990,113317,847400000,847400000
11,892,847400000,847400100,67990,113317,848350000,848350000
11,893,848350000,848350100,67990,113317,849300000,849300000
11,894,849300000,849300100,67990,113317,850250000,850250000
11,895,850250000,850250100,67990,113317,851200000,851200000
11,896,851200000,851200100,67990,113317,852150000,852150000
11,897,852150000,852150100,67990,113317,853100000,853100000
11,898,853100000,853100100,67990,113317,854050000,854050000
11,899,854050000,854050100,67990,113317,855000000,855000000
11,900,855000000,855000100,67990,113317,855950000,855950000
11,901,855950000,855950100,67990,113317,856900000,856900000
11,902,856900000,856900100,67990,113317,857850000,857850000
11,903,857850000,857850100,67990,113317,858800000,858800000
11,904,858800000,858800100,67990,113317,859750000,859750000
11,905,859750000,859750100,67990,113317,860700000,860700000
11,906,860700000,860700100,67990,113317,861650000,861650000
11,907,861650000,861650100,67990,113317,862600000,862600000
11,908,862600000,862600100,67990,113317,863550000,863550000
11,909,863550000,863550100,67990,113317,864500000,864500000
11,910,864500000,864500100,67990,113317,865450000,865450000
11,911,865450000,865450100,67990,113317,866400000,866400000
11,912,866400000,866400100,67990,113317,867350000,867350000
11,913,867350000,867350100,67990,113317,868300000,868300000
11,914,868300000,868300100,67990,113317,869250000,869250000
11,915,869250000,869250100,67990,113317,870200000,870200000
11,916,870200000,870200100,67990,113317,871150000,871150000
11,917,871150000,871150100,67990,113317,872100000,872100000
11,918,872100000,872100100,67990,113317,873050000,873050000
11,919,873050000,873050100,67990,113317,874000000,874000000
11,920,874000000,874000100,67990,113317,874950000,874950000
11,921,874950000,874950100,67990,113317,875900000,875900000
11,922,875900000,875900100,67990,113317,876850000,876850000
11,923,876850000,876850100,67990,113317,877800000,877800000
11,924,877800000,877800100,67990,113317,878750000,878750000
11,925,878750000,878750100,67990,113317,879700000,879700000
11,926,879700000,879700100,67990,113317,880650000,880650000
11,927,880650000,880650100,67990,113317,881600000,881600000
11,928,881600000,881600100,67990,113317,882550000,882550000
11,929,882550000,882550100,67990,113317,883500000,883500000
11,930,883500000,883500100,67990,113317,884450000,884450000
11,931,884450000,884450100,67990,113317,885400000,885400000
11,932,885400000,885400100,67990,113317,886350000,886350000
11,933,886350000,886350100,67990,113317,887300000,887300000
11,934,887300000,887300100,67990,113317,888250000,888250000
11,935,888250000,888250100,67990,113317,889200000,889200000
11,936,889200000,889200100,67990,113317,890150000,890150000
11,937,890150000,890150100,67990,113317,891100000,891100000
11,938,891100000,891100100,67990,113317,892050000,892050000
11,939,892050000,892050100,67990,113317,893000000,893000000
11,940,893000000,893000100,67990,113317,893950000,893950000
11,941,893950000,893950100,67990,113317,894900000,894900000
11,942,894900000,894900100,67990,113317,895850000,895850000
11,943,895850000,895850100,67990,113317,896800000,896800000
11,944,896800000,896800100,67990,113317,897750000,897750000
11,945,897750000,897750100,67990,113317,898700000,898700000
11,946,898700000,898700100,67990,113317,899650000,899650000
11,947,899650000,899650100,67990,113317,900600000,900600000
11,948,900600000,900600100,67990,113317,901550000,901550000
11,949,901550000,901550100,67990,113317,902500000,902500000
11,950,902500000,902500100,67990,113317,903450000,903450000
11,951,903450000,903450100,67990,113317,904400000,904400000
11,952,904400000,904400100,67990,113317,905350000,905350000
11,953,905350000,905350100,67990,113317,906300000,906300000
11,954,906300000,906300100,67990,113317,907250000,907250000
11,955,907250000,907250100,67990,113317,908200000,908200000
11,956,908200000,908200100,67990,113317,909150000,909150000
11,957,909150000,909150100,67990,113317,910100000,910100000
11,958,910100000,910100100,67990,113317,911050000,911050000
11,959,911050000,911050100,67990,113317,912000000,912000000
11,960,912000000,912000100,67990,113317,912950000,912950000
11,961,912950000,912950100,67990,113317,913900000,913900000
11,962,913900000,913900100,67990,113317,914850000,914850000
11,963,914850000,914850100,67990,113317,915800000,915800000
11,964,915800000,915800100,67990,113317,916750000,916750000
11,965,916750000,916750100,67990,113317,917700000,917700000
11,966,917700000,917700100,67990,113317,918650000,918650000
11,967,918650000,918650100,67990,113317,919600000,919600000
11,968,919600000,919600100,67990,113317,920550000,920550000
11,969,920550000,920550100,67990,113317,921500000,921500000
11,970,921500000,921500100,67990,113317,922450000,922450000
11,971,922450000,922450100,67990,113317,923400000,923400000
11,972,923400000,923400100,67990,113317,924350000,924350000
11,973,924350000,924350100,67990,113317,925300000,925300000
11,974,925300000,925300100,67990,113317,926250000,926250000
11,975,926250000,926250100,67990,113317,927200000,927200000
11,976,927200000,927200100,67990,113317,928150000,928150000
11,977,928150000,928150100,67990,113317,929100000,929100000
11,978,929100000,929100100,67990,113317,930050000,930050000
11,979,930050000,930050100,67990,113317,931000000,931000000
11,980,931000000,931000100,67990,113317,931950000,931950000
11,981,931950000,931950100,67990,113317,932900000,932900000
11,982,932900000,932900100,67990,113317,933850000,933850000
11,983,933850000,933850100,67990,113317,934800000,934800000
11,984,934800000,934800100,67990,113317,935750000,935750000
11,985,935750000,935750100,67990,113317,936700000,936700000
11,986,936700000,936700100,67990,113317,937650000,937650000
11,987,937650000,937650100,67990,113317,938600000,938600000
11,988,938600000,938600100,67990,113317,939550000,939550000
11,989,939550000,939550100,67990,113317,940500000,940500000
11,990,940500000,940500100,67990,113317,941450000,941450000
11,991,941450000,941450100,67990,113317,942400000,942400000
11,992,942400000,942400100,67990,113317,943350000,943350000
11,993,943350000,943350100,67990,113317,944300000,944300000
11,994,944300000,944300100,67990,113317,945250000,945250000
11,995,945250000,945250100,67990,113317,946200000,946200000
11,996,946200000,946200100,67990,113317,947150000,947150000
11,997,947150000,947150100,67990,113317,948100000,948100000
11,998,948100000,948100100,67990,113317,949050000,949050000
11,999,949050000,949050100,67990,113317,950000000,950000000
11,1000,950000000,950000100,67990,113317,950950000,950950000
11,1001,950950000,950950100,67990,113317,951900000,951900000
11,1002,951900000,951900100,67990,113317,952850000,952850000
11,1003,952850000,952850100,67990,113317,953800000,953800000
11,1004,953800000,953800100,67990,113317,954750000,954750000
11,1005,954750000,954750100,67990,113317,955700000,955700000
11,1006,955700000,955700100,67990,113317,956650000,956650000
11,1007,956650000,956650100,67990,113317,957600000,957600000
11,1008,957600000,957600100,67990,113317,958550000,958550000
11,1009,958550000,958550100,67990,113317,959500000,959500000
11,1010,959500000,959500100,67990,113317,960450000,960450000
11,1011,960450000,960450100,67990,113317,961400000,961400000
11,1012,961400000,961400100,67990,113317,962350000,962350000
11,1013,962350000,962350100,67990,113317,963300000,963300000
11,1014,963300000,963300100,67990,113317,964250000,964250000
11,1015,964250000,964250100,67990,113317,965200000,965200000
11,1016,965200000,965200100,67990,113317,966150000,966150000
11,1017,966150000,966150100,67990,113317,967100000,967100000
11,1018,967100000,967100100,67990,113317,968050000,968050000
11,1019,968050000,968050100,67990,113317,969000000,969000000
11,1020,969000000,969000100,67990,113317,969950000,969950000
11,1021,969950000,969950100,67990,113317,970900000,970900000
11,1022,970900000,970900100,67990,113317,971850000,971850000
11,1023,971850000,971850100,67990,113317,972800000,972800000
11,1024,972800000,972800100,67990,113317,973750000,973750000
11,1025,973750000,973750100,67990,113317,974700000,974700000
11,1026,974700000,974700100,67990,113317,975650000,975650000
11,1027,975650000,975650100,67990,113317,976600000,976600000
11,1028,976600000,976600100,67990,113317,977550000,977550000
11,1029,977550000,977550100,67990,113317,978500000,978500000
11,1030,978500000,978500100,67990,113317,979450000,979450000
11,1031,979450000,979450100,67990,113317,980400000,980400000
11,1032,980400000,980400100,67990,113317,981350000,981350000
11,1033,981350000,981350100,67990,113317,982300000,982300000
11,1034,982300000,982300100,67990,113317,983250000,983250000
11,1035,983250000,983250100,67990,113317,984200000,984200000
11,1036,984200000,984200100,67990,113317,985150000,985150000
11,1037,985150000,985150100,67990,113317,986100000,986100000
11,1038,986100000,986100100,67990,113317,987050000,987050000
11,1039,987050000,987050100,67990,113317,988000000,988000000
11,1040,988000000,988000100,67990,113317,988950000,988950000
11,1041,988950000,988950100,67990,113317,989900000,989900000
11,1042,989900000,989900100,67990,113317,990850000,990850000
11,1043,990850000,990850100,67990,113317,991800000,991800000
11,1044,991800000,991800100,67990,113317,992750000,992750000
11,1045,992750000,992750100,67990,113317,993700000,993700000
11,1046,993700000,993700100,67990,113317,994650000,994650000
11,1047,994650000,994650100,67990,113317,995600000,995600000
11,1048,995600000,995600100,67990,113317,996550000,996550000
11,1049,996550000,996550100,67990,113317,997500000,997500000
11,1050,997500000,997500100,67990,113317,998450000,998450000
11,1051,998450000,998450100,67990,113317,999400000,999400000
11,1052,999400000,999400100,67990,113317,1000350000,1000350000
11,1053,1000350000,1000350100,67990,113317,1001300000,1001300000
11,1054,1001300000,1001300100,67990,113317,1002250000,1002250000
11,1055,1002250000,1002250100,67990,113317,1003200000,1003200000
11,1056,1003200000,1003200100,67990,113317,1004150000,1004150000
11,1057,1004150000,1004150100,67990,113317,1005100000,1005100000
11,1058,1005100000,1005100100,67990,113317,1006050000,1006050000
11,1059,1006050000,1006050100,67990,113317,1007000000,1007000000
11,1060,1007000000,1007000100,67990,113317,1007950000,1007950000
11,1061,1007950000,1007950100,67990,113317,1008900000,1008900000
11,1062,1008900000,1008900100,67990,113317,1009850000,1009850000
11,1063,1009850000,1009850100,67990,113317,1010800000,1010800000
11,1064,1010800000,1010800100,67990,113317,1011750000,1011750000
11,1065,1011750000,1011750100,67990,113317,1012700000,1012700000
11,1066,1012700000,1012700100,67990,113317,1013650000,1013650000
11,1067,1013650000,1013650100,67990,113317,1014600000,1014600000
11,1068,1014600000,1014600100,67990,113317,1015550000,1015550000
11,1069,1015550000,1015550100,67990,113317,1016500000,1016500000
11,1070,1016500000,1016500100,67990,113317,1017450000,1017450000
11,1071,1017450000,1017450100,67990,113317,1018400000,1018400000
11,1072,1018400000,1018400100,67990,113317,1019350000,1019350000
11,1073,1019350000,1019350100,67990,113317,1020300000,1020300000
11,1074,1020300000,1020300100,67990,113317,1021250000,1021250000
11,1075,1021250000,1021250100,67990,113317,1022200000,1022200000
11,1076,1022200000,1022200100,67990,113317,1023150000,1023150000
11,1077,1023150000,1023150100,67990,113317,1024100000,1024100000
11,1078,1024100000,1024100100,67990,113317,1025050000,1025050000
11,1079,1025050000,1025050100,67990,113317,1026000000,1026000000
11,1080,1026000000,1026000100,67990,113317,1026950000,1026950000
11,1081,1026950000,1026950100,67990,113317,1027900000,1027900000
11,1082,1027900000,1027900100,67990,113317,1028850000,1028850000
11,1083,1028850000,1028850100,67990,113317,1029800000,1029800000
11,1084,1029800000,1029800100,67990,113317,1030750000,1030750000
11,1085,1030750000,1030750100,67990,113317,1031700000,1031700000
11,1086,1031700000,1031700100,67990,113317,1032650000,1032650000
11,1087,1032650000,1032650100,67990,113317,1033600000,1033600000
11,1088,1033600000,1033600100,67990,113317,1034550000,1034550000
11,1089,1034550000,1034550100,67990,113317,1035500000,1035500000
11,1090,1035500000,1035500100,67990,113317,1036450000,1036450000
11,1091,1036450000,1036450100,67990,113317,1037400000,1037400000
11,1092,1037400000,1037400100,67990,113317,1038350000,1038350000
11,1093,1038350000,1038350100,67990,113317,1039300000,1039300000
11,1094,1039300000,1039300100,67990,113317,1040250000,1040250000
11,1095,1040250000,1040250100,67990,113317,1041200000,1041200000
11,1096,1041200000,1041200100,67990,113317,1042150000,1042150000
11,1097,1042150000,1042150100,67990,113317,1043100000,1043100000
11,1098,1043100000,1043100100,67990,113317,1044050000,1044050000
11,1099,1044050000,1044050100,67990,113317,1045000000,1045000000
11,1100,1045000000,1045000100,67990,113317,1045950000,1045950000
11,1101,1045950000,1045950100,67990,113317,1046900000,1046900000
11,1102,1046900000,1046900100,67990,113317,1047850000,1047850000
11,1103,1047850000,1047850100,67990,113317,1048800000,1048800000
11,1104,1048800000,1048800100,67990,113317,1049750000,1049750000
11,1105,1049750000,1049750100,67990,113317,1050700000,1050700000
11,1106,1050700000,1050700100,67990,113317,1051650000,1051650000
11,1107,1051650000,1051650100,67990,113317,1052600000,1052600000
11,1108,1052600000,1052600100,67990,113317,1053550000,1053550000
11,1109,1053550000,1053550100,67990,113317,1054500000,1054500000
11,1110,1054500000,1054500100,67990,113317,1055450000,1055450000
11,1111,1055450000,1055450100,67990,113317,1056400000,1056400000
11,1112,1056400000,1056400100,67990,113317,1057350000,1057350000
11,1113,1057350000,1057350100,67990,113317,1058300000,1058300000
11,1114,1058300000,1058300100,67990,113317,1059250000,1059250000
11,1115,1059250000,1059250100,67990,113317,1060200000,1060200000
11,1116,1060200000,1060200100,67990,113317,1061150000,1061150000
11,1117,1061150000,1061150100,67990,113317,1062100000,1062100000
11,1118,1062100000,1062100100,67990,113317,1063050000,1063050000
11,1119,1063050000,1063050100,67990,113317,1064000000,1064000000
11,1120,1064000000,1064000100,67990,113317,1064950000,1064950000
11,1121,1064950000,1064950100,67990,113317,1065900000,1065900000
11,1122,1065900000,1065900100,67990,113317,1066850000,1066850000
11,1123,1066850000,1066850100,67990,113317,1067800000,1067800000
11,1124,1067800000,1067800100,67990,113317,1068750000,1068750000
11,1125,1068750000,1068750100,67990,113317,1069700000,1069700000
11,1126,1069700000,1069700100,67990,113317,1070650000,1070650000
11,1127,1070650000,1070650100,67990,113317,1071600000,1071600000
11,1128,1071600000,1071600100,67990,113317,1072550000,1072550000
11,1129,1072550000,1072550100,67990,113317,1073500000,1073500000
11,1130,1073500000,1073500100,67990,113317,1074450000,1074450000
11,1131,1074450000,1074450100,67990,113317,1075400000,1075400000
11,1132,1075400000,1075400100,67990,113317,1076350000,1076350000
11,1133,1076350000,1076350100,67990,113317,1077300000,1077300000
11,1134,1077300000,1077300100,67990,113317,1078250000,1078250000
11,1135,1078250000,1078250100,67990,113317,1079200000,1079200000
11,1136,1079200000,1079200100,67990,113317,1080150000,1080150000
11,1137,1080150000,1080150100,67990,113317,1081100000,1081100000
11,1138,1081100000,1081100100,67990,113317,1082050000,1082050000
11,1139,1082050000,1082050100,67990,113317,1083000000,1083000000
11,1140,1083000000,1083000100,67990,113317,1083950000,1083950000
11,1141,1083950000,1083950100,67990,113317,1084900000,1084900000
11,1142,1084900000,1084900100,67990,113317,1085850000,1085850000
11,1143,1085850000,1085850100,67990,113317,1086800000,1086800000
11,1144,1086800000,1086800100,67990,113317,1087750000,1087750000
11,1145,1087750000,1087750100,67990,113317,1088700000,1088700000
11,1146,1088700000,1088700100,67990,113317,1089650000,1089650000
11,1147,1089650000,1089650100,67990,113317,1090600000,1090600000
11,1148,1090600000,1090600100,67990,113317,1091550000,1091550000
11,1149,1091550000,1091550100,67990,113317,1092500000,1092500000
11,1150,1092500000,1092500100,67990,113317,1093450000,1093450000
11,1151,1093450000,1093450100,67990,113317,1094400000,1094400000
11,1152,1094400000,1094400100,67990,113317,1095350000,1095350000
11,1153,1095350000,1095350100,67990,113317,1096300000,1096300000
11,1154,1096300000,1096300100,67990,113317,1097250000,1097250000
11,1155,1097250000,1097250100,67990,113317,1098200000,1098200000
11,1156,1098200000,1098200100,67990,113317,1099150000,1099150000
11,1157,1099150000,1099150100,67990,113317,1100100000,1100100000
11,1158,1100100000,1100100100,67990,113317,1101050000,1101050000
11,1159,1101050000,1101050100,67990,113317,1102000000,1102000000
11,1160,1102000000,1102000100,67990,113317,1102950000,1102950000
11,1161,1102950000,1102950100,67990,113317,1103900000,1103900000
11,1162,1103900000,1103900100,67990,113317,1104850000,1104850000
11,1163,1104850000,1104850100,67990,113317,1105800000,1105800000
11,1164,1105800000,1105800100,67990,113317,1106750000,1106750000
11,1165,1106750000,1106750100,67990,113317,1107700000,1107700000
11,1166,1107700000,1107700100,67990,113317,1108650000,1108650000
11,1167,1108650000,1108650100,67990,113317,1109600000,1109600000
11,1168,1109600000,1109600100,67990,113317,1110550000,1110550000
11,1169,1110550000,1110550100,67990,113317,1111500000,1111500000
11,1170,1111500000,1111500100,67990,113317,1112450000,1112450000
11,1171,1112450000,1112450100,67990,113317,1113400000,1113400000
11,1172,1113400000,1113400100,67990,113317,1114350000,1114350000
11,1173,1114350000,1114350100,67990,113317,1115300000,1115300000
11,1174,1115300000,1115300100,67990,113317,1116250000,1116250000
11,1175,1116250000,1116250100,67990,113317,1117200000,1117200000
11,1176,1117200000,1117200100,67990,113317,1118150000,1118150000
11,1177,1118150000,1118150100,67990,113317,1119100000,1119100000
11,1178,1119100000,1119100100,67990,113317,1120050000,1120050000
11,1179,1120050000,1120050100,67990,113317,1121000000,1121000000
11,1180,1121000000,1121000100,67990,113317,1121950000,1121950000
11,1181,1121950000,1121950100,67990,113317,1122900000,1122900000
11,1182,1122900000,1122900100,67990,113317,1123850000,1123850000
11,1183,1123850000,1123850100,67990,113317,1124800000,1124800000
11,1184,1124800000,1124800100,67990,113317,1125750000,1125750000
11,1185,1125750000,1125750100,67990,113317,1126700000,1126700000
11,1186,1126700000,1126700100,67990,113317,1127650000,1127650000
11,1187,1127650000,1127650100,67990,113317,1128600000,1128600000
11,1188,1128600000,1128600100,67990,113317,1129550000,1129550000
11,1189,1129550000,1129550100,67990,113317,1130500000,1130500000
11,1190,1130500000,1130500100,67990,113317,1131450000,1131450000
11,1191,1131450000,1131450100,67990,113317,1132400000,1132400000
11,1192,1132400000,1132400100,67990,113317,1133350000,1133350000
11,1193,1133350000,1133350100,67990,113317,1134300000,1134300000
11,1194,1134300000,1134300100,67990,113317,1135250000,1135250000
11,1195,1135250000,1135250100,67990,113317,1136200000,1136200000
11,1196,1136200000,1136200100,67990,113317,1137150000,1137150000
11,1197,1137150000,1137150100,67990,113317,1138100000,1138100000
11,1198,1138100000,1138100100,67990,113317,1139050000,1139050000
11,1199,1139050000,1139050100,67990,113317,1140000000,1140000000
11,1200,1140000000,1140000100,67990,113317,1140950000,1140950000
11,1201,1140950000,1140950100,67990,113317,1141900000,1141900000
11,1202,1141900000,1141900100,67990,113317,1142850000,1142850000
11,1203,1142850000,1142850100,67990,113317,1143800000,1143800000
11,1204,1143800000,1143800100,67990,113317,1144750000,1144750000
11,1205,1144750000,1144750100,67990,113317,1145700000,1145700000
11,1206,1145700000,1145700100,67990,113317,1146650000,1146650000
11,1207,1146650000,1146650100,67990,113317,1147600000,1147600000
11,1208,1147600000,1147600100,67990,113317,1148550000,1148550000
11,1209,1148550000,1148550100,67990,113317,1149500000,1149500000
11,1210,1149500000,1149500100,67990,113317,1150450000,1150450000
11,1211,1150450000,1150450100,67990,113317,1151400000,1151400000
11,1212,1151400000,1151400100,67990,113317,1152350000,1152350000
11,1213,1152350000,1152350100,67990,113317,1153300000,1153300000
11,1214,1153300000,1153300100,67990,113317,1154250000,1154250000
11,1215,1154250000,1154250100,67990,113317,1155200000,1155200000
11,1216,1155200000,1155200100,67990,113317,1156150000,1156150000
11,1217,1156150000,1156150100,67990,113317,1157100000,1157100000
11,1218,1157100000,1157100100,67990,113317,1158050000,1158050000
11,1219,1158050000,1158050100,67990,113317,1159000000,1159000000
11,1220,1159000000,1159000100,67990,113317,1159950000,1159950000
11,1221,1159950000,1159950100,67990,113317,1160900000,1160900000
11,1222,1160900000,1160900100,67990,113317,1161850000,1161850000
11,1223,1161850000,1161850100,67990,113317,1162800000,1162800000
11,1224,1162800000,1162800100,67990,113317,1163750000,1163750000
11,1225,1163750000,1163750100,67990,113317,1164700000,1164700000
11,1226,1164700000,1164700100,67990,113317,1165650000,1165650000
11,1227,1165650000,1165650100,67990,113317,1166600000,1166600000
11,1228,1166600000,1166600100,67990,113317,1167550000,1167550000
11,1229,1167550000,1167550100,67990,113317,1168500000,1168500000
11,1230,1168500000,1168500100,67990,113317,1169450000,1169450000
11,1231,1169450000,1169450100,67990,113317,1170400000,1170400000
11,1232,1170400000,1170400100,67990,113317,1171350000,1171350000
11,1233,1171350000,1171350100,67990,113317,1172300000,1172300000
11,1234,1172300000,1172300100,67990,113317,1173250000,1173250000
11,1235,1173250000,1173250100,67990,113317,1174200000,1174200000
11,1236,1174200000,1174200100,67990,113317,1175150000,1175150000
11,1237,1175150000,1175150100,67990,113317,1176100000,1176100000
11,1238,1176100000,1176100100,67990,113317,1177050000,1177050000
11,1239,1177050000,1177050100,67990,113317,1178000000,1178000000
11,1240,1178000000,1178000100,67990,113317,1178950000,1178950000
11,1241,1178950000,1178950100,67990,113317,1179900000,1179900000
11,1242,1179900000,1179900100,67990,113317,1180850000,1180850000
11,1243,1180850000,1180850100,67990,113317,1181800000,1181800000
11,1244,1181800000,1181800100,67990,113317,1182750000,1182750000
11,1245,1182750000,1182750100,67990,113317,1183700000,1183700000
11,1246,1183700000,1183700100,67990,113317,1184650000,1184650000
11,1247,1184650000,1184650100,67990,113317,1185600000,1185600000
11,1248,1185600000,1185600100,67990,113317,1186550000,1186550000
11,1249,1186550000,1186550100,67990,113317,1187500000,1187500000
11,1250,1187500000,1187500100,67990,113317,1188450000,1188450000
11,1251,1188450000,1188450100,67990,113317,1189400000,1189400000
11,1252,1189400000,1189400100,67990,113317,1190350000,1190350000
11,1253,1190350000,1190350100,67990,113317,1191300000,1191300000
11,1254,1191300000,1191300100,67990,113317,1192250000,1192250000
11,1255,1192250000,1192250100,67990,113317,1193200000,1193200000
11,1256,1193200000,1193200100,67990,113317,1194150000,1194150000
11,1257,1194150000,1194150100,67990,113317,1195100000,1195100000
11,1258,1195100000,1195100100,67990,113317,1196050000,1196050000
11,1259,1196050000,1196050100,67990,113317,1197000000,1197000000
