TaskID,Jitter,BCET,WCET,Period,Deadline,PE
0,100,4886,8144,100000,100000,0
1,100,4948,8248,250000,250000,0
2,100,29226,48710,300000,300000,0
3,100,413545,689242,700000,700000,0
4,100,162505,270843,800000,800000,0
