TaskID,Jitter,BCET,WCET,Period,Deadline,PE
0,100,3331,11105,100000,100000,0
1,100,21041,70138,250000,250000,0
2,100,62233,207446,500000,500000,0
3,100,108759,362531,650000,650000,0
4,100,13732,45774,900000,900000,0
5,100,49922,166409,900000,900000,0
