TaskID,Jitter,BCET,WCET,Period,Deadline,PE
0,100,396,661,100000,100000,0
1,100,3131,5219,100000,100000,0
2,100,50071,83453,100000,100000,0
3,100,1306,2178,150000,150000,0
4,100,24351,40586,250000,250000,0
5,100,5079,8465,350000,350000,0
6,100,60599,100999,350000,350000,0
7,100,8719,14533,400000,400000,0
8,100,31098,51831,700000,700000,0
9,100,44791,74652,700000,700000,0
