TaskID,Jitter,BCET,WCET,Period,Deadline,PE
0,100,17317,28862,100000,100000,0
1,100,54005,90009,100000,100000,0
2,100,5211,8686,200000,200000,0
3,100,20993,34989,200000,200000,0
4,100,88877,148129,300000,300000,0
5,100,23791,39653,400000,400000,0
