TaskID,Jitter,BCET,WCET,Period,Deadline,PE
0,100,1516,2528,100000,100000,0
1,100,3033,5055,100000,100000,0
2,100,6054,10091,100000,100000,0
3,100,7552,12587,100000,100000,0
4,100,28381,47302,200000,200000,0
5,100,39489,65815,300000,300000,0
6,100,27280,45468,600000,600000,0
7,100,58713,97856,650000,650000,0
8,100,77203,128673,650000,650000,0
9,100,94345,157242,900000,900000,0
10,100,138209,230349,950000,950000,0
